1885 0 0 0 0.6171875 0.5390625 0.59765625 0.5390625 0 0 0
1885 0.5429433822115385 0 0.5390625 0.59765625 0.59375 0.5859375 0.609375 0.578125 0.9921875 0.69921875 0.9921875 0 0.5429433822115385 0
1942 0.62109375 0 0.625 0.58203125 0.8203125 0.62890625 0.828125 0.02734375 0.828125 0 0.62109375 0
564 0.6015625 0 0.58984375 0.57421875 0.609375 0.57421875 0.625 0.578125 0.640625 0.58984375 0.65625 0.578125 0.6640625 0.578125 0.66796875 0.57421875 0.67578125 0.296875 0.67578125 0.171875 0.66796875 0.09375 0.66796875 0.0546875 0.66796875 0.0390625 0.6640625 0 0.6015625 0
537 0.51953125 0.90625 0.53125 0.9140625 0.52734375 0.91796875 0.53125 0.92578125 0.5390625 0.9296875 0.55078125 0.9296875 0.55859375 0.91796875 0.55078125 0.90625 0.546875 0.90625 0.55859375 0.8984375 0.55078125 0.84765625 0.8515625 0.7578125 0.84765625 0.796875 0.85546875 0.796875 0.85546875 0.8125 0.859375 0.81640625 0.875 0.80859375 0.87109375 0.80078125 0.87890625 0.79296875 0.8828125 0.46484375 0.640625 0.4453125 0.296875 0.4921875 0.29296875 0.85546875 0.29296875 0.8671875 0.29296875 0.87890625 0.3125 0.87890625 0.3203125 0.8046875 0.51953125 0.84375 0.51953125 0.90625
466 0.4375 0.6015625 0.44140625 0.58203125 0.43359375 0.10546875 0.44140625 0.10546875 0.44140625 0.09765625 0.1875 0.09375 0.1328125 0.1015625 0.15234375 0.61328125 0.1875 0.62109375 0.4375 0.6015625
446 0 0.619140625 0.00390625 0.83203125 0.109375 0.828125 0.10546875 0.53515625 0.12109375 0.53515625 0.12109375 0.453125 0.15625 0.44921875 0.15625 0.42578125 0.10546875 0.41015625 0 0.40638950721153844 0 0.619140625
1120 0.8359375 0.36328125 0.93359375 0.3671875 0.9296875 0.1171875 0.83984375 0.1171875 0.8359375 0.36328125
1524 0.921875 0.0546875 0.921875 0.0703125 0.93359375 0.0703125 0.93359375 0.70703125 0.99609375 0.7265625 0.9921875 0.05078125 0.921875 0.0546875
1521 0 0.15625 0.00390625 0.21484375 0.08984375 0.21484375 0.08984375 0.1796875 0.078125 0.1640625 0.078125 0.12890625 0.0703125 0.11328125 0.06640625 0.08984375 0.05859375 0.0859375 0.05859375 0.1015625 0 0.09790038942307693 0 0.15625
792 0 0.9960784927884615 0.99609375 0.9921875 0.9921875 0.703125 0.61328125 0.57421875 0.54296875 0.6015625 0.00390625 0.6171875 0 0.806640625 0 0.9960784927884615