1885 0.4609375 0 0.4609375 0.59765625 1 0.6171875 1 0 0.4609375 0
1885 0.0078125 0 0.0078125 0.69921875 0.390625 0.578125 0.40625 0.5859375 0.4609375 0.59765625 0.4570566177884615 0 0.0078125 0
1942 0.171875 0 0.171875 0.02734375 0.1796875 0.62890625 0.375 0.58203125 0.37890625 0 0.171875 0
564 0.3359375 0 0.33203125 0.0390625 0.33203125 0.0546875 0.33203125 0.09375 0.32421875 0.171875 0.32421875 0.296875 0.33203125 0.57421875 0.3359375 0.578125 0.34375 0.578125 0.359375 0.58984375 0.375 0.578125 0.390625 0.57421875 0.41015625 0.57421875 0.3984375 0 0.3359375 0
537 0.48046875 0.84375 0.6796875 0.8046875 0.6875 0.87890625 0.70703125 0.87890625 0.70703125 0.8671875 0.70703125 0.85546875 0.703125 0.4921875 0.359375 0.4453125 0.1171875 0.46484375 0.12109375 0.79296875 0.12890625 0.80078125 0.125 0.80859375 0.140625 0.81640625 0.14453125 0.8125 0.14453125 0.796875 0.15234375 0.796875 0.1484375 0.7578125 0.44921875 0.84765625 0.44140625 0.8984375 0.453125 0.90625 0.44921875 0.90625 0.44140625 0.91796875 0.44921875 0.9296875 0.4609375 0.9296875 0.46875 0.92578125 0.47265625 0.91796875 0.46875 0.9140625 0.48046875 0.90625 0.48046875 0.84375
466 0.8125 0.62109375 0.84765625 0.61328125 0.8671875 0.1015625 0.8125 0.09375 0.55859375 0.09765625 0.55859375 0.10546875 0.56640625 0.10546875 0.55859375 0.58203125 0.5625 0.6015625 0.8125 0.62109375
446 1 0.40638950721153844 0.89453125 0.41015625 0.84375 0.42578125 0.84375 0.44921875 0.87890625 0.453125 0.87890625 0.53515625 0.89453125 0.53515625 0.890625 0.828125 0.99609375 0.83203125 1 0.619140625 1 0.40638950721153844
1120 0.16015625 0.1171875 0.0703125 0.1171875 0.06640625 0.3671875 0.1640625 0.36328125 0.16015625 0.1171875
1524 0.0078125 0.05078125 0.00390625 0.7265625 0.06640625 0.70703125 0.06640625 0.0703125 0.078125 0.0703125 0.078125 0.0546875 0.0078125 0.05078125
1521 1 0.09790038942307693 0.94140625 0.1015625 0.94140625 0.0859375 0.93359375 0.08984375 0.9296875 0.11328125 0.921875 0.12890625 0.921875 0.1640625 0.91015625 0.1796875 0.91015625 0.21484375 0.99609375 0.21484375 1 0.15625 1 0.09790038942307693
792 1 0.806640625 0.99609375 0.6171875 0.45703125 0.6015625 0.38671875 0.57421875 0.0078125 0.703125 0.00390625 0.9921875 1 0.9960784927884615 1 0.806640625