1956 0.6679198004807693 0.7491638798076923 0.6766917283653846 0.7491638798076923 0.6867167908653846 0.747491639423077 0.6917293221153845 0.747491639423077 0.7017543870192308 0.7575250841346153 0.7067669182692308 0.7575250841346153 0.7105263149038462 0.7491638798076923 0.7092731826923077 0.7391304350961538 0.6942355889423077 0.7274247500000001 0.6879699254807693 0.7157190625 0.6553884711538461 0.6923076923076923 0.6503759399038462 0.7290969903846154 0.6629072692307693 0.7424749158653847 0.6679198004807693 0.7491638798076923
836 0.23057643990384616 0.991638795673077 0.21679198076923076 0.02341137019230769 0.0075187980769230766 0.008361204326923076 0.00501253125 0.991638795673077 0.23057643990384616 0.991638795673077
1199 0.4862155384615384 0.6488294302884616 0.24812030048076925 0.6488294302884616 0.2556390985576923 0.9331103677884616 0.4824561394230769 0.9331103677884616 0.4862155384615384 0.6488294302884616
558 0.49122806971153843 0.2709030096153846 0.6290726826923076 0.2759197331730769 0.6365914783653845 0.005016723557692308 0.4962406009615385 0 0.49122806971153843 0.2709030096153846
1700 0.9686716802884615 0.3996655528846154 0.9385964903846153 0.38795986538461535 0.942355889423077 0.4297658870192308 0.9636591490384615 0.4431438125 0.9686716802884615 0.3996655528846154
751 0.4273182956730769 0.09866220673076923 0.4260651634615385 0.0016722403846153846 0.3157894735576923 0.005016723557692308 0.30701754326923075 0.09197324519230768 0.2456140360576923 0.21237458173076923 0.4824561394230769 0.22408026682692309 0.4273182956730769 0.09866220673076923
1564 0.7944862163461538 0.6404682283653845 0.9699248125 0.8311036778846154 0.9824561394230769 0.6438127091346153 0.7944862163461538 0.6404682283653845
910 0.8621553894230769 0.2842809375 0.8684210528846154 0.25083612019230767 0.8596491225961539 0.22408026682692309 0.8621553894230769 0.19397993269230768 0.8546365913461538 0.1555183942307692 0.8421052620192307 0.18896321153846152 0.8458646610576923 0.24414715625 0.8458646610576923 0.2759197331730769 0.8621553894230769 0.2842809375
679 0.48872180528846154 0.6086956514423076 0.48872180528846154 0.6672240793269231 0.642857141826923 0.6705685625 0.6466165408653846 0.5986622067307692 0.48872180528846154 0.6086956514423076
1478 0.5676691730769231 0.4230769230769231 0.560150375 0.5351170576923077 0.6115288221153846 0.5434782620192308 0.6177944855769231 0.4230769230769231 0.5676691730769231 0.4230769230769231
1670 0.27694235576923076 0.5117056850961539 0.2518796995192308 0.58528428125 0.47994987499999997 0.5936454855769231 0.46867168028846157 0.5133779254807692 0.27694235576923076 0.5117056850961539
1012 0.907268170673077 0.3929765889423077 0.8195488725961538 0.3729096995192308 0.7957393485576923 0.5869565216346154 0.8847117788461538 0.5936454855769231 0.907268170673077 0.3929765889423077
1956 0.7155388461538461 0.6555183942307692 0.6992481201923078 0.6454849495192309 0.6967418557692308 0.6321070240384615 0.6553884711538461 0.6070234110576923 0.6541353389423077 0.6505016730769231 0.6817042596153846 0.6655518389423077 0.6954887211538462 0.6605351177884615 0.7117794495192308 0.6722408028846154 0.7155388461538461 0.6555183942307692
1956 0.6817042596153846 0.8327759206730769 0.7042606514423077 0.8394648822115385 0.7055137836538462 0.8294314375 0.6904761899038461 0.8160535120192307 0.6879699254807693 0.8060200673076923 0.6528822043269231 0.7759197331730768 0.647869673076923 0.8227424759615385 0.6716791971153846 0.8327759206730769 0.6817042596153846 0.8327759206730769
1956 0.6992481201923078 0.9130434783653846 0.6892230576923077 0.8913043485576922 0.6791979951923076 0.8729096995192307 0.6654135336538461 0.8628762548076924 0.642857141826923 0.8628762548076924 0.6416040096153846 0.8762541802884616 0.6654135336538461 0.9030100336538461 0.6779448629807692 0.9030100336538461 0.6929824567307693 0.91471571875 0.6992481201923078 0.9130434783653846
679 0.6390977451923077 0.6755852836538462 0.48997493750000004 0.6739130432692307 0.48997493750000004 0.7408026754807693 0.6378446105769231 0.7424749158653847 0.6390977451923077 0.6755852836538462
679 0.49122806971153843 0.7458193990384616 0.48997493750000004 0.8127090312499999 0.6378446105769231 0.8076923076923077 0.642857141826923 0.7374581947115384 0.49122806971153843 0.7458193990384616
679 0.48997493750000004 0.8177257524038463 0.4874686706730769 0.9431438125 0.6303258149038461 0.9414715721153846 0.6378446105769231 0.8060200673076923 0.48997493750000004 0.8177257524038463
910 0.8771929831730769 0.25083612019230767 0.8684210528846154 0.1638795985576923 0.8671679206730769 0.2157190625 0.8621553894230769 0.26755852884615383 0.8759398485576924 0.27759197355769233 0.8771929831730769 0.25083612019230767
910 0.9824561394230769 0.27759197355769233 0.9812030072115385 0.26421404567307694 0.9699248125 0.2591973245192308 0.9774436081730768 0.18896321153846152 0.9837092740384615 0.19063545192307693 0.9837092740384615 0.17056856250000002 0.9786967427884616 0.17056856250000002 0.9636591490384615 0.16053511778846152 0.9573934831730769 0.28762541826923077 0.9699248125 0.2959866225961539 0.9786967427884616 0.2859531778846154 0.9824561394230769 0.27759197355769233
1873 0.49373433653846155 0.2140468221153846 0.42857142788461544 0.10367893028846153 0.4260651634615385 0.01003344471153846 0.31954887259615383 0.011705685096153846 0.3095238100961539 0.09698996634615384 0.23684210576923076 0.21739130528846154 0.5 0.22742474999999998 0.49373433653846155 0.2140468221153846
910 0.6065162908653846 0.6371237451923076 0.5300751875 0.6354515048076923 0.5300751875 0.6454849495192309 0.6052631586538462 0.6454849495192309 0.6065162908653846 0.6371237451923076