1956 0.3370927307692308 0.7424749158653847 0.3496240600961539 0.7290969903846154 0.34461152884615387 0.6923076923076923 0.31203007451923076 0.7157190625 0.3057644110576923 0.7274247500000001 0.29072681730769234 0.7391304350961538 0.28947368509615384 0.7491638798076923 0.29323308173076923 0.7575250841346153 0.29824561298076924 0.7575250841346153 0.3082706778846154 0.747491639423077 0.3132832091346154 0.747491639423077 0.3233082716346154 0.7491638798076923 0.3320801995192308 0.7491638798076923 0.3370927307692308 0.7424749158653847
836 0.99498746875 0.991638795673077 0.992481201923077 0.008361204326923076 0.7832080192307692 0.02341137019230769 0.7694235600961539 0.991638795673077 0.99498746875 0.991638795673077
1199 0.5175438605769231 0.9331103677884616 0.7443609014423077 0.9331103677884616 0.7518796995192307 0.6488294302884616 0.5137844615384616 0.6488294302884616 0.5175438605769231 0.9331103677884616
558 0.5037593990384616 0 0.36340852163461534 0.005016723557692308 0.37092731730769235 0.2759197331730769 0.5087719302884616 0.2709030096153846 0.5037593990384616 0
1700 0.03634085096153846 0.4431438125 0.05764411057692308 0.4297658870192308 0.06140350961538461 0.38795986538461535 0.03132831971153846 0.3996655528846154 0.03634085096153846 0.4431438125
751 0.5175438605769231 0.22408026682692309 0.7543859639423077 0.21237458173076923 0.6929824567307693 0.09197324519230768 0.6842105264423076 0.005016723557692308 0.5739348365384616 0.0016722403846153846 0.5726817043269231 0.09866220673076923 0.5175438605769231 0.22408026682692309
1564 0.017543860576923077 0.6438127091346153 0.030075187500000003 0.8311036778846154 0.20551378365384615 0.6404682283653845 0.017543860576923077 0.6438127091346153
910 0.1541353389423077 0.2759197331730769 0.1541353389423077 0.24414715625 0.15789473798076925 0.18896321153846152 0.14536340865384617 0.1555183942307692 0.13784461057692307 0.19397993269230768 0.14035087740384616 0.22408026682692309 0.13157894711538462 0.25083612019230767 0.13784461057692307 0.2842809375 0.1541353389423077 0.2759197331730769
679 0.3533834591346154 0.5986622067307692 0.3571428581730769 0.6705685625 0.5112781947115385 0.6672240793269231 0.5112781947115385 0.6086956514423076 0.3533834591346154 0.5986622067307692
1478 0.3822055144230769 0.4230769230769231 0.3884711778846154 0.5434782620192308 0.43984962499999997 0.5351170576923077 0.43233082692307695 0.4230769230769231 0.3822055144230769 0.4230769230769231
1670 0.5313283197115385 0.5133779254807692 0.520050125 0.5936454855769231 0.7481203004807693 0.58528428125 0.7230576442307692 0.5117056850961539 0.5313283197115385 0.5133779254807692
1012 0.11528822115384615 0.5936454855769231 0.2042606514423077 0.5869565216346154 0.18045112740384614 0.3729096995192308 0.09273182932692309 0.3929765889423077 0.11528822115384615 0.5936454855769231
1956 0.2882205504807692 0.6722408028846154 0.30451127884615387 0.6605351177884615 0.31829574038461533 0.6655518389423077 0.34586466105769226 0.6505016730769231 0.34461152884615387 0.6070234110576923 0.30325814423076924 0.6321070240384615 0.3007518798076923 0.6454849495192309 0.28446115384615384 0.6555183942307692 0.2882205504807692 0.6722408028846154
1956 0.3283208028846154 0.8327759206730769 0.35213032692307694 0.8227424759615385 0.34711779567307693 0.7759197331730768 0.31203007451923076 0.8060200673076923 0.3095238100961539 0.8160535120192307 0.29448621634615385 0.8294314375 0.2957393485576923 0.8394648822115385 0.31829574038461533 0.8327759206730769 0.3283208028846154 0.8327759206730769
1956 0.30701754326923075 0.91471571875 0.3220551370192308 0.9030100336538461 0.33458646634615385 0.9030100336538461 0.3583959903846154 0.8762541802884616 0.3571428581730769 0.8628762548076924 0.33458646634615385 0.8628762548076924 0.3208020048076923 0.8729096995192307 0.3107769423076923 0.8913043485576922 0.3007518798076923 0.9130434783653846 0.30701754326923075 0.91471571875
679 0.36215538942307696 0.7424749158653847 0.5100250625 0.7408026754807693 0.5100250625 0.6739130432692307 0.3609022548076923 0.6755852836538462 0.36215538942307696 0.7424749158653847
679 0.3571428581730769 0.7374581947115384 0.36215538942307696 0.8076923076923077 0.5100250625 0.8127090312499999 0.5087719302884616 0.7458193990384616 0.3571428581730769 0.7374581947115384
679 0.36215538942307696 0.8060200673076923 0.36967418509615385 0.9414715721153846 0.512531329326923 0.9431438125 0.5100250625 0.8177257524038463 0.36215538942307696 0.8060200673076923
910 0.1240601514423077 0.27759197355769233 0.13784461057692307 0.26755852884615383 0.13283207932692306 0.2157190625 0.13157894711538462 0.1638795985576923 0.12280701682692308 0.25083612019230767 0.1240601514423077 0.27759197355769233
910 0.02130325721153846 0.2859531778846154 0.030075187500000003 0.2959866225961539 0.042606516826923076 0.28762541826923077 0.03634085096153846 0.16053511778846152 0.02130325721153846 0.17056856250000002 0.016290725961538462 0.17056856250000002 0.016290725961538462 0.19063545192307693 0.022556391826923077 0.18896321153846152 0.030075187500000003 0.2591973245192308 0.018796992788461538 0.26421404567307694 0.017543860576923077 0.27759197355769233 0.02130325721153846 0.2859531778846154
1873 0.5 0.22742474999999998 0.7631578942307692 0.21739130528846154 0.6904761899038461 0.09698996634615384 0.6804511274038462 0.011705685096153846 0.5739348365384616 0.01003344471153846 0.5714285721153846 0.10367893028846153 0.5062656634615385 0.2140468221153846 0.5 0.22742474999999998
910 0.39473684134615383 0.6454849495192309 0.4699248125 0.6454849495192309 0.4699248125 0.6354515048076923 0.3934837091346154 0.6371237451923076 0.39473684134615383 0.6454849495192309