417 0.826388889423077 0.8078703701923077 0.8211805552884616 0.7615740745192308 0.861111110576923 0.6134259254807692 0.8177083341346154 0.576388889423077 0.809027778846154 0.5902777788461538 0.814236110576923 0.5972222211538462 0.798611110576923 0.7268518509615384 0.793402778846154 0.7268518509615384 0.6944444447115384 0.7245370360576923 0.6805555552884616 0.7314814807692307 0.668402778846154 0.7523148149038461 0.671875 0.8078703701923077 0.690972221153846 0.8217592596153847 0.673611110576923 0.9953703701923077 0.684027778846154 0.9930555552884616 0.690972221153846 0.9583333341346154 0.8038194447115384 0.972222221153846 0.814236110576923 0.9930555552884616 0.826388889423077 0.9907407403846153 0.8038194447115384 0.8240740745192308 0.826388889423077 0.8078703701923077
268 0.5972222211538462 0.5532407403846153 0.6614583341346154 0.5810185192307692 0.7118055552884616 0.5532407403846153 0.6336805552884616 0.5208333341346154 0.5972222211538462 0.5532407403846153
462 0.18923611057692308 0.09027777884615386 0.19791666586538462 0.19212962980769233 0.2795138894230769 0.18518518509615384 0.26909722115384616 0.09259259375 0.18923611057692308 0.09027777884615386
1708 0.7118055552884616 0.8333333341346154 0.7135416658653846 0.5787037043269231 0.7239583341346154 0.5648148149038461 0.5694444447115384 0.5092592596153847 0.373263889423077 0.5648148149038461 0.38020833413461536 0.5995370360576924 0.3819444447115385 0.847222221153846 0.41840277884615384 0.8449074062499999 0.4149305552884615 0.6226851850961539 0.5208333341346154 0.6689814807692307 0.5347222211538462 0.9490740745192308 0.5434027788461538 0.951388889423077 0.5503472211538462 0.9375 0.5434027788461538 0.6689814807692307 0.6770833341346154 0.625 0.6805555552884616 0.8425925937500001 0.7118055552884616 0.8333333341346154
422 0.793402778846154 0.8240740745192308 0.8038194447115384 0.9930555552884616 0.831597221153846 0.986111110576923 0.8125 0.8310185192307693 0.793402778846154 0.8240740745192308
422 0.690972221153846 0.8240740745192308 0.668402778846154 0.9907407403846153 0.689236110576923 0.9907407403846153 0.717013889423077 0.8287037043269231 0.690972221153846 0.8240740745192308
1713 0.53125 0.9490740745192308 0.546875 0.951388889423077 0.5503472211538462 0.9421296298076923 0.545138889423077 0.6782407403846153 0.5243055552884616 0.6712962956730769 0.53125 0.9490740745192308
1713 0.6770833341346154 0.8425925937500001 0.7135416658653846 0.8379629639423077 0.71875 0.5995370360576924 0.6805555552884616 0.6180555552884616 0.6770833341346154 0.8425925937500001
1713 0.3819444447115385 0.847222221153846 0.4149305552884615 0.847222221153846 0.420138889423077 0.625 0.37847222115384616 0.6087962956730769 0.3819444447115385 0.847222221153846
345 0.5104166658653846 0.34490740625 0.5659722211538462 0.34027777884615384 0.625 0.3356481490384615 0.6197916658653846 0.034722221153846156 0.564236110576923 0.02314814903846154 0.5104166658653846 0.04398148076923077 0.5104166658653846 0.34490740625
345 0.746527778846154 0.07870370432692307 0.75 0.027777778846153844 0.734375 0.03009259375 0.706597221153846 0.027777778846153844 0.637152778846154 0.03935185096153847 0.642361110576923 0.23611111057692308 0.7083333341346154 0.23842592548076924 0.746527778846154 0.2407407403846154 0.746527778846154 0.07870370432692307
655 0.998263889423077 0.9074074062499999 0.998263889423077 0.002314814903846154 0.951388889423077 0.002314814903846154 0.9131944447115384 0.9606481490384616 0.9131944447115384 0.9768518509615384 0.9322916658653846 0.9768518509615384 0.998263889423077 0.9074074062499999
1361 0.19097222115384616 0.7430555552884616 0.20833333413461538 0.715277778846154 0.19270833413461538 0.5879629639423076 0.11631944471153846 0.5115740745192308 0.05381944471153846 0.5162037043269231 0.026041665865384613 0.5370370360576924 0.017361110576923078 0.5879629639423076 0.043402778846153844 0.6412037043269231 0.05729166586538462 0.8101851850961539 0.06597222115384616 0.861111110576923 0.08680555528846154 0.8634259254807692 0.09548611057692308 0.722222221153846 0.140625 0.7129629639423077 0.14930555528846154 0.7708333341346154 0.171875 0.7731481490384616 0.1649305552884615 0.7037037043269231 0.1875 0.701388889423077 0.19097222115384616 0.7430555552884616
100 0.13368055528846154 0.46527777884615384 0.1875 0.3518518509615385 0.12847222115384616 0.33333333413461536 0.05208333413461538 0.28009259375 0.008680555288461539 0.2870370360576923 0.015625 0.3518518509615385 0.09201388942307692 0.4143518509615385 0.10590277884615386 0.7384259254807692 0.08506944471153846 0.7430555552884616 0.09201388942307692 0.7800925937500001 0.10763888942307692 0.7824074062499999 0.12326388942307692 0.9953703701923077 0.14409722115384616 0.9907407403846153 0.125 0.7800925937500001 0.1944444447115385 0.7662037043269231 0.20486111057692308 0.8078703701923077 0.234375 0.8148148149038461 0.26215277884615384 0.8078703701923077 0.2760416658653846 0.7800925937500001 0.2760416658653846 0.7245370360576923 0.23958333413461538 0.701388889423077 0.2100694447115385 0.7060185192307693 0.18923611057692308 0.7384259254807692 0.125 0.7407407403846153 0.109375 0.45833333413461536 0.12847222115384616 0.46990740625 0.13368055528846154 0.46527777884615384
1902 0.18229166586538462 0.20138888942307692 0.2430555552884615 0.7546296298076923 0.40104166586538464 0.6875 0.40277777884615384 0.1805555552884615 0.18229166586538462 0.20138888942307692
531 0.8819444447115384 0.40509259375 0.6059027788461538 0.3587962956730769 0.5104166658653846 0.37731481490384616 0.5086805552884616 0.39583333413461536 0.515625 0.40509259375 0.828125 0.4490740745192308 0.887152778846154 0.43981481490384616 0.8819444447115384 0.40509259375
1199 0.6336805552884616 0.24537037019230767 0.640625 0.3194444447115385 0.704861110576923 0.3078703701923077 0.704861110576923 0.2430555552884615 0.6336805552884616 0.24537037019230767
1942 0.767361110576923 0.3518518509615385 0.855902778846154 0.361111110576923 0.857638889423077 0.05555555528846154 0.765625 0.06481481490384615 0.767361110576923 0.3518518509615385
1219 0.9375 0.22916666586538462 0.939236110576923 0.09490740625 0.940972221153846 0.08101851923076923 0.888888889423077 0.08564814903846153 0.890625 0.22916666586538462 0.9375 0.22916666586538462
1219 0.888888889423077 0.3796296298076923 0.9288194447115384 0.3819444447115385 0.935763889423077 0.2430555552884615 0.888888889423077 0.24537037019230767 0.888888889423077 0.3796296298076923
1885 0.005208334134615384 0 0.012152778846153846 0.7824074062499999 0.515625 0.6782407403846153 0.5190972211538462 0 0.005208334134615384 0
1219 0.4618055552884615 0.2407407403846154 0.4618055552884615 0.3194444447115385 0.5069444447115384 0.31481481490384616 0.5069444447115384 0.2407407403846154 0.4618055552884615 0.2407407403846154
1219 0.404513889423077 0.24768518509615384 0.40625 0.3287037043269231 0.4444444447115385 0.3240740745192308 0.44270833413461536 0.2430555552884615 0.404513889423077 0.24768518509615384