68 0.57518796875 0.4063545144230769 0.5914786971153846 0.37458193990384614 0.6065162908653846 0.36789297596153847 0.6152882211538462 0.34448160576923076 0.5902255649038461 0.3210702331730769 0.5426065168269231 0.30936454807692304 0.5238095240384616 0.31270903125000005 0.5 0.31939799278846154 0.42230576442307693 0.31605351201923076 0.39473684134615383 0.3076923076923077 0.3408521298076923 0.3143812716346154 0.3107769423076923 0.3511705697115385 0.30701754326923075 0.3695652163461538 0.3132832091346154 0.38294314423076925 0.3320801995192308 0.3946488293269231 0.3646616538461539 0.4046822740384615 0.40601503846153847 0.4080267548076923 0.47994987499999997 0.4080267548076923 0.5300751875 0.4214046826923077 0.5488721802884615 0.4230769230769231 0.57518796875 0.4063545144230769
910 0.14536340865384617 0.4063545144230769 0.1265664158653846 0.40969899759615386 0.1265664158653846 0.4347826081730769 0.1641604014423077 0.4331103677884615 0.1491228076923077 0.21906354567307693 0.10275689182692307 0.21237458173076923 0.10150375961538462 0.23913043509615386 0.10150375961538462 0.2424749158653846 0.1265664158653846 0.24080267548076922 0.14536340865384617 0.4063545144230769
220 0.8609022548076923 0.38294314423076925 0.6817042596153846 0.3779264206730769 0.6616541346153846 0.6622073581730769 0.8508771923076923 0.6939799326923077 0.8759398485576924 0.45317725721153845 0.8609022548076923 0.38294314423076925
667 0.942355889423077 0.4431438125 0.939849625 0.41137123798076924 0.9185463653846154 0.39632106971153847 0.937343358173077 0.3946488293269231 0.9323308269230769 0.35284281009615387 0.8759398485576924 0.35284281009615387 0.8771929831730769 0.3979933100961538 0.907268170673077 0.4364548485576923 0.942355889423077 0.4431438125
1172 0.7807017548076923 0.24414715625 0.7142857139423077 0.24080267548076922 0.7105263149038462 0.29096989903846154 0.7769423557692308 0.29431438221153844 0.7807017548076923 0.24414715625
937 0.5952380961538462 0.3645484951923077 0.6215538846153846 0.3762541802884615 0.6441102764423078 0.5200668894230769 0.6578947379807693 0.5568561875 0.6729323317307692 0.26755852884615383 0.6491228076923077 0.22575250721153847 0.5689223052884615 0.21070234134615384 0.3583959903846154 0.2006688966346154 0.3220551370192308 0.23578595432692306 0.32957393509615385 0.3143812716346154 0.5852130336538461 0.3277591971153846 0.5952380961538462 0.3645484951923077
1801 0.40726817067307697 0.752508360576923 0.3859649134615385 0.6923076923076923 0.1867167908653846 0.6939799326923077 0.19799498798076923 0.8060200673076923 0.35213032692307694 0.866220735576923 0.40726817067307697 0.752508360576923
253 0.39974937259615384 0.8377926418269231 0.39097744471153845 0.7892976586538462 0.35213032692307694 0.8561872908653847 0.1942355889423077 0.8026755841346154 0.21804511298076923 0.991638795673077 0.3395989975961538 0.9949832764423078 0.3433583966346154 0.9648829423076923 0.39974937259615384 0.8377926418269231
564 0.8872180456730769 0.21906354567307693 0.8621553894230769 0.0016722403846153846 0.5764411033653846 0.0016722403846153846 0.582706766826923 0.22240802644230767 0.6791979951923076 0.22742474999999998 0.7481203004807693 0.23244147115384614 0.8872180456730769 0.21906354567307693
207 0.18922305769230768 0.6806020072115384 0.22055137740384617 0.991638795673077 0.48120300721153847 0.9933110360576923 0.5964912283653846 0.9933110360576923 0.6591478701923077 0.5719063533653845 0.6804511274038462 0.2692307692307692 0.6553884711538461 0.22240802644230767 0.35463659134615383 0.19397993269230768 0.30451127884615387 0.2290969903846154 0.3233082716346154 0.3277591971153846 0.17293233173076925 0.5384615384615384 0.18922305769230768 0.6806020072115384
655 0.9611528822115385 0.006688963942307692 0.8383458653846154 0.9949832764423078 0.997493733173077 0.9933110360576923 0.997493733173077 0.005016723557692308 0.9611528822115385 0.006688963942307692
1469 0.8395989975961539 0.7725752499999999 0.6541353389423077 0.7508361201923077 0.6303258149038461 0.9866220745192307 0.8333333341346154 0.9933110360576923 0.8395989975961539 0.7725752499999999
655 0.21177944951923078 0.991638795673077 0.11278195432692308 0.0033444807692307693 0.002506266826923077 0.006688963942307692 0.008771930288461538 0.9933110360576923 0.02882205528846154 0.9849498317307692 0.21177944951923078 0.991638795673077
679 0.6779448629807692 0.5384615384615384 0.7293233076923078 0.5401337788461539 0.8583959903846154 0.5568561875 0.8684210528846154 0.4565217379807692 0.6817042596153846 0.43979933173076924 0.6779448629807692 0.5384615384615384