1942 0.7852145504807692 0 0.7890625 0.2578125 0.921875 0.27734375 0.9141710072115384 0 0.7852145504807692 0
466 0.003939355769230769 0 0.0078125 0.45703125 0.7890625 0.3828125 0.7774621201923076 0 0.003939355769230769 0
685 0.4140625 0.16015625 0.4140625 0.26171875 0.5703125 0.25 0.5625 0.15234375 0.4140625 0.16015625
685 0.609375 0.15234375 0.61328125 0.25 0.75390625 0.24609375 0.75 0.15234375 0.609375 0.15234375
685 0.42578125 0.3828125 0.57421875 0.37109375 0.57421875 0.2734375 0.421875 0.28125 0.42578125 0.3828125
1708 0.3671875 0.6484375 0.390625 0.8046875 0.40234375 0.8046875 0.37890625 0.64453125 0.421875 0.6328125 0.359375 0.52734375 0.17578125 0.546875 0.18359375 0.66015625 0.21484375 0.65625 0.21875 0.796875 0.2265625 0.80078125 0.234375 0.66015625 0.3671875 0.6484375
423 0.39453125 0.68359375 0.421875 0.6875 0.47265625 0.75 0.42578125 0.68359375 0.44921875 0.671875 0.453125 0.6328125 0.44921875 0.5859375 0.44140625 0.56640625 0.4296875 0.5625 0.4140625 0.609375 0.421875 0.63671875 0.3828125 0.6484375 0.3828125 0.6875 0.43359375 0.73828125 0.39453125 0.68359375
423 0.16015625 0.70703125 0.16796875 0.7109375 0.1171875 0.81640625 0.1640625 0.734375 0.171875 0.70703125 0.20703125 0.70703125 0.20703125 0.66796875 0.17578125 0.6640625 0.15625 0.6171875 0.13671875 0.59765625 0.12890625 0.5859375 0.12890625 0.62890625 0.140625 0.68359375 0.15234375 0.69921875 0.15625 0.7109375 0.125 0.76953125 0.16015625 0.70703125
1714 0.58203125 0.84375 0.64453125 0.85546875 0.64453125 0.9921875 0.67578125 0.9921875 0.67578125 0.85546875 0.7265625 0.8515625 0.78515625 0.84375 0.8515625 0.82421875 0.890625 0.8046875 0.90625 0.77734375 0.90625 0.74609375 0.875 0.7265625 0.8203125 0.7109375 0.74609375 0.703125 0.6875 0.69921875 0.62109375 0.70703125 0.55859375 0.72265625 0.4921875 0.75 0.4765625 0.765625 0.47265625 0.7890625 0.50390625 0.81640625 0.58203125 0.84375
423 0.89453125 0.87109375 0.90625 0.87109375 0.93359375 0.96484375 0.94921875 0.9609375 0.9140625 0.85546875 0.90625 0.84765625 0.921875 0.828125 0.9140625 0.7265625 0.89453125 0.71484375 0.8671875 0.7109375 0.85546875 0.7109375 0.90234375 0.74609375 0.90625 0.765625 0.8984375 0.7890625 0.87109375 0.81640625 0.85546875 0.8203125 0.859375 0.87109375 0.86328125 0.87890625 0.88671875 0.87109375 0.89453125 0.87109375
423 0.8515625 0.94921875 0.87109375 0.9921875 0.8828125 0.9921875 0.87109375 0.92578125 0.85546875 0.9140625 0.8671875 0.828125 0.86328125 0.8203125 0.8125 0.8203125 0.7734375 0.828125 0.7578125 0.84375 0.74609375 0.890625 0.6875 0.90234375 0.6875 0.921875 0.67578125 0.9375 0.67578125 0.9921875 0.68359375 0.9921875 0.69140625 0.95703125 0.7109375 0.96875 0.72265625 0.98046875 0.72265625 0.99609375 0.7421875 0.99609375 0.74609375 0.9765625 0.77734375 0.9609375 0.80078125 0.95703125 0.8046875 0.9921875 0.82421875 0.9921875 0.83984375 0.9453125 0.8515625 0.94921875
423 0.53515625 0.953125 0.55078125 0.95703125 0.5625 0.9921875 0.5859375 0.98828125 0.59765625 0.96484375 0.62890625 0.94921875 0.640625 0.94921875 0.63671875 0.90234375 0.5625 0.87109375 0.55078125 0.87109375 0.5390625 0.83203125 0.5 0.8125 0.47265625 0.8125 0.46875 0.90625 0.4765625 0.91796875 0.45703125 0.9921875 0.46875 0.9921875 0.484375 0.94140625 0.4921875 0.93359375 0.53515625 0.953125
1523 1 0.416015625 0.99609375 0.31640625 0.95703125 0.3046875 0.7734375 0.32421875 0.765625 0.390625 0.80859375 0.41015625 0.8203125 0.5390625 1 0.5161236730769231 1 0.416015625
852 0.8046875 0.40625 0.6953125 0.37109375 0.55078125 0.38671875 0.5546875 0.6328125 0.63671875 0.6953125 0.640625 0.69921875 0.8125 0.6796875 0.8046875 0.40625
1806 0.21484375 0.26171875 0.203125 0.28125 0.21875 0.27734375 0.2109375 0.30078125 0.22265625 0.3046875 0.23046875 0.30859375 0.2421875 0.30078125 0.25390625 0.3046875 0.26171875 0.3046875 0.27734375 0.296875 0.28515625 0.3046875 0.296875 0.30078125 0.29296875 0.28125 0.29296875 0.25390625 0.2890625 0.234375 0.26171875 0.2421875 0.25390625 0.23828125 0.234375 0.23046875 0.2265625 0.23828125 0.21484375 0.24609375 0.21484375 0.26171875
1802 1 0.515625 0.9453125 0.515625 0.9296875 0.515625 0.90625 0.51171875 0.890625 0.52734375 0.8828125 0.54296875 0.890625 0.5546875 0.90625 0.56640625 0.91796875 0.5625 0.92578125 0.55859375 0.953125 0.5546875 0.953125 0.5625 0.97265625 0.5625 0.97265625 0.546875 1 0.55029296875 1 0.515625
1885 0.77734375 0 0.7890625 0.38671875 1 0.5477982980769232 1 0 0.77734375 0
792 1 0.5477818076923077 0.78515625 0.3828125 0.0078125 0.45703125 0.00390625 0.9921875 1 0.9960784927884615 1 0.5477818076923077
314 0.3203125 0.328125 0.3203125 0.34765625 0.32421875 0.359375 0.37890625 0.359375 0.37890625 0.328125 0.37109375 0.32421875 0.3203125 0.328125
314 0.1796875 0.33203125 0.1796875 0.3671875 0.23828125 0.36328125 0.23828125 0.328125 0.1796875 0.33203125
685 0.9453125 0.125 0.94921875 0.1640625 0.98046875 0.1640625 0.98046875 0.125 0.9453125 0.125