402 0.002222221153846154 0 0 0.22333333413461537 0 0.4435714302884615 0.02888888942307692 0.40333333413461536 0.10222222115384616 0.3266666658653846 0.15777777884615382 0.3066666658653846 0.17111111057692308 0.3033333341346154 0.30888888942307696 0.2566666658653846 0.3777777788461538 0.25 0.46888888942307694 0.23666666586538462 0.5622222211538461 0.23666666586538462 0.7044444447115384 0.2633333341346154 0.8244444447115384 0.3166666658653846 0.9044444447115385 0.3733333341346154 0.971111110576923 0.4466666658653846 0.9933333341346154 0.4866666658653846 0.9955555552884616 0 0.002222221153846154 0
655 0.08888888942307692 0.35666666586538465 0.053333334134615384 0.3733333341346154 0.048888889423076926 0.63 0.08888888942307692 0.6166666658653847 0.08888888942307692 0.35666666586538465
1230 0.13777777884615386 0.38 0.09333333413461539 0.37 0.09333333413461539 0.6166666658653847 0.13777777884615386 0.6066666658653846 0.13777777884615386 0.38
655 0.3733333341346154 0.40666666586538464 0.34666666586538464 0.41333333413461537 0.34666666586538464 0.5700000000000001 0.3733333341346154 0.5700000000000001 0.3733333341346154 0.40666666586538464
655 0.3444444447115385 0.41000000000000003 0.3177777788461539 0.40666666586538464 0.3133333341346154 0.5766666658653846 0.3444444447115385 0.5733333341346154 0.3444444447115385 0.41000000000000003
655 0.8622222211538462 0.42666666586538465 0.8622222211538462 0.5666666658653846 0.9088888894230769 0.5700000000000001 0.9111111105769231 0.42666666586538465 0.8622222211538462 0.42666666586538465
1699 0.6066666658653846 0.78 0.6666666658653846 0.7766666658653846 0.7266666658653846 0.77 0.777777778846154 0.7733333341346154 0.8466666658653845 0.7566666658653846 0.8844444447115385 0.75 0.9133333341346154 0.74 0.9400000000000001 0.7266666658653846 0.9533333341346153 0.7 0.9533333341346153 0.6833333341346154 0.92 0.6633333341346154 0.8577777788461538 0.63 0.7911111105769231 0.6066666658653846 0.748888889423077 0.59 0.72 0.5766666658653846 0.7044444447115384 0.5666666658653846 0.66 0.5566666658653846 0.6044444447115385 0.5566666658653846 0.48888888942307696 0.5566666658653846 0.4533333341346154 0.5566666658653846 0.4311111105769231 0.5633333341346154 0.40666666586538464 0.5700000000000001 0.35333333413461543 0.5700000000000001 0.30222222115384617 0.58 0.23333333413461538 0.6 0.19333333413461537 0.6133333341346154 0.14222222115384617 0.63 0.05777777884615384 0.6666666658653846 0.002222221153846154 0.6799999999999999 0.002222221153846154 0.95 0.048888889423076926 0.9299999999999999 0.11777777884615384 0.91 0.18 0.89 0.22888888942307692 0.87 0.2711111105769231 0.8533333341346154 0.3133333341346154 0.84 0.3444444447115385 0.83 0.40222222115384615 0.8099999999999999 0.46444444471153845 0.8 0.5266666658653846 0.7833333341346154 0.6066666658653846 0.78
1885 0.7244444447115386 0.35333333413461543 0.6844444447115384 0.34666666586538464 0.6377777788461538 0.35666666586538465 0.6066666658653846 0.3633333341346154 0.5866666658653846 0.3766666658653846 0.52 0.39 0.4911111105769231 0.41333333413461537 0.46 0.4466666658653846 0.4444444447115385 0.4666666658653846 0.4444444447115385 0.5533333341346154 0.511111110576923 0.5533333341346154 0.5711111105769231 0.55 0.5777777788461539 0.5366666658653846 0.8511111105769231 0.5566666658653846 0.8511111105769231 0.3633333341346154 0.8266666658653846 0.35 0.7555555552884615 0.35333333413461543 0.7244444447115386 0.35333333413461543
655 0.4977777788461539 0.5533333341346154 0.5488888894230769 0.55 0.5466666658653846 0.4433333341346154 0.5466666658653846 0.3866666658653846 0.5222222211538461 0.3866666658653846 0.4955555552884615 0.40666666586538464 0.4977777788461539 0.5533333341346154
1885 0 0.6491228076923077 0.08222222115384616 0.6166666658653847 0.13777777884615386 0.61 0.1911111105769231 0.5966666658653846 0.1911111105769231 0.61 0.3155555552884615 0.5733333341346154 0.3177777788461539 0.40333333413461536 0.34666666586538464 0.41000000000000003 0.34666666586538464 0.5700000000000001 0.3755555552884615 0.5700000000000001 0.42 0.5700000000000001 0.4466666658653846 0.5566666658653846 0.4444444447115385 0.4666666658653846 0.48222222115384616 0.42 0.5066666658653847 0.39333333413461535 0.5266666658653846 0.3866666658653846 0.5666666658653846 0.3833333341346154 0.5888888894230769 0.38 0.6266666658653846 0.36 0.6755555552884616 0.34666666586538464 0.7088888894230769 0.34666666586538464 0.74 0.35 0.8066666658653846 0.34666666586538464 0.8266666658653846 0.35 0.8511111105769231 0.36 0.8533333341346154 0.5566666658653846 0.8622222211538462 0.56 0.8622222211538462 0.42666666586538465 0.9111111105769231 0.42666666586538465 0.9111111105769231 0.5700000000000001 0.991111110576923 0.5733333341346154 0.9933333341346154 0.4766666658653846 0.9688888894230769 0.4466666658653846 0.9355555552884615 0.40333333413461536 0.9022222211538462 0.3666666658653846 0.8666666658653847 0.35 0.8155555552884616 0.3133333341346154 0.7533333341346153 0.28 0.7066666658653846 0.2633333341346154 0.6533333341346155 0.2533333341346154 0.6022222211538462 0.2433333341346154 0.5666666658653846 0.23333333413461538 0.5022222211538462 0.23 0.4466666658653846 0.23 0.38 0.2433333341346154 0.34222222115384615 0.2466666658653846 0.3155555552884615 0.25 0.27333333413461536 0.2633333341346154 0.21111111057692306 0.2833333341346154 0.16 0.3033333341346154 0.11555555528846154 0.3166666658653846 0.09555555528846155 0.33 0.08 0.34666666586538464 0.04444444471153846 0.38 0.017777778846153846 0.41333333413461537 0 0.44 0 0.6491228076923077
792 0 0.9933333341346154 0.9977777788461538 0.9933333341346154 0.9933333341346154 0.5733333341346154 0.86 0.5666666658653846 0.8533333341346154 0.5533333341346154 0.5777777788461539 0.5366666658653846 0.5711111105769231 0.55 0.6555555552884615 0.5566666658653846 0.7066666658653846 0.5633333341346154 0.7333333341346153 0.5833333341346154 0.811111110576923 0.61 0.8777777788461538 0.6333333341346153 0.9377777788461539 0.6733333341346154 0.9533333341346153 0.6933333341346154 0.9400000000000001 0.73 0.9155555552884616 0.7366666658653845 0.891111110576923 0.7466666658653847 0.8622222211538462 0.7533333341346153 0.8311111105769231 0.7566666658653846 0.8044444447115384 0.7666666658653847 0.777777778846154 0.77 0.7333333341346153 0.77 0.6977777788461539 0.7733333341346154 0.6577777788461538 0.7766666658653846 0.6133333341346154 0.7766666658653846 0.5644444447115384 0.78 0.5311111105769231 0.78 0.5177777788461538 0.7866666658653846 0.48444444471153847 0.7933333341346154 0.4488888894230769 0.8 0.41111111057692307 0.8066666658653846 0.3644444447115385 0.8233333341346154 0.30888888942307696 0.84 0.26444444471153844 0.8566666658653846 0.21111111057692306 0.8733333341346154 0.16 0.8933333341346154 0.12000000000000001 0.91 0.06222222115384615 0.9266666658653846 0.002222221153846154 0.95 0.002222221153846154 0.6733333341346154 0.02888888942307692 0.6733333341346154 0.08222222115384616 0.6533333341346155 0.13777777884615386 0.63 0.1888888894230769 0.6166666658653847 0.1888888894230769 0.5966666658653846 0.14888888942307693 0.6033333341346154 0.08888888942307692 0.61 0.05111111057692308 0.6233333341346154 0.002222221153846154 0.6499999999999999 0 0.8216666658653846 0 0.9933333341346154