1034 0.36250000000000004 0.49375 0.35 0.47916666586538464 0.3265625 0.40625 0.2515625 0.4354166658653846 0.2734375 0.5291666658653846 0.3203125 0.5458333341346153 0.35624999999999996 0.53125 0.3828125 0.5229166658653847 0.390625 0.5166666658653847 0.36250000000000004 0.49375
152 0.18593749999999998 0.9395833341346154 0.1984375 0.9312499999999999 0.18125000000000002 0.7729166658653847 0.09687499999999999 0.7250000000000001 0.0578125 0.7958333341346153 0.053125000000000006 0.8895833341346153 0.0671875 0.9333333341346154 0.1109375 0.98125 0.18593749999999998 0.9395833341346154
1027 0.3734375 0.5 0.3765625 0.45833333413461536 0.33281249999999996 0.2708333341346154 0.3 0.2895833341346154 0.3015625 0.3166666658653846 0.34687500000000004 0.4458333341346154 0.3515625 0.48958333413461536 0.3515625 0.5041666658653846 0.3734375 0.5
417 0.46406250000000004 0.7083333341346154 0.4828125 0.4770833341346154 0.47968750000000004 0.4604166658653846 0.415625 0.4729166658653846 0.3578125 0.56875 0.35624999999999996 0.6708333341346153 0.31718749999999996 0.6854166658653846 0.3109375 0.7458333341346154 0.36875 0.7562500000000001 0.46406250000000004 0.7083333341346154
1219 0.3828125 0.045833334134615385 0.171875 0.03125 0.18906250000000002 0.34375 0.390625 0.3125 0.3828125 0.045833334134615385
1700 0.021875 0.3604166658653846 0.026562500000000003 0.4104166658653846 0.04375 0.4020833341346154 0.040624999999999994 0.3604166658653846 0.021875 0.3604166658653846
680 0.7203124999999999 0.6 0.784375 0.6125 0.7890625 0.2979166658653846 0.6187499999999999 0.28125 0.5453125 0.3020833341346154 0.5578125 0.6625000000000001 0.690625 0.5979166658653846 0.7203124999999999 0.6
679 0.559375 0.3083333341346154 0.5609375 0.38125 0.7250000000000001 0.3979166658653846 0.7265625 0.31875 0.559375 0.3083333341346154
207 0.2109375 0.9979166658653846 0.996875 0.9958333341346154 0.9984375000000001 0.6708333341346153 0.7 0.5958333341346154 0.296875 0.8187500000000001 0.2109375 0.9979166658653846
1445 0.12031249999999999 0.3895833341346154 0.1359375 0.3916666658653846 0.1359375 0.34375 0.1171875 0.34375 0.12031249999999999 0.3895833341346154
910 0.625 0.3583333341346154 0.6499999999999999 0.3583333341346154 0.653125 0.35 0.625 0.35 0.625 0.3583333341346154
1875 0.8421875000000001 0 0.828125 0.5770833341346153 0.9984375000000001 0.6145833341346154 0.996875 0 0.8421875000000001 0
1885 0.8203125 0.5895833341346154 0.8359375 0 0.5109375 0.0020833341346153844 0.528125 0.6291666658653846 0.9984375000000001 0.7354166658653847 0.996875 0.625 0.8203125 0.5895833341346154
1885 0.04375 0.8708333341346154 0.525 0.6604166658653846 0.5046875 0.00625 0.0046875 0.0041666658653846155 0.003125 0.5083333341346153 0.04375 0.8708333341346154
268 0.6875 0.2854166658653846 0.7562500000000001 0.2833333341346154 0.7546875 0.2625 0.6890624999999999 0.2583333341346154 0.684375 0.2770833341346154 0.6875 0.2854166658653846
351 0.5625 0.3916666658653846 0.5625 0.44999999999999996 0.721875 0.475 0.71875 0.4104166658653846 0.7015625000000001 0.4104166658653846 0.5625 0.3916666658653846