402 0.0014705889423076923 0 0.002857141826923077 0.06285714182692308 0.33857142788461536 0.27809523798076924 0.7014285721153846 0.2742857139423077 0.7042857139423078 0.3028571418269231 0.7628571418269231 0.30476190384615387 1 0.21388081009615384 1 0 0.0014705889423076923 0
1027 0.4614285721153846 0.28190476201923076 0.4957142860576923 0.28380952403846155 0.4528571418269231 0.022857141826923076 0.44999999999999996 0.0019047620192307693 0.34285714182692306 0.0019047620192307693 0.4614285721153846 0.28190476201923076
260 0.3757142860576923 0.5180952379807692 0.6285714278846153 0.5142857139423077 0.6342857139423077 0.28380952403846155 0.3614285721153846 0.2857142860576923 0.3757142860576923 0.5180952379807692
685 0.5642857139423076 0.4533333341346154 0.5642857139423076 0.40952381009615385 0.5642857139423076 0.4 0.5342857139423077 0.4 0.5357142860576923 0.4514285721153846 0.5642857139423076 0.4533333341346154
685 0.5314285721153846 0.4 0.49857142788461534 0.4 0.5 0.45714285817307687 0.532857141826923 0.45904762019230766 0.5314285721153846 0.4
1523 1 0.46190476201923075 0.9985714278846154 0.44 0.7928571418269231 0.4228571418269231 0.7357142860576923 0.42666666586538465 0.732857141826923 0.7333333341346153 0.7471428581730769 0.7295238100961539 0.8771428581730769 0.9219047620192308 0.8771428581730769 0.9657142860576923 0.91 0.9695238100961538 0.922857141826923 0.9961904759615384 0.9985714278846154 0.9942857139423077 1 0.7390476201923076 1 0.46190476201923075
1523 0.6571428581730768 0.607619048076923 0.697142858173077 0.6571428581730768 0.6957142860576924 0.6742857139423077 0.7342857139423077 0.6742857139423077 0.7357142860576923 0.42666666586538465 0.7614285721153846 0.4228571418269231 0.687142858173077 0.4038095240384615 0.6514285721153846 0.4209523798076923 0.6514285721153846 0.6057142860576923 0.6571428581730768 0.607619048076923
1708 0.2614285721153846 0.9866666658653845 0.642857141826923 0.9961904759615384 0.6514285721153846 0.9847619038461539 0.5957142860576923 0.7161904759615385 0.5857142860576923 0.7142857139423077 0.3857142860576923 0.7123809519230769 0.3785714278846154 0.7123809519230769 0.3742857139423077 0.7161904759615385 0.26 0.9733333341346154 0.2614285721153846 0.9866666658653845
1708 0.41000000000000003 0.7009523798076922 0.5814285721153847 0.7009523798076922 0.5857142860576923 0.6933333341346154 0.577142858173077 0.6647619038461539 0.4157142860576923 0.6609523798076923 0.41000000000000003 0.7009523798076922
423 0.5857142860576923 0.47619047596153846 0.5814285721153847 0.5009523798076922 0.567142858173077 0.5028571418269231 0.5642857139423076 0.5371428581730769 0.5700000000000001 0.5066666658653847 0.5871428581730769 0.5161904759615384 0.5885714278846154 0.5466666658653846 0.5885714278846154 0.5085714278846154 0.5957142860576923 0.5085714278846154 0.5942857139423077 0.4609523798076923 0.5842857139423077 0.4609523798076923 0.582857141826923 0.47047618990384615 0.5857142860576923 0.47619047596153846
1523 0.004285713942307692 0.5961904759615385 0.0014285721153846154 0.8438095240384615 0.20857142788461538 0.84 0.23142857211538462 0.8114285721153845 0.2242857139423077 0.5980952379807692 0.004285713942307692 0.5961904759615385
1523 0.3785714278846154 0.7104761899038461 0.39857142788461536 0.7123809519230769 0.39857142788461536 0.7009523798076922 0.39857142788461536 0.607619048076923 0.22714285817307692 0.6038095240384616 0.23428571394230768 0.7942857139423077 0.3342857139423077 0.7980952379807692 0.3728571418269231 0.7142857139423077 0.3785714278846154 0.7104761899038461
1523 0.4014285721153846 0.6380952379807692 0.44 0.6342857139423077 0.44285714182692304 0.6438095240384616 0.47714285817307694 0.6457142860576923 0.4785714278846154 0.5276190480769231 0.4414285721153846 0.5219047620192308 0.1957142860576923 0.5257142860576923 0.1942857139423077 0.5352380961538462 0.1957142860576923 0.5942857139423077 0.22714285817307692 0.5961904759615385 0.23 0.6 0.40285714182692306 0.6038095240384616 0.4014285721153846 0.6095238100961539 0.4014285721153846 0.6380952379807692
1802 0.23285714182692308 0.5295238100961538 0.2557142860576923 0.5295238100961538 0.2557142860576923 0.5180952379807692 0.2557142860576923 0.4838095240384615 0.2557142860576923 0.4609523798076923 0.24714285817307693 0.4533333341346154 0.23 0.4533333341346154 0.2242857139423077 0.4666666658653846 0.22 0.47047618990384615 0.22142857211538464 0.4838095240384615 0.21285714182692306 0.4876190480769231 0.21285714182692306 0.5028571418269231 0.2114285721153846 0.5142857139423077 0.2114285721153846 0.5295238100961538 0.23285714182692308 0.5295238100961538
1806 0.2671428581730769 0.4533333341346154 0.2742857139423077 0.45714285817307687 0.26857142788461535 0.48000000000000004 0.26857142788461535 0.5123809519230769 0.2742857139423077 0.5295238100961538 0.32142857211538456 0.5257142860576923 0.3757142860576923 0.5219047620192308 0.37 0.5047619038461538 0.362857141826923 0.4914285721153846 0.3542857139423077 0.4742857139423077 0.34142857211538463 0.47047618990384615 0.34285714182692306 0.45714285817307687 0.3342857139423077 0.4304761899038461 0.3242857139423077 0.4304761899038461 0.32142857211538456 0.42476190384615387 0.31 0.42476190384615387 0.3071428581730769 0.4438095240384615 0.2857142860576923 0.44761904807692304 0.2728571418269231 0.44761904807692304 0.2657142860576923 0.4438095240384615 0.2671428581730769 0.4533333341346154
180 0.07857142788461538 0.6838095240384615 0.08857142788461539 0.7142857139423077 0.13857142788461538 0.7123809519230769 0.15 0.6990476201923077 0.15 0.6742857139423077 0.09142857211538462 0.6742857139423077 0.07857142788461538 0.6838095240384615
1531 0.13857142788461538 0.8057142860576924 0.1242857139423077 0.8095238100961539 0.1242857139423077 0.8247619038461539 0.14714285817307693 0.8285714278846155 0.16 0.8285714278846155 0.16999999999999998 0.8190476201923077 0.16999999999999998 0.8019047620192308 0.1657142860576923 0.7923809519230769 0.1557142860576923 0.7923809519230769 0.15 0.7980952379807692 0.1485714278846154 0.8057142860576924 0.13857142788461538 0.8057142860576924
663 0.8871428581730769 0.42666666586538465 0.937142858173077 0.42666666586538465 0.9385714278846155 0.24952381009615385 0.8914285721153846 0.2666666658653846 0.8871428581730769 0.42666666586538465
1802 0.17571428605769232 0.5657142860576923 0.1714285721153846 0.5619047620192308 0.16999999999999998 0.5428571418269231 0.11142857211538462 0.5428571418269231 0.11 0.5923809519230769 0.18142857211538463 0.5942857139423077 0.18142857211538463 0.582857141826923 0.17571428605769232 0.5657142860576923
1806 0.4185714278846154 0.5466666658653846 0.39857142788461536 0.5352380961538462 0.3857142860576923 0.5561904759615385 0.3785714278846154 0.5561904759615385 0.3671428581730769 0.5752380961538461 0.3671428581730769 0.582857141826923 0.3771428581730769 0.582857141826923 0.40285714182692306 0.5809523798076923 0.4371428581730769 0.5809523798076923 0.4371428581730769 0.5714285721153846 0.4371428581730769 0.5485714278846154 0.43142857211538466 0.5466666658653846 0.4185714278846154 0.5466666658653846
1885 1 0.21581181971153846 0.7642857139423077 0.3104761899038462 0.7342857139423077 0.3066666658653846 0.732857141826923 0.5466666658653846 0.9985714278846154 0.7580952379807692 1 0.5342857139423077 1 0.21581181971153846
1885 0.7057142860576923 0.30476190384615387 0.7028571418269232 0.27238095192307693 0.33714285817307693 0.27619047596153845 0.33571428605769227 0.31428571394230764 0.3342857139423077 0.5180952379807692 0.732857141826923 0.5390476201923077 0.732857141826923 0.4933333341346154 0.732857141826923 0.3066666658653846 0.7057142860576923 0.30476190384615387
1885 0.3314285721153846 0.5180952379807692 0.33999999999999997 0.27047618990384614 0.004285713942307692 0.06285714182692308 0.002857141826923077 0.12952381009615385 0.004285713942307692 0.6552380961538462 0.3314285721153846 0.5180952379807692
1942 0.008571427884615384 0.5942857139423077 0.11 0.5619047620192308 0.10714285817307692 0.23619047596153847 0.007142858173076924 0.19047618990384615 0.008571427884615384 0.5942857139423077
1942 0.14142857211538462 0.5333333341346154 0.21 0.5123809519230769 0.20857142788461538 0.27619047596153845 0.13285714182692307 0.2457142860576923 0.14142857211538462 0.5333333341346154
1942 0.22714285817307692 0.5009523798076922 0.2728571418269231 0.47809523798076925 0.26999999999999996 0.2990476201923077 0.2228571418269231 0.28380952403846155 0.22714285817307692 0.5009523798076922
1942 0.28428571394230767 0.4609523798076923 0.3114285721153846 0.4419047620192308 0.3114285721153846 0.31428571394230764 0.27857142788461536 0.3009523798076923 0.28428571394230767 0.4609523798076923
792 0.73 0.5390476201923077 0.3342857139423077 0.5180952379807692 0.005714286057692307 0.6514285721153846 0.0014285721153846154 0.9961904759615384 0.9971428581730769 0.9961904759615384 0.9985714278846154 0.7580952379807692 0.73 0.5390476201923077