1120 0.6109375 0.19791666586538462 0.609375 0.1833333341346154 0.6046875 0.0020833341346153844 0.3015625 0.0041666658653846155 0.30937499999999996 0.21875 0.6109375 0.19791666586538462
1564 0.7171875000000001 0.6458333341346154 0.5765625 0.5645833341346154 0.43281250000000004 0.5916666658653846 0.3 0.6895833341346154 0.31875 0.8104166658653846 0.41718750000000004 0.8458333341346154 0.49531250000000004 0.84375 0.5984375 0.83125 0.6781250000000001 0.7479166658653846 0.7390625 0.7250000000000001 0.7171875000000001 0.6458333341346154
914 0.684375 0.5020833341346154 0.79375 0.4708333341346154 0.7765625 0.3145833341346154 0.6546875000000001 0.3145833341346154 0.6203125 0.36875 0.640625 0.4958333341346154 0.684375 0.5020833341346154
1794 0.7640625000000001 0.6458333341346154 0.7749999999999999 0.4395833341346154 0.7140625 0.4458333341346154 0.66875 0.44999999999999996 0.6546875000000001 0.44375 0.6421874999999999 0.575 0.6921875 0.625 0.7265625 0.675 0.7640625000000001 0.6458333341346154
1599 0.32499999999999996 0.6375 0.353125 0.6770833341346154 0.421875 0.6208333341346154 0.39531249999999996 0.5958333341346154 0.32499999999999996 0.6375
757 0.5046875 0.60625 0.490625 0.575 0.4703125 0.58125 0.47187500000000004 0.59375 0.48906249999999996 0.6166666658653847 0.5046875 0.60625
1546 0.5828125 0.04166666586538462 0.49375 0.045833334134615385 0.490625 0.1791666658653846 0.59375 0.17708333413461538 0.5828125 0.04166666586538462
1923 0.41874999999999996 0.6333333341346153 0.428125 0.6333333341346153 0.44999999999999996 0.6333333341346153 0.46406250000000004 0.6291666658653846 0.47187500000000004 0.6187499999999999 0.4671875 0.5895833341346154 0.4609375 0.5895833341346154 0.45781249999999996 0.5791666658653847 0.45781249999999996 0.5625 0.44843750000000004 0.5541666658653847 0.43281250000000004 0.5541666658653847 0.421875 0.5583333341346154 0.41718750000000004 0.5729166658653846 0.41718750000000004 0.5979166658653846 0.415625 0.6125 0.41874999999999996 0.6333333341346153
1923 0.5328125 0.6208333341346154 0.5421875 0.6083333341346153 0.5359375 0.5895833341346154 0.5328125 0.5708333341346153 0.53125 0.5541666658653847 0.5265625 0.54375 0.515625 0.5395833341346153 0.49375 0.5479166658653847 0.4921875 0.5625 0.4921875 0.6229166658653846 0.5078125 0.6229166658653846 0.5328125 0.6208333341346154
10 0.9796875 0.4333333341346154 0.8531249999999999 0.4520833341346154 0.8500000000000001 0.625 0.96875 0.60625 0.9796875 0.4333333341346154
1937 0.271875 0.6520833341346154 0.146875 0.6729166658653847 0.17031249999999998 0.8395833341346154 0.2890625 0.8125 0.271875 0.6520833341346154
1520 0.075 0.3395833341346154 0.0359375 0.34375 0.0390625 0.35416666586538464 0.0171875 0.3666666658653846 0.0015625 0.3666666658653846 0.0015625 0.7645833341346153 0.0234375 0.7458333341346154 0.0328125 0.7145833341346154 0.0390625 0.6875 0.046875 0.6291666658653846 0.060937500000000006 0.6229166658653846 0.071875 0.60625 0.075 0.5770833341346153 0.0875 0.5729166658653846 0.09687499999999999 0.5479166658653847 0.08906249999999999 0.4958333341346154 0.125 0.4104166658653846 0.1359375 0.40625 0.146875 0.38125 0.15781250000000002 0.3583333341346154 0.15781250000000002 0.33333333413461536 0.175 0.2958333341346154 0.1796875 0.2604166658653846 0.17031249999999998 0.25 0.115625 0.2520833341346154 0.109375 0.3104166658653846 0.1015625 0.3375 0.075 0.3395833341346154
180 0.0015625 0.3708333341346154 0.020312499999999997 0.3708333341346154 0.0359375 0.35624999999999996 0.0328125 0.3416666658653846 0.08281250000000001 0.3458333341346154 0.0953125 0.33125000000000004 0.1078125 0.3104166658653846 0.1109375 0.26875 0.12031249999999999 0.11875 0.11875 0.05208333413461538 0.09687499999999999 0.03125 0.0734375 0.039583334134615386 0.0703125 0.06875 0.003125 0.05833333413461539 0.0015625 0.3708333341346154
54 0.2515625 0.42708333413461536 0.2609375 0.4145833341346154 0.2515625 0.3458333341346154 0.24843749999999998 0.3458333341346154 0.23593750000000002 0.2208333341346154 0.140625 0.2416666658653846 0.15 0.38541666586538464 0.153125 0.4416666658653846 0.2515625 0.42708333413461536
974 0.428125 0.2583333341346154 0.428125 0.2791666658653846 0.428125 0.2854166658653846 0.4359375 0.2854166658653846 0.43125 0.2958333341346154 0.43125 0.3145833341346154 0.43125 0.33125000000000004 0.428125 0.3458333341346154 0.43125 0.35416666586538464 0.44062500000000004 0.36250000000000004 0.44999999999999996 0.36875 0.47187500000000004 0.36875 0.48750000000000004 0.3666666658653846 0.4984375 0.3583333341346154 0.5078125 0.3479166658653846 0.5078125 0.3270833341346154 0.5078125 0.3104166658653846 0.5109375 0.3041666658653846 0.5140625 0.2916666658653846 0.5140625 0.2770833341346154 0.5140625 0.2645833341346154 0.5125 0.2583333341346154 0.5046875 0.2583333341346154 0.5 0.2479166658653846 0.46562499999999996 0.2416666658653846 0.446875 0.2416666658653846 0.43437499999999996 0.2520833341346154 0.428125 0.2583333341346154
1937 0.8453124999999999 0.625 0.8390625 0.7958333341346153 0.9578125 0.7645833341346153 0.971875 0.6041666658653846 0.8453124999999999 0.625
258 0.4 0.45625000000000004 0.4078125 0.5979166658653846 0.5390625 0.58125 0.5359375 0.4375 0.4 0.45625000000000004