1120 0.690625 0.21875 0.6984375 0.0041666658653846155 0.39531249999999996 0.0020833341346153844 0.390625 0.1833333341346154 0.3890625 0.19791666586538462 0.690625 0.21875
1564 0.2609375 0.7250000000000001 0.321875 0.7479166658653846 0.40156250000000004 0.83125 0.5046875 0.84375 0.5828125 0.8458333341346154 0.6812499999999999 0.8104166658653846 0.7 0.6895833341346154 0.5671875 0.5916666658653846 0.4234375 0.5645833341346154 0.2828125 0.6458333341346154 0.2609375 0.7250000000000001
914 0.359375 0.4958333341346154 0.37968749999999996 0.36875 0.3453125 0.3145833341346154 0.2234375 0.3145833341346154 0.20625 0.4708333341346154 0.31562500000000004 0.5020833341346154 0.359375 0.4958333341346154
1794 0.2734375 0.675 0.30781250000000004 0.625 0.3578125 0.575 0.3453125 0.44375 0.33125000000000004 0.44999999999999996 0.2859375 0.4458333341346154 0.22499999999999998 0.4395833341346154 0.23593750000000002 0.6458333341346154 0.2734375 0.675
1599 0.6046875 0.5958333341346154 0.578125 0.6208333341346154 0.6468750000000001 0.6770833341346154 0.675 0.6375 0.6046875 0.5958333341346154
757 0.5109375 0.6166666658653847 0.528125 0.59375 0.5296875 0.58125 0.509375 0.575 0.49531250000000004 0.60625 0.5109375 0.6166666658653847
1546 0.40625 0.17708333413461538 0.509375 0.1791666658653846 0.50625 0.045833334134615385 0.41718750000000004 0.04166666586538462 0.40625 0.17708333413461538
1923 0.584375 0.6125 0.5828125 0.5979166658653846 0.5828125 0.5729166658653846 0.578125 0.5583333341346154 0.5671875 0.5541666658653847 0.5515625 0.5541666658653847 0.5421875 0.5625 0.5421875 0.5791666658653847 0.5390625 0.5895833341346154 0.5328125 0.5895833341346154 0.528125 0.6187499999999999 0.5359375 0.6291666658653846 0.55 0.6333333341346153 0.571875 0.6333333341346153 0.58125 0.6333333341346153 0.584375 0.6125
1923 0.4921875 0.6229166658653846 0.5078125 0.6229166658653846 0.5078125 0.5625 0.50625 0.5479166658653847 0.484375 0.5395833341346153 0.47343749999999996 0.54375 0.46875 0.5541666658653847 0.4671875 0.5708333341346153 0.46406250000000004 0.5895833341346154 0.45781249999999996 0.6083333341346153 0.4671875 0.6208333341346154 0.4921875 0.6229166658653846
10 0.03125 0.60625 0.15 0.625 0.146875 0.4520833341346154 0.020312499999999997 0.4333333341346154 0.03125 0.60625
1937 0.7109375 0.8125 0.8296874999999999 0.8395833341346154 0.8531249999999999 0.6729166658653847 0.7281249999999999 0.6520833341346154 0.7109375 0.8125
1520 0.8984375 0.3375 0.890625 0.3104166658653846 0.8843749999999999 0.2520833341346154 0.8296874999999999 0.25 0.8203125 0.2604166658653846 0.825 0.2958333341346154 0.8421875000000001 0.33333333413461536 0.8421875000000001 0.3583333341346154 0.8531249999999999 0.38125 0.8640625 0.40625 0.875 0.4104166658653846 0.9109375 0.4958333341346154 0.903125 0.5479166658653847 0.9125000000000001 0.5729166658653846 0.925 0.5770833341346153 0.9281250000000001 0.60625 0.9390624999999999 0.6229166658653846 0.953125 0.6291666658653846 0.9609375 0.6875 0.9671875000000001 0.7145833341346154 0.9765625 0.7458333341346154 0.9984375000000001 0.7645833341346153 0.9984375000000001 0.3666666658653846 0.9828125000000001 0.3666666658653846 0.9609375 0.35416666586538464 0.9640625 0.34375 0.925 0.3395833341346154 0.8984375 0.3375
180 0.996875 0.05833333413461539 0.9296875 0.06875 0.9265625 0.039583334134615386 0.903125 0.03125 0.8812500000000001 0.05208333413461538 0.8796875 0.11875 0.8890625000000001 0.26875 0.8921874999999999 0.3104166658653846 0.9046875000000001 0.33125000000000004 0.9171875 0.3458333341346154 0.9671875000000001 0.3416666658653846 0.9640625 0.35624999999999996 0.9796875 0.3708333341346154 0.9984375000000001 0.3708333341346154 0.996875 0.05833333413461539
54 0.846875 0.4416666658653846 0.8500000000000001 0.38541666586538464 0.859375 0.2416666658653846 0.7640625000000001 0.2208333341346154 0.7515624999999999 0.3458333341346154 0.7484375000000001 0.3458333341346154 0.7390625 0.4145833341346154 0.7484375000000001 0.42708333413461536 0.846875 0.4416666658653846
974 0.565625 0.2520833341346154 0.553125 0.2416666658653846 0.534375 0.2416666658653846 0.5 0.2479166658653846 0.49531250000000004 0.2583333341346154 0.48750000000000004 0.2583333341346154 0.4859375 0.2645833341346154 0.4859375 0.2770833341346154 0.4859375 0.2916666658653846 0.48906249999999996 0.3041666658653846 0.4921875 0.3104166658653846 0.4921875 0.3270833341346154 0.4921875 0.3479166658653846 0.5015625 0.3583333341346154 0.5125 0.3666666658653846 0.528125 0.36875 0.55 0.36875 0.559375 0.36250000000000004 0.56875 0.35416666586538464 0.571875 0.3458333341346154 0.56875 0.33125000000000004 0.56875 0.3145833341346154 0.56875 0.2958333341346154 0.5640625 0.2854166658653846 0.571875 0.2854166658653846 0.571875 0.2791666658653846 0.571875 0.2583333341346154 0.565625 0.2520833341346154
1937 0.028124999999999997 0.6041666658653846 0.0421875 0.7645833341346153 0.1609375 0.7958333341346153 0.15468749999999998 0.625 0.028124999999999997 0.6041666658653846
258 0.46406250000000004 0.4375 0.4609375 0.58125 0.5921875 0.5979166658653846 0.6 0.45625000000000004 0.46406250000000004 0.4375