402 0 0 0 0.21388081009615384 0.2371428581730769 0.30476190384615387 0.29571428605769234 0.3028571418269231 0.2985714278846154 0.2742857139423077 0.6614285721153846 0.27809523798076924 0.9971428581730769 0.06285714182692308 0.9985294110576923 0 0 0
1027 0.6571428581730768 0.0019047620192307693 0.55 0.0019047620192307693 0.5471428581730768 0.022857141826923076 0.5042857139423077 0.28380952403846155 0.5385714278846154 0.28190476201923076 0.6571428581730768 0.0019047620192307693
260 0.6385714278846154 0.2857142860576923 0.36571428605769235 0.28380952403846155 0.3714285721153846 0.5142857139423077 0.6242857139423077 0.5180952379807692 0.6385714278846154 0.2857142860576923
685 0.46428571394230767 0.4514285721153846 0.46571428605769233 0.4 0.43571428605769236 0.4 0.43571428605769236 0.40952381009615385 0.43571428605769236 0.4533333341346154 0.46428571394230767 0.4514285721153846
685 0.46714285817307694 0.45904762019230766 0.5 0.45714285817307687 0.5014285721153846 0.4 0.46857142788461537 0.4 0.46714285817307694 0.45904762019230766
1523 0 0.7390476201923076 0.0014285721153846154 0.9942857139423077 0.07714285817307692 0.9961904759615384 0.09 0.9695238100961538 0.12285714182692307 0.9657142860576923 0.12285714182692307 0.9219047620192308 0.2528571418269231 0.7295238100961539 0.2671428581730769 0.7333333341346153 0.2642857139423077 0.42666666586538465 0.20714285817307693 0.4228571418269231 0.0014285721153846154 0.44 0 0.46190476201923075 0 0.7390476201923076
1523 0.3485714278846154 0.6057142860576923 0.3485714278846154 0.4209523798076923 0.3128571418269231 0.4038095240384615 0.2385714278846154 0.4228571418269231 0.2642857139423077 0.42666666586538465 0.2657142860576923 0.6742857139423077 0.3042857139423077 0.6742857139423077 0.3028571418269231 0.6571428581730768 0.34285714182692306 0.607619048076923 0.3485714278846154 0.6057142860576923
1708 0.74 0.9733333341346154 0.6257142860576923 0.7161904759615385 0.6214285721153847 0.7123809519230769 0.6142857139423077 0.7123809519230769 0.41428571394230773 0.7142857139423077 0.4042857139423077 0.7161904759615385 0.3485714278846154 0.9847619038461539 0.3571428581730769 0.9961904759615384 0.7385714278846154 0.9866666658653845 0.74 0.9733333341346154
1708 0.5842857139423077 0.6609523798076923 0.4228571418269231 0.6647619038461539 0.41428571394230773 0.6933333341346154 0.4185714278846154 0.7009523798076922 0.59 0.7009523798076922 0.5842857139423077 0.6609523798076923
423 0.41714285817307695 0.47047618990384615 0.4157142860576923 0.4609523798076923 0.4057142860576923 0.4609523798076923 0.4042857139423077 0.5085714278846154 0.41142857211538464 0.5085714278846154 0.41142857211538464 0.5466666658653846 0.41285714182692307 0.5161904759615384 0.43 0.5066666658653847 0.43571428605769236 0.5371428581730769 0.43285714182692303 0.5028571418269231 0.4185714278846154 0.5009523798076922 0.41428571394230773 0.47619047596153846 0.41714285817307695 0.47047618990384615
1523 0.7757142860576922 0.5980952379807692 0.7685714278846153 0.8114285721153845 0.7914285721153846 0.84 0.9985714278846154 0.8438095240384615 0.9957142860576924 0.5961904759615385 0.7757142860576922 0.5980952379807692
1523 0.6271428581730769 0.7142857139423077 0.6657142860576923 0.7980952379807692 0.7657142860576923 0.7942857139423077 0.7728571418269231 0.6038095240384616 0.6014285721153846 0.607619048076923 0.6014285721153846 0.7009523798076922 0.6014285721153846 0.7123809519230769 0.6214285721153847 0.7104761899038461 0.6271428581730769 0.7142857139423077
1523 0.5985714278846154 0.6095238100961539 0.5971428581730769 0.6038095240384616 0.77 0.6 0.7728571418269231 0.5961904759615385 0.8042857139423076 0.5942857139423077 0.8057142860576924 0.5352380961538462 0.8042857139423076 0.5257142860576923 0.5585714278846153 0.5219047620192308 0.5214285721153846 0.5276190480769231 0.522857141826923 0.6457142860576923 0.557142858173077 0.6438095240384616 0.56 0.6342857139423077 0.5985714278846154 0.6380952379807692 0.5985714278846154 0.6095238100961539
1802 0.7885714278846153 0.5295238100961538 0.7885714278846153 0.5142857139423077 0.7871428581730769 0.5028571418269231 0.7871428581730769 0.4876190480769231 0.7785714278846154 0.4838095240384615 0.78 0.47047618990384615 0.7757142860576922 0.4666666658653846 0.77 0.4533333341346154 0.7528571418269231 0.4533333341346154 0.7442857139423077 0.4609523798076923 0.7442857139423077 0.4838095240384615 0.7442857139423077 0.5180952379807692 0.7442857139423077 0.5295238100961538 0.767142858173077 0.5295238100961538 0.7885714278846153 0.5295238100961538
1806 0.7342857139423077 0.4438095240384615 0.7271428581730769 0.44761904807692304 0.7142857139423077 0.44761904807692304 0.692857141826923 0.4438095240384615 0.6900000000000001 0.42476190384615387 0.6785714278846153 0.42476190384615387 0.6757142860576923 0.4304761899038461 0.6657142860576923 0.4304761899038461 0.6571428581730768 0.45714285817307687 0.6585714278846153 0.47047618990384615 0.6457142860576923 0.4742857139423077 0.6371428581730769 0.4914285721153846 0.63 0.5047619038461538 0.6242857139423077 0.5219047620192308 0.6785714278846153 0.5257142860576923 0.7257142860576924 0.5295238100961538 0.7314285721153847 0.5123809519230769 0.7314285721153847 0.48000000000000004 0.7257142860576924 0.45714285817307687 0.732857141826923 0.4533333341346154 0.7342857139423077 0.4438095240384615
180 0.9085714278846153 0.6742857139423077 0.8500000000000001 0.6742857139423077 0.8500000000000001 0.6990476201923077 0.8614285721153846 0.7123809519230769 0.9114285721153846 0.7142857139423077 0.9214285721153845 0.6838095240384615 0.9085714278846153 0.6742857139423077
1531 0.8514285721153846 0.8057142860576924 0.8500000000000001 0.7980952379807692 0.8442857139423077 0.7923809519230769 0.8342857139423077 0.7923809519230769 0.83 0.8019047620192308 0.83 0.8190476201923077 0.84 0.8285714278846155 0.8528571418269231 0.8285714278846155 0.8757142860576923 0.8247619038461539 0.8757142860576923 0.8095238100961539 0.8614285721153846 0.8057142860576924 0.8514285721153846 0.8057142860576924
663 0.10857142788461539 0.2666666658653846 0.06142857211538462 0.24952381009615385 0.06285714182692308 0.42666666586538465 0.11285714182692308 0.42666666586538465 0.10857142788461539 0.2666666658653846
1802 0.8185714278846153 0.582857141826923 0.8185714278846153 0.5942857139423077 0.89 0.5923809519230769 0.8885714278846154 0.5428571418269231 0.83 0.5428571418269231 0.8285714278846155 0.5619047620192308 0.8242857139423077 0.5657142860576923 0.8185714278846153 0.582857141826923
1806 0.5685714278846153 0.5466666658653846 0.562857141826923 0.5485714278846154 0.562857141826923 0.5714285721153846 0.562857141826923 0.5809523798076923 0.5971428581730769 0.5809523798076923 0.6228571418269231 0.582857141826923 0.6328571418269231 0.582857141826923 0.6328571418269231 0.5752380961538461 0.6214285721153847 0.5561904759615385 0.6142857139423077 0.5561904759615385 0.6014285721153846 0.5352380961538462 0.5814285721153847 0.5466666658653846 0.5685714278846153 0.5466666658653846
1885 0 0.5342857139423077 0.0014285721153846154 0.7580952379807692 0.2671428581730769 0.5466666658653846 0.2657142860576923 0.3066666658653846 0.2357142860576923 0.3104761899038462 0 0.21581181971153846 0 0.5342857139423077
1885 0.2671428581730769 0.3066666658653846 0.2671428581730769 0.4933333341346154 0.2671428581730769 0.5390476201923077 0.6657142860576923 0.5180952379807692 0.6642857139423076 0.31428571394230764 0.6628571418269231 0.27619047596153845 0.29714285817307695 0.27238095192307693 0.2942857139423077 0.30476190384615387 0.2671428581730769 0.3066666658653846
1885 0.9957142860576924 0.6552380961538462 0.9971428581730769 0.12952381009615385 0.9957142860576924 0.06285714182692308 0.66 0.27047618990384614 0.6685714278846154 0.5180952379807692 0.9957142860576924 0.6552380961538462
1942 0.9928571418269231 0.19047618990384615 0.892857141826923 0.23619047596153847 0.89 0.5619047620192308 0.9914285721153846 0.5942857139423077 0.9928571418269231 0.19047618990384615
1942 0.8671428581730769 0.2457142860576923 0.7914285721153846 0.27619047596153845 0.7899999999999999 0.5123809519230769 0.8585714278846154 0.5333333341346154 0.8671428581730769 0.2457142860576923
1942 0.7771428581730769 0.28380952403846155 0.73 0.2990476201923077 0.7271428581730769 0.47809523798076925 0.7728571418269231 0.5009523798076922 0.7771428581730769 0.28380952403846155
1942 0.7214285721153846 0.3009523798076923 0.6885714278846155 0.31428571394230764 0.6885714278846155 0.4419047620192308 0.7157142860576923 0.4609523798076923 0.7214285721153846 0.3009523798076923
792 0.0014285721153846154 0.7580952379807692 0.002857141826923077 0.9961904759615384 0.9985714278846154 0.9961904759615384 0.9942857139423077 0.6514285721153846 0.6657142860576923 0.5180952379807692 0.26999999999999996 0.5390476201923077 0.0014285721153846154 0.7580952379807692