1237 0.595 0.505 0.865 0.5166666658653847 0.86125 0.28 0.53625 0.2833333341346154 0.4425 0.26833333413461535 0.44999999999999996 0.5549999999999999 0.595 0.505
360 0.6900000000000001 0.41333333413461537 0.68375 0.4116666658653846 0.65625 0.41333333413461537 0.655 0.47166666586538464 0.6875 0.4766666658653846 0.6900000000000001 0.4566666658653846 0.6900000000000001 0.41333333413461537
1058 0.93875 0.48166666586538465 0.93875 0.5716666658653846 0.9974999999999999 0.56 0.9937499999999999 0.4833333341346154 0.93875 0.48166666586538465
820 0.5925 0.2483333341346154 0.865 0.2433333341346154 0.8662500000000001 0.1316666658653846 0.8175 0.12333333413461538 0.7737499999999999 0.13833333413461538 0.7562500000000001 0.14333333413461538 0.74875 0.08666666586538462 0.72375 0.06666666586538461 0.70125 0.095 0.7 0.1216666658653846 0.67375 0.1216666658653846 0.6637500000000001 0.14333333413461538 0.64 0.14333333413461538 0.63875 0.1216666658653846 0.615 0.11166666586538462 0.5975 0.11666666586538461 0.5975 0.13499999999999998 0.5675 0.1266666658653846 0.5625 0.14 0.54875 0.14833333413461539 0.54375 0.04333333413461538 0.51375 0.030000000000000002 0.49375 0.015000000000000001 0.46875 0.028333334134615383 0.44999999999999996 0.035 0.445 0.20500000000000002 0.5925 0.2483333341346154
1520 0.53375 0.2833333341346154 0.59375 0.28 0.86125 0.275 0.865 0.2566666658653846 0.59625 0.25 0.44625 0.2116666658653846 0.4425 0.26999999999999996 0.53375 0.2833333341346154
820 0.855 0.7266666658653846 0.865 0.6866666658653846 0.84875 0.5333333341346154 0.825 0.5433333341346154 0.825 0.6 0.8099999999999999 0.6066666658653846 0.8075 0.5883333341346154 0.7825 0.5733333341346154 0.76 0.5700000000000001 0.73875 0.5966666658653846 0.715 0.5966666658653846 0.715 0.5183333341346154 0.6875 0.53 0.6525 0.545 0.62125 0.55 0.61125 0.5916666658653846 0.5975 0.5700000000000001 0.5975 0.5483333341346154 0.58125 0.5216666658653846 0.54375 0.5283333341346154 0.49 0.5516666658653846 0.485 0.575 0.46625 0.6083333341346153 0.455 0.6116666658653845 0.46375 0.7933333341346154 0.4775 0.7666666658653847 0.51375 0.7633333341346155 0.54375 0.7383333341346153 0.5725 0.7116666658653846 0.59375 0.7 0.62875 0.7 0.69125 0.7033333341346153 0.73625 0.715 0.77 0.7100000000000001 0.79875 0.72 0.825 0.7233333341346154 0.855 0.7266666658653846
1520 0.5925 0.505 0.85875 0.5216666658653846 0.85875 0.4933333341346154 0.59125 0.48166666586538465 0.45125 0.5433333341346154 0.46125 0.575 0.5925 0.505
360 0.73375 0.48000000000000004 0.735 0.4416666658653846 0.705 0.4416666658653846 0.7025 0.4833333341346154 0.73375 0.48000000000000004
1476 0.49 0.5033333341346153 0.505 0.49666666586538466 0.50625 0.455 0.505 0.44833333413461535 0.4975 0.44999999999999996 0.49 0.4533333341346154 0.485 0.46166666586538463 0.49 0.5033333341346153
9 0.72875 0.7 0.735 0.7 0.7437499999999999 0.6933333341346154 0.7437499999999999 0.6366666658653847 0.73375 0.6383333341346155 0.7225 0.6416666658653847 0.7212500000000001 0.6916666658653846 0.72875 0.7
1067 0.8374999999999999 0.7816666658653847 0.8350000000000001 0.7683333341346154 0.8075 0.7766666658653846 0.8099999999999999 0.7583333341346153 0.8025 0.7583333341346153 0.795 0.7516666658653846 0.7825 0.7466666658653847 0.76625 0.7466666658653847 0.75 0.7466666658653847 0.73875 0.7466666658653847 0.7175 0.7466666658653847 0.70625 0.7466666658653847 0.6950000000000001 0.75 0.6537499999999999 0.7683333341346154 0.655 0.8 0.6587500000000001 0.8099999999999999 0.6637500000000001 0.8216666658653846 0.67 0.8200000000000001 0.6775 0.8166666658653846 0.6900000000000001 0.8116666658653846 0.7 0.8049999999999999 0.70875 0.8016666658653846 0.715 0.8049999999999999 0.72 0.8049999999999999 0.72875 0.8049999999999999 0.73875 0.8049999999999999 0.75375 0.8066666658653846 0.7787499999999999 0.8183333341346154 0.8099999999999999 0.8133333341346154 0.8225 0.8066666658653846 0.83125 0.8116666658653846 0.8362499999999999 0.8 0.8374999999999999 0.7816666658653847