1237 0.55 0.5549999999999999 0.5575 0.26833333413461535 0.46375 0.2833333341346154 0.13874999999999998 0.28 0.13499999999999998 0.5166666658653847 0.40499999999999997 0.505 0.55 0.5549999999999999
360 0.31 0.4566666658653846 0.3125 0.4766666658653846 0.34500000000000003 0.47166666586538464 0.34375 0.41333333413461537 0.31625000000000003 0.4116666658653846 0.31 0.41333333413461537 0.31 0.4566666658653846
1058 0.00625 0.4833333341346154 0.0025 0.56 0.06125 0.5716666658653846 0.06125 0.48166666586538465 0.00625 0.4833333341346154
820 0.5549999999999999 0.20500000000000002 0.55 0.035 0.53125 0.028333334134615383 0.50625 0.015000000000000001 0.48625 0.030000000000000002 0.45625000000000004 0.04333333413461538 0.45125 0.14833333413461539 0.4375 0.14 0.4325 0.1266666658653846 0.40249999999999997 0.13499999999999998 0.40249999999999997 0.11666666586538461 0.385 0.11166666586538462 0.36125 0.1216666658653846 0.36 0.14333333413461538 0.33625 0.14333333413461538 0.32625 0.1216666658653846 0.3 0.1216666658653846 0.29875 0.095 0.27625 0.06666666586538461 0.25125 0.08666666586538462 0.24375000000000002 0.14333333413461538 0.22625 0.13833333413461538 0.1825 0.12333333413461538 0.13375 0.1316666658653846 0.13499999999999998 0.2433333341346154 0.40750000000000003 0.2483333341346154 0.5549999999999999 0.20500000000000002
1520 0.5575 0.26999999999999996 0.5537500000000001 0.2116666658653846 0.40375 0.25 0.13499999999999998 0.2566666658653846 0.13874999999999998 0.275 0.40625 0.28 0.46625 0.2833333341346154 0.5575 0.26999999999999996
820 0.175 0.7233333341346154 0.20124999999999998 0.72 0.23 0.7100000000000001 0.26375 0.715 0.30874999999999997 0.7033333341346153 0.37124999999999997 0.7 0.40625 0.7 0.4275 0.7116666658653846 0.45625000000000004 0.7383333341346153 0.48625 0.7633333341346155 0.5225000000000001 0.7666666658653847 0.53625 0.7933333341346154 0.545 0.6116666658653845 0.53375 0.6083333341346153 0.515 0.575 0.51 0.5516666658653846 0.45625000000000004 0.5283333341346154 0.41874999999999996 0.5216666658653846 0.40249999999999997 0.5483333341346154 0.40249999999999997 0.5700000000000001 0.38875 0.5916666658653846 0.37875000000000003 0.55 0.34750000000000003 0.545 0.3125 0.53 0.28500000000000003 0.5183333341346154 0.28500000000000003 0.5966666658653846 0.26125000000000004 0.5966666658653846 0.24000000000000002 0.5700000000000001 0.2175 0.5733333341346154 0.1925 0.5883333341346154 0.19 0.6066666658653846 0.175 0.6 0.175 0.5433333341346154 0.15125 0.5333333341346154 0.13499999999999998 0.6866666658653846 0.145 0.7266666658653846 0.175 0.7233333341346154
1520 0.5387500000000001 0.575 0.54875 0.5433333341346154 0.40875 0.48166666586538465 0.14125 0.4933333341346154 0.14125 0.5216666658653846 0.40750000000000003 0.505 0.5387500000000001 0.575
360 0.2975 0.4833333341346154 0.295 0.4416666658653846 0.265 0.4416666658653846 0.26625 0.48000000000000004 0.2975 0.4833333341346154
1476 0.515 0.46166666586538463 0.51 0.4533333341346154 0.5025 0.44999999999999996 0.495 0.44833333413461535 0.49375 0.455 0.495 0.49666666586538466 0.51 0.5033333341346153 0.515 0.46166666586538463
9 0.27875 0.6916666658653846 0.27749999999999997 0.6416666658653847 0.26625 0.6383333341346155 0.25625 0.6366666658653847 0.25625 0.6933333341346154 0.265 0.7 0.27125 0.7 0.27875 0.6916666658653846
1067 0.16375 0.8 0.16875 0.8116666658653846 0.17750000000000002 0.8066666658653846 0.19 0.8133333341346154 0.22125 0.8183333341346154 0.24625 0.8066666658653846 0.26125000000000004 0.8049999999999999 0.27125 0.8049999999999999 0.28 0.8049999999999999 0.28500000000000003 0.8049999999999999 0.29125 0.8016666658653846 0.3 0.8049999999999999 0.31 0.8116666658653846 0.3225 0.8166666658653846 0.33 0.8200000000000001 0.33625 0.8216666658653846 0.34125 0.8099999999999999 0.34500000000000003 0.8 0.34625 0.7683333341346154 0.305 0.75 0.29375 0.7466666658653847 0.2825 0.7466666658653847 0.26125000000000004 0.7466666658653847 0.25 0.7466666658653847 0.23374999999999999 0.7466666658653847 0.2175 0.7466666658653847 0.20500000000000002 0.7516666658653846 0.19749999999999998 0.7583333341346153 0.19 0.7583333341346153 0.1925 0.7766666658653846 0.165 0.7683333341346154 0.16249999999999998 0.7816666658653847 0.16375 0.8