402 0.0625 0 0.17578125 0.09375 0.28515625 0 0.0625 0
402 0 0.4807581009615385 0.20703125 0.49609375 0.20703125 0.47265625 0.1875 0.45703125 0.00390625 0.37890625 0 0.4296875 0 0.4807581009615385
1195 0.496015625 0 0.4921875 0.19140625 0.53515625 0.25390625 0.5546875 0.2578125 0.5546875 0.39453125 0.84375 0.390625 0.83984375 0.24609375 0.88671875 0.24609375 0.90625 0.203125 0.93359375 0.18359375 0.9259440120192307 0 0.496015625 0
1422 0 0 0 0.3727889134615384 0.203125 0.4609375 0.2578125 0.47265625 0.51171875 0.484375 0.91796875 0.4765625 0.99609375 0.4609375 0.99609375 0.234375 0.98046875 0.2421875 0.83984375 0.2421875 0.84765625 0.390625 0.5546875 0.3984375 0.5546875 0.2578125 0.4296875 0.2578125 0.3203125 0.2421875 0.05890376923076923 0 0 0
1885 0.28064903846153844 0 0.16796875 0.09765625 0.3203125 0.2421875 0.4296875 0.2578125 0.5390625 0.2578125 0.4921875 0.1875 0.49601403125 0 0.28064903846153844 0
1885 0.9258626298076924 0 0.9296875 0.18359375 0.90625 0.20703125 0.890625 0.24609375 0.9921875 0.23828125 0.9960307451923077 0 0.9258626298076924 0
1885 0 0.8201203894230769 0.234375 0.80859375 0.640625 0.80078125 0.62890625 0.51953125 0.81640625 0.51953125 0.8203125 0.80078125 0.9921875 0.80078125 0.9921875 0.78125 0.99609375 0.45703125 0.9140625 0.48046875 0.51171875 0.48046875 0.25390625 0.46875 0.20703125 0.46484375 0.20703125 0.49609375 0 0.4807581009615385 0 0.8201203894230769
655 0.6328125 0.51953125 0.640625 0.796875 0.7421875 0.796875 0.8203125 0.80078125 0.81640625 0.5234375 0.6328125 0.51953125
501 0.51953125 0.578125 0.51953125 0.55859375 0.53125 0.5546875 0.53125 0.53125 0.5390625 0.53125 0.5390625 0.51171875 0.55078125 0.515625 0.5546875 0.51171875 0.5703125 0.515625 0.5859375 0.5078125 0.58984375 0.4921875 0.59375 0.48046875 0.41015625 0.4765625 0.41796875 0.48828125 0.421875 0.51171875 0.44140625 0.515625 0.45703125 0.5078125 0.4609375 0.52734375 0.46875 0.52734375 0.46875 0.55859375 0.48828125 0.55859375 0.4921875 0.69140625 0.4921875 0.7109375 0.51953125 0.703125 0.51953125 0.578125
501 0.265625 0.51953125 0.2734375 0.51953125 0.2734375 0.5 0.30078125 0.50390625 0.3125 0.49609375 0.32421875 0.47265625 0.24609375 0.46875 0.19921875 0.45703125 0.20703125 0.484375 0.21484375 0.49609375 0.21875 0.7109375 0.2578125 0.71484375 0.25390625 0.546875 0.265625 0.546875 0.265625 0.51953125
501 0.9453125 0.51953125 0.95703125 0.5078125 0.97265625 0.5078125 0.98828125 0.49609375 0.99609375 0.4609375 0.91015625 0.484375 0.8203125 0.48046875 0.828125 0.4921875 0.828125 0.5078125 0.84375 0.5078125 0.8515625 0.5078125 0.859375 0.5078125 0.8671875 0.51171875 0.87890625 0.5234375 0.88671875 0.52734375 0.88671875 0.55078125 0.90625 0.5546875 0.90625 0.70703125 0.94140625 0.70703125 0.93359375 0.55078125 0.9453125 0.55078125 0.9453125 0.51953125
227 0.00390625 0.71484375 0.00390625 0.9921875 0.3984375 0.9921875 0.5 0.94140625 0.6328125 0.80859375 0.625 0.6953125 0.2578125 0.703125 0.00390625 0.71484375
227 0.82421875 0.69921875 0.81640625 0.80078125 0.83203125 0.92578125 0.87109375 0.99609375 0.9921875 0.9921875 0.99609375 0.703125 0.82421875 0.69921875
792 0.375 0.9921875 0.8046875 0.9921875 0.8671875 0.9921875 0.8203125 0.796875 0.6328125 0.79296875 0.375 0.9921875