402 0.71484375 0 0.82421875 0.09375 0.9375 0 0.71484375 0
402 1 0.4296875 0.99609375 0.37890625 0.8125 0.45703125 0.79296875 0.47265625 0.79296875 0.49609375 1 0.4807581009615385 1 0.4296875
1195 0.07405598798076923 0 0.06640625 0.18359375 0.09375 0.203125 0.11328125 0.24609375 0.16015625 0.24609375 0.15625 0.390625 0.4453125 0.39453125 0.4453125 0.2578125 0.46484375 0.25390625 0.5078125 0.19140625 0.503984375 0 0.07405598798076923 0
1422 0.9410962307692308 0 0.6796875 0.2421875 0.5703125 0.2578125 0.4453125 0.2578125 0.4453125 0.3984375 0.15234375 0.390625 0.16015625 0.2421875 0.01953125 0.2421875 0.00390625 0.234375 0.00390625 0.4609375 0.08203125 0.4765625 0.48828125 0.484375 0.7421875 0.47265625 0.796875 0.4609375 1 0.3727889134615384 1 0 0.9410962307692308 0
1885 0.50398596875 0 0.5078125 0.1875 0.4609375 0.2578125 0.5703125 0.2578125 0.6796875 0.2421875 0.83203125 0.09765625 0.7193509615384616 0 0.50398596875 0
1885 0.003969254807692308 0 0.0078125 0.23828125 0.109375 0.24609375 0.09375 0.20703125 0.0703125 0.18359375 0.07413737019230769 0 0.003969254807692308 0
1885 1 0.4807581009615385 0.79296875 0.49609375 0.79296875 0.46484375 0.74609375 0.46875 0.48828125 0.48046875 0.0859375 0.48046875 0.00390625 0.45703125 0.0078125 0.78125 0.0078125 0.80078125 0.1796875 0.80078125 0.18359375 0.51953125 0.37109375 0.51953125 0.359375 0.80078125 0.765625 0.80859375 1 0.8201203894230769 1 0.4807581009615385
655 0.18359375 0.5234375 0.1796875 0.80078125 0.2578125 0.796875 0.359375 0.796875 0.3671875 0.51953125 0.18359375 0.5234375
501 0.48046875 0.703125 0.5078125 0.7109375 0.5078125 0.69140625 0.51171875 0.55859375 0.53125 0.55859375 0.53125 0.52734375 0.5390625 0.52734375 0.54296875 0.5078125 0.55859375 0.515625 0.578125 0.51171875 0.58203125 0.48828125 0.58984375 0.4765625 0.40625 0.48046875 0.41015625 0.4921875 0.4140625 0.5078125 0.4296875 0.515625 0.4453125 0.51171875 0.44921875 0.515625 0.4609375 0.51171875 0.4609375 0.53125 0.46875 0.53125 0.46875 0.5546875 0.48046875 0.55859375 0.48046875 0.578125 0.48046875 0.703125
501 0.734375 0.546875 0.74609375 0.546875 0.7421875 0.71484375 0.78125 0.7109375 0.78515625 0.49609375 0.79296875 0.484375 0.80078125 0.45703125 0.75390625 0.46875 0.67578125 0.47265625 0.6875 0.49609375 0.69921875 0.50390625 0.7265625 0.5 0.7265625 0.51953125 0.734375 0.51953125 0.734375 0.546875
501 0.0546875 0.55078125 0.06640625 0.55078125 0.05859375 0.70703125 0.09375 0.70703125 0.09375 0.5546875 0.11328125 0.55078125 0.11328125 0.52734375 0.12109375 0.5234375 0.1328125 0.51171875 0.140625 0.5078125 0.1484375 0.5078125 0.15625 0.5078125 0.171875 0.5078125 0.171875 0.4921875 0.1796875 0.48046875 0.08984375 0.484375 0.00390625 0.4609375 0.01171875 0.49609375 0.02734375 0.5078125 0.04296875 0.5078125 0.0546875 0.51953125 0.0546875 0.55078125
227 0.7421875 0.703125 0.375 0.6953125 0.3671875 0.80859375 0.5 0.94140625 0.6015625 0.9921875 0.99609375 0.9921875 0.99609375 0.71484375 0.7421875 0.703125
227 0.00390625 0.703125 0.0078125 0.9921875 0.12890625 0.99609375 0.16796875 0.92578125 0.18359375 0.80078125 0.17578125 0.69921875 0.00390625 0.703125
792 0.3671875 0.79296875 0.1796875 0.796875 0.1328125 0.9921875 0.1953125 0.9921875 0.625 0.9921875 0.3671875 0.79296875