291 0.735 0.7447795817307692 0.715 0.7563805096153846 0.7 0.7795823677884616 0.66 0.9860788870192307 0.78 0.9976798149038462 0.8275 0.80742459375 0.8225 0.7679814375 0.7975 0.7447795817307692 0.8225 0.6426914158653846 0.8125 0.6241299302884615 0.795 0.6241299302884615 0.7775 0.6264501153846154 0.745 0.7354988389423076 0.735 0.7447795817307692
293 0.89 0.9976798149038462 0.9299999999999999 0.8120649663461539 0.9275 0.7749419951923078 0.9149999999999999 0.7447795817307692 0.9275 0.6473317860576924 0.9225 0.633410673076923 0.8975000000000001 0.6310904879807692 0.885 0.6310904879807692 0.86 0.73085846875 0.8350000000000001 0.7447795817307692 0.8150000000000001 0.7587006971153846 0.825 0.770301625 0.83 0.8097447788461539 0.7875000000000001 0.9907192572115384 0.8175 0.9953596298076923 0.89 0.9976798149038462
318 0.9325 0.73085846875 0.8150000000000001 0.6009280745192307 0.675 0.6055684447115385 0.63 0.8306264495192307 0.7075 0.9559164735576923 0.87 0.9559164735576923 0.9325 0.73085846875
816 0.40750000000000003 0.7424593966346154 0.44999999999999996 0.7540603245192308 0.5375 0.770301625 0.5975 0.7749419951923078 0.6075 0.770301625 0.63 0.7610208822115384 0.64 0.7354988389423076 0.6525 0.6844547572115385 0.6625000000000001 0.633410673076923 0.6375 0.6125290024038461 0.6125 0.6102088173076923 0.5675 0.5939675168269231 0.55 0.5870069615384615 0.5475 0.5661252908653845 0.515 0.5475638052884615 0.4925 0.5429234326923077 0.4825 0.5313225048076923 0.46 0.5243619495192308 0.4225 0.5243619495192308 0.3825 0.5197215769230769 0.36250000000000004 0.5266821346153846 0.3375 0.5382830625 0.3 0.5429234326923077 0.2825 0.5614849182692307 0.265 0.6032482596153846 0.2675 0.6310904879807692 0.28500000000000003 0.6519721586538462 0.3075 0.6774941995192307 0.34249999999999997 0.7076566129807692 0.38 0.7262180985576923 0.40750000000000003 0.7424593966346154
1708 0.9974999999999999 0.6403712307692307 0.3 0.048723899038461534 0.04 0.06728538221153846 0.34249999999999997 0.9930394423076923 0.9974999999999999 0.9953596298076923 0.9974999999999999 0.6403712307692307
816 0.19749999999999998 0.4338747091346154 0.23 0.4431554519230769 0.2725 0.4454756370192308 0.33 0.45011600961538456 0.4125 0.45939675240384614 0.43 0.45243619471153845 0.4525 0.4431554519230769 0.49 0.43619489663461536 0.5475 0.42691415384615383 0.5475 0.38979118269230767 0.505 0.3689095120192307 0.46749999999999997 0.35962876923076925 0.34249999999999997 0.35034802884615385 0.20249999999999999 0.3712296995192308 0.16 0.3944315552884615 0.16999999999999998 0.42227378125000004 0.19749999999999998 0.4338747091346154
816 0.6174999999999999 0.3944315552884615 0.595 0.45011600961538456 0.6024999999999999 0.47099768028846156 0.6499999999999999 0.48491879326923076 0.6775 0.5058004639423077 0.7124999999999999 0.5081206490384615 0.77 0.5104408341346154 0.865 0.5104408341346154 0.8575 0.48723897836538466 0.8425 0.4802784230769231 0.8425 0.4245939663461539 0.8025 0.4013921105769231 0.6174999999999999 0.3944315552884615
816 0.6625000000000001 0.3642691418269231 0.6275000000000001 0.3619489567307692 0.5850000000000001 0.3712296995192308 0.58 0.3944315552884615 0.59 0.4106728533653846 0.6024999999999999 0.40371229807692305 0.615 0.3944315552884615 0.63 0.3944315552884615 0.7100000000000001 0.38979118269230767 0.735 0.3874709975961539 0.7075 0.3712296995192308 0.6625000000000001 0.3642691418269231
816 0.4825 0.4802784230769231 0.5125 0.4918793509615385 0.5549999999999999 0.4895591658653846 0.5700000000000001 0.47563805048076924 0.5725 0.45939675240384614 0.5675 0.4431554519230769 0.5525 0.43619489663461536 0.525 0.43619489663461536 0.5025 0.43619489663461536 0.4775 0.45011600961538456 0.46749999999999997 0.4640371225961539 0.4825 0.4802784230769231
816 0.67 0.34570765625 0.6425 0.3410672860576923 0.61 0.3387471009615384 0.59 0.35034802884615385 0.63 0.35962876923076925 0.6675 0.3619489567307692 0.67 0.34570765625
816 0.445 0.35962876923076925 0.495 0.3642691418269231 0.5275 0.3642691418269231 0.5575 0.34338747115384616 0.5549999999999999 0.31786543028846154 0.5475 0.3132250576923077 0.5275 0.3062645 0.5025 0.2993039447115385 0.48000000000000004 0.2923433870192308 0.4275 0.2993039447115385 0.3925 0.3155452427884615 0.3725 0.3341067283653846 0.3725 0.35730858413461536 0.3975 0.35730858413461536 0.445 0.35962876923076925
299 0.215 0.3619489567307692 0.3125 0.35266821394230774 0.35 0.33642691346153847 0.3725 0.2923433870192308 0.35 0.2737819014423077 0.32 0.25522041826923075 0.275 0.2505800456730769 0.19749999999999998 0.2621809735576923 0.16249999999999998 0.2761020889423077 0.17750000000000002 0.3201856153846154 0.19 0.34338747115384616 0.215 0.3619489567307692
816 0.2 0.2993039447115385 0.22499999999999998 0.30394431490384616 0.255 0.30394431490384616 0.305 0.3016241298076923 0.3275 0.3109048725961538 0.34500000000000003 0.30394431490384616 0.3575 0.2853828317307692 0.33 0.2737819014423077 0.2975 0.2621809735576923 0.255 0.2645011610576923 0.21 0.27146171634615385 0.1875 0.2853828317307692 0.2 0.2993039447115385
816 0.36 0.2529002331730769 0.34750000000000003 0.2645011610576923 0.36 0.2761020889423077 0.40249999999999997 0.2969837596153846 0.415 0.3016241298076923 0.45749999999999996 0.2923433870192308 0.4925 0.2923433870192308 0.52 0.2993039447115385 0.55 0.29002320192307696 0.5700000000000001 0.2830626442307692 0.58 0.27842227403846154 0.575 0.2505800456730769 0.5525 0.24593967548076925 0.525 0.23665893269230767 0.5 0.2320185625 0.46 0.22273781971153847 0.4275 0.2320185625 0.3925 0.2436194903846154 0.36 0.2529002331730769
816 0.5475 0.3016241298076923 0.5375 0.3062645 0.5625 0.3132250576923077 0.5825 0.31786543028846154 0.6 0.3132250576923077 0.6125 0.3109048725961538 0.615 0.3062645 0.6 0.2993039447115385 0.575 0.2993039447115385 0.5475 0.3016241298076923
816 0.315 0.23665893269230767 0.3275 0.22505800480769228 0.2975 0.21577726201923075 0.25 0.21113689182692308 0.22 0.22041763221153848 0.2075 0.22273781971153847 0.2 0.23433874759615386 0.22499999999999998 0.24129930288461537 0.265 0.24129930288461537 0.315 0.23665893269230767
816 0.08 0.08584686778846154 0.0875 0.09512761057692308 0.105 0.09976798076923078 0.16 0.09976798076923078 0.1475 0.09280742548076923 0.1375 0.0835266826923077 0.11 0.08120649759615385 0.08 0.08584686778846154
638 0.185 0.03712296875 0.145 0.03712296875 0.11 0.03944315625000001 0.1 0.05336426923076923 0.115 0.07192575480769231 0.1375 0.07192575480769231 0.175 0.076566125 0.195 0.07424593990384615 0.20249999999999999 0.044083526442307695 0.185 0.03712296875
816 0.3175 0.06960556730769231 0.2975 0.07424593990384615 0.3 0.0835266826923077 0.32 0.09048723798076923 0.33249999999999996 0.08816705288461539 0.35 0.08584686778846154 0.35 0.07888631009615385 0.3375 0.07192575480769231 0.3175 0.06960556730769231
816 0.3925 0.11136890865384615 0.3575 0.10440835336538462 0.3525 0.11368909615384615 0.3525 0.13225057932692308 0.37 0.13921113701923077 0.39 0.1345707668269231 0.40499999999999997 0.12761020913461538 0.40499999999999997 0.11368909615384615 0.3925 0.11136890865384615
816 0.4 0.20649651923076923 0.435 0.2041763341346154 0.47250000000000003 0.21577726201923075 0.5 0.22273781971153847 0.5225000000000001 0.22041763221153848 0.5225000000000001 0.20185614903846152 0.46749999999999997 0.18329466346153847 0.4625 0.17401392067307692 0.43 0.17169373557692308 0.3975 0.17633410576923078 0.37 0.18329466346153847 0.365 0.20185614903846152 0.375 0.21113689182692308 0.4 0.20649651923076923
1885 0.28500000000000003 0.18793503365384617 0.995 0.9303944326923077 0.9974999999999999 0.002320185096153846 0.28500000000000003 0.002320185096153846 0.28500000000000003 0.18793503365384617
1885 0.01 0.20185614903846152 0.28500000000000003 0.19489559134615383 0.2825 0.002320185096153846 0.007500000000000001 0.002320185096153846 0.01 0.20185614903846152
792 0.9974999999999999 0.9327146177884615 0.29 0.19257540625 0.0125 0.20185614903846152 0.005 0.9930394423076923 0.995 0.9953596298076923 0.9974999999999999 0.9327146177884615