291 0.255 0.7354988389423076 0.2225 0.6264501153846154 0.20500000000000002 0.6241299302884615 0.1875 0.6241299302884615 0.17750000000000002 0.6426914158653846 0.20249999999999999 0.7447795817307692 0.17750000000000002 0.7679814375 0.17250000000000001 0.80742459375 0.22 0.9976798149038462 0.33999999999999997 0.9860788870192307 0.3 0.7795823677884616 0.28500000000000003 0.7563805096153846 0.265 0.7447795817307692 0.255 0.7354988389423076
293 0.1825 0.9953596298076923 0.21250000000000002 0.9907192572115384 0.16999999999999998 0.8097447788461539 0.175 0.770301625 0.185 0.7587006971153846 0.165 0.7447795817307692 0.14 0.73085846875 0.115 0.6310904879807692 0.10250000000000001 0.6310904879807692 0.0775 0.633410673076923 0.0725 0.6473317860576924 0.08499999999999999 0.7447795817307692 0.0725 0.7749419951923078 0.07 0.8120649663461539 0.11 0.9976798149038462 0.1825 0.9953596298076923
318 0.13 0.9559164735576923 0.29250000000000004 0.9559164735576923 0.37 0.8306264495192307 0.32499999999999996 0.6055684447115385 0.185 0.6009280745192307 0.06749999999999999 0.73085846875 0.13 0.9559164735576923
816 0.62 0.7262180985576923 0.6575 0.7076566129807692 0.6925 0.6774941995192307 0.715 0.6519721586538462 0.7325 0.6310904879807692 0.735 0.6032482596153846 0.7175 0.5614849182692307 0.7 0.5429234326923077 0.6625000000000001 0.5382830625 0.6375 0.5266821346153846 0.6174999999999999 0.5197215769230769 0.5775 0.5243619495192308 0.5399999999999999 0.5243619495192308 0.5175 0.5313225048076923 0.5075000000000001 0.5429234326923077 0.485 0.5475638052884615 0.4525 0.5661252908653845 0.44999999999999996 0.5870069615384615 0.4325 0.5939675168269231 0.38749999999999996 0.6102088173076923 0.36250000000000004 0.6125290024038461 0.3375 0.633410673076923 0.34750000000000003 0.6844547572115385 0.36 0.7354988389423076 0.37 0.7610208822115384 0.3925 0.770301625 0.40249999999999997 0.7749419951923078 0.4625 0.770301625 0.55 0.7540603245192308 0.5925 0.7424593966346154 0.62 0.7262180985576923
1708 0.0025 0.9953596298076923 0.6575 0.9930394423076923 0.9600000000000001 0.06728538221153846 0.7 0.048723899038461534 0.0025 0.6403712307692307 0.0025 0.9953596298076923
816 0.83 0.42227378125000004 0.84 0.3944315552884615 0.7975 0.3712296995192308 0.6575 0.35034802884615385 0.5325 0.35962876923076925 0.495 0.3689095120192307 0.4525 0.38979118269230767 0.4525 0.42691415384615383 0.51 0.43619489663461536 0.5475 0.4431554519230769 0.5700000000000001 0.45243619471153845 0.5875 0.45939675240384614 0.67 0.45011600961538456 0.7274999999999999 0.4454756370192308 0.77 0.4431554519230769 0.8025 0.4338747091346154 0.83 0.42227378125000004
816 0.19749999999999998 0.4013921105769231 0.1575 0.4245939663461539 0.1575 0.4802784230769231 0.14250000000000002 0.48723897836538466 0.13499999999999998 0.5104408341346154 0.23 0.5104408341346154 0.2875 0.5081206490384615 0.3225 0.5058004639423077 0.35 0.48491879326923076 0.3975 0.47099768028846156 0.40499999999999997 0.45011600961538456 0.3825 0.3944315552884615 0.19749999999999998 0.4013921105769231
816 0.29250000000000004 0.3712296995192308 0.265 0.3874709975961539 0.29 0.38979118269230767 0.37 0.3944315552884615 0.385 0.3944315552884615 0.3975 0.40371229807692305 0.41000000000000003 0.4106728533653846 0.42 0.3944315552884615 0.415 0.3712296995192308 0.3725 0.3619489567307692 0.3375 0.3642691418269231 0.29250000000000004 0.3712296995192308
816 0.5325 0.4640371225961539 0.5225000000000001 0.45011600961538456 0.4975 0.43619489663461536 0.475 0.43619489663461536 0.4475 0.43619489663461536 0.4325 0.4431554519230769 0.4275 0.45939675240384614 0.43 0.47563805048076924 0.445 0.4895591658653846 0.48750000000000004 0.4918793509615385 0.5175 0.4802784230769231 0.5325 0.4640371225961539
816 0.33249999999999996 0.3619489567307692 0.37 0.35962876923076925 0.41000000000000003 0.35034802884615385 0.39 0.3387471009615384 0.3575 0.3410672860576923 0.33 0.34570765625 0.33249999999999996 0.3619489567307692
816 0.6024999999999999 0.35730858413461536 0.6275000000000001 0.35730858413461536 0.6275000000000001 0.3341067283653846 0.6075 0.3155452427884615 0.5725 0.2993039447115385 0.52 0.2923433870192308 0.4975 0.2993039447115385 0.47250000000000003 0.3062645 0.4525 0.3132250576923077 0.445 0.31786543028846154 0.4425 0.34338747115384616 0.47250000000000003 0.3642691418269231 0.505 0.3642691418269231 0.5549999999999999 0.35962876923076925 0.6024999999999999 0.35730858413461536
299 0.8099999999999999 0.34338747115384616 0.8225 0.3201856153846154 0.8374999999999999 0.2761020889423077 0.8025 0.2621809735576923 0.7250000000000001 0.2505800456730769 0.6799999999999999 0.25522041826923075 0.6499999999999999 0.2737819014423077 0.6275000000000001 0.2923433870192308 0.6499999999999999 0.33642691346153847 0.6875 0.35266821394230774 0.785 0.3619489567307692 0.8099999999999999 0.34338747115384616
816 0.8125 0.2853828317307692 0.7899999999999999 0.27146171634615385 0.745 0.2645011610576923 0.7025 0.2621809735576923 0.67 0.2737819014423077 0.6425 0.2853828317307692 0.655 0.30394431490384616 0.6725 0.3109048725961538 0.6950000000000001 0.3016241298076923 0.745 0.30394431490384616 0.7749999999999999 0.30394431490384616 0.8 0.2993039447115385 0.8125 0.2853828317307692
816 0.6075 0.2436194903846154 0.5725 0.2320185625 0.5399999999999999 0.22273781971153847 0.5 0.2320185625 0.475 0.23665893269230767 0.4475 0.24593967548076925 0.42500000000000004 0.2505800456730769 0.42 0.27842227403846154 0.43 0.2830626442307692 0.44999999999999996 0.29002320192307696 0.48000000000000004 0.2993039447115385 0.5075000000000001 0.2923433870192308 0.5425 0.2923433870192308 0.5850000000000001 0.3016241298076923 0.5975 0.2969837596153846 0.64 0.2761020889423077 0.6525 0.2645011610576923 0.64 0.2529002331730769 0.6075 0.2436194903846154
816 0.42500000000000004 0.2993039447115385 0.4 0.2993039447115385 0.385 0.3062645 0.38749999999999996 0.3109048725961538 0.4 0.3132250576923077 0.41750000000000004 0.31786543028846154 0.4375 0.3132250576923077 0.4625 0.3062645 0.4525 0.3016241298076923 0.42500000000000004 0.2993039447115385
816 0.735 0.24129930288461537 0.7749999999999999 0.24129930288461537 0.8 0.23433874759615386 0.7925 0.22273781971153847 0.78 0.22041763221153848 0.75 0.21113689182692308 0.7025 0.21577726201923075 0.6725 0.22505800480769228 0.6849999999999999 0.23665893269230767 0.735 0.24129930288461537
816 0.89 0.08120649759615385 0.8625 0.0835266826923077 0.8524999999999999 0.09280742548076923 0.84 0.09976798076923078 0.895 0.09976798076923078 0.9125000000000001 0.09512761057692308 0.92 0.08584686778846154 0.89 0.08120649759615385
638 0.7975 0.044083526442307695 0.8049999999999999 0.07424593990384615 0.825 0.076566125 0.8625 0.07192575480769231 0.885 0.07192575480769231 0.8999999999999999 0.05336426923076923 0.89 0.03944315625000001 0.855 0.03712296875 0.8150000000000001 0.03712296875 0.7975 0.044083526442307695
816 0.6625000000000001 0.07192575480769231 0.6499999999999999 0.07888631009615385 0.6499999999999999 0.08584686778846154 0.6675 0.08816705288461539 0.6799999999999999 0.09048723798076923 0.7 0.0835266826923077 0.7025 0.07424593990384615 0.6825 0.06960556730769231 0.6625000000000001 0.07192575480769231
816 0.595 0.11368909615384615 0.595 0.12761020913461538 0.61 0.1345707668269231 0.63 0.13921113701923077 0.6475000000000001 0.13225057932692308 0.6475000000000001 0.11368909615384615 0.6425 0.10440835336538462 0.6075 0.11136890865384615 0.595 0.11368909615384615
816 0.625 0.21113689182692308 0.635 0.20185614903846152 0.63 0.18329466346153847 0.6024999999999999 0.17633410576923078 0.5700000000000001 0.17169373557692308 0.5375 0.17401392067307692 0.5325 0.18329466346153847 0.4775 0.20185614903846152 0.4775 0.22041763221153848 0.5 0.22273781971153847 0.5275 0.21577726201923075 0.565 0.2041763341346154 0.6 0.20649651923076923 0.625 0.21113689182692308
1885 0.715 0.002320185096153846 0.0025 0.002320185096153846 0.005 0.9303944326923077 0.715 0.18793503365384617 0.715 0.002320185096153846
1885 0.9924999999999999 0.002320185096153846 0.7175 0.002320185096153846 0.715 0.19489559134615383 0.99 0.20185614903846152 0.9924999999999999 0.002320185096153846
792 0.005 0.9953596298076923 0.995 0.9930394423076923 0.9875 0.20185614903846152 0.7100000000000001 0.19257540625 0.0025 0.9327146177884615 0.005 0.9953596298076923