402 0.625 0.005 0.9924999999999999 0.2433333341346154 0.995 0.005 0.625 0.005
1650 0.8475 0.2483333341346154 0.995 0.3683333341346154 0.9937499999999999 0.3083333341346154 0.9937499999999999 0.2416666658653846 0.625 0.005 0.50625 0.005 0.5175 0.03333333413461538 0.59 0.12000000000000001 0.6537499999999999 0.16999999999999998 0.75 0.22166666586538464 0.8475 0.2483333341346154
1753 0.82375 0.3 0.8362499999999999 0.3066666658653846 0.995 0.4366666658653846 0.9937499999999999 0.365 0.84875 0.245 0.7587499999999999 0.22166666586538464 0.68625 0.185 0.61 0.1333333341346154 0.5475 0.06666666586538461 0.52625 0.03666666586538461 0.51 0.0033333341346153847 0.49 0.005 0.42875 0.005 0.485 0.04333333413461538 0.5175 0.10833333413461539 0.5700000000000001 0.165 0.625 0.20833333413461538 0.6725 0.2433333341346154 0.7212500000000001 0.2666666658653846 0.77 0.28500000000000003 0.82375 0.3
402 0.7212500000000001 0.32333333413461535 0.7437499999999999 0.33333333413461536 0.995 0.5583333341346154 0.9924999999999999 0.4383333341346154 0.8275 0.3 0.6849999999999999 0.25 0.625 0.2066666658653846 0.5475 0.145 0.5175 0.10666666586538462 0.48874999999999996 0.04166666586538462 0.4275 0.006666665865384615 0.34750000000000003 0.008333334134615384 0.34249999999999997 0.016666665865384615 0.52 0.1566666658653846 0.56 0.2133333341346154 0.61125 0.2533333341346154 0.655 0.2866666658653846 0.7212500000000001 0.32333333413461535
792 0.67375 0.445 0.7725000000000001 0.48166666586538465 0.9525 0.6433333341346154 0.9937499999999999 0.5566666658653846 0.865 0.4433333341346154 0.73875 0.3316666658653846 0.6487499999999999 0.27833333413461536 0.55625 0.21 0.53 0.1683333341346154 0.52125 0.1533333341346154 0.335 0.018333334134615385 0.2675 0.07 0.26999999999999996 0.09833333413461538 0.2675 0.11 0.3375 0.165 0.34500000000000003 0.125 0.4775 0.23166666586538462 0.51375 0.30166666586538465 0.5475 0.33999999999999997 0.59625 0.39333333413461535 0.67375 0.445
471 0.60625 0.37833333413461534 0.6275000000000001 0.39499999999999996 0.645 0.37166666586538466 0.6950000000000001 0.3116666658653846 0.64125 0.2833333341346154 0.59875 0.3383333341346154 0.60375 0.3616666658653846 0.60625 0.37833333413461534
471 0.765 0.44833333413461535 0.83375 0.4983333341346154 0.845 0.4883333341346154 0.8662500000000001 0.4466666658653846 0.78 0.3816666658653846 0.765 0.44833333413461535
471 0.535 0.19833333413461537 0.535 0.2433333341346154 0.54875 0.255 0.54875 0.24000000000000002 0.56625 0.22333333413461537 0.5475 0.18833333413461537 0.535 0.19833333413461537
471 0.3975 0.14166666586538462 0.42125 0.09666666586538461 0.40875 0.07833333413461538 0.38 0.10833333413461539 0.38 0.125 0.3975 0.14166666586538462
120 0.89125 0.5549999999999999 0.87875 0.5683333341346154 0.88875 0.5766666658653846 0.90125 0.5700000000000001 0.90625 0.5416666658653846 0.89375 0.495 0.8687499999999999 0.4633333341346154 0.8362499999999999 0.4383333341346154 0.8125 0.4316666658653846 0.79625 0.4333333341346154 0.7899999999999999 0.4366666658653846 0.77625 0.41000000000000003 0.75 0.3866666658653846 0.7212500000000001 0.37166666586538466 0.6937500000000001 0.37 0.67125 0.37166666586538466 0.655 0.3816666658653846 0.64125 0.35 0.6275000000000001 0.3216666658653846 0.61 0.3 0.58125 0.2916666658653846 0.565 0.2916666658653846 0.5549999999999999 0.2966666658653846 0.545 0.2666666658653846 0.53625 0.23666666586538462 0.52625 0.2166666658653846 0.515 0.19666666586538462 0.50125 0.18833333413461537 0.49 0.18833333413461537 0.4825 0.165 0.4625 0.13499999999999998 0.4425 0.11833333413461539 0.43 0.11333333413461538 0.41750000000000004 0.115 0.41125 0.12000000000000001 0.40125 0.14 0.40125 0.1566666658653846 0.40750000000000003 0.14666666586538463 0.42125 0.13 0.43875000000000003 0.1333333341346154 0.45749999999999996 0.1533333341346154 0.475 0.19 0.48124999999999996 0.2116666658653846 0.48124999999999996 0.23500000000000001 0.49 0.24000000000000002 0.49 0.2166666658653846 0.4975 0.20833333413461538 0.5087499999999999 0.215 0.51625 0.22833333413461537 0.525 0.25 0.535 0.275 0.5425 0.30166666586538465 0.5425 0.3133333341346154 0.5399999999999999 0.33 0.54875 0.33999999999999997 0.5549999999999999 0.33666666586538463 0.55625 0.32 0.56 0.3133333341346154 0.5725 0.3083333341346154 0.59375 0.3183333341346154 0.60625 0.3283333341346154 0.62 0.34333333413461536 0.6312500000000001 0.3633333341346154 0.64125 0.3916666658653846 0.64625 0.4 0.64375 0.42500000000000004 0.655 0.42666666586538465 0.6587500000000001 0.40666666586538464 0.67125 0.39333333413461535 0.6962499999999999 0.3866666658653846 0.7175 0.39 0.745 0.40333333413461536 0.76125 0.4183333341346154 0.77125 0.4316666658653846 0.7775 0.4466666658653846 0.7725000000000001 0.47833333413461543 0.7825 0.48166666586538465 0.78625 0.46 0.8062499999999999 0.44999999999999996 0.82875 0.455 0.84875 0.47166666586538464 0.865 0.485 0.8775000000000001 0.5 0.8875 0.5183333341346154 0.89125 0.5416666658653846 0.89125 0.5549999999999999
1753 0.73625 0.5183333341346154 0.76375 0.5233333341346154 0.9349999999999999 0.6833333341346154 0.955 0.6466666658653846 0.77125 0.48166666586538465 0.7250000000000001 0.46833333413461536 0.66625 0.4433333341346154 0.6275000000000001 0.415 0.59 0.3883333341346154 0.56625 0.3616666658653846 0.535 0.32333333413461535 0.50375 0.28166666586538464 0.48750000000000004 0.2533333341346154 0.48000000000000004 0.23166666586538462 0.34500000000000003 0.1283333341346154 0.34875 0.17333333413461538 0.47250000000000003 0.27333333413461536 0.49 0.315 0.52 0.3633333341346154 0.54875 0.39666666586538457 0.58375 0.4316666658653846 0.62125 0.46 0.645 0.47833333413461543 0.6787500000000001 0.49666666586538466 0.7100000000000001 0.51 0.73625 0.5183333341346154
402 0.65625 0.5233333341346154 0.71375 0.5516666658653846 0.91 0.7366666658653845 0.93375 0.6883333341346154 0.76625 0.5233333341346154 0.6937500000000001 0.5 0.6375 0.475 0.58875 0.435 0.5387500000000001 0.3816666658653846 0.4975 0.3266666658653846 0.48375 0.3 0.47625 0.2716666658653846 0.34625 0.17333333413461538 0.33625 0.2166666658653846 0.47375 0.34333333413461536 0.5387500000000001 0.4333333341346154 0.56125 0.45833333413461536 0.60375 0.495 0.65625 0.5233333341346154
792 0.7825 0.6533333341346155 0.89 0.7516666658653846 0.88625 0.7733333341346154 0.9087500000000001 0.7333333341346153 0.7162499999999999 0.5549999999999999 0.64375 0.5183333341346154 0.58375 0.475 0.53625 0.4316666658653846 0.5025 0.3866666658653846 0.48000000000000004 0.34500000000000003 0.34249999999999997 0.2166666658653846 0.32125 0.2416666658653846 0.34125 0.255 0.32 0.2983333341346154 0.33999999999999997 0.3166666658653846 0.375 0.27833333413461536 0.48000000000000004 0.37166666586538466 0.48874999999999996 0.3916666658653846 0.5075000000000001 0.4333333341346154 0.54125 0.47833333413461543 0.58875 0.5316666658653847 0.62875 0.565 0.6875 0.5933333341346153 0.7412500000000001 0.61 0.7825 0.6533333341346155
1650 0.70875 0.6316666658653846 0.73375 0.6383333341346155 0.885 0.7766666658653846 0.8925 0.7566666658653846 0.7412500000000001 0.6083333341346153 0.705 0.5983333341346154 0.6487499999999999 0.5733333341346154 0.6075 0.5433333341346154 0.5575 0.4983333341346154 0.52625 0.46 0.49874999999999997 0.4233333341346154 0.48750000000000004 0.3916666658653846 0.48124999999999996 0.3683333341346154 0.37374999999999997 0.28 0.36250000000000004 0.295 0.46875 0.39666666586538457 0.4825 0.4233333341346154 0.51375 0.4866666658653846 0.54875 0.5333333341346154 0.5975 0.5700000000000001 0.6174999999999999 0.5866666658653846 0.6637500000000001 0.61 0.70875 0.6316666658653846
1753 0.7100000000000001 0.6616666658653846 0.73125 0.6633333341346154 0.865 0.8049999999999999 0.88625 0.7766666658653846 0.735 0.6383333341346155 0.66875 0.6116666658653845 0.61125 0.58 0.5575 0.5366666658653846 0.52875 0.5066666658653847 0.50625 0.46833333413461536 0.4925 0.4283333341346154 0.475 0.4 0.36 0.3 0.36374999999999996 0.335 0.47000000000000003 0.435 0.49375 0.47833333413461543 0.51875 0.5183333341346154 0.54875 0.5566666658653846 0.57625 0.59 0.62125 0.6233333341346154 0.6625000000000001 0.6416666658653847 0.7100000000000001 0.6616666658653846
402 0.68375 0.6983333341346154 0.6962499999999999 0.7066666658653846 0.8512500000000001 0.8466666658653845 0.8674999999999999 0.8083333341346154 0.73 0.67 0.67 0.6483333341346154 0.61125 0.615 0.57625 0.5883333341346154 0.5475 0.5583333341346154 0.51875 0.515 0.485 0.46833333413461536 0.47250000000000003 0.4366666658653846 0.365 0.33666666586538463 0.365 0.3616666658653846 0.35125 0.375 0.48000000000000004 0.505 0.51 0.565 0.545 0.6066666658653846 0.575 0.6383333341346155 0.60375 0.66 0.63625 0.6799999999999999 0.68375 0.6983333341346154
792 0.33249999999999996 0.46 0.36 0.47833333413461543 0.8062499999999999 0.9133333341346154 0.8512500000000001 0.845 0.6900000000000001 0.7033333341346153 0.62 0.67 0.5625 0.6266666658653846 0.51875 0.575 0.51125 0.565 0.48375 0.5066666658653847 0.3525 0.37166666586538466 0.3125 0.4183333341346154 0.30124999999999996 0.4233333341346154 0.32875 0.4516666658653846 0.33249999999999996 0.46
737 0.24125 0.095 0.20500000000000002 0.1283333341346154 0.0125 0.15166666586538463 0.00875 0.3383333341346154 0.29375 0.265 0.33625 0.2166666658653846 0.32375000000000004 0.155 0.26875 0.11166666586538462 0.25125 0.11833333413461539 0.2525 0.09833333413461538 0.24125 0.095
737 0.26125000000000004 0.27666666586538463 0.24625 0.29 0.005 0.3633333341346154 0.00875 0.48166666586538465 0.02 0.485 0.042499999999999996 0.525 0.30874999999999997 0.4183333341346154 0.35 0.37166666586538466 0.3575 0.375 0.365 0.33999999999999997 0.295 0.27666666586538463 0.28 0.27666666586538463 0.26125000000000004 0.27666666586538463
737 0.26999999999999996 0.455 0.04875 0.55 0.11875 0.6883333341346154 0.33 0.5683333341346154 0.365 0.5283333341346154 0.36625 0.4916666658653846 0.32499999999999996 0.44833333413461535 0.3025 0.42500000000000004 0.26999999999999996 0.455
737 0.12875 0.735 0.12625 0.7566666658653846 0.115 0.7816666658653847 0.13499999999999998 0.8216666658653846 0.28500000000000003 0.7166666658653846 0.37374999999999997 0.6366666658653847 0.3725 0.605 0.34249999999999997 0.5783333341346154 0.32499999999999996 0.5883333341346154 0.30874999999999997 0.5866666658653846 0.11750000000000001 0.6866666658653846 0.11875 0.6983333341346154 0.1275 0.7166666658653846 0.12875 0.735
738 0.99625 0.5549999999999999 0.76375 0.9916666658653847 0.99875 0.995 0.99625 0.5549999999999999
738 0.00875 0.08666666586538462 0.265 0.07333333413461539 0.34249999999999997 0.005 0.00875 0.0033333341346153847 0.00875 0.08666666586538462
1885 0.265 0.11166666586538462 0.26375 0.07333333413461539 0.007500000000000001 0.08333333413461538 0.00875 0.1266666658653846 0.01 0.15166666586538463 0.20500000000000002 0.1283333341346154 0.2375 0.095 0.2525 0.09666666586538461 0.25375000000000003 0.11166666586538462 0.265 0.11166666586538462
1885 0.32375000000000004 0.23833333413461538 0.29125 0.2666666658653846 0.01 0.33666666586538463 0.00625 0.3516666658653846 0.005 0.3633333341346154 0.2475 0.29 0.265 0.27333333413461536 0.29625 0.27666666586538463 0.305 0.28166666586538464 0.33 0.2533333341346154 0.32375000000000004 0.23833333413461538
760 0.30874999999999997 0.28166666586538464 0.31 0.3066666658653846 0.34625 0.2833333341346154 0.34125 0.2516666658653846 0.30874999999999997 0.28166666586538464
760 0.36 0.335 0.36 0.3033333341346154 0.33999999999999997 0.3183333341346154 0.34249999999999997 0.34500000000000003 0.36 0.335
760 0.34875 0.1716666658653846 0.34500000000000003 0.1283333341346154 0.31875 0.155 0.32125 0.18833333413461537 0.34875 0.1716666658653846
760 0.27375 0.105 0.26375 0.07166666586538462 0.23875 0.09166666586538462 0.24875 0.1283333341346154 0.27375 0.105
760 0.3275 0.445 0.335 0.47333333413461537 0.36374999999999996 0.4416666658653846 0.36 0.41333333413461537 0.3275 0.445
760 0.3925 0.475 0.38749999999999996 0.44999999999999996 0.365 0.4766666658653846 0.36250000000000004 0.49666666586538466 0.3925 0.475
1885 0.26999999999999996 0.45833333413461536 0.30124999999999996 0.4233333341346154 0.04125 0.5233333341346154 0.045 0.5416666658653846 0.051250000000000004 0.55 0.26999999999999996 0.45833333413461536
724 0.02 0.485 0.007500000000000001 0.47833333413461543 0.007500000000000001 0.575 0.11249999999999999 0.7783333341346155 0.12625 0.755 0.12875 0.7333333341346153 0.1275 0.7133333341346154 0.02 0.485
792 0.00875 0.5783333341346154 0.007500000000000001 0.9933333341346154 0.2225 0.9966666658653847 0.00875 0.5783333341346154
792 0.1375 0.8216666658653846 0.2275 0.99 0.7375 0.9916666658653847 0.7625 0.99 0.7887500000000001 0.9366666658653846 0.37 0.5183333341346154 0.3125 0.5866666658653846 0.3225 0.5866666658653846 0.34125 0.5833333341346154 0.37 0.6016666658653846 0.37374999999999997 0.6333333341346153 0.1375 0.8216666658653846
1753 0.7899999999999999 0.9400000000000001 0.8037500000000001 0.9116666658653846 0.37 0.4916666658653846 0.36875 0.505 0.36625 0.515 0.7899999999999999 0.9400000000000001
1352 0.30124999999999996 0.845 0.31124999999999997 0.84 0.3375 0.7983333341346154 0.33249999999999996 0.7716666658653846 0.32125 0.7716666658653846 0.31 0.78 0.29125 0.795 0.28125 0.8150000000000001 0.28625 0.8316666658653846 0.30124999999999996 0.845
1824 0.27625 0.7933333341346154 0.29125 0.8083333341346154 0.30625 0.8016666658653846 0.30625 0.7533333341346153 0.3075 0.735 0.32875 0.7433333341346154 0.33999999999999997 0.7283333341346154 0.36125 0.7 0.34750000000000003 0.6633333341346154 0.33999999999999997 0.645 0.34375 0.62 0.3225 0.5983333341346154 0.32499999999999996 0.5716666658653846 0.29125 0.5733333341346154 0.27749999999999997 0.56 0.25 0.5549999999999999 0.23125 0.56 0.22375 0.59 0.22499999999999998 0.6466666658653846 0.21625 0.6799999999999999 0.21125 0.7016666658653846 0.22874999999999998 0.7266666658653846 0.22874999999999998 0.75 0.24625 0.7683333341346154 0.26625 0.7766666658653846 0.27625 0.7933333341346154
1283 0.16375 0.4233333341346154 0.17375000000000002 0.4233333341346154 0.1675 0.4083333341346154 0.1675 0.39333333413461535 0.16125 0.39 0.16375 0.3816666658653846 0.15875 0.38 0.155 0.385 0.1525 0.385 0.155 0.40499999999999997 0.16375 0.4233333341346154
1283 0.18 0.3683333341346154 0.18 0.375 0.18 0.3883333341346154 0.18625 0.3983333341346154 0.1925 0.41666666586538464 0.19625 0.41333333413461537 0.19625 0.40333333413461536 0.19625 0.39 0.19625 0.385 0.195 0.3733333341346154 0.1875 0.375 0.18625 0.3666666658653846 0.18 0.3683333341346154
1283 0.2225 0.385 0.22874999999999998 0.4 0.23625000000000002 0.39333333413461535 0.22874999999999998 0.3766666658653846 0.2275 0.3666666658653846 0.22125 0.3666666658653846 0.2225 0.35666666586538465 0.2175 0.3583333341346154 0.215 0.3683333341346154 0.21625 0.37166666586538466 0.215 0.3816666658653846 0.215 0.39 0.2225 0.385
1276 0.26875 0.8383333341346154 0.27375 0.8416666658653846 0.27749999999999997 0.8566666658653846 0.2875 0.8566666658653846 0.28875 0.84 0.28375 0.8350000000000001 0.27875 0.8216666658653846 0.27875 0.8099999999999999 0.27875 0.8033333341346154 0.27375 0.8033333341346154 0.26999999999999996 0.7983333341346154 0.2625 0.7983333341346154 0.26 0.8099999999999999 0.26 0.8166666658653846 0.26 0.825 0.26375 0.8316666658653846 0.26875 0.8383333341346154
1648 0.45625000000000004 0.765 0.445 0.7983333341346154 0.5 0.8500000000000001 0.51125 0.8283333341346153 0.50375 0.8116666658653846 0.45625000000000004 0.765
1648 0.41375 0.8350000000000001 0.42 0.8716666658653847 0.46375 0.91 0.48000000000000004 0.8866666658653847 0.47375 0.865 0.42500000000000004 0.8183333341346154 0.41375 0.8350000000000001
1648 0.46 0.6866666658653846 0.38 0.7983333341346154 0.38 0.8150000000000001 0.39 0.825 0.47375 0.7116666658653846 0.47125 0.6866666658653846 0.46 0.6866666658653846
1648 0.5275 0.9266666658653846 0.4975 0.905 0.48750000000000004 0.9400000000000001 0.51625 0.9633333341346154 0.525 0.95 0.5275 0.9266666658653846
1648 0.63 0.8566666658653846 0.57875 0.8116666658653846 0.56375 0.845 0.59375 0.87 0.6162500000000001 0.88 0.63 0.8566666658653846
1276 0.36625 0.8566666658653846 0.3675 0.8683333341346154 0.3675 0.8766666658653846 0.3675 0.8933333341346154 0.38 0.8916666658653847 0.38 0.8833333341346153 0.37875000000000003 0.8716666658653847 0.3775 0.8633333341346153 0.38625000000000004 0.8533333341346154 0.38 0.8483333341346154 0.3725 0.8500000000000001 0.36625 0.8566666658653846
1276 0.24125 0.89 0.23249999999999998 0.8883333341346155 0.23249999999999998 0.8999999999999999 0.23500000000000001 0.91 0.24625 0.9283333341346154 0.2475 0.9366666658653846 0.265 0.9299999999999999 0.27749999999999997 0.91 0.28625 0.905 0.28500000000000003 0.8983333341346154 0.27375 0.9133333341346154 0.26625 0.91 0.26 0.91 0.25375000000000003 0.905 0.24625 0.8999999999999999 0.24125 0.89
1648 0.5237499999999999 0.8049999999999999 0.5387500000000001 0.77 0.48750000000000004 0.7066666658653846 0.47250000000000003 0.75 0.5237499999999999 0.8049999999999999