402 0.005 0.005 0.007500000000000001 0.2433333341346154 0.375 0.005 0.005 0.005
1650 0.25 0.22166666586538464 0.34625 0.16999999999999998 0.41000000000000003 0.12000000000000001 0.4825 0.03333333413461538 0.49375 0.005 0.375 0.005 0.00625 0.2416666658653846 0.00625 0.3083333341346154 0.005 0.3683333341346154 0.1525 0.2483333341346154 0.25 0.22166666586538464
1753 0.23 0.28500000000000003 0.27875 0.2666666658653846 0.3275 0.2433333341346154 0.375 0.20833333413461538 0.43 0.165 0.4825 0.10833333413461539 0.515 0.04333333413461538 0.5712499999999999 0.005 0.51 0.005 0.49 0.0033333341346153847 0.47375 0.03666666586538461 0.4525 0.06666666586538461 0.39 0.1333333341346154 0.31375000000000003 0.185 0.24125 0.22166666586538464 0.15125 0.245 0.00625 0.365 0.005 0.4366666658653846 0.16375 0.3066666658653846 0.17625 0.3 0.23 0.28500000000000003
402 0.34500000000000003 0.2866666658653846 0.38875 0.2533333341346154 0.44 0.2133333341346154 0.48000000000000004 0.1566666658653846 0.6575 0.016666665865384615 0.6525 0.008333334134615384 0.5725 0.006666665865384615 0.51125 0.04166666586538462 0.4825 0.10666666586538462 0.4525 0.145 0.375 0.2066666658653846 0.315 0.25 0.17250000000000001 0.3 0.007500000000000001 0.4383333341346154 0.005 0.5583333341346154 0.25625 0.33333333413461536 0.27875 0.32333333413461535 0.34500000000000003 0.2866666658653846
792 0.40375 0.39333333413461535 0.4525 0.33999999999999997 0.48625 0.30166666586538465 0.5225000000000001 0.23166666586538462 0.655 0.125 0.6625000000000001 0.165 0.7325 0.11 0.73 0.09833333413461538 0.7325 0.07 0.6649999999999999 0.018333334134615385 0.47875 0.1533333341346154 0.47000000000000003 0.1683333341346154 0.44375 0.21 0.35125 0.27833333413461536 0.26125000000000004 0.3316666658653846 0.13499999999999998 0.4433333341346154 0.00625 0.5566666658653846 0.0475 0.6433333341346154 0.2275 0.48166666586538465 0.32625 0.445 0.40375 0.39333333413461535
471 0.39625 0.3616666658653846 0.40125 0.3383333341346154 0.35875 0.2833333341346154 0.305 0.3116666658653846 0.35500000000000004 0.37166666586538466 0.3725 0.39499999999999996 0.39375000000000004 0.37833333413461534 0.39625 0.3616666658653846
471 0.22 0.3816666658653846 0.13375 0.4466666658653846 0.155 0.4883333341346154 0.16624999999999998 0.4983333341346154 0.23500000000000001 0.44833333413461535 0.22 0.3816666658653846
471 0.4525 0.18833333413461537 0.43374999999999997 0.22333333413461537 0.45125 0.24000000000000002 0.45125 0.255 0.46499999999999997 0.2433333341346154 0.46499999999999997 0.19833333413461537 0.4525 0.18833333413461537
471 0.62 0.125 0.62 0.10833333413461539 0.59125 0.07833333413461538 0.57875 0.09666666586538461 0.6024999999999999 0.14166666586538462 0.62 0.125
120 0.10875 0.5416666658653846 0.11249999999999999 0.5183333341346154 0.1225 0.5 0.13499999999999998 0.485 0.15125 0.47166666586538464 0.17124999999999999 0.455 0.19374999999999998 0.44999999999999996 0.21375 0.46 0.2175 0.48166666586538465 0.2275 0.47833333413461543 0.2225 0.4466666658653846 0.22874999999999998 0.4316666658653846 0.23875 0.4183333341346154 0.255 0.40333333413461536 0.2825 0.39 0.30375 0.3866666658653846 0.32875 0.39333333413461535 0.34125 0.40666666586538464 0.34500000000000003 0.42666666586538465 0.35624999999999996 0.42500000000000004 0.35375 0.4 0.35875 0.3916666658653846 0.36875 0.3633333341346154 0.38 0.34333333413461536 0.39375000000000004 0.3283333341346154 0.40625 0.3183333341346154 0.4275 0.3083333341346154 0.44 0.3133333341346154 0.44375 0.32 0.445 0.33666666586538463 0.45125 0.33999999999999997 0.46 0.33 0.45749999999999996 0.3133333341346154 0.45749999999999996 0.30166666586538465 0.46499999999999997 0.275 0.475 0.25 0.48375 0.22833333413461537 0.49125 0.215 0.5025 0.20833333413461538 0.51 0.2166666658653846 0.51 0.24000000000000002 0.51875 0.23500000000000001 0.51875 0.2116666658653846 0.525 0.19 0.5425 0.1533333341346154 0.56125 0.1333333341346154 0.57875 0.13 0.5925 0.14666666586538463 0.59875 0.1566666658653846 0.59875 0.14 0.58875 0.12000000000000001 0.5825 0.115 0.5700000000000001 0.11333333413461538 0.5575 0.11833333413461539 0.5375 0.13499999999999998 0.5175 0.165 0.51 0.18833333413461537 0.49874999999999997 0.18833333413461537 0.485 0.19666666586538462 0.47375 0.2166666658653846 0.46375 0.23666666586538462 0.455 0.2666666658653846 0.445 0.2966666658653846 0.435 0.2916666658653846 0.41874999999999996 0.2916666658653846 0.39 0.3 0.3725 0.3216666658653846 0.35875 0.35 0.34500000000000003 0.3816666658653846 0.32875 0.37166666586538466 0.30625 0.37 0.27875 0.37166666586538466 0.25 0.3866666658653846 0.22375 0.41000000000000003 0.21 0.4366666658653846 0.20375000000000001 0.4333333341346154 0.1875 0.4316666658653846 0.16375 0.4383333341346154 0.13125 0.4633333341346154 0.10625000000000001 0.495 0.09375 0.5416666658653846 0.09874999999999999 0.5700000000000001 0.11125 0.5766666658653846 0.12125 0.5683333341346154 0.10875 0.5549999999999999 0.10875 0.5416666658653846
1753 0.29 0.51 0.32125 0.49666666586538466 0.35500000000000004 0.47833333413461543 0.37875000000000003 0.46 0.41625 0.4316666658653846 0.45125 0.39666666586538457 0.48000000000000004 0.3633333341346154 0.51 0.315 0.5275 0.27333333413461536 0.65125 0.17333333413461538 0.655 0.1283333341346154 0.52 0.23166666586538462 0.5125 0.2533333341346154 0.49624999999999997 0.28166666586538464 0.46499999999999997 0.32333333413461535 0.43374999999999997 0.3616666658653846 0.41000000000000003 0.3883333341346154 0.3725 0.415 0.33375 0.4433333341346154 0.275 0.46833333413461536 0.22874999999999998 0.48166666586538465 0.045 0.6466666658653846 0.065 0.6833333341346154 0.23625000000000002 0.5233333341346154 0.26375 0.5183333341346154 0.29 0.51
402 0.39625 0.495 0.43875000000000003 0.45833333413461536 0.46125 0.4333333341346154 0.52625 0.34333333413461536 0.6637500000000001 0.2166666658653846 0.6537499999999999 0.17333333413461538 0.5237499999999999 0.2716666658653846 0.51625 0.3 0.5025 0.3266666658653846 0.46125 0.3816666658653846 0.41125 0.435 0.36250000000000004 0.475 0.30625 0.5 0.23374999999999999 0.5233333341346154 0.06625 0.6883333341346154 0.09 0.7366666658653845 0.28625 0.5516666658653846 0.34375 0.5233333341346154 0.39625 0.495
792 0.25875 0.61 0.3125 0.5933333341346153 0.37124999999999997 0.565 0.41125 0.5316666658653847 0.45875 0.47833333413461543 0.4925 0.4333333341346154 0.51125 0.3916666658653846 0.52 0.37166666586538466 0.625 0.27833333413461536 0.66 0.3166666658653846 0.6799999999999999 0.2983333341346154 0.6587500000000001 0.255 0.6787500000000001 0.2416666658653846 0.6575 0.2166666658653846 0.52 0.34500000000000003 0.4975 0.3866666658653846 0.46375 0.4316666658653846 0.41625 0.475 0.35624999999999996 0.5183333341346154 0.28375 0.5549999999999999 0.09125 0.7333333341346153 0.11375 0.7733333341346154 0.11 0.7516666658653846 0.2175 0.6533333341346155 0.25875 0.61
1650 0.33625 0.61 0.3825 0.5866666658653846 0.40249999999999997 0.5700000000000001 0.45125 0.5333333341346154 0.48625 0.4866666658653846 0.5175 0.4233333341346154 0.53125 0.39666666586538457 0.6375 0.295 0.62625 0.28 0.51875 0.3683333341346154 0.5125 0.3916666658653846 0.50125 0.4233333341346154 0.47375 0.46 0.4425 0.4983333341346154 0.3925 0.5433333341346154 0.35125 0.5733333341346154 0.295 0.5983333341346154 0.25875 0.6083333341346153 0.1075 0.7566666658653846 0.115 0.7766666658653846 0.26625 0.6383333341346155 0.29125 0.6316666658653846 0.33625 0.61
1753 0.3375 0.6416666658653847 0.37875000000000003 0.6233333341346154 0.42375 0.59 0.45125 0.5566666658653846 0.48124999999999996 0.5183333341346154 0.50625 0.47833333413461543 0.53 0.435 0.63625 0.335 0.64 0.3 0.525 0.4 0.5075000000000001 0.4283333341346154 0.49375 0.46833333413461536 0.47125 0.5066666658653847 0.4425 0.5366666658653846 0.38875 0.58 0.33125000000000004 0.6116666658653845 0.265 0.6383333341346155 0.11375 0.7766666658653846 0.13499999999999998 0.8049999999999999 0.26875 0.6633333341346154 0.29 0.6616666658653846 0.3375 0.6416666658653847
402 0.36374999999999996 0.6799999999999999 0.39625 0.66 0.42500000000000004 0.6383333341346155 0.455 0.6066666658653846 0.49 0.565 0.52 0.505 0.6487499999999999 0.375 0.635 0.3616666658653846 0.635 0.33666666586538463 0.5275 0.4366666658653846 0.515 0.46833333413461536 0.48124999999999996 0.515 0.4525 0.5583333341346154 0.42375 0.5883333341346154 0.38875 0.615 0.33 0.6483333341346154 0.26999999999999996 0.67 0.1325 0.8083333341346154 0.14875 0.8466666658653845 0.30375 0.7066666658653846 0.31625000000000003 0.6983333341346154 0.36374999999999996 0.6799999999999999
792 0.67125 0.4516666658653846 0.69875 0.4233333341346154 0.6875 0.4183333341346154 0.6475000000000001 0.37166666586538466 0.51625 0.5066666658653847 0.48874999999999996 0.565 0.48124999999999996 0.575 0.4375 0.6266666658653846 0.38 0.67 0.31 0.7033333341346153 0.14875 0.845 0.19374999999999998 0.9133333341346154 0.64 0.47833333413461543 0.6675 0.46 0.67125 0.4516666658653846
737 0.7474999999999999 0.09833333413461538 0.74875 0.11833333413461539 0.73125 0.11166666586538462 0.67625 0.155 0.6637500000000001 0.2166666658653846 0.70625 0.265 0.9912500000000001 0.3383333341346154 0.9875 0.15166666586538463 0.795 0.1283333341346154 0.7587499999999999 0.095 0.7474999999999999 0.09833333413461538
737 0.72 0.27666666586538463 0.705 0.27666666586538463 0.635 0.33999999999999997 0.6425 0.375 0.6499999999999999 0.37166666586538466 0.69125 0.4183333341346154 0.9575 0.525 0.98 0.485 0.9912500000000001 0.48166666586538465 0.995 0.3633333341346154 0.75375 0.29 0.73875 0.27666666586538463 0.72 0.27666666586538463
737 0.6975 0.42500000000000004 0.675 0.44833333413461535 0.6337499999999999 0.4916666658653846 0.635 0.5283333341346154 0.67 0.5683333341346154 0.8812500000000001 0.6883333341346154 0.95125 0.55 0.73 0.455 0.6975 0.42500000000000004
737 0.8724999999999999 0.7166666658653846 0.8812500000000001 0.6983333341346154 0.8825000000000001 0.6866666658653846 0.69125 0.5866666658653846 0.675 0.5883333341346154 0.6575 0.5783333341346154 0.6275000000000001 0.605 0.62625 0.6366666658653847 0.715 0.7166666658653846 0.865 0.8216666658653846 0.885 0.7816666658653847 0.87375 0.7566666658653846 0.87125 0.735 0.8724999999999999 0.7166666658653846
738 0.00125 0.995 0.23625000000000002 0.9916666658653847 0.0037500000000000003 0.5549999999999999 0.00125 0.995
738 0.9912500000000001 0.0033333341346153847 0.6575 0.005 0.735 0.07333333413461539 0.9912500000000001 0.08666666586538462 0.9912500000000001 0.0033333341346153847
1885 0.74625 0.11166666586538462 0.7474999999999999 0.09666666586538461 0.7625 0.095 0.795 0.1283333341346154 0.99 0.15166666586538463 0.9912500000000001 0.1266666658653846 0.9924999999999999 0.08333333413461538 0.73625 0.07333333413461539 0.735 0.11166666586538462 0.74625 0.11166666586538462
1885 0.67 0.2533333341346154 0.6950000000000001 0.28166666586538464 0.70375 0.27666666586538463 0.735 0.27333333413461536 0.7525000000000001 0.29 0.995 0.3633333341346154 0.9937499999999999 0.3516666658653846 0.99 0.33666666586538463 0.70875 0.2666666658653846 0.67625 0.23833333413461538 0.67 0.2533333341346154
760 0.6587500000000001 0.2516666658653846 0.6537499999999999 0.2833333341346154 0.6900000000000001 0.3066666658653846 0.69125 0.28166666586538464 0.6587500000000001 0.2516666658653846
760 0.6575 0.34500000000000003 0.66 0.3183333341346154 0.64 0.3033333341346154 0.64 0.335 0.6575 0.34500000000000003
760 0.6787500000000001 0.18833333413461537 0.6812499999999999 0.155 0.655 0.1283333341346154 0.65125 0.1716666658653846 0.6787500000000001 0.18833333413461537
760 0.75125 0.1283333341346154 0.76125 0.09166666586538462 0.73625 0.07166666586538462 0.7262500000000001 0.105 0.75125 0.1283333341346154
760 0.64 0.41333333413461537 0.63625 0.4416666658653846 0.6649999999999999 0.47333333413461537 0.6725 0.445 0.64 0.41333333413461537
760 0.6375 0.49666666586538466 0.635 0.4766666658653846 0.6125 0.44999999999999996 0.6075 0.475 0.6375 0.49666666586538466
1885 0.94875 0.55 0.955 0.5416666658653846 0.95875 0.5233333341346154 0.69875 0.4233333341346154 0.73 0.45833333413461536 0.94875 0.55
724 0.8724999999999999 0.7133333341346154 0.87125 0.7333333341346153 0.87375 0.755 0.8875 0.7783333341346155 0.9924999999999999 0.575 0.9924999999999999 0.47833333413461543 0.98 0.485 0.8724999999999999 0.7133333341346154
792 0.7775 0.9966666658653847 0.9924999999999999 0.9933333341346154 0.9912500000000001 0.5783333341346154 0.7775 0.9966666658653847
792 0.62625 0.6333333341346153 0.63 0.6016666658653846 0.6587500000000001 0.5833333341346154 0.6775 0.5866666658653846 0.6875 0.5866666658653846 0.63 0.5183333341346154 0.21125 0.9366666658653846 0.2375 0.99 0.2625 0.9916666658653847 0.7725000000000001 0.99 0.8625 0.8216666658653846 0.62625 0.6333333341346153
1753 0.6337499999999999 0.515 0.6312500000000001 0.505 0.63 0.4916666658653846 0.19625 0.9116666658653846 0.21 0.9400000000000001 0.6337499999999999 0.515
1352 0.71375 0.8316666658653846 0.71875 0.8150000000000001 0.70875 0.795 0.6900000000000001 0.78 0.6787500000000001 0.7716666658653846 0.6675 0.7716666658653846 0.6625000000000001 0.7983333341346154 0.68875 0.84 0.69875 0.845 0.71375 0.8316666658653846
1824 0.73375 0.7766666658653846 0.75375 0.7683333341346154 0.77125 0.75 0.77125 0.7266666658653846 0.7887500000000001 0.7016666658653846 0.7837500000000001 0.6799999999999999 0.7749999999999999 0.6466666658653846 0.77625 0.59 0.76875 0.56 0.75 0.5549999999999999 0.7225 0.56 0.70875 0.5733333341346154 0.675 0.5716666658653846 0.6775 0.5983333341346154 0.65625 0.62 0.66 0.645 0.6525 0.6633333341346154 0.63875 0.7 0.66 0.7283333341346154 0.67125 0.7433333341346154 0.6925 0.735 0.6937500000000001 0.7533333341346153 0.6937500000000001 0.8016666658653846 0.70875 0.8083333341346154 0.72375 0.7933333341346154 0.73375 0.7766666658653846
1283 0.845 0.40499999999999997 0.8475 0.385 0.845 0.385 0.8412499999999999 0.38 0.8362499999999999 0.3816666658653846 0.83875 0.39 0.8325 0.39333333413461535 0.8325 0.4083333341346154 0.82625 0.4233333341346154 0.8362499999999999 0.4233333341346154 0.845 0.40499999999999997
1283 0.81375 0.3666666658653846 0.8125 0.375 0.8049999999999999 0.3733333341346154 0.8037500000000001 0.385 0.8037500000000001 0.39 0.8037500000000001 0.40333333413461536 0.8037500000000001 0.41333333413461537 0.8075 0.41666666586538464 0.81375 0.3983333341346154 0.8200000000000001 0.3883333341346154 0.8200000000000001 0.375 0.8200000000000001 0.3683333341346154 0.81375 0.3666666658653846
1283 0.785 0.39 0.785 0.3816666658653846 0.7837500000000001 0.37166666586538466 0.785 0.3683333341346154 0.7825 0.3583333341346154 0.7775 0.35666666586538465 0.7787499999999999 0.3666666658653846 0.7725000000000001 0.3666666658653846 0.77125 0.3766666658653846 0.76375 0.39333333413461535 0.77125 0.4 0.7775 0.385 0.785 0.39
1276 0.73625 0.8316666658653846 0.74 0.825 0.74 0.8166666658653846 0.74 0.8099999999999999 0.7375 0.7983333341346154 0.73 0.7983333341346154 0.7262500000000001 0.8033333341346154 0.7212500000000001 0.8033333341346154 0.7212500000000001 0.8099999999999999 0.7212500000000001 0.8216666658653846 0.7162499999999999 0.8350000000000001 0.7112499999999999 0.84 0.7124999999999999 0.8566666658653846 0.7225 0.8566666658653846 0.7262500000000001 0.8416666658653846 0.73125 0.8383333341346154 0.73625 0.8316666658653846
1648 0.49624999999999997 0.8116666658653846 0.48874999999999996 0.8283333341346153 0.5 0.8500000000000001 0.5549999999999999 0.7983333341346154 0.54375 0.765 0.49624999999999997 0.8116666658653846
1648 0.575 0.8183333341346154 0.52625 0.865 0.52 0.8866666658653847 0.53625 0.91 0.58 0.8716666658653847 0.5862499999999999 0.8350000000000001 0.575 0.8183333341346154
1648 0.52875 0.6866666658653846 0.52625 0.7116666658653846 0.61 0.825 0.62 0.8150000000000001 0.62 0.7983333341346154 0.5399999999999999 0.6866666658653846 0.52875 0.6866666658653846
1648 0.475 0.95 0.48375 0.9633333341346154 0.5125 0.9400000000000001 0.5025 0.905 0.47250000000000003 0.9266666658653846 0.475 0.95
1648 0.38375 0.88 0.40625 0.87 0.43624999999999997 0.845 0.42125 0.8116666658653846 0.37 0.8566666658653846 0.38375 0.88
1276 0.6275000000000001 0.8500000000000001 0.62 0.8483333341346154 0.61375 0.8533333341346154 0.6224999999999999 0.8633333341346153 0.62125 0.8716666658653847 0.62 0.8833333341346153 0.62 0.8916666658653847 0.6325000000000001 0.8933333341346154 0.6325000000000001 0.8766666658653846 0.6325000000000001 0.8683333341346154 0.6337499999999999 0.8566666658653846 0.6275000000000001 0.8500000000000001
1276 0.75375 0.8999999999999999 0.74625 0.905 0.74 0.91 0.73375 0.91 0.7262500000000001 0.9133333341346154 0.715 0.8983333341346154 0.71375 0.905 0.7225 0.91 0.735 0.9299999999999999 0.7525000000000001 0.9366666658653846 0.75375 0.9283333341346154 0.765 0.91 0.7675 0.8999999999999999 0.7675 0.8883333341346155 0.7587499999999999 0.89 0.75375 0.8999999999999999
1648 0.5275 0.75 0.5125 0.7066666658653846 0.46125 0.77 0.47625 0.8049999999999999 0.5275 0.75