171 0.7696793004807693 0.6652719663461538 0.6778425649038462 0.6861924687500001 0.5102040817307693 0.5523012548076923 0.47376093269230773 0.5564853557692307 0.46793002884615387 0.44351464423076925 0.3586005841346154 0.41004184134615385 0.32361516105769234 0.41422594230769233 0.32507288701923076 0.4351464447115384 0.32944606490384615 0.4351464447115384 0.3279883389423077 0.774058576923077 0.47230320673076925 0.991631798076923 0.819241983173077 0.991631798076923 0.8206997091346153 0.744769875 0.8338192427884615 0.7405857740384616 0.8338192427884615 0.7071129711538462 0.7696793004807693 0.6652719663461538
1711 0.47230320673076925 0.9748953966346154 0.47230320673076925 0.9539748942307693 0.46501457692307696 0.9330543942307692 0.45189504326923075 0.9205020913461539 0.4256559759615385 0.8995815889423077 0.3965014567307692 0.8953974903846155 0.3513119543269231 0.8953974903846155 0.33527696875 0.8953974903846155 0.2930029158653846 0.9121338918269231 0.25947521875 0.9330543942307692 0.2478134110576923 0.9832635985576924 0.2653061225961538 0.991631798076923 0.4635568509615385 0.991631798076923 0.47230320673076925 0.9748953966346154
1708 0.3148688052884615 0.7615062764423077 0.3148688052884615 0.7531380745192308 0.27842565625 0.6736401682692308 0.15597667548076924 0.6903765697115385 0.17055393509615382 0.7907949783653846 0.22157434374999999 0.7907949783653846 0.22594752163461537 0.9874476995192307 0.23906705528846153 0.991631798076923 0.23615160336538463 0.7907949783653846 0.3148688052884615 0.7615062764423077
1714 0.2113702620192308 0.6736401682692308 0.2113702620192308 0.6359832644230768 0.2667638485576923 0.6192468629807693 0.24635568509615385 0.577405858173077 0.16618075721153847 0.5857740576923077 0.1720116610576923 0.6401673629807692 0.20262390624999999 0.6359832644230768 0.20553935817307692 0.6694560673076922 0.2113702620192308 0.6736401682692308
423 0.2099125360576923 0.991631798076923 0.21865889182692305 0.991631798076923 0.21865889182692305 0.9539748942307693 0.22303206971153847 0.949790795673077 0.21865889182692305 0.8702928870192307 0.16618075721153847 0.8786610889423077 0.15597667548076924 0.6987447692307692 0.14723031971153847 0.7154811706730769 0.15160349759615385 0.8661087860576924 0.1501457716346154 0.9832635985576924 0.17055393509615382 0.991631798076923 0.17055393509615382 0.9665271971153846 0.2113702620192308 0.9581589951923076 0.2099125360576923 0.991631798076923
423 0.31632653125 0.7824267788461537 0.32653061298076924 0.7824267788461537 0.33090379086538463 0.7322175721153846 0.3323615168269231 0.6861924687500001 0.3090379014423077 0.6485355649038461 0.3017492716346154 0.7071129711538462 0.3148688052884615 0.7531380745192308 0.31632653125 0.7824267788461537
1661 0.12099125480769232 0.6778242668269231 0.12244898076923076 0.5439330552884616 0.11953352884615386 0.5062761514423078 0.12390670673076923 0.43933054326923077 0.11078717307692307 0.44351464423076925 0.08892128365384615 0.4351464447115384 0.09037900961538461 0.5020920504807692 0.09183673557692308 0.539748954326923 0.08746355769230768 0.6569037668269231 0.0947521875 0.5523012548076923 0.11661807692307692 0.5523012548076923 0.12099125480769232 0.6778242668269231
1663 0.06413994230769231 0.44769874519230773 0.04227405288461539 0.43933054326923077 0.02915451923076923 0.43933054326923077 0.032069971153846154 0.6527196658653847 0.04081632692307692 0.6485355649038461 0.037900875 0.5523012548076923 0.06122449038461538 0.5564853557692307 0.06122449038461538 0.6527196658653847 0.0685131201923077 0.6736401682692308 0.07142857211538461 0.6276150625000001 0.06705539423076923 0.5062761514423078 0.06122449038461538 0.5062761514423078 0.06413994230769231 0.44769874519230773
1027 0.38629737499999994 0.07949790865384615 0.3746355697115385 0.0418410048076923 0.3702623918269231 0.01255230048076923 0.3702623918269231 0 0.36734693990384615 0.008368201923076923 0.36734693990384615 0.03765690384615385 0.3513119543269231 0.08368200721153846 0.36880466586538463 0.09205020913461538 0.3848396490384615 0.08786610817307693 0.38629737499999994 0.07949790865384615
1027 0.4295432451923077 0 0.42857142788461544 0.008368201923076923 0.4183673461538462 0.016736401442307692 0.4373177836538461 0.0418410048076923 0.462099125 0.03765690384615385 0.46938775480769235 0.033472802884615384 0.46938775480769235 0.016736401442307692 0.4612244903846153 0 0.4295432451923077 0
751 0.7827988341346154 0 0.46793002884615387 0.1506276153846154 0.46793002884615387 0.23012552403846154 0.5393586009615384 0.3179916322115384 0.5568513125 0.3221757331730769 0.9183673461538462 0.3179916322115384 0.9256559759615384 0.05020920432692307 0.8294460649038461 0 0.7827988341346154 0
663 0.2682215745192308 0.24267782451923076 0.20262390624999999 0.23012552403846154 0.20408163221153847 0.6652719663461538 0.2653061225961538 0.6652719663461538 0.2682215745192308 0.24267782451923076
1885 0.0014577259615384615 0 0.0014577259615384615 0.6694560673076922 0.42711370192307696 0.6861924687500001 0.4314868798076923 0 0.0014577259615384615 0
1885 0.4314868798076923 0 0.42857142788461544 0.6903765697115385 0.8206997091346153 0.991631798076923 0.997084548076923 0.991631798076923 0.997084548076923 0 0.4314868798076923 0
973 0.6326530600961539 0.7071129711538462 0.64577259375 0.7071129711538462 0.64577259375 0.6192468629807693 0.6311953341346155 0.6192468629807693 0.6326530600961539 0.7071129711538462
973 0.6472303197115384 0.7029288701923077 0.6632653052884615 0.7071129711538462 0.6661807572115385 0.6025104591346154 0.6472303197115384 0.5941422596153847 0.6472303197115384 0.7029288701923077
1942 0.1982507283653846 0.18410041826923076 0.11224489903846153 0.17573221875 0.11078717307692307 0.41004184134615385 0.19679300240384615 0.41841004086538464 0.1982507283653846 0.18410041826923076
1942 0.10058309134615384 0.17154811778846155 0.004373177884615385 0.15481171634615384 0.004373177884615385 0.40585774038461536 0.10349854326923077 0.41422594230769233 0.10058309134615384 0.17154811778846155
1485 0.5816326538461538 0.4979079495192308 0.5714285721153846 0.4979079495192308 0.5743440240384615 0.5355648533653846 0.5845481057692308 0.539748954326923 0.5976676394230769 0.539748954326923 0.5962099134615385 0.4979079495192308 0.5816326538461538 0.4979079495192308
1485 0.5655976682692307 0.4853556490384615 0.5437317788461539 0.47698744711538466 0.5364431490384616 0.4811715480769231 0.537900875 0.5230125528846153 0.5524781346153846 0.5230125528846153 0.5612244903846154 0.5230125528846153 0.5670553942307692 0.5188284519230769 0.5655976682692307 0.4853556490384615
792 0 0.991631798076923 0.813411079326923 0.991631798076923 0.42857142788461544 0.6945606682692307 0.0014577259615384615 0.6736401682692308 0 0.832635983173077 0 0.991631798076923
1562 0.25364431490384615 0.12970711298076923 0.2288629735576923 0.12970711298076923 0.22740524759615385 0.18410041826923076 0.2521865889423077 0.18828451923076922 0.25364431490384615 0.12970711298076923
291 0.8061224495192308 0.7071129711538462 0.8075801754807692 0.6401673629807692 0.8032069975961539 0.6234309615384616 0.8017492716346154 0.56903765625 0.7959183677884615 0.56903765625 0.7973760937500001 0.6150627620192307 0.7930029158653846 0.6359832644230768 0.7944606418269231 0.7071129711538462 0.7988338197115384 0.7154811706730769 0.8061224495192308 0.7071129711538462
180 0.7099125360576923 0.6066945600961539 0.6778425649038462 0.6150627620192307 0.6778425649038462 0.6945606682692307 0.6953352764423077 0.7112970721153846 0.7346938774038462 0.7112970721153846 0.7390670552884615 0.6234309615384616 0.7099125360576923 0.6066945600961539