171 0.16618075721153847 0.7071129711538462 0.16618075721153847 0.7405857740384616 0.17930029086538463 0.744769875 0.18075801682692308 0.991631798076923 0.5276967932692307 0.991631798076923 0.6720116610576923 0.774058576923077 0.6705539350961539 0.4351464447115384 0.6749271129807692 0.4351464447115384 0.6763848389423077 0.41422594230769233 0.6413994158653846 0.41004184134615385 0.5320699711538461 0.44351464423076925 0.5262390673076923 0.5564853557692307 0.48979591826923075 0.5523012548076923 0.32215743509615385 0.6861924687500001 0.2303206995192308 0.6652719663461538 0.16618075721153847 0.7071129711538462
1711 0.5364431490384616 0.991631798076923 0.7346938774038462 0.991631798076923 0.7521865889423077 0.9832635985576924 0.74052478125 0.9330543942307692 0.7069970841346154 0.9121338918269231 0.6647230312500001 0.8953974903846155 0.6486880456730769 0.8953974903846155 0.6034985432692308 0.8953974903846155 0.5743440240384615 0.8995815889423077 0.5481049567307692 0.9205020913461539 0.5349854230769231 0.9330543942307692 0.5276967932692307 0.9539748942307693 0.5276967932692307 0.9748953966346154 0.5364431490384616 0.991631798076923
1708 0.7638483966346155 0.7907949783653846 0.7609329447115385 0.991631798076923 0.7740524783653846 0.9874476995192307 0.7784256562499999 0.7907949783653846 0.8294460649038461 0.7907949783653846 0.8440233245192308 0.6903765697115385 0.7215743437500001 0.6736401682692308 0.6851311947115384 0.7531380745192308 0.6851311947115384 0.7615062764423077 0.7638483966346155 0.7907949783653846
1714 0.7944606418269231 0.6694560673076922 0.7973760937500001 0.6359832644230768 0.8279883389423077 0.6401673629807692 0.8338192427884615 0.5857740576923077 0.7536443149038461 0.577405858173077 0.7332361514423076 0.6192468629807693 0.7886297379807693 0.6359832644230768 0.7886297379807693 0.6736401682692308 0.7944606418269231 0.6694560673076922
423 0.7886297379807693 0.9581589951923076 0.8294460649038461 0.9665271971153846 0.8294460649038461 0.991631798076923 0.8498542283653846 0.9832635985576924 0.8483965024038462 0.8661087860576924 0.8527696802884616 0.7154811706730769 0.8440233245192308 0.6987447692307692 0.8338192427884615 0.8786610889423077 0.7813411081730769 0.8702928870192307 0.7769679302884616 0.949790795673077 0.7813411081730769 0.9539748942307693 0.7813411081730769 0.991631798076923 0.7900874639423077 0.991631798076923 0.7886297379807693 0.9581589951923076
423 0.6851311947115384 0.7531380745192308 0.6982507283653846 0.7071129711538462 0.6909620985576923 0.6485355649038461 0.667638483173077 0.6861924687500001 0.6690962091346153 0.7322175721153846 0.6734693870192309 0.7824267788461537 0.68367346875 0.7824267788461537 0.6851311947115384 0.7531380745192308
1661 0.8833819230769231 0.5523012548076923 0.9052478125000001 0.5523012548076923 0.9125364423076923 0.6569037668269231 0.9081632644230768 0.539748954326923 0.9096209903846154 0.5020920504807692 0.9110787163461538 0.4351464447115384 0.8892128269230769 0.44351464423076925 0.8760932932692308 0.43933054326923077 0.8804664711538461 0.5062761514423078 0.8775510192307692 0.5439330552884616 0.8790087451923078 0.6778242668269231 0.8833819230769231 0.5523012548076923
1663 0.9387755096153847 0.5062761514423078 0.9329446057692308 0.5062761514423078 0.9285714278846153 0.6276150625000001 0.9314868798076923 0.6736401682692308 0.9387755096153847 0.6527196658653847 0.9387755096153847 0.5564853557692307 0.9620991249999999 0.5523012548076923 0.959183673076923 0.6485355649038461 0.9679300288461538 0.6527196658653847 0.9708454807692307 0.43933054326923077 0.9577259471153846 0.43933054326923077 0.9358600576923077 0.44769874519230773 0.9387755096153847 0.5062761514423078
1027 0.6151603509615385 0.08786610817307693 0.6311953341346155 0.09205020913461538 0.6486880456730769 0.08368200721153846 0.6326530600961539 0.03765690384615385 0.6326530600961539 0.008368201923076923 0.6297376081730769 0 0.6297376081730769 0.01255230048076923 0.6253644302884616 0.0418410048076923 0.6137026250000001 0.07949790865384615 0.6151603509615385 0.08786610817307693
1027 0.5387755096153847 0 0.5306122451923077 0.016736401442307692 0.5306122451923077 0.033472802884615384 0.537900875 0.03765690384615385 0.5626822163461539 0.0418410048076923 0.5816326538461538 0.016736401442307692 0.5714285721153846 0.008368201923076923 0.5704567548076923 0 0.5387755096153847 0
751 0.17055393509615382 0 0.07434402403846153 0.05020920432692307 0.08163265384615384 0.3179916322115384 0.44314868749999997 0.3221757331730769 0.4606413990384616 0.3179916322115384 0.5320699711538461 0.23012552403846154 0.5320699711538461 0.1506276153846154 0.2172011658653846 0 0.17055393509615382 0
663 0.7346938774038462 0.6652719663461538 0.7959183677884615 0.6652719663461538 0.7973760937500001 0.23012552403846154 0.7317784254807692 0.24267782451923076 0.7346938774038462 0.6652719663461538
1885 0.5685131201923077 0 0.572886298076923 0.6861924687500001 0.9985422740384616 0.6694560673076922 0.9985422740384616 0 0.5685131201923077 0
1885 0.002915451923076923 0 0.002915451923076923 0.991631798076923 0.17930029086538463 0.991631798076923 0.5714285721153846 0.6903765697115385 0.5685131201923077 0 0.002915451923076923 0
973 0.36880466586538463 0.6192468629807693 0.35422740625 0.6192468629807693 0.35422740625 0.7071129711538462 0.36734693990384615 0.7071129711538462 0.36880466586538463 0.6192468629807693
973 0.3527696802884615 0.5941422596153847 0.33381924278846153 0.6025104591346154 0.3367346947115385 0.7071129711538462 0.3527696802884615 0.7029288701923077 0.3527696802884615 0.5941422596153847
1942 0.8032069975961539 0.41841004086538464 0.8892128269230769 0.41004184134615385 0.8877551009615385 0.17573221875 0.8017492716346154 0.18410041826923076 0.8032069975961539 0.41841004086538464
1942 0.8965014567307693 0.41422594230769233 0.9956268221153847 0.40585774038461536 0.9956268221153847 0.15481171634615384 0.8994169086538462 0.17154811778846155 0.8965014567307693 0.41422594230769233
1485 0.40379008653846155 0.4979079495192308 0.40233236057692306 0.539748954326923 0.4154518942307692 0.539748954326923 0.4256559759615385 0.5355648533653846 0.42857142788461544 0.4979079495192308 0.4183673461538462 0.4979079495192308 0.40379008653846155 0.4979079495192308
1485 0.4329446057692307 0.5188284519230769 0.4387755096153846 0.5230125528846153 0.44752186538461536 0.5230125528846153 0.462099125 0.5230125528846153 0.4635568509615385 0.4811715480769231 0.45626822115384613 0.47698744711538466 0.4344023317307692 0.4853556490384615 0.4329446057692307 0.5188284519230769
792 1 0.832635983173077 0.9985422740384616 0.6736401682692308 0.5714285721153846 0.6945606682692307 0.18658892067307692 0.991631798076923 1 0.991631798076923 1 0.832635983173077
1562 0.7478134110576923 0.18828451923076922 0.7725947524038462 0.18410041826923076 0.7711370264423076 0.12970711298076923 0.7463556850961539 0.12970711298076923 0.7478134110576923 0.18828451923076922
291 0.20116618028846153 0.7154811706730769 0.20553935817307692 0.7071129711538462 0.2069970841346154 0.6359832644230768 0.20262390624999999 0.6150627620192307 0.20408163221153847 0.56903765625 0.1982507283653846 0.56903765625 0.19679300240384615 0.6234309615384616 0.19241982451923076 0.6401673629807692 0.1938775504807692 0.7071129711538462 0.20116618028846153 0.7154811706730769
180 0.2609329447115385 0.6234309615384616 0.2653061225961538 0.7112970721153846 0.3046647235576923 0.7112970721153846 0.32215743509615385 0.6945606682692307 0.32215743509615385 0.6150627620192307 0.29008746394230767 0.6066945600961539 0.2609329447115385 0.6234309615384616