402 0.00390625 0 0 0.12109375 0 0.24273353605769232 0.359375 0.29296875 0.37890625 0.2890625 0.37890625 0.27734375 0.95703125 0.27734375 0.99609375 0.25 0.9922475985576923 0 0.00390625 0
1494 0.5234375 0.27734375 0.5234375 0.46875 0.796875 0.47265625 0.796875 0.27734375 0.5234375 0.27734375
564 0.92578125 0.27734375 0.88671875 0.28125 0.8671875 0.27734375 0.85546875 0.27734375 0.828125 0.27734375 0.796875 0.27734375 0.79296875 0.375 0.79296875 0.4375 0.79296875 0.46484375 0.79296875 0.4765625 0.8046875 0.47265625 0.8203125 0.48046875 0.83203125 0.47265625 0.84765625 0.48046875 0.85546875 0.47265625 0.8671875 0.48046875 0.88671875 0.4765625 0.89453125 0.484375 0.90625 0.4765625 0.92578125 0.484375 0.93359375 0.48046875 0.94140625 0.48828125 0.953125 0.48046875 0.96484375 0.484375 0.9609375 0.3046875 0.95703125 0.30078125 0.95703125 0.2734375 0.92578125 0.27734375
564 0.40234375 0.46484375 0.41015625 0.4609375 0.4140625 0.46875 0.4296875 0.4609375 0.43359375 0.46875 0.44921875 0.46484375 0.44921875 0.46875 0.46484375 0.46484375 0.47265625 0.46875 0.48046875 0.46484375 0.49609375 0.47265625 0.5078125 0.46875 0.51953125 0.46875 0.5234375 0.27734375 0.515625 0.27734375 0.5 0.27734375 0.484375 0.27734375 0.45703125 0.27734375 0.42578125 0.27734375 0.37890625 0.27734375 0.37890625 0.2890625 0.37109375 0.29296875 0.375 0.46484375 0.390625 0.46484375 0.39453125 0.45703125 0.40234375 0.46484375
1885 0.95703125 0.30078125 0.9609375 0.3046875 0.96484375 0.484375 0.9921875 0.5 0.9921875 0.25 0.95703125 0.2734375 0.95703125 0.30078125
1885 0 0.5107421875 0.04296875 0.5 0.0546875 0.50390625 0.0703125 0.50390625 0.10546875 0.4921875 0.12109375 0.50390625 0.125 0.4921875 0.16015625 0.48828125 0.17578125 0.4921875 0.19140625 0.484375 0.21484375 0.48828125 0.24609375 0.4765625 0.26953125 0.484375 0.30078125 0.48046875 0.3125 0.484375 0.37109375 0.46484375 0.37109375 0.296875 0 0.23889160096153847 0 0.5107421875
1562 0.94921875 0.25 0.91796875 0.25390625 0.91796875 0.2734375 0.9453125 0.26953125 0.94921875 0.25
1562 0.953125 0.2734375 0.953125 0.30078125 0.98828125 0.30078125 0.98828125 0.2734375 0.953125 0.2734375
1562 0.40625 0.25390625 0.37890625 0.25390625 0.375 0.2734375 0.40625 0.2734375 0.40625 0.25390625
1027 0.35546875 0.05078125 0.34765625 0.05859375 0.3515625 0.0625 0.3671875 0.06640625 0.3828125 0.0625 0.38671875 0.0546875 0.3671875 0.05078125 0.35546875 0.05078125
1027 0.46875 0.12890625 0.484375 0.12890625 0.48828125 0.125 0.4765625 0.1171875 0.4609375 0.1171875 0.453125 0.125 0.4609375 0.12890625 0.46875 0.12890625
1027 0.52734375 0.15234375 0.515625 0.1484375 0.50390625 0.15625 0.5078125 0.16015625 0.52734375 0.16015625 0.52734375 0.15234375
1027 0.56640625 0.18359375 0.5546875 0.17578125 0.54296875 0.1796875 0.54296875 0.18359375 0.5546875 0.1875 0.56640625 0.18359375
1027 0.9765625 0.2109375 0.98046875 0.20703125 0.97265625 0.19921875 0.96484375 0.203125 0.96484375 0.20703125 0.96875 0.2109375 0.9765625 0.2109375
501 0.265625 0.48046875 0.27734375 0.48046875 0.2734375 0.265625 0.26953125 0.265625 0.2578125 0.265625 0.24609375 0.2734375 0.2421875 0.3359375 0.2421875 0.47265625 0.24609375 0.4765625 0.265625 0.48046875
501 0.0625 0.5 0.0625 0.24609375 0.05078125 0.23046875 0.04296875 0.23046875 0.02734375 0.23046875 0.01171875 0.234375 0.01171875 0.28515625 0.015625 0.50390625 0.04296875 0.5 0.0625 0.5
1505 0.12890625 0.75 0.16015625 0.73828125 0.16015625 0.71484375 0.1953125 0.69921875 0.23046875 0.70703125 0.25390625 0.69921875 0.25390625 0.671875 0.27734375 0.6640625 0.3046875 0.67578125 0.32421875 0.66796875 0.32421875 0.63671875 0.34375 0.63671875 0.35546875 0.64453125 0.37890625 0.6328125 0.37890625 0.62109375 0.40625 0.60546875 0.40625 0.6171875 0.421875 0.6171875 0.42578125 0.59765625 0.4453125 0.59765625 0.46484375 0.5859375 0.46484375 0.578125 0.4765625 0.57421875 0.48046875 0.5859375 0.4921875 0.578125 0.4921875 0.5625 0.5078125 0.55859375 0.5078125 0.57421875 0.515625 0.5625 0.515625 0.5546875 0.52734375 0.546875 0.52734375 0.4921875 0.40234375 0.484375 0.3359375 0.4765625 0.3125 0.484375 0.296875 0.48046875 0.26953125 0.484375 0.2421875 0.4765625 0.2109375 0.484375 0.19140625 0.484375 0.171875 0.4921875 0.16015625 0.48828125 0.125 0.48828125 0.1171875 0.5 0.10546875 0.4921875 0.06640625 0.50390625 0.04296875 0.50390625 0.00390625 0.5078125 0.00390625 0.8125 0.03515625 0.7890625 0.03515625 0.765625 0.08203125 0.7421875 0.12890625 0.75
1638 0.8046875 0.5 0.91796875 0.5 0.984375 0.5 0.9609375 0.484375 0.796875 0.47265625 0.53125 0.46484375 0.375 0.4609375 0.33984375 0.4765625 0.3828125 0.484375 0.52734375 0.49609375 0.5703125 0.49609375 0.62109375 0.49609375 0.6875 0.5 0.8046875 0.5
1656 0.60546875 0.5390625 0.60546875 0.51953125 0.609375 0.515625 0.625 0.5234375 0.625 0.50390625 0.63671875 0.5 0.52734375 0.49609375 0.52734375 0.546875 0.578125 0.546875 0.58203125 0.52734375 0.59375 0.53125 0.60546875 0.5390625
1505 0.7265625 0.94921875 0.85546875 0.953125 0.95703125 0.953125 0.96484375 0.96484375 0.9921875 0.99609375 0.9921875 0.5078125 0.984375 0.49609375 0.88671875 0.50390625 0.76953125 0.5 0.63671875 0.49609375 0.62890625 0.5078125 0.625 0.5234375 0.60546875 0.51953125 0.6015625 0.53515625 0.5859375 0.52734375 0.57421875 0.546875 0.55078125 0.546875 0.5546875 0.57421875 0.52734375 0.57421875 0.5234375 0.56640625 0.5078125 0.56640625 0.51171875 0.6015625 0.48046875 0.6015625 0.48046875 0.58984375 0.4609375 0.5859375 0.45703125 0.640625 0.40625 0.63671875 0.40625 0.625 0.38671875 0.62109375 0.37109375 0.66796875 0.37109375 0.6953125 0.296875 0.69921875 0.3046875 0.67578125 0.28125 0.671875 0.23828125 0.734375 0.2421875 0.88671875 0.23046875 0.8984375 0.23046875 0.9140625 0.25 0.94140625 0.25390625 0.9765625 0.265625 0.98046875 0.2890625 0.96484375 0.28515625 0.9375 0.39453125 0.9453125 0.56640625 0.9453125 0.7265625 0.94921875
792 0 0.9960784302884615 0.9921875 0.9921875 0.98828125 0.5 0.7890625 0.50390625 0.63671875 0.49609375 0.57421875 0.546875 0.52734375 0.54296875 0 0.7794979326923077 0 0.9960784302884615