402 0.08005263221153847 0 0.08499999999999999 0.1566666658653846 0.99875 0.2533333341346154 1 0.12583333413461537 1 0 0.08005263221153847 0
1029 0.99875 0.13 0.99875 0.09166666586538462 0.88 0.060000000000000005 0.85375 0.07333333413461539 0.855 0.09166666586538462 0.99875 0.13
1029 0.315 0 0.59375 0.05166666586538461 0.6162500000000001 0.03666666586538461 0.61375 0.015000000000000001 0.5387500000000001 0 0.315 0
1142 0.7375 0.14833333413461539 0.7075 0.14166666586538462 0.70375 0.04666666586538462 0.6525 0.035 0.6587500000000001 0.14333333413461538 0.6649999999999999 0.14333333413461538 0.66125 0.04666666586538462 0.6962499999999999 0.05166666586538461 0.6950000000000001 0.14 0.6799999999999999 0.14333333413461538 0.645 0.1533333341346154 0.6487499999999999 0.1833333341346154 0.6625000000000001 0.19333333413461537 0.69875 0.19833333413461537 0.7212500000000001 0.195 0.7375 0.1716666658653846 0.7375 0.14833333413461539
715 0.08499999999999999 0.31 0.08124999999999999 0.8166666658653846 0.7325 0.7483333341346154 0.735 0.34500000000000003 0.08499999999999999 0.31
1934 0.75125 0.5416666658653846 0.75375 0.5916666658653846 0.7587499999999999 0.6283333341346153 0.76875 0.6433333341346154 0.78625 0.6433333341346154 0.8062499999999999 0.6433333341346154 0.82875 0.625 0.825 0.5983333341346154 0.825 0.5566666658653846 0.82375 0.515 0.85375 0.5183333341346154 0.85375 0.5383333341346154 0.8275 0.565 0.855 0.5416666658653846 0.855 0.5166666658653847 0.8425 0.515 0.8275 0.51 0.8275 0.47833333413461543 0.8275 0.43 0.8212499999999999 0.43 0.82375 0.4866666658653846 0.785 0.485 0.7775 0.4316666658653846 0.7725000000000001 0.4316666658653846 0.7787499999999999 0.485 0.76875 0.4916666658653846 0.7562500000000001 0.5083333341346153 0.75125 0.5416666658653846
1080 0.8125 0.7666666658653847 0.82375 0.7633333341346155 0.8325 0.7483333341346154 0.8462500000000001 0.7483333341346154 0.84875 0.7633333341346155 0.85375 0.7766666658653846 0.87625 0.7816666658653847 0.8825000000000001 0.7566666658653846 0.8812500000000001 0.73 0.87125 0.7133333341346154 0.85625 0.7133333341346154 0.8625 0.6900000000000001 0.8500000000000001 0.6683333341346154 0.84875 0.6616666658653846 0.8625 0.635 0.87875 0.635 0.8775000000000001 0.615 0.865 0.61 0.85375 0.5966666658653846 0.8350000000000001 0.6033333341346154 0.83125 0.625 0.8175 0.6416666658653847 0.8099999999999999 0.6566666658653847 0.8 0.6583333341346154 0.79375 0.6733333341346154 0.78625 0.6799999999999999 0.78125 0.6983333341346154 0.785 0.715 0.78625 0.7333333341346153 0.7925 0.7433333341346154 0.80125 0.7466666658653847 0.8037500000000001 0.7616666658653847 0.8125 0.7666666658653847
715 0.83875 0.735 0.9924999999999999 0.7183333341346153 0.9974999999999999 0.3616666658653846 0.83375 0.35 0.83875 0.735
1885 0.8350000000000001 0.34500000000000003 0.99875 0.36 0.99875 0.295 0.99875 0.2533333341346154 0.08499999999999999 0.1566666658653846 0.07875 0.3083333341346154 0.735 0.34666666586538464 0.735 0.7516666658653846 0.8374999999999999 0.7366666658653845 0.8350000000000001 0.34500000000000003
792 0.07875 0.8150000000000001 0.056249999999999994 0.9966666658653847 0.99875 0.995 0.99875 0.7166666658653846 0.07875 0.8150000000000001
1885 0.00125 0 0.0037500000000000003 0.995 0.055 0.995 0.08 0.8116666658653846 0.08499999999999999 0.1533333341346154 0.07881720432692307 0 0.00125 0