402 0.0078125 0 0.0078125 0.23046875 0.47265625 0.2109375 0.99609375 0.109375 0.99609375 0 0.0078125 0
1648 1 0.673828125 0.99609375 0.5859375 0.875 0.546875 0.828125 0.53515625 0.0078125 0.609375 0.0078125 0.94140625 0.6953125 0.8203125 0.65625 0.98828125 0.68359375 0.9921875 0.72265625 0.81640625 0.78125 0.8046875 0.81640625 0.9921875 0.83203125 0.98828125 0.8046875 0.8046875 0.89453125 0.78515625 0.84765625 0.98828125 0.87890625 0.9921875 0.92578125 0.77734375 0.9375 0.77734375 0.97265625 0.9921875 1 0.98876953125 1 0.9644097235576923 0.96875 0.7734375 1 0.7630208317307693 1 0.673828125
268 0.00390625 0.3984375 0.0078125 0.60546875 0.17578125 0.5859375 0.16015625 0.3984375 0.00390625 0.3984375
279 0.16015625 0.40234375 0.17578125 0.578125 0.26953125 0.57421875 0.29296875 0.5703125 0.27734375 0.35546875 0.25 0.34765625 0.15625 0.359375 0.15625 0.3984375 0.16015625 0.40234375
1178 0.0078125 0.7578125 0.01171875 0.875 0.140625 0.85546875 0.13671875 0.80859375 0.09375 0.74609375 0.0078125 0.7578125
1178 0.13671875 0.8515625 0.15625 0.8671875 0.265625 0.84765625 0.26171875 0.765625 0.2265625 0.74609375 0.203125 0.70703125 0.10546875 0.72265625 0.09765625 0.75 0.1328125 0.8046875 0.13671875 0.8515625
1178 0.26171875 0.76953125 0.26953125 0.83984375 0.4296875 0.80859375 0.421875 0.75390625 0.43359375 0.75 0.43359375 0.734375 0.359375 0.6953125 0.21875 0.71875 0.26171875 0.76953125
1177 0.43359375 0.75 0.42578125 0.75390625 0.43359375 0.8046875 0.44140625 0.8046875 0.44921875 0.70703125 0.37890625 0.6640625 0.375 0.69921875 0.43359375 0.73828125 0.43359375 0.75
1178 0.4453125 0.80078125 0.45703125 0.8046875 0.57421875 0.78515625 0.55859375 0.75 0.50390625 0.7109375 0.453125 0.72265625 0.4453125 0.80078125
279 0.29296875 0.578125 0.59375 0.54296875 0.58203125 0.3984375 0.28125 0.4140625 0.29296875 0.578125
268 0.59375 0.54296875 0.7265625 0.53515625 0.71484375 0.39453125 0.5859375 0.3984375 0.59375 0.54296875
268 0.734375 0.53515625 0.84765625 0.5234375 0.82421875 0.390625 0.71484375 0.390625 0.734375 0.53515625
279 0.56640625 0.75 0.57421875 0.78515625 0.73828125 0.765625 0.73046875 0.71484375 0.6640625 0.67578125 0.515625 0.69921875 0.515625 0.7109375 0.56640625 0.75
279 0.734375 0.71484375 0.73828125 0.75390625 0.83984375 0.7421875 0.83203125 0.67578125 0.7578125 0.640625 0.6640625 0.6640625 0.6640625 0.66796875 0.734375 0.71484375
279 0.6953125 0.65625 0.69140625 0.63671875 0.6328125 0.609375 0.52734375 0.62109375 0.578125 0.66015625 0.58203125 0.68359375 0.66796875 0.67578125 0.66796875 0.6640625 0.6953125 0.65625
279 0.8515625 0.51953125 0.97265625 0.5078125 0.94140625 0.28515625 0.8125 0.2890625 0.8515625 0.51953125
1753 0.421875 0.27734375 0.93359375 0.2734375 0.92578125 0.234375 0.00390625 0.234375 0.0078125 0.3046875 0.421875 0.29296875 0.421875 0.27734375
1885 1 0.10546875 0.46484375 0.20703125 0.0078125 0.23046875 0.00390625 0.54296875 0.99609375 0.55859375 1 0.373046875 1 0.10546875
792 1 0.775390625 0.99609375 0.55859375 0.01171875 0.54296875 0.0078125 0.9921875 1 0.9921875 1 0.775390625