402 0.00390625 0 0.00390625 0.109375 0.52734375 0.2109375 0.9921875 0.23046875 0.9921875 0 0.00390625 0
1648 0 0.98876953125 0.02734375 0.9921875 0.0625 0.77734375 0.07421875 0.77734375 0.12109375 0.9921875 0.15234375 0.98828125 0.10546875 0.78515625 0.1953125 0.8046875 0.16796875 0.98828125 0.18359375 0.9921875 0.21875 0.8046875 0.27734375 0.81640625 0.31640625 0.9921875 0.34375 0.98828125 0.3046875 0.8203125 0.9921875 0.94140625 0.9921875 0.609375 0.171875 0.53515625 0.125 0.546875 0.00390625 0.5859375 0 0.673828125 0 0.7630208317307693 0.03125 0.7734375 0 0.9644097235576923 0 0.98876953125
268 0.83984375 0.3984375 0.82421875 0.5859375 0.9921875 0.60546875 0.99609375 0.3984375 0.83984375 0.3984375
279 0.84375 0.3984375 0.84375 0.359375 0.75 0.34765625 0.72265625 0.35546875 0.70703125 0.5703125 0.73046875 0.57421875 0.82421875 0.578125 0.83984375 0.40234375 0.84375 0.3984375
1178 0.90625 0.74609375 0.86328125 0.80859375 0.859375 0.85546875 0.98828125 0.875 0.9921875 0.7578125 0.90625 0.74609375
1178 0.8671875 0.8046875 0.90234375 0.75 0.89453125 0.72265625 0.796875 0.70703125 0.7734375 0.74609375 0.73828125 0.765625 0.734375 0.84765625 0.84375 0.8671875 0.86328125 0.8515625 0.8671875 0.8046875
1178 0.78125 0.71875 0.640625 0.6953125 0.56640625 0.734375 0.56640625 0.75 0.578125 0.75390625 0.5703125 0.80859375 0.73046875 0.83984375 0.73828125 0.76953125 0.78125 0.71875
1177 0.56640625 0.73828125 0.625 0.69921875 0.62109375 0.6640625 0.55078125 0.70703125 0.55859375 0.8046875 0.56640625 0.8046875 0.57421875 0.75390625 0.56640625 0.75 0.56640625 0.73828125
1178 0.546875 0.72265625 0.49609375 0.7109375 0.44140625 0.75 0.42578125 0.78515625 0.54296875 0.8046875 0.5546875 0.80078125 0.546875 0.72265625
279 0.71875 0.4140625 0.41796875 0.3984375 0.40625 0.54296875 0.70703125 0.578125 0.71875 0.4140625
268 0.4140625 0.3984375 0.28515625 0.39453125 0.2734375 0.53515625 0.40625 0.54296875 0.4140625 0.3984375
268 0.28515625 0.390625 0.17578125 0.390625 0.15234375 0.5234375 0.265625 0.53515625 0.28515625 0.390625
279 0.484375 0.7109375 0.484375 0.69921875 0.3359375 0.67578125 0.26953125 0.71484375 0.26171875 0.765625 0.42578125 0.78515625 0.43359375 0.75 0.484375 0.7109375
279 0.3359375 0.66796875 0.3359375 0.6640625 0.2421875 0.640625 0.16796875 0.67578125 0.16015625 0.7421875 0.26171875 0.75390625 0.265625 0.71484375 0.3359375 0.66796875
279 0.33203125 0.6640625 0.33203125 0.67578125 0.41796875 0.68359375 0.421875 0.66015625 0.47265625 0.62109375 0.3671875 0.609375 0.30859375 0.63671875 0.3046875 0.65625 0.33203125 0.6640625
279 0.1875 0.2890625 0.05859375 0.28515625 0.02734375 0.5078125 0.1484375 0.51953125 0.1875 0.2890625
1753 0.578125 0.29296875 0.9921875 0.3046875 0.99609375 0.234375 0.07421875 0.234375 0.06640625 0.2734375 0.578125 0.27734375 0.578125 0.29296875
1885 0 0.373046875 0.00390625 0.55859375 0.99609375 0.54296875 0.9921875 0.23046875 0.53515625 0.20703125 0 0.10546875 0 0.373046875
792 0 0.9921875 0.9921875 0.9921875 0.98828125 0.54296875 0.00390625 0.55859375 0 0.775390625 0 0.9921875