211 0.99609375 0.68359375 0.90234375 0.6796875 0.8984375 0.93359375 0.99609375 0.9296875 0.99609375 0.68359375
466 0.10571288942307693 0 0.16796875 0.99609375 0.890625 0.9921875 0.9217524495192309 0 0.10571288942307693 0
968 0.71875 0.22265625 0.72265625 0.22265625 0.7265625 0.24609375 0.78515625 0.24609375 0.78515625 0.2265625 0.796875 0.22265625 0.79296875 0.16796875 0.78125 0.125 0.75 0.078125 0.73046875 0.1015625 0.71875 0.125 0.71875 0.22265625
1528 0.37109375 0.640625 0.37109375 0.625 0.3828125 0.609375 0.3828125 0.58203125 0.3984375 0.609375 0.41015625 0.59375 0.41796875 0.58203125 0.43359375 0.578125 0.3984375 0.140625 0.390625 0.12109375 0.375 0.109375 0.359375 0.10546875 0.33984375 0.10546875 0.3203125 0.10546875 0.30859375 0.10546875 0.30078125 0.11328125 0.28515625 0.1484375 0.2421875 0.5234375 0.24609375 0.54296875 0.25390625 0.58984375 0.26171875 0.61328125 0.2890625 0.6171875 0.3046875 0.60546875 0.328125 0.609375 0.33203125 0.63671875 0.37109375 0.640625
79 0.48828125 0.1953125 0.48046875 0.14453125 0.4765625 0.10546875 0.43359375 0.15234375 0.390625 0.3125 0.40234375 0.3359375 0.42578125 0.35546875 0.4375 0.578125 0.453125 0.58984375 0.46875 0.57421875 0.46875 0.56640625 0.484375 0.56640625 0.48046875 0.51171875 0.4921875 0.50390625 0.48046875 0.390625 0.47265625 0.29296875 0.4921875 0.28515625 0.48828125 0.1953125
1833 0.48828125 0.8125 0.48046875 0.74609375 0.4609375 0.72265625 0.41796875 0.71484375 0.3515625 0.7109375 0.2890625 0.7109375 0.26171875 0.71484375 0.2578125 0.98828125 0.484375 0.9921875 0.48828125 0.8125
471 0.58203125 0.42578125 0.5859375 0.578125 0.765625 0.58203125 0.77734375 0.5546875 0.76953125 0.53125 0.7734375 0.515625 0.7734375 0.5 0.765625 0.4765625 0.73828125 0.46875 0.7421875 0.4296875 0.73828125 0.40625 0.68359375 0.40625 0.609375 0.41796875 0.58203125 0.42578125
1764 0.79296875 0.09765625 0.79296875 0.24609375 0.84375 0.2421875 0.83984375 0.09375 0.79296875 0.09765625
1764 0.75390625 0.46875 0.7734375 0.453125 0.79296875 0.42578125 0.71875 0.3515625 0.7109375 0.3515625 0.6953125 0.3359375 0.64453125 0.37890625 0.66015625 0.39453125 0.6640625 0.40625 0.734375 0.40625 0.7421875 0.4609375 0.75390625 0.46875
1885 0.003921569711538462 0 0.0078125 0.9921875 0.1640625 0.99609375 0.10180663942307693 0 0.003921569711538462 0
1885 0.92178415625 0 0.90234375 0.8359375 1 0.8321814927884615 1 0 0.92178415625 0