402 0.165 0 0.87 0.20614035096153846 1 0.20614035096153846 1 0 0.165 0
1027 0.9166666658653846 0.0701754375 0.9066666658653847 0.06578947355769231 0.8933333341346154 0.06578947355769231 0.8766666658653846 0.0701754375 0.8733333341346154 0.08333333413461538 0.8766666658653846 0.08333333413461538 0.89 0.08333333413461538 0.91 0.07894736778846154 0.9166666658653846 0.0701754375
402 0.84 0.2543859639423077 0.76 0.23684210576923076 0.7566666658653846 0.2675438605769231 0.006666665865384615 0.13157894711538462 0.006666665865384615 0.25 0.23 0.2763157884615385 0.26999999999999996 0.22807017548076924 0.4833333341346154 0.25877193028846157 0.4833333341346154 0.22368421153846155 0.5766666658653846 0.23684210576923076 0.5866666658653846 0.28947368509615384 0.7966666658653847 0.3114035096153846 0.8466666658653845 0.3201754375 0.9466666658653846 0.32456140384615384 0.95 0.2543859639423077 0.9366666658653846 0.2543859639423077 0.8999999999999999 0.2543859639423077 0.8633333341346153 0.25877193028846157 0.84 0.2543859639423077
1885 0.0034408605769230766 0 0.006666665865384615 0.13157894711538462 0.7566666658653846 0.26315789423076924 0.76 0.23684210576923076 0.8633333341346153 0.25877193028846157 0.87 0.20175438701923076 0.17184397115384617 0 0.0034408605769230766 0
1309 0.23 0.026315788461538463 0.23 0.09210526201923078 0.2966666658653846 0.10526315865384615 0.2966666658653846 0.03947368509615385 0.23 0.026315788461538463
1309 0.2066666658653846 0.017543860576923077 0.14666666586538463 0 0.14 0.06578947355769231 0.2066666658653846 0.08333333413461538 0.2066666658653846 0.017543860576923077
1523 0.5866666658653846 0.28508771875 0.5866666658653846 0.23684210576923076 0.5333333341346154 0.2324561394230769 0.5366666658653846 0.4561403509615385 0.7466666658653847 0.4473684206730769 0.7466666658653847 0.30701754326923075 0.5866666658653846 0.28508771875
171 0.03333333413461538 0.6359649134615384 0.46 0.9342105264423076 0.95 0.75 0.9566666658653846 0.4429824567307692 0.84 0.4298245625 0.53 0.46052631490384616 0.48000000000000004 0.46052631490384616 0.09333333413461539 0.42105263221153844 0.03666666586538461 0.4298245625 0.03333333413461538 0.6359649134615384
1661 0.9333333341346154 0.6096491225961539 0.9733333341346154 0.8201754374999999 0.9866666658653845 0.8157894735576924 0.9633333341346154 0.7280701754807691 0.9466666658653846 0.6403508774038461 0.95 0.6052631586538462 0.9633333341346154 0.5877192980769231 0.9600000000000001 0.5745614038461538 0.9766666658653846 0.5175438605769231 0.9866666658653845 0.5131578942307692 0.9866666658653845 0.4692982451923077 0.9733333341346154 0.46052631490384616 0.9166666658653846 0.4692982451923077 0.9033333341346155 0.4868421057692308 0.8933333341346154 0.5043859639423076 0.8966666658653846 0.5657894735576924 0.8733333341346154 0.5657894735576924 0.8633333341346153 0.5877192980769231 0.8633333341346153 0.6096491225961539 0.8066666658653846 0.7675438605769231 0.8200000000000001 0.7675438605769231 0.8733333341346154 0.6052631586538462 0.8966666658653846 0.6096491225961539 0.9166666658653846 0.8552631586538462 0.9333333341346154 0.8596491225961539 0.9333333341346154 0.8508771923076923 0.92 0.6096491225961539 0.9333333341346154 0.6096491225961539
1661 0.8099999999999999 0.6578947379807693 0.83 0.6535087716346154 0.8733333341346154 0.8728070168269231 0.8866666658653847 0.8815789471153846 0.8966666658653846 0.8728070168269231 0.8433333341346153 0.6403508774038461 0.86 0.6403508774038461 0.8666666658653847 0.6096491225961539 0.86 0.6008771923076923 0.8866666658653847 0.5263157884615385 0.9033333341346155 0.4736842115384615 0.8833333341346153 0.4692982451923077 0.8466666658653845 0.47807017548076924 0.8166666658653846 0.47807017548076924 0.8066666658653846 0.47807017548076924 0.7899999999999999 0.5 0.7833333341346154 0.5219298245192308 0.7833333341346154 0.5745614038461538 0.7633333341346155 0.5745614038461538 0.6966666658653846 0.5921052620192307 0.7333333341346153 0.6271929831730769 0.6799999999999999 0.8859649134615384 0.6966666658653846 0.8947368413461538 0.7466666658653847 0.6447368413461538 0.7666666658653847 0.6491228076923077 0.7566666658653846 0.8245614038461538 0.7666666658653847 0.8289473677884616 0.7766666658653846 0.6447368413461538 0.7933333341346154 0.6578947379807693 0.8133333341346154 0.9385964903846153 0.8266666658653846 0.9473684206730769 0.83 0.9385964903846153 0.8099999999999999 0.6578947379807693
1661 0.6733333341346154 0.6842105264423076 0.6933333341346154 0.6842105264423076 0.7633333341346155 0.9692982451923077 0.7766666658653846 0.9736842115384616 0.7866666658653846 0.9605263149038462 0.7100000000000001 0.6842105264423076 0.7333333341346153 0.6666666658653846 0.7466666658653847 0.6359649134615384 0.7366666658653845 0.6271929831730769 0.7466666658653847 0.5482456129807692 0.7633333341346155 0.5438596490384615 0.77 0.5263157884615385 0.77 0.49122806971153843 0.7666666658653847 0.4736842115384615 0.7 0.4868421057692308 0.6633333341346154 0.4868421057692308 0.6533333341346155 0.5 0.6433333341346154 0.5131578942307692 0.6433333341346154 0.5263157884615385 0.62 0.5219298245192308 0.62 0.5438596490384615 0.64 0.5482456129807692 0.6366666658653847 0.6052631586538462 0.5633333341346154 0.6184210528846154 0.5533333341346154 0.6315789471153846 0.56 0.6491228076923077 0.5933333341346153 0.6666666658653846 0.5366666658653846 0.9429824567307693 0.5466666658653846 0.9561403509615385 0.5566666658653846 0.9473684206730769 0.6033333341346154 0.6885964903846153 0.6433333341346154 0.7017543870192308 0.6433333341346154 0.8815789471153846 0.6533333341346155 0.8903508774038461 0.6533333341346155 0.9912280697115385 0.6766666658653846 0.9912280697115385 0.6733333341346154 0.6842105264423076
1661 0.33 0.7017543870192308 0.34666666586538464 0.6929824567307693 0.40333333413461536 0.96491228125 0.41333333413461537 0.96491228125 0.4233333341346154 0.9561403509615385 0.3633333341346154 0.6754385961538462 0.39666666586538457 0.662280701923077 0.39666666586538457 0.6447368413461538 0.40666666586538464 0.6403508774038461 0.39666666586538457 0.6228070168269231 0.33333333413461536 0.5964912283653846 0.32 0.5964912283653846 0.3033333341346154 0.6008771923076923 0.3033333341346154 0.5526315793269231 0.31 0.5263157884615385 0.3 0.5043859639423076 0.28 0.49561403605769233 0.22666666586538461 0.49561403605769233 0.19 0.49122806971153843 0.18666666586538463 0.5131578942307692 0.19666666586538462 0.5526315793269231 0.2133333341346154 0.5921052620192307 0.22333333413461537 0.6228070168269231 0.2166666658653846 0.6315789471153846 0.2166666658653846 0.662280701923077 0.23 0.6973684206730769 0.24000000000000002 0.6929824567307693 0.1833333341346154 0.96491228125 0.19333333413461537 0.9692982451923077 0.2033333341346154 0.96491228125 0.25 0.6973684206730769 0.28 0.7017543870192308 0.2633333341346154 0.9868421057692308 0.26999999999999996 0.9912280697115385 0.2866666658653846 0.9824561394230769 0.3 0.7061403509615385 0.3133333341346154 0.7017543870192308 0.3166666658653846 0.8947368413461538 0.3266666658653846 0.8947368413461538 0.33333333413461536 0.8947368413461538 0.33 0.7017543870192308
1663 0.18666666586538463 0.6491228076923077 0.2 0.6535087716346154 0.16666666586538462 0.9166666658653846 0.17666666586538463 0.9254385961538462 0.1833333341346154 0.9166666658653846 0.21 0.6578947379807693 0.2166666658653846 0.6535087716346154 0.22 0.6184210528846154 0.19666666586538462 0.5570175432692308 0.18666666586538463 0.5263157884615385 0.18666666586538463 0.49561403605769233 0.17666666586538463 0.4868421057692308 0.14333333413461538 0.4824561394230769 0.1333333341346154 0.4824561394230769 0.1533333341346154 0.5789473677884616 0.16 0.6008771923076923 0.1566666658653846 0.6184210528846154 0.17666666586538463 0.6491228076923077 0.14 0.8552631586538462 0.1533333341346154 0.8596491225961539 0.18666666586538463 0.6491228076923077
1663 0.1333333341346154 0.6228070168269231 0.14 0.6271929831730769 0.12000000000000001 0.8333333341346154 0.1266666658653846 0.8464912283653846 0.13666666586538462 0.8333333341346154 0.1533333341346154 0.6228070168269231 0.16 0.6184210528846154 0.16 0.6008771923076923 0.14666666586538463 0.5789473677884616 0.1333333341346154 0.4824561394230769 0.12000000000000001 0.4824561394230769 0.10333333413461537 0.47807017548076924 0.08333333413461538 0.4692982451923077 0.08 0.4692982451923077 0.09333333413461539 0.5087719302884616 0.10333333413461537 0.5657894735576924 0.11 0.5745614038461538 0.11 0.5833333341346154 0.11666666586538461 0.6008771923076923 0.1266666658653846 0.6096491225961539 0.08333333413461538 0.7894736850961538 0.09666666586538461 0.8026315793269231 0.1333333341346154 0.6228070168269231
1663 0.0766666658653846 0.5833333341346154 0.09333333413461539 0.5964912283653846 0.07 0.78508771875 0.08333333413461538 0.78508771875 0.10333333413461537 0.5964912283653846 0.11333333413461538 0.5921052620192307 0.08666666586538462 0.49561403605769233 0.0766666658653846 0.46491228125000006 0.053333334134615384 0.46052631490384616 0.03666666586538461 0.46052631490384616 0.04333333413461538 0.49122806971153843 0.060000000000000005 0.5394736850961539 0.053333334134615384 0.5526315793269231 0.06333333413461538 0.5745614038461538 0.04666666586538462 0.7368421057692308 0.060000000000000005 0.7456140360576923 0.0766666658653846 0.5833333341346154
1885 1 0.3092105264423077 0.9966666658653847 0.20175438701923076 0.87 0.19736842067307692 0.8633333341346153 0.2543859639423077 0.9466666658653846 0.2543859639423077 0.9433333341346154 0.32894736778846156 0.8433333341346153 0.32456140384615384 0.7466666658653847 0.30701754326923075 0.75 0.4342105264423077 0.8366666658653846 0.42105263221153844 0.9600000000000001 0.4429824567307692 0.9533333341346153 0.6535087716346154 1 0.6535087716346154 1 0.3092105264423077
1523 0.4866666658653846 0.2763157884615385 0.4666666658653846 0.2763157884615385 0.3866666658653846 0.2807017548076923 0.3833333341346154 0.40350877163461535 0.3833333341346154 0.4473684206730769 0.4833333341346154 0.4473684206730769 0.4866666658653846 0.2763157884615385
1885 0.4833333341346154 0.25877193028846157 0.26999999999999996 0.22807017548076924 0.22666666586538461 0.2763157884615385 0.22333333413461537 0.4122807019230769 0.22333333413461537 0.4342105264423077 0.4833333341346154 0.46052631490384616 0.5066666658653847 0.46052631490384616 0.5399999999999999 0.4561403509615385 0.5366666658653846 0.45175438701923076 0.5366666658653846 0.2324561394230769 0.4833333341346154 0.22368421153846155 0.4833333341346154 0.25877193028846157
1885 0.22 0.4298245625 0.22666666586538461 0.2763157884615385 0.006666665865384615 0.2456140360576923 0.0033333341346153847 0.33333333413461536 0.0033333341346153847 0.5438596490384615 0.03333333413461538 0.5526315793269231 0.03333333413461538 0.4342105264423077 0.09666666586538461 0.41666666586538464 0.22 0.4298245625
792 1 0.6532163725961537 0.9533333341346153 0.6491228076923077 0.9533333341346153 0.75 0.4633333341346154 0.9342105264423076 0.03333333413461538 0.6359649134615384 0.03333333413461538 0.5526315793269231 0.0033333341346153847 0.5438596490384615 0.0033333341346153847 0.9912280697115385 1 0.9912280697115385 1 0.6532163725961537
1753 0.35333333413461543 0.07456140384615385 0.35666666586538465 0.1842105264423077 0.7166666658653846 0.25 0.7166666658653846 0.1798245625 0.35333333413461543 0.07456140384615385