402 0 0 0 0.18359375 0.15234375 0.18359375 0.978515625 0 0 0
1027 0.10546875 0.0703125 0.12890625 0.07421875 0.14453125 0.07421875 0.1484375 0.07421875 0.14453125 0.0625 0.125 0.05859375 0.109375 0.05859375 0.09765625 0.0625 0.10546875 0.0703125
402 1 0.13979166826923078 0.28515625 0.23828125 0.28125 0.2109375 0.1875 0.2265625 0.16015625 0.23046875 0.1171875 0.2265625 0.07421875 0.2265625 0.05859375 0.2265625 0.0625 0.2890625 0.1796875 0.28515625 0.23828125 0.27734375 0.484375 0.2578125 0.49609375 0.2109375 0.60546875 0.19921875 0.60546875 0.23046875 0.85546875 0.203125 0.90234375 0.24609375 1 0.23734841346153848 1 0.13979166826923078
1885 0.9704953485576924 0 0.15234375 0.1796875 0.16015625 0.23046875 0.28125 0.2109375 0.28515625 0.234375 1 0.1390625 1 0 0.9704953485576924 0
1309 0.82421875 0.03515625 0.82421875 0.09375 0.90234375 0.08203125 0.90234375 0.0234375 0.82421875 0.03515625
1309 1 0 0.9296875 0.015625 0.9296875 0.07421875 1 0.060156249999999994 1 0
1523 0.296875 0.2734375 0.296875 0.3984375 0.54296875 0.40625 0.546875 0.20703125 0.484375 0.2109375 0.484375 0.25390625 0.296875 0.2734375
171 1 0.3798491370192308 0.609375 0.41015625 0.55078125 0.41015625 0.1875 0.3828125 0.05078125 0.39453125 0.05859375 0.66796875 0.6328125 0.83203125 1 0.6369628894230769 1 0.3798491370192308
1661 0.09375 0.54296875 0.078125 0.7578125 0.078125 0.765625 0.09765625 0.76171875 0.12109375 0.54296875 0.1484375 0.5390625 0.2109375 0.68359375 0.2265625 0.68359375 0.16015625 0.54296875 0.16015625 0.5234375 0.1484375 0.50390625 0.12109375 0.50390625 0.125 0.44921875 0.11328125 0.43359375 0.09765625 0.41796875 0.03125 0.41015625 0.015625 0.41796875 0.015625 0.45703125 0.02734375 0.4609375 0.046875 0.51171875 0.04296875 0.5234375 0.05859375 0.5390625 0.0625 0.5703125 0.04296875 0.6484375 0.015625 0.7265625 0.03125 0.73046875 0.078125 0.54296875 0.09375 0.54296875
1661 0.19921875 0.8359375 0.203125 0.84375 0.21875 0.8359375 0.2421875 0.5859375 0.26171875 0.57421875 0.2734375 0.73828125 0.28515625 0.734375 0.2734375 0.578125 0.296875 0.57421875 0.35546875 0.796875 0.375 0.7890625 0.3125 0.55859375 0.35546875 0.52734375 0.27734375 0.51171875 0.25390625 0.51171875 0.25390625 0.46484375 0.24609375 0.4453125 0.2265625 0.42578125 0.21484375 0.42578125 0.1796875 0.42578125 0.13671875 0.41796875 0.11328125 0.421875 0.1328125 0.46875 0.1640625 0.53515625 0.15625 0.54296875 0.1640625 0.5703125 0.18359375 0.5703125 0.12109375 0.77734375 0.1328125 0.78515625 0.1484375 0.77734375 0.19921875 0.58203125 0.22265625 0.5859375 0.19921875 0.8359375
1661 0.37890625 0.8828125 0.40625 0.8828125 0.40625 0.79296875 0.41796875 0.78515625 0.41796875 0.625 0.46484375 0.61328125 0.51953125 0.84375 0.53125 0.8515625 0.54296875 0.83984375 0.4765625 0.59375 0.515625 0.578125 0.5234375 0.5625 0.51171875 0.55078125 0.42578125 0.5390625 0.421875 0.48828125 0.4453125 0.484375 0.4453125 0.46484375 0.41796875 0.46875 0.41796875 0.45703125 0.40625 0.4453125 0.39453125 0.43359375 0.3515625 0.43359375 0.2734375 0.421875 0.26953125 0.4375 0.26953125 0.46875 0.27734375 0.484375 0.296875 0.48828125 0.30859375 0.55859375 0.296875 0.56640625 0.3125 0.59375 0.33984375 0.609375 0.25 0.85546875 0.26171875 0.8671875 0.27734375 0.86328125 0.359375 0.609375 0.3828125 0.609375 0.37890625 0.8828125
1661 0.78125 0.796875 0.7890625 0.796875 0.80078125 0.796875 0.8046875 0.625 0.8203125 0.62890625 0.8359375 0.875 0.85546875 0.8828125 0.86328125 0.87890625 0.84375 0.625 0.87890625 0.62109375 0.93359375 0.859375 0.9453125 0.86328125 0.95703125 0.859375 0.890625 0.6171875 0.90234375 0.62109375 0.91796875 0.58984375 0.91796875 0.5625 0.91015625 0.5546875 0.921875 0.52734375 0.94140625 0.4921875 0.953125 0.45703125 0.94921875 0.4375 0.90625 0.44140625 0.84375 0.44140625 0.8203125 0.44921875 0.80859375 0.46875 0.81640625 0.4921875 0.81640625 0.53515625 0.796875 0.53125 0.78125 0.53125 0.70703125 0.5546875 0.6953125 0.5703125 0.70703125 0.57421875 0.70703125 0.58984375 0.74609375 0.6015625 0.67578125 0.8515625 0.6875 0.859375 0.69921875 0.859375 0.765625 0.6171875 0.78515625 0.625 0.78125 0.796875
1663 1 0.430078125 0.96484375 0.43359375 0.953125 0.44140625 0.953125 0.46875 0.94140625 0.49609375 0.9140625 0.55078125 0.91796875 0.58203125 0.92578125 0.5859375 0.95703125 0.81640625 0.96484375 0.82421875 0.9765625 0.81640625 0.9375 0.58203125 0.953125 0.578125 0.9921875 0.765625 1 0.763671875 1 0.7283380673076922 0.96484375 0.578125 0.98828125 0.55078125 0.984375 0.53515625 0.9921875 0.515625 1 0.48697916826923077 1 0.430078125
1885 0 0.58203125 0.0546875 0.58203125 0.046875 0.39453125 0.19140625 0.375 0.29296875 0.38671875 0.296875 0.2734375 0.18359375 0.2890625 0.06640625 0.29296875 0.0625 0.2265625 0.16015625 0.2265625 0.15234375 0.17578125 0.00390625 0.1796875 0 0.275390625 0 0.58203125
1523 0.60546875 0.3984375 0.72265625 0.3984375 0.72265625 0.359375 0.71875 0.25 0.625 0.24609375 0.6015625 0.24609375 0.60546875 0.3984375
1885 0.60546875 0.19921875 0.54296875 0.20703125 0.54296875 0.40234375 0.5390625 0.40625 0.578125 0.41015625 0.60546875 0.41015625 0.91015625 0.38671875 0.91015625 0.3671875 0.90625 0.24609375 0.85546875 0.203125 0.60546875 0.23046875 0.60546875 0.19921875
1885 1 0.2361505673076923 0.90625 0.24609375 0.9140625 0.3828125 1 0.37584459375 1 0.2361505673076923
792 1 0.6364159423076923 0.62890625 0.83203125 0.0546875 0.66796875 0.0546875 0.578125 0 0.5817708317307692 0 0.8828125 1 0.8828125 1 0.6364159423076923
1753 0.33203125 0.16015625 0.33203125 0.22265625 0.75390625 0.1640625 0.7578125 0.06640625 0.33203125 0.16015625