402 0 0 0 0.20614035096153846 0.13 0.20614035096153846 0.8350000000000001 0 0 0
1027 0.09 0.07894736778846154 0.11 0.08333333413461538 0.12333333413461538 0.08333333413461538 0.1266666658653846 0.08333333413461538 0.12333333413461538 0.0701754375 0.10666666586538462 0.06578947355769231 0.09333333413461539 0.06578947355769231 0.08333333413461538 0.0701754375 0.09 0.07894736778846154
402 0.13666666586538462 0.25877193028846157 0.1 0.2543859639423077 0.06333333413461538 0.2543859639423077 0.05 0.2543859639423077 0.053333334134615384 0.32456140384615384 0.1533333341346154 0.3201754375 0.2033333341346154 0.3114035096153846 0.41333333413461537 0.28947368509615384 0.4233333341346154 0.23684210576923076 0.5166666658653847 0.22368421153846155 0.5166666658653847 0.25877193028846157 0.73 0.22807017548076924 0.77 0.2763157884615385 0.9933333341346154 0.25 0.9933333341346154 0.13157894711538462 0.2433333341346154 0.2675438605769231 0.24000000000000002 0.23684210576923076 0.16 0.2543859639423077 0.13666666586538462 0.25877193028846157
1885 0.8281560288461538 0 0.13 0.20175438701923076 0.13666666586538462 0.25877193028846157 0.24000000000000002 0.23684210576923076 0.2433333341346154 0.26315789423076924 0.9933333341346154 0.13157894711538462 0.996559139423077 0 0.8281560288461538 0
1309 0.7033333341346153 0.03947368509615385 0.7033333341346153 0.10526315865384615 0.77 0.09210526201923078 0.77 0.026315788461538463 0.7033333341346153 0.03947368509615385
1309 0.7933333341346154 0.08333333413461538 0.86 0.06578947355769231 0.8533333341346154 0 0.7933333341346154 0.017543860576923077 0.7933333341346154 0.08333333413461538
1523 0.2533333341346154 0.30701754326923075 0.2533333341346154 0.4473684206730769 0.4633333341346154 0.4561403509615385 0.4666666658653846 0.2324561394230769 0.41333333413461537 0.23684210576923076 0.41333333413461537 0.28508771875 0.2533333341346154 0.30701754326923075
171 0.9633333341346154 0.4298245625 0.9066666658653847 0.42105263221153844 0.52 0.46052631490384616 0.47000000000000003 0.46052631490384616 0.16 0.4298245625 0.04333333413461538 0.4429824567307692 0.05 0.75 0.5399999999999999 0.9342105264423076 0.9666666658653846 0.6359649134615384 0.9633333341346154 0.4298245625
1661 0.08 0.6096491225961539 0.06666666586538461 0.8508771923076923 0.06666666586538461 0.8596491225961539 0.08333333413461538 0.8552631586538462 0.10333333413461537 0.6096491225961539 0.1266666658653846 0.6052631586538462 0.18 0.7675438605769231 0.19333333413461537 0.7675438605769231 0.13666666586538462 0.6096491225961539 0.13666666586538462 0.5877192980769231 0.1266666658653846 0.5657894735576924 0.10333333413461537 0.5657894735576924 0.10666666586538462 0.5043859639423076 0.09666666586538461 0.4868421057692308 0.08333333413461538 0.4692982451923077 0.026666665865384614 0.46052631490384616 0.013333334134615385 0.4692982451923077 0.013333334134615385 0.5131578942307692 0.023333334134615382 0.5175438605769231 0.04 0.5745614038461538 0.03666666586538461 0.5877192980769231 0.05 0.6052631586538462 0.053333334134615384 0.6403508774038461 0.03666666586538461 0.7280701754807691 0.013333334134615385 0.8157894735576924 0.026666665865384614 0.8201754374999999 0.06666666586538461 0.6096491225961539 0.08 0.6096491225961539
1661 0.16999999999999998 0.9385964903846153 0.17333333413461538 0.9473684206730769 0.18666666586538463 0.9385964903846153 0.2066666658653846 0.6578947379807693 0.22333333413461537 0.6447368413461538 0.23333333413461538 0.8289473677884616 0.2433333341346154 0.8245614038461538 0.23333333413461538 0.6491228076923077 0.2533333341346154 0.6447368413461538 0.3033333341346154 0.8947368413461538 0.32 0.8859649134615384 0.2666666658653846 0.6271929831730769 0.3033333341346154 0.5921052620192307 0.23666666586538462 0.5745614038461538 0.2166666658653846 0.5745614038461538 0.2166666658653846 0.5219298245192308 0.21 0.5 0.19333333413461537 0.47807017548076924 0.1833333341346154 0.47807017548076924 0.1533333341346154 0.47807017548076924 0.11666666586538461 0.4692982451923077 0.09666666586538461 0.4736842115384615 0.11333333413461538 0.5263157884615385 0.14 0.6008771923076923 0.1333333341346154 0.6096491225961539 0.14 0.6403508774038461 0.1566666658653846 0.6403508774038461 0.10333333413461537 0.8728070168269231 0.11333333413461538 0.8815789471153846 0.1266666658653846 0.8728070168269231 0.16999999999999998 0.6535087716346154 0.19 0.6578947379807693 0.16999999999999998 0.9385964903846153
1661 0.32333333413461535 0.9912280697115385 0.34666666586538464 0.9912280697115385 0.34666666586538464 0.8903508774038461 0.35666666586538465 0.8815789471153846 0.35666666586538465 0.7017543870192308 0.39666666586538457 0.6885964903846153 0.4433333341346154 0.9473684206730769 0.4533333341346154 0.9561403509615385 0.4633333341346154 0.9429824567307693 0.40666666586538464 0.6666666658653846 0.44 0.6491228076923077 0.4466666658653846 0.6315789471153846 0.4366666658653846 0.6184210528846154 0.3633333341346154 0.6052631586538462 0.36 0.5482456129807692 0.38 0.5438596490384615 0.38 0.5219298245192308 0.35666666586538465 0.5263157884615385 0.35666666586538465 0.5131578942307692 0.34666666586538464 0.5 0.33666666586538463 0.4868421057692308 0.3 0.4868421057692308 0.23333333413461538 0.4736842115384615 0.23 0.49122806971153843 0.23 0.5263157884615385 0.23666666586538462 0.5438596490384615 0.2533333341346154 0.5482456129807692 0.2633333341346154 0.6271929831730769 0.2533333341346154 0.6359649134615384 0.2666666658653846 0.6666666658653846 0.29 0.6842105264423076 0.2133333341346154 0.9605263149038462 0.22333333413461537 0.9736842115384616 0.23666666586538462 0.9692982451923077 0.3066666658653846 0.6842105264423076 0.3266666658653846 0.6842105264423076 0.32333333413461535 0.9912280697115385
1661 0.6666666658653846 0.8947368413461538 0.6733333341346154 0.8947368413461538 0.6833333341346154 0.8947368413461538 0.6866666658653846 0.7017543870192308 0.7 0.7061403509615385 0.7133333341346154 0.9824561394230769 0.73 0.9912280697115385 0.7366666658653845 0.9868421057692308 0.72 0.7017543870192308 0.75 0.6973684206730769 0.7966666658653847 0.96491228125 0.8066666658653846 0.9692982451923077 0.8166666658653846 0.96491228125 0.76 0.6929824567307693 0.77 0.6973684206730769 0.7833333341346154 0.662280701923077 0.7833333341346154 0.6315789471153846 0.7766666658653846 0.6228070168269231 0.7866666658653846 0.5921052620192307 0.8033333341346154 0.5526315793269231 0.8133333341346154 0.5131578942307692 0.8099999999999999 0.49122806971153843 0.7733333341346154 0.49561403605769233 0.72 0.49561403605769233 0.7 0.5043859639423076 0.6900000000000001 0.5263157884615385 0.6966666658653846 0.5526315793269231 0.6966666658653846 0.6008771923076923 0.6799999999999999 0.5964912283653846 0.6666666658653846 0.5964912283653846 0.6033333341346154 0.6228070168269231 0.5933333341346153 0.6403508774038461 0.6033333341346154 0.6447368413461538 0.6033333341346154 0.662280701923077 0.6366666658653847 0.6754385961538462 0.5766666658653846 0.9561403509615385 0.5866666658653846 0.96491228125 0.5966666658653846 0.96491228125 0.6533333341346155 0.6929824567307693 0.67 0.7017543870192308 0.6666666658653846 0.8947368413461538
1663 0.8466666658653845 0.8596491225961539 0.86 0.8552631586538462 0.8233333341346154 0.6491228076923077 0.8433333341346153 0.6184210528846154 0.84 0.6008771923076923 0.8466666658653845 0.5789473677884616 0.8666666658653847 0.4824561394230769 0.8566666658653846 0.4824561394230769 0.8233333341346154 0.4868421057692308 0.8133333341346154 0.49561403605769233 0.8133333341346154 0.5263157884615385 0.8033333341346154 0.5570175432692308 0.78 0.6184210528846154 0.7833333341346154 0.6535087716346154 0.7899999999999999 0.6578947379807693 0.8166666658653846 0.9166666658653846 0.8233333341346154 0.9254385961538462 0.8333333341346154 0.9166666658653846 0.8 0.6535087716346154 0.8133333341346154 0.6491228076923077 0.8466666658653845 0.8596491225961539
1663 0.9033333341346155 0.8026315793269231 0.9166666658653846 0.7894736850961538 0.8733333341346154 0.6096491225961539 0.8833333341346153 0.6008771923076923 0.89 0.5833333341346154 0.89 0.5745614038461538 0.8966666658653846 0.5657894735576924 0.9066666658653847 0.5087719302884616 0.92 0.4692982451923077 0.9166666658653846 0.4692982451923077 0.8966666658653846 0.47807017548076924 0.88 0.4824561394230769 0.8666666658653847 0.4824561394230769 0.8533333341346154 0.5789473677884616 0.84 0.6008771923076923 0.84 0.6184210528846154 0.8466666658653845 0.6228070168269231 0.8633333341346153 0.8333333341346154 0.8733333341346154 0.8464912283653846 0.88 0.8333333341346154 0.86 0.6271929831730769 0.8666666658653847 0.6228070168269231 0.9033333341346155 0.8026315793269231
1663 0.9400000000000001 0.7456140360576923 0.9533333341346153 0.7368421057692308 0.9366666658653846 0.5745614038461538 0.9466666658653846 0.5526315793269231 0.9400000000000001 0.5394736850961539 0.9566666658653846 0.49122806971153843 0.9633333341346154 0.46052631490384616 0.9466666658653846 0.46052631490384616 0.9233333341346154 0.46491228125000006 0.9133333341346154 0.49561403605769233 0.8866666658653847 0.5921052620192307 0.8966666658653846 0.5964912283653846 0.9166666658653846 0.78508771875 0.9299999999999999 0.78508771875 0.9066666658653847 0.5964912283653846 0.9233333341346154 0.5833333341346154 0.9400000000000001 0.7456140360576923
1885 0 0.6535087716346154 0.04666666586538462 0.6535087716346154 0.04 0.4429824567307692 0.1633333341346154 0.42105263221153844 0.25 0.4342105264423077 0.2533333341346154 0.30701754326923075 0.1566666658653846 0.32456140384615384 0.056666665865384616 0.32894736778846156 0.053333334134615384 0.2543859639423077 0.13666666586538462 0.2543859639423077 0.13 0.19736842067307692 0.0033333341346153847 0.20175438701923076 0 0.3092105264423077 0 0.6535087716346154
1523 0.5166666658653847 0.4473684206730769 0.6166666658653847 0.4473684206730769 0.6166666658653847 0.40350877163461535 0.6133333341346154 0.2807017548076923 0.5333333341346154 0.2763157884615385 0.5133333341346155 0.2763157884615385 0.5166666658653847 0.4473684206730769
1885 0.5166666658653847 0.22368421153846155 0.4633333341346154 0.2324561394230769 0.4633333341346154 0.45175438701923076 0.46 0.4561403509615385 0.4933333341346154 0.46052631490384616 0.5166666658653847 0.46052631490384616 0.7766666658653846 0.4342105264423077 0.7766666658653846 0.4122807019230769 0.7733333341346154 0.2763157884615385 0.73 0.22807017548076924 0.5166666658653847 0.25877193028846157 0.5166666658653847 0.22368421153846155
1885 0.9033333341346155 0.41666666586538464 0.9666666658653846 0.4342105264423077 0.9666666658653846 0.5526315793269231 0.9966666658653847 0.5438596490384615 0.9966666658653847 0.33333333413461536 0.9933333341346154 0.2456140360576923 0.7733333341346154 0.2763157884615385 0.78 0.4298245625 0.9033333341346155 0.41666666586538464
792 0 0.9912280697115385 0.9966666658653847 0.9912280697115385 0.9966666658653847 0.5438596490384615 0.9666666658653846 0.5526315793269231 0.9666666658653846 0.6359649134615384 0.5366666658653846 0.9342105264423076 0.04666666586538462 0.75 0.04666666586538462 0.6491228076923077 0 0.6532163725961537 0 0.9912280697115385
1753 0.2833333341346154 0.1798245625 0.2833333341346154 0.25 0.6433333341346154 0.1842105264423077 0.6466666658653846 0.07456140384615385 0.2833333341346154 0.1798245625