402 0.005 0 0.005 0.17636022596153847 0.30874999999999997 0.2176360216346154 0.7685363245192308 0 0.005 0
1027 0.11375 0.1500938076923077 0.12875 0.15572232692307694 0.185 0.11444652884615383 0.16249999999999998 0.1069418389423077 0.11375 0.1500938076923077
1562 0.20625 0.1894934326923077 0.34875 0.2063789879807692 0.34750000000000003 0.04690431490384615 0.20875000000000002 0.02439024278846154 0.20625 0.1894934326923077
314 0.99875 0.6285178245192308 0.9137500000000001 0.6078799254807692 0.8687499999999999 0.7298311442307692 0.8875 0.7711069423076923 0.99875 0.79924953125 0.99875 0.6285178245192308
119 0.90625 0.6716697932692307 0.90125 0.6735459663461539 0.8975000000000001 0.6923076923076923 0.8975000000000001 0.7035647283653846 0.8875 0.7317073173076923 0.89 0.7317073173076923 0.9037499999999999 0.7317073173076923 0.9125000000000001 0.7373358341346153 0.92 0.7429643533653846 0.9287500000000001 0.7429643533653846 0.9475 0.7485928701923077 0.9675 0.7485928701923077 0.97375 0.7523452163461539 0.99 0.7504690432692308 0.99625 0.7373358341346153 0.9974999999999999 0.7185741081730769 0.9974999999999999 0.6829268293269231 0.9937499999999999 0.6679174495192307 0.99 0.6510318942307692 0.98125 0.6566604134615385 0.9725 0.6491557211538462 0.9600000000000001 0.6491557211538462 0.95125 0.6454033774038461 0.9437500000000001 0.6472795504807694 0.9375 0.6491557211538462 0.925 0.643527204326923 0.9175 0.6585365865384615 0.9087500000000001 0.6585365865384615 0.90625 0.6716697932692307
314 0.8075 0.5947467163461538 0.7625 0.7091932451923076 0.76875 0.7467166971153846 0.8775000000000001 0.7654784230769232 0.8687499999999999 0.7279549711538462 0.91125 0.6060037524038462 0.8075 0.5947467163461538
119 0.8674999999999999 0.6266416514423077 0.8575 0.6191369615384615 0.8425 0.6172607884615384 0.8325 0.6247654783653847 0.82625 0.6153846153846154 0.8212499999999999 0.6135084423076923 0.8150000000000001 0.6153846153846154 0.8062499999999999 0.6153846153846154 0.8025 0.6397748581730769 0.795 0.6566604134615385 0.7875000000000001 0.6679174495192307 0.7837500000000001 0.6904315192307693 0.7775 0.7035647283653846 0.78625 0.7129455913461539 0.8037500000000001 0.714821764423077 0.81625 0.714821764423077 0.83 0.7166979350961539 0.84 0.7129455913461539 0.855 0.7185741081730769 0.87125 0.6829268293269231 0.87375 0.6679174495192307 0.87875 0.6510318942307692 0.8837499999999999 0.64165103125 0.8837499999999999 0.6341463413461538 0.87625 0.6303939951923077 0.8674999999999999 0.6266416514423077
314 1 0.5118198870192308 0.96375 0.5009380865384615 0.92 0.5984990625 0.9225 0.6116322692307692 0.99875 0.6266416514423077 1 0.5694183870192308 1 0.5118198870192308
119 0.985 0.5572232644230769 0.98125 0.5534709182692308 0.9725 0.5440900552884615 0.96375 0.5534709182692308 0.95625 0.5515947475961538 0.9525 0.5590994375 0.9475 0.5684803004807693 0.9400000000000001 0.5909943725961538 0.93375 0.60225140625 0.94125 0.6153846153846154 0.95625 0.6172607884615384 0.96875 0.6172607884615384 0.98125 0.6153846153846154 0.9974999999999999 0.6153846153846154 0.99625 0.5459662283653846 0.9937499999999999 0.5497185745192308 0.985 0.5572232644230769
314 1 0.40900562740384616 0.99625 0.40900562740384616 0.98125 0.4465290817307693 0.96375 0.5009380865384615 0.99875 0.5103189495192308 1 0.4596622884615385 1 0.40900562740384616
119 0.9974999999999999 0.4427767355769231 0.99 0.45215759855769233 0.99 0.4690431514423077 0.98375 0.48217636057692304 0.9762500000000001 0.49530956730769227 0.98125 0.5028142596153846 0.9974999999999999 0.5065666033653846 0.9974999999999999 0.4427767355769231
321 0.89625 0.39587242067307693 0.8150000000000001 0.5909943725961538 0.9125000000000001 0.6003752355769231 0.9912500000000001 0.3939962475961538 0.89625 0.39587242067307693
119 0.895 0.44840525240384616 0.8925 0.45778611538461533 0.89375 0.4690431514423077 0.8812500000000001 0.47842401442307697 0.87 0.4896810504807692 0.87125 0.4934333966346154 0.8812500000000001 0.49530956730769227 0.8987499999999999 0.4990619134615385 0.9125000000000001 0.49718574038461544 0.95 0.4934333966346154 0.95375 0.4671669783653846 0.9450000000000001 0.4690431514423077 0.94125 0.4596622884615385 0.93375 0.4540337716346154 0.925 0.45778611538461533 0.925 0.4446529086538461 0.92125 0.43714821875 0.91875 0.42401500961538463 0.9087500000000001 0.4277673557692308 0.9087500000000001 0.43902438942307687 0.895 0.44840525240384616
119 0.9325 0.5328330216346153 0.92625 0.5403377115384616 0.9125000000000001 0.5403377115384616 0.8999999999999999 0.5328330216346153 0.89375 0.5253283293269231 0.8812500000000001 0.5215759855769231 0.87625 0.5328330216346153 0.8662500000000001 0.5290806754807693 0.8575 0.5234521586538462 0.8475 0.5384615384615384 0.83375 0.5572232644230769 0.82375 0.5909943725961538 0.9087500000000001 0.596622889423077 0.93375 0.5309568485576923 0.9325 0.5328330216346153
321 0.84375 0.3339587235576923 0.8374999999999999 0.33020637980769235 0.67125 0.6941838653846154 0.6825 0.7260787980769231 0.76875 0.7448405264423077 0.76375 0.714821764423077 0.9312499999999999 0.3227016875 0.9225 0.32082551682692306 0.91875 0.33583489663461535 0.8462500000000001 0.3433395865384616 0.84375 0.3339587235576923
119 0.7837500000000001 0.6322701682692308 0.77125 0.6378986875 0.7625 0.6491557211538462 0.7474999999999999 0.6491557211538462 0.74 0.6622889302884616 0.735 0.6566604134615385 0.735 0.643527204326923 0.7274999999999999 0.643527204326923 0.7212500000000001 0.6491557211538462 0.7225 0.6641651033653846 0.7162499999999999 0.6697936201923077 0.70625 0.6660412764423077 0.6937500000000001 0.6829268293269231 0.6849999999999999 0.6885553461538462 0.7 0.6941838653846154 0.7124999999999999 0.714821764423077 0.7424999999999999 0.7166979350961539 0.76125 0.7035647283653846 0.77125 0.6697936201923077 0.7875000000000001 0.6341463413461538 0.7837500000000001 0.6322701682692308
119 0.81125 0.5778611634615385 0.8099999999999999 0.56285178125 0.8075 0.5515947475961538 0.7975 0.5515947475961538 0.79625 0.564727954326923 0.7925 0.5759849903846154 0.7925 0.5909943725961538 0.785 0.5947467163461538 0.78625 0.5816135096153846 0.7837500000000001 0.5703564735576923 0.7775 0.564727954326923 0.77125 0.5759849903846154 0.76375 0.5778611634615385 0.7525000000000001 0.5778611634615385 0.7437499999999999 0.5778611634615385 0.735 0.5797373365384615 0.73125 0.5834896802884615 0.73125 0.6003752355769231 0.74625 0.6116322692307692 0.76 0.6097560985576923 0.77125 0.5909943725961538 0.7787499999999999 0.5891181995192307 0.785 0.6003752355769231 0.795 0.6003752355769231 0.81125 0.5778611634615385
119 0.8 0.49718574038461544 0.8150000000000001 0.48780487740384615 0.8225 0.49718574038461544 0.83375 0.5009380865384615 0.8462500000000001 0.5028142596153846 0.8500000000000001 0.49718574038461544 0.85625 0.47842401442307697 0.87375 0.43151969951923075 0.86375 0.44090056250000004 0.85875 0.43151969951923075 0.845 0.43151969951923075 0.83875 0.43151969951923075 0.82875 0.4502814254807692 0.81625 0.4446529086538461 0.81375 0.4296435264423077 0.8062499999999999 0.4296435264423077 0.80125 0.43339587259615386 0.7975 0.4465290817307693 0.7875000000000001 0.46341463461538457 0.77625 0.48030018750000003 0.77 0.49718574038461544 0.7787499999999999 0.5084427764423076 0.7925 0.5065666033653846 0.8 0.49718574038461544
119 0.8812500000000001 0.3621013125 0.86125 0.36022514182692306 0.8475 0.36022514182692306 0.8374999999999999 0.37148217548076923 0.83125 0.3733583485576923 0.825 0.3864915576923077 0.825 0.39962476442307693 0.8175 0.4127579735576923 0.8187500000000001 0.42213883653846157 0.8275 0.4183864903846154 0.84375 0.42401500961538463 0.85625 0.4183864903846154 0.8674999999999999 0.4202626634615385 0.8825000000000001 0.4146341466346154 0.9075 0.35647279567307694 0.905 0.35647279567307694 0.89375 0.3621013125 0.8812500000000001 0.3621013125
321 0.75125 0.32833020673076924 0.59 0.6529080673076924 0.66875 0.6904315192307693 0.8350000000000001 0.3227016875 0.8025 0.3245778605769231 0.8037500000000001 0.3339587235576923 0.77125 0.33958724278846153 0.76875 0.32833020673076924 0.75125 0.32833020673076924
167 0.70875 0.5722326442307692 0.7212500000000001 0.5478424014423077 0.7225 0.5309568485576923 0.7175 0.5215759855769231 0.7124999999999999 0.5121951225961539 0.6962499999999999 0.5159474663461538 0.68375 0.5234521586538462 0.6825 0.5309568485576923 0.67125 0.5309568485576923 0.6625000000000001 0.5347091923076923 0.6575 0.5440900552884615 0.65125 0.5497185745192308 0.6375 0.5497185745192308 0.63625 0.5515947475961538 0.63625 0.5666041274038461 0.6537499999999999 0.5778611634615385 0.6787500000000001 0.5778611634615385 0.6962499999999999 0.5778611634615385 0.70875 0.5722326442307692
321 0.3025 0.5722326442307692 0.5862499999999999 0.6529080673076924 0.7437499999999999 0.31894934375 0.675 0.33208255048076923 0.67125 0.33958724278846153 0.615 0.3508442788461539 0.61125 0.33583489663461535 0.5525 0.3470919326923077 0.545 0.3621013125 0.4625 0.36585365865384617 0.40625 0.36585365865384617 0.3025 0.5722326442307692
499 0.14375 0.9718574110576923 0.16375 0.9962476538461539 0.5775 0.994371483173077 0.575 0.9080675432692308 0.6587500000000001 0.8874296442307692 0.66 0.6941838653846154 0.6675 0.6923076923076923 0.66625 0.6604127572115384 0.27875 0.5590994375 0.0025 0.5440900552884615 0.0037500000000000003 0.8048780480769231 0.0125 0.8161350841346154 0.0125 0.8424015 0.021249999999999998 0.8442776730769231 0.021249999999999998 0.8330206370192308 0.04625 0.8555347091346154 0.04625 0.8893058173076922 0.06125 0.8893058173076922 0.0625 0.8742964350961538 0.075 0.8911819879807692 0.07375 0.91744840625 0.08499999999999999 0.919324576923077 0.09 0.9061913701923078 0.12375 0.9512195120192307 0.12125 0.9737335841346154 0.1275 0.9812382740384616 0.14125 0.9812382740384616 0.14375 0.9718574110576923
180 0.17750000000000002 0.5572232644230769 0.1875 0.5778611634615385 0.265 0.5816135096153846 0.275 0.5534709182692308 0.27749999999999997 0.5440900552884615 0.26875 0.5121951225961539 0.18125000000000002 0.5121951225961539 0.17750000000000002 0.5572232644230769
1335 0.6625000000000001 0.39962476442307693 0.6775 0.3902439014423077 0.69125 0.3864915576923077 0.7025 0.3827392115384616 0.70375 0.36960600480769235 0.7 0.36585365865384617 0.70875 0.3433395865384616 0.7075 0.3339587235576923 0.7025 0.34146341346153847 0.7 0.33020637980769235 0.6975 0.35272044951923076 0.6950000000000001 0.34146341346153847 0.6925 0.35834896875 0.68625 0.3621013125 0.675 0.36585365865384617 0.6675 0.3733583485576923 0.6537499999999999 0.38086303846153846 0.6487499999999999 0.3939962475961538 0.6625000000000001 0.39962476442307693
843 0.70625 0.44090056250000004 0.705 0.4540337716346154 0.70125 0.4671669783653846 0.6900000000000001 0.47842401442307697 0.6950000000000001 0.4840525336538462 0.7100000000000001 0.48780487740384615 0.72375 0.4840525336538462 0.7437499999999999 0.4840525336538462 0.7562500000000001 0.47091932451923074 0.76375 0.46341463461538457 0.765 0.4465290817307693 0.7749999999999999 0.42401500961538463 0.77125 0.4277673557692308 0.7587499999999999 0.4277673557692308 0.74 0.42401500961538463 0.735 0.43151969951923075 0.7212500000000001 0.4296435264423077 0.70625 0.44090056250000004
843 0.5675 0.5009380865384615 0.5537500000000001 0.5159474663461538 0.54375 0.5121951225961539 0.5375 0.5215759855769231 0.525 0.5347091923076923 0.51375 0.5422138846153847 0.50375 0.5459662283653846 0.5025 0.5572232644230769 0.51875 0.5572232644230769 0.53125 0.5590994375 0.55 0.5590994375 0.5625 0.5515947475961538 0.57625 0.5253283293269231 0.58125 0.5028142596153846 0.56875 0.5159474663461538 0.5675 0.5009380865384615
1562 0.37875000000000003 0.19699812500000002 0.37875000000000003 0.3151969975961538 0.44 0.29268292788461536 0.4375 0.1632270168269231 0.37875000000000003 0.19699812500000002
1523 0.30625 0.56285178125 0.33999999999999997 0.49530956730769227 0.335 0.3883677307692308 0.005 0.37148217548076923 0.0025 0.5440900552884615 0.28125 0.5534709182692308 0.30625 0.56285178125
1120 0.7722613629807692 0 0.3375 0.20450281490384617 0.3375 0.2870544086538462 0.48000000000000004 0.26454033653846154 0.99875 0.14071294471153847 1 0.06941838701923077 1 0 0.7722613629807692 0
1885 0.33625 0.20262664182692308 0.30874999999999997 0.2176360216346154 0.00625 0.17448405288461538 0.0025 0.35272044951923076 0.00125 0.5572232644230769 0.37374999999999997 0.5478424014423077 0.3775 0.28517823557692307 0.3375 0.2908067548076923 0.33625 0.20262664182692308
1885 1 0.19606003846153847 0.99875 0.14071294471153847 0.3775 0.27954971875 0.375 0.5515947475961538 0.99875 0.7636022524038462 1 0.5075046899038461 1 0.19606003846153847
792 1 0.7631753365384615 0.375 0.5497185745192308 0.0025 0.5572232644230769 0.0025 0.994371483173077 1 0.994371483173077 1 0.7631753365384615
1562 0.7825 0.32833020673076924 0.82625 0.3245778605769231 0.825 0.2063789879807692 0.78125 0.2138836778846154 0.7825 0.32833020673076924
1562 0.7100000000000001 0.3227016875 0.75 0.3170731706730769 0.75 0.22326454086538464 0.7100000000000001 0.23076923076923078 0.7100000000000001 0.3227016875
1562 0.88625 0.32082551682692306 0.93875 0.3151969975961538 0.93875 0.18011256971153847 0.8837499999999999 0.1894934326923077 0.88625 0.32082551682692306
1562 0.49375 0.3621013125 0.51875 0.3621013125 0.51875 0.27392120192307695 0.49375 0.27767354567307695 0.49375 0.3621013125
1562 0.5399999999999999 0.35647279567307694 0.565 0.35647279567307694 0.56625 0.2626641658653846 0.5399999999999999 0.2682926826923077 0.5399999999999999 0.35647279567307694
1562 0.0025 0.2345215769230769 0.0025 0.3545966225961538 0.06625 0.33020637980769235 0.065 0.19324577884615385 0.0025 0.2345215769230769