1542 0 0 0 0.99437425 0.8462500000000001 0.9962476538461539 0.9875 0.919324576923077 0.98875 0.8949343341346154 0.9974999999999999 0.8874296442307692 0.9974999999999999 0.7129455913461539 0.9937499999999999 0.7073170721153846 0.98375 0.7035647283653846 0.9912500000000001 0 0 0
1885 0.9924999999999999 0 0.98375 0.7035647283653846 0.9974999999999999 0.7091932451923076 0.9974999999999999 0.6697936201923077 0.9974999999999999 0 0.9924999999999999 0
792 0.85375 0.994371483173077 0.9974999999999999 0.994371483173077 0.9974999999999999 0.8874296442307692 0.9875 0.8930581610576923 0.9875 0.91744840625 0.85375 0.994371483173077
1096 0.45625000000000004 0.7504690432692308 0.46125 0.6810506562499999 0.445 0.6660412764423077 0.40625 0.6754221394230769 0.40625 0.7504690432692308 0.40875 0.7598499062499999 0.41375 0.7598499062499999 0.45625000000000004 0.7504690432692308
1096 0.40625 0.6529080673076924 0.3575 0.6641651033653846 0.3575 0.7767354591346154 0.40375 0.7654784230769232 0.40875 0.6679174495192307 0.40625 0.6529080673076924
1096 0.2975 0.6829268293269231 0.29625 0.7748592860576923 0.31 0.79924953125 0.35500000000000004 0.7842401490384615 0.3525 0.6641651033653846 0.2975 0.6829268293269231
1096 0.25 0.8011257043269231 0.25375000000000003 0.8142589110576922 0.2975 0.8011257043269231 0.2975 0.6904315192307693 0.24625 0.6979362091346153 0.25 0.8011257043269231
1096 0.24125 0.6979362091346153 0.1875 0.7129455913461539 0.19 0.8217636033653846 0.20249999999999999 0.8292682932692308 0.21125 0.8292682932692308 0.24875 0.8142589110576922 0.24125 0.6979362091346153
314 0.36 0.8292682932692308 0.275 0.8536585360576924 0.275 0.9155722331730769 0.335 0.9887429639423077 0.41000000000000003 0.9737335841346154 0.40625 0.8724202620192307 0.36 0.8292682932692308
314 0.365 0.8292682932692308 0.40499999999999997 0.8742964350961538 0.4125 0.9718574110576923 0.49624999999999997 0.9418386490384615 0.49125 0.8592870552884615 0.4275 0.8105065673076923 0.365 0.8292682932692308
1096 0.6312500000000001 0.5403377115384616 0.64125 0.5440900552884615 0.7787499999999999 0.5084427764423076 0.78125 0.4465290817307693 0.76875 0.4352720456730769 0.6275000000000001 0.4690431514423077 0.6312500000000001 0.5403377115384616
1096 0.4125 0.20825515865384617 0.375 0.2138836778846154 0.3725 0.28330206490384613 0.38375 0.30018761778846154 0.42500000000000004 0.2945590985576923 0.4275 0.22138836778846155 0.4125 0.20825515865384617
1096 0.42375 0.28893058173076924 0.43125 0.29643527163461536 0.47250000000000003 0.2908067548076923 0.46875 0.18386491586538461 0.4225 0.1876172596153846 0.42375 0.28893058173076924
1096 0.545 0.6679174495192307 0.5075000000000001 0.6810506562499999 0.51625 0.7317073173076923 0.5537500000000001 0.7185741081730769 0.55875 0.6904315192307693 0.545 0.6679174495192307
1096 0.5175 0.5741088173076924 0.5237499999999999 0.5741088173076924 0.55625 0.5722326442307692 0.55875 0.4746716706730769 0.54375 0.46529080769230774 0.5125 0.4746716706730769 0.5175 0.5741088173076924
1096 0.5275 0.28330206490384613 0.55625 0.28517823557692307 0.56125 0.18011256971153847 0.51875 0.18386491586538461 0.5175 0.28142589182692307 0.5275 0.28330206490384613
1096 0.1375 0.8480300192307693 0.1375 0.8030018750000001 0.125 0.7786116322115385 0.08124999999999999 0.7898686682692309 0.0825 0.8442776730769231 0.0925 0.8630393990384615 0.1375 0.8480300192307693
314 0.8425 0.3151969975961538 0.84 0.37148217548076923 0.90125 0.3639774855769231 0.9037499999999999 0.3020637908653846 0.8500000000000001 0.27954971875 0.8025 0.2870544086538462 0.8425 0.3151969975961538
314 0.73125 0.2983114447115385 0.78125 0.3245778605769231 0.7787499999999999 0.38086303846153846 0.8412499999999999 0.37148217548076923 0.84 0.3151969975961538 0.8 0.2870544086538462 0.73125 0.2983114447115385
314 0.6625000000000001 0.3058161346153846 0.7124999999999999 0.3339587235576923 0.70875 0.39587242067307693 0.7775 0.38461538461538464 0.7787499999999999 0.3245778605769231 0.72875 0.2983114447115385 0.6625000000000001 0.3058161346153846
314 0.59 0.3170731706730769 0.6337499999999999 0.3433395865384616 0.6337499999999999 0.4108818004807692 0.70625 0.39587242067307693 0.7100000000000001 0.3339587235576923 0.6625000000000001 0.30956848076923077 0.59 0.3170731706730769
314 0.52125 0.3245778605769231 0.5537500000000001 0.35647279567307694 0.55 0.42589118269230763 0.6325000000000001 0.4108818004807692 0.6312500000000001 0.3433395865384616 0.59 0.3170731706730769 0.52125 0.3245778605769231
314 0.41750000000000004 0.33958724278846153 0.41750000000000004 0.3733583485576923 0.41874999999999996 0.3902439014423077 0.46 0.4427767355769231 0.5475 0.42589118269230763 0.5525 0.35834896875 0.51625 0.32833020673076924 0.41750000000000004 0.33958724278846153
1096 0.47250000000000003 0.5046904326923077 0.47250000000000003 0.5816135096153846 0.485 0.5891181995192307 0.51875 0.5834896802884615 0.52 0.5084427764423076 0.51 0.5009380865384615 0.47250000000000003 0.5046904326923077
314 0.42875 0.8067542211538462 0.49 0.8592870552884615 0.49624999999999997 0.9418386490384615 0.56 0.9099437139423077 0.55625 0.8292682932692308 0.49125 0.7804878052884615 0.42875 0.8067542211538462
314 0.55625 0.8292682932692308 0.56 0.9136960600961538 0.6275000000000001 0.8818011250000001 0.62375 0.8086303942307692 0.55625 0.7560975600961538 0.49375 0.7804878052884615 0.55625 0.8292682932692308
314 0.5625 0.7579737331730769 0.6224999999999999 0.8123827403846153 0.62875 0.8818011250000001 0.6937500000000001 0.8517823629807691 0.6900000000000001 0.761726079326923 0.635 0.7317073173076923 0.5625 0.7579737331730769