402 0.23146367548076924 0 0.69125 0.2176360216346154 0.995 0.17636022596153847 0.995 0 0.23146367548076924 0
1027 0.8374999999999999 0.1069418389423077 0.8150000000000001 0.11444652884615383 0.87125 0.15572232692307694 0.88625 0.1500938076923077 0.8374999999999999 0.1069418389423077
1562 0.79125 0.02439024278846154 0.6525 0.04690431490384615 0.65125 0.2063789879807692 0.79375 0.1894934326923077 0.79125 0.02439024278846154
314 0.00125 0.79924953125 0.11249999999999999 0.7711069423076923 0.13125 0.7298311442307692 0.08625000000000001 0.6078799254807692 0.00125 0.6285178245192308 0.00125 0.79924953125
119 0.09125 0.6585365865384615 0.0825 0.6585365865384615 0.075 0.643527204326923 0.0625 0.6491557211538462 0.056249999999999994 0.6472795504807694 0.04875 0.6454033774038461 0.04 0.6491557211538462 0.0275 0.6491557211538462 0.01875 0.6566604134615385 0.01 0.6510318942307692 0.00625 0.6679174495192307 0.0025 0.6829268293269231 0.0025 0.7185741081730769 0.0037500000000000003 0.7373358341346153 0.01 0.7504690432692308 0.02625 0.7523452163461539 0.0325 0.7485928701923077 0.0525 0.7485928701923077 0.07125000000000001 0.7429643533653846 0.08 0.7429643533653846 0.0875 0.7373358341346153 0.09625 0.7317073173076923 0.11 0.7317073173076923 0.11249999999999999 0.7317073173076923 0.10250000000000001 0.7035647283653846 0.10250000000000001 0.6923076923076923 0.09874999999999999 0.6735459663461539 0.09375 0.6716697932692307 0.09125 0.6585365865384615
314 0.08875000000000001 0.6060037524038462 0.13125 0.7279549711538462 0.1225 0.7654784230769232 0.23125 0.7467166971153846 0.2375 0.7091932451923076 0.1925 0.5947467163461538 0.08875000000000001 0.6060037524038462
119 0.12375 0.6303939951923077 0.11624999999999999 0.6341463413461538 0.11624999999999999 0.64165103125 0.12125 0.6510318942307692 0.12625 0.6679174495192307 0.12875 0.6829268293269231 0.145 0.7185741081730769 0.16 0.7129455913461539 0.16999999999999998 0.7166979350961539 0.18375 0.714821764423077 0.19625 0.714821764423077 0.21375 0.7129455913461539 0.2225 0.7035647283653846 0.21625 0.6904315192307693 0.21250000000000002 0.6679174495192307 0.20500000000000002 0.6566604134615385 0.19749999999999998 0.6397748581730769 0.19374999999999998 0.6153846153846154 0.185 0.6153846153846154 0.17875 0.6135084423076923 0.17375000000000002 0.6153846153846154 0.1675 0.6247654783653847 0.1575 0.6172607884615384 0.14250000000000002 0.6191369615384615 0.1325 0.6266416514423077 0.12375 0.6303939951923077
314 0 0.5694183870192308 0.00125 0.6266416514423077 0.0775 0.6116322692307692 0.08 0.5984990625 0.03625 0.5009380865384615 0 0.5118198870192308 0 0.5694183870192308
119 0.00625 0.5497185745192308 0.0037500000000000003 0.5459662283653846 0.0025 0.6153846153846154 0.01875 0.6153846153846154 0.03125 0.6172607884615384 0.04375 0.6172607884615384 0.058750000000000004 0.6153846153846154 0.06625 0.60225140625 0.060000000000000005 0.5909943725961538 0.0525 0.5684803004807693 0.0475 0.5590994375 0.04375 0.5515947475961538 0.03625 0.5534709182692308 0.0275 0.5440900552884615 0.01875 0.5534709182692308 0.015000000000000001 0.5572232644230769 0.00625 0.5497185745192308
314 0 0.4596622884615385 0.00125 0.5103189495192308 0.03625 0.5009380865384615 0.01875 0.4465290817307693 0.0037500000000000003 0.40900562740384616 0 0.40900562740384616 0 0.4596622884615385
119 0.0025 0.5065666033653846 0.01875 0.5028142596153846 0.02375 0.49530956730769227 0.01625 0.48217636057692304 0.01 0.4690431514423077 0.01 0.45215759855769233 0.0025 0.4427767355769231 0.0025 0.5065666033653846
321 0.00875 0.3939962475961538 0.0875 0.6003752355769231 0.185 0.5909943725961538 0.10375 0.39587242067307693 0.00875 0.3939962475961538
119 0.09125 0.43902438942307687 0.09125 0.4277673557692308 0.08124999999999999 0.42401500961538463 0.07875 0.43714821875 0.075 0.4446529086538461 0.075 0.45778611538461533 0.06625 0.4540337716346154 0.058750000000000004 0.4596622884615385 0.055 0.4690431514423077 0.04625 0.4671669783653846 0.05 0.4934333966346154 0.0875 0.49718574038461544 0.10124999999999999 0.4990619134615385 0.11875 0.49530956730769227 0.12875 0.4934333966346154 0.13 0.4896810504807692 0.11875 0.47842401442307697 0.10625000000000001 0.4690431514423077 0.1075 0.45778611538461533 0.105 0.44840525240384616 0.09125 0.43902438942307687
119 0.06625 0.5309568485576923 0.09125 0.596622889423077 0.17625 0.5909943725961538 0.16624999999999998 0.5572232644230769 0.1525 0.5384615384615384 0.14250000000000002 0.5234521586538462 0.13375 0.5290806754807693 0.12375 0.5328330216346153 0.11875 0.5215759855769231 0.10625000000000001 0.5253283293269231 0.1 0.5328330216346153 0.0875 0.5403377115384616 0.07375 0.5403377115384616 0.06749999999999999 0.5328330216346153 0.06625 0.5309568485576923
321 0.15375 0.3433395865384616 0.08124999999999999 0.33583489663461535 0.0775 0.32082551682692306 0.06875 0.3227016875 0.23625000000000002 0.714821764423077 0.23125 0.7448405264423077 0.3175 0.7260787980769231 0.32875 0.6941838653846154 0.16249999999999998 0.33020637980769235 0.15625 0.3339587235576923 0.15375 0.3433395865384616
119 0.21250000000000002 0.6341463413461538 0.22874999999999998 0.6697936201923077 0.23875 0.7035647283653846 0.2575 0.7166979350961539 0.2875 0.714821764423077 0.3 0.6941838653846154 0.315 0.6885553461538462 0.30625 0.6829268293269231 0.29375 0.6660412764423077 0.28375 0.6697936201923077 0.27749999999999997 0.6641651033653846 0.27875 0.6491557211538462 0.2725 0.643527204326923 0.265 0.643527204326923 0.265 0.6566604134615385 0.26 0.6622889302884616 0.2525 0.6491557211538462 0.2375 0.6491557211538462 0.22874999999999998 0.6378986875 0.21625 0.6322701682692308 0.21250000000000002 0.6341463413461538
119 0.20500000000000002 0.6003752355769231 0.215 0.6003752355769231 0.22125 0.5891181995192307 0.22874999999999998 0.5909943725961538 0.24000000000000002 0.6097560985576923 0.25375000000000003 0.6116322692307692 0.26875 0.6003752355769231 0.26875 0.5834896802884615 0.265 0.5797373365384615 0.25625 0.5778611634615385 0.2475 0.5778611634615385 0.23625000000000002 0.5778611634615385 0.22874999999999998 0.5759849903846154 0.2225 0.564727954326923 0.21625 0.5703564735576923 0.21375 0.5816135096153846 0.215 0.5947467163461538 0.2075 0.5909943725961538 0.2075 0.5759849903846154 0.20375000000000001 0.564727954326923 0.20249999999999999 0.5515947475961538 0.1925 0.5515947475961538 0.19 0.56285178125 0.18875 0.5778611634615385 0.20500000000000002 0.6003752355769231
119 0.2075 0.5065666033653846 0.22125 0.5084427764423076 0.23 0.49718574038461544 0.22375 0.48030018750000003 0.21250000000000002 0.46341463461538457 0.20249999999999999 0.4465290817307693 0.19875 0.43339587259615386 0.19374999999999998 0.4296435264423077 0.18625 0.4296435264423077 0.18375 0.4446529086538461 0.17124999999999999 0.4502814254807692 0.16125 0.43151969951923075 0.155 0.43151969951923075 0.14125 0.43151969951923075 0.13625 0.44090056250000004 0.12625 0.43151969951923075 0.14375 0.47842401442307697 0.15 0.49718574038461544 0.15375 0.5028142596153846 0.16624999999999998 0.5009380865384615 0.17750000000000002 0.49718574038461544 0.185 0.48780487740384615 0.2 0.49718574038461544 0.2075 0.5065666033653846
119 0.10625000000000001 0.3621013125 0.095 0.35647279567307694 0.0925 0.35647279567307694 0.11750000000000001 0.4146341466346154 0.1325 0.4202626634615385 0.14375 0.4183864903846154 0.15625 0.42401500961538463 0.17250000000000001 0.4183864903846154 0.18125000000000002 0.42213883653846157 0.1825 0.4127579735576923 0.175 0.39962476442307693 0.175 0.3864915576923077 0.16875 0.3733583485576923 0.16249999999999998 0.37148217548076923 0.1525 0.36022514182692306 0.13874999999999998 0.36022514182692306 0.11875 0.3621013125 0.10625000000000001 0.3621013125
321 0.23125 0.32833020673076924 0.22874999999999998 0.33958724278846153 0.19625 0.3339587235576923 0.19749999999999998 0.3245778605769231 0.165 0.3227016875 0.33125000000000004 0.6904315192307693 0.41000000000000003 0.6529080673076924 0.24875 0.32833020673076924 0.23125 0.32833020673076924
167 0.30375 0.5778611634615385 0.32125 0.5778611634615385 0.34625 0.5778611634615385 0.36374999999999996 0.5666041274038461 0.36374999999999996 0.5515947475961538 0.36250000000000004 0.5497185745192308 0.34875 0.5497185745192308 0.34249999999999997 0.5440900552884615 0.3375 0.5347091923076923 0.32875 0.5309568485576923 0.3175 0.5309568485576923 0.31625000000000003 0.5234521586538462 0.30375 0.5159474663461538 0.2875 0.5121951225961539 0.2825 0.5215759855769231 0.27749999999999997 0.5309568485576923 0.27875 0.5478424014423077 0.29125 0.5722326442307692 0.30375 0.5778611634615385
321 0.59375 0.36585365865384617 0.5375 0.36585365865384617 0.455 0.3621013125 0.4475 0.3470919326923077 0.38875 0.33583489663461535 0.385 0.3508442788461539 0.32875 0.33958724278846153 0.32499999999999996 0.33208255048076923 0.25625 0.31894934375 0.41375 0.6529080673076924 0.6975 0.5722326442307692 0.59375 0.36585365865384617
499 0.85875 0.9812382740384616 0.8724999999999999 0.9812382740384616 0.87875 0.9737335841346154 0.87625 0.9512195120192307 0.91 0.9061913701923078 0.9149999999999999 0.919324576923077 0.92625 0.91744840625 0.925 0.8911819879807692 0.9375 0.8742964350961538 0.93875 0.8893058173076922 0.95375 0.8893058173076922 0.95375 0.8555347091346154 0.97875 0.8330206370192308 0.97875 0.8442776730769231 0.9875 0.8424015 0.9875 0.8161350841346154 0.99625 0.8048780480769231 0.9974999999999999 0.5440900552884615 0.7212500000000001 0.5590994375 0.33375 0.6604127572115384 0.33249999999999996 0.6923076923076923 0.33999999999999997 0.6941838653846154 0.34125 0.8874296442307692 0.42500000000000004 0.9080675432692308 0.4225 0.994371483173077 0.8362499999999999 0.9962476538461539 0.85625 0.9718574110576923 0.85875 0.9812382740384616
180 0.8187500000000001 0.5121951225961539 0.73125 0.5121951225961539 0.7225 0.5440900552884615 0.7250000000000001 0.5534709182692308 0.735 0.5816135096153846 0.8125 0.5778611634615385 0.8225 0.5572232644230769 0.8187500000000001 0.5121951225961539
1335 0.35125 0.3939962475961538 0.34625 0.38086303846153846 0.33249999999999996 0.3733583485576923 0.32499999999999996 0.36585365865384617 0.31375000000000003 0.3621013125 0.3075 0.35834896875 0.305 0.34146341346153847 0.3025 0.35272044951923076 0.3 0.33020637980769235 0.2975 0.34146341346153847 0.29250000000000004 0.3339587235576923 0.29125 0.3433395865384616 0.3 0.36585365865384617 0.29625 0.36960600480769235 0.2975 0.3827392115384616 0.30874999999999997 0.3864915576923077 0.3225 0.3902439014423077 0.3375 0.39962476442307693 0.35125 0.3939962475961538
843 0.27875 0.4296435264423077 0.265 0.43151969951923075 0.26 0.42401500961538463 0.24125 0.4277673557692308 0.22874999999999998 0.4277673557692308 0.22499999999999998 0.42401500961538463 0.23500000000000001 0.4465290817307693 0.23625000000000002 0.46341463461538457 0.24375000000000002 0.47091932451923074 0.25625 0.4840525336538462 0.27625 0.4840525336538462 0.29 0.48780487740384615 0.305 0.4840525336538462 0.31 0.47842401442307697 0.29875 0.4671669783653846 0.295 0.4540337716346154 0.29375 0.44090056250000004 0.27875 0.4296435264423077
843 0.43125 0.5159474663461538 0.41874999999999996 0.5028142596153846 0.42375 0.5253283293269231 0.4375 0.5515947475961538 0.44999999999999996 0.5590994375 0.46875 0.5590994375 0.48124999999999996 0.5572232644230769 0.4975 0.5572232644230769 0.49624999999999997 0.5459662283653846 0.48625 0.5422138846153847 0.475 0.5347091923076923 0.4625 0.5215759855769231 0.45625000000000004 0.5121951225961539 0.44625 0.5159474663461538 0.4325 0.5009380865384615 0.43125 0.5159474663461538
1562 0.5625 0.1632270168269231 0.56 0.29268292788461536 0.62125 0.3151969975961538 0.62125 0.19699812500000002 0.5625 0.1632270168269231
1523 0.71875 0.5534709182692308 0.9974999999999999 0.5440900552884615 0.995 0.37148217548076923 0.6649999999999999 0.3883677307692308 0.66 0.49530956730769227 0.6937500000000001 0.56285178125 0.71875 0.5534709182692308
1120 0 0 0 0.06941838701923077 0.00125 0.14071294471153847 0.52 0.26454033653846154 0.6625000000000001 0.2870544086538462 0.6625000000000001 0.20450281490384617 0.22773863701923075 0 0 0
1885 0.6625000000000001 0.2908067548076923 0.6224999999999999 0.28517823557692307 0.62625 0.5478424014423077 0.99875 0.5572232644230769 0.9974999999999999 0.35272044951923076 0.9937499999999999 0.17448405288461538 0.69125 0.2176360216346154 0.6637500000000001 0.20262664182692308 0.6625000000000001 0.2908067548076923
1885 0 0.5075046899038461 0.00125 0.7636022524038462 0.625 0.5515947475961538 0.6224999999999999 0.27954971875 0.00125 0.14071294471153847 0 0.19606003846153847 0 0.5075046899038461
792 0 0.994371483173077 0.9974999999999999 0.994371483173077 0.9974999999999999 0.5572232644230769 0.625 0.5497185745192308 0 0.7631753365384615 0 0.994371483173077
1562 0.21875 0.2138836778846154 0.175 0.2063789879807692 0.17375000000000002 0.3245778605769231 0.2175 0.32833020673076924 0.21875 0.2138836778846154
1562 0.29 0.23076923076923078 0.25 0.22326454086538464 0.25 0.3170731706730769 0.29 0.3227016875 0.29 0.23076923076923078
1562 0.11624999999999999 0.1894934326923077 0.06125 0.18011256971153847 0.06125 0.3151969975961538 0.11375 0.32082551682692306 0.11624999999999999 0.1894934326923077
1562 0.50625 0.27767354567307695 0.48124999999999996 0.27392120192307695 0.48124999999999996 0.3621013125 0.50625 0.3621013125 0.50625 0.27767354567307695
1562 0.46 0.2682926826923077 0.43374999999999997 0.2626641658653846 0.435 0.35647279567307694 0.46 0.35647279567307694 0.46 0.2682926826923077
1562 0.9349999999999999 0.19324577884615385 0.93375 0.33020637980769235 0.9974999999999999 0.3545966225961538 0.9974999999999999 0.2345215769230769 0.9349999999999999 0.19324577884615385