1542 0.00875 0 0.01625 0.7035647283653846 0.00625 0.7073170721153846 0.0025 0.7129455913461539 0.0025 0.8874296442307692 0.01125 0.8949343341346154 0.0125 0.919324576923077 0.15375 0.9962476538461539 1 0.99437425 1 0 0.00875 0
1885 0.0025 0 0.0025 0.6697936201923077 0.0025 0.7091932451923076 0.01625 0.7035647283653846 0.007500000000000001 0 0.0025 0
792 0.0125 0.91744840625 0.0125 0.8930581610576923 0.0025 0.8874296442307692 0.0025 0.994371483173077 0.14625000000000002 0.994371483173077 0.0125 0.91744840625
1096 0.5862499999999999 0.7598499062499999 0.59125 0.7598499062499999 0.59375 0.7504690432692308 0.59375 0.6754221394230769 0.5549999999999999 0.6660412764423077 0.5387500000000001 0.6810506562499999 0.54375 0.7504690432692308 0.5862499999999999 0.7598499062499999
1096 0.59125 0.6679174495192307 0.59625 0.7654784230769232 0.6425 0.7767354591346154 0.6425 0.6641651033653846 0.59375 0.6529080673076924 0.59125 0.6679174495192307
1096 0.6475000000000001 0.6641651033653846 0.645 0.7842401490384615 0.6900000000000001 0.79924953125 0.70375 0.7748592860576923 0.7025 0.6829268293269231 0.6475000000000001 0.6641651033653846
1096 0.75375 0.6979362091346153 0.7025 0.6904315192307693 0.7025 0.8011257043269231 0.74625 0.8142589110576922 0.75 0.8011257043269231 0.75375 0.6979362091346153
1096 0.75125 0.8142589110576922 0.7887500000000001 0.8292682932692308 0.7975 0.8292682932692308 0.8099999999999999 0.8217636033653846 0.8125 0.7129455913461539 0.7587499999999999 0.6979362091346153 0.75125 0.8142589110576922
314 0.59375 0.8724202620192307 0.59 0.9737335841346154 0.6649999999999999 0.9887429639423077 0.7250000000000001 0.9155722331730769 0.7250000000000001 0.8536585360576924 0.64 0.8292682932692308 0.59375 0.8724202620192307
314 0.5725 0.8105065673076923 0.5087499999999999 0.8592870552884615 0.50375 0.9418386490384615 0.5875 0.9718574110576923 0.595 0.8742964350961538 0.635 0.8292682932692308 0.5725 0.8105065673076923
1096 0.3725 0.4690431514423077 0.23125 0.4352720456730769 0.21875 0.4465290817307693 0.22125 0.5084427764423076 0.35875 0.5440900552884615 0.36875 0.5403377115384616 0.3725 0.4690431514423077
1096 0.5725 0.22138836778846155 0.575 0.2945590985576923 0.6162500000000001 0.30018761778846154 0.6275000000000001 0.28330206490384613 0.625 0.2138836778846154 0.5875 0.20825515865384617 0.5725 0.22138836778846155
1096 0.5775 0.1876172596153846 0.53125 0.18386491586538461 0.5275 0.2908067548076923 0.56875 0.29643527163461536 0.57625 0.28893058173076924 0.5775 0.1876172596153846
1096 0.44125000000000003 0.6904315192307693 0.44625 0.7185741081730769 0.48375 0.7317073173076923 0.4925 0.6810506562499999 0.455 0.6679174495192307 0.44125000000000003 0.6904315192307693
1096 0.48750000000000004 0.4746716706730769 0.45625000000000004 0.46529080769230774 0.44125000000000003 0.4746716706730769 0.44375 0.5722326442307692 0.47625 0.5741088173076924 0.4825 0.5741088173076924 0.48750000000000004 0.4746716706730769
1096 0.4825 0.28142589182692307 0.48124999999999996 0.18386491586538461 0.43875000000000003 0.18011256971153847 0.44375 0.28517823557692307 0.47250000000000003 0.28330206490384613 0.4825 0.28142589182692307
1096 0.9075 0.8630393990384615 0.9175 0.8442776730769231 0.91875 0.7898686682692309 0.875 0.7786116322115385 0.8625 0.8030018750000001 0.8625 0.8480300192307693 0.9075 0.8630393990384615
314 0.19749999999999998 0.2870544086538462 0.15 0.27954971875 0.09625 0.3020637908653846 0.09874999999999999 0.3639774855769231 0.16 0.37148217548076923 0.1575 0.3151969975961538 0.19749999999999998 0.2870544086538462
314 0.2 0.2870544086538462 0.16 0.3151969975961538 0.15875 0.37148217548076923 0.22125 0.38086303846153846 0.21875 0.3245778605769231 0.26875 0.2983114447115385 0.2 0.2870544086538462
314 0.27125 0.2983114447115385 0.22125 0.3245778605769231 0.2225 0.38461538461538464 0.29125 0.39587242067307693 0.2875 0.3339587235576923 0.3375 0.3058161346153846 0.27125 0.2983114447115385
314 0.3375 0.30956848076923077 0.29 0.3339587235576923 0.29375 0.39587242067307693 0.36625 0.4108818004807692 0.36625 0.3433395865384616 0.41000000000000003 0.3170731706730769 0.3375 0.30956848076923077
314 0.41000000000000003 0.3170731706730769 0.36875 0.3433395865384616 0.3675 0.4108818004807692 0.44999999999999996 0.42589118269230763 0.44625 0.35647279567307694 0.47875 0.3245778605769231 0.41000000000000003 0.3170731706730769
314 0.48375 0.32833020673076924 0.4475 0.35834896875 0.4525 0.42589118269230763 0.5399999999999999 0.4427767355769231 0.58125 0.3902439014423077 0.5825 0.3733583485576923 0.5825 0.33958724278846153 0.48375 0.32833020673076924
1096 0.49 0.5009380865384615 0.48000000000000004 0.5084427764423076 0.48124999999999996 0.5834896802884615 0.515 0.5891181995192307 0.5275 0.5816135096153846 0.5275 0.5046904326923077 0.49 0.5009380865384615
314 0.5087499999999999 0.7804878052884615 0.44375 0.8292682932692308 0.44 0.9099437139423077 0.50375 0.9418386490384615 0.51 0.8592870552884615 0.5712499999999999 0.8067542211538462 0.5087499999999999 0.7804878052884615
314 0.50625 0.7804878052884615 0.44375 0.7560975600961538 0.37625000000000003 0.8086303942307692 0.3725 0.8818011250000001 0.44 0.9136960600961538 0.44375 0.8292682932692308 0.50625 0.7804878052884615
314 0.365 0.7317073173076923 0.31 0.761726079326923 0.30625 0.8517823629807691 0.37124999999999997 0.8818011250000001 0.3775 0.8123827403846153 0.4375 0.7579737331730769 0.365 0.7317073173076923