402 0.006 0 0.006 0.23466666586538462 0.23600000000000002 0.2453333341346154 0.242 0.20800000000000002 0.28800000000000003 0.2133333341346154 0.304 0.2213333341346154 0.304 0.28 0.43400000000000005 0.41333333413461537 0.996 0.4213333341346154 0.998 0 0.006 0
1885 0.436 0.41333333413461537 0.432 0.528 0.998 0.5306666658653846 0.998 0.424 0.436 0.41333333413461537
724 0.23600000000000002 0.4213333341346154 0.258 0.4453333341346154 0.28800000000000003 0.4666666658653846 0.364 0.5333333341346154 0.432 0.5306666658653846 0.43400000000000005 0.4986666658653846 0.42600000000000005 0.4986666658653846 0.402 0.4826666658653846 0.364 0.456 0.31599999999999995 0.4213333341346154 0.26 0.3786666658653846 0.232 0.36266666586538465 0.20400000000000001 0.3706666658653846 0.20199999999999999 0.41866666586538465 0.206 0.4213333341346154 0.23600000000000002 0.4213333341346154
724 0.23600000000000002 0.5333333341346154 0.298 0.5333333341346154 0.304 0.3706666658653846 0.304 0.224 0.29 0.216 0.242 0.2133333341346154 0.23600000000000002 0.5333333341346154
655 0.18 0.5306666658653846 0.20800000000000002 0.5306666658653846 0.206 0.4826666658653846 0.18 0.4826666658653846 0.18 0.5306666658653846
792 0.006 0.5306666658653846 0.004 0.9946666658653847 0.998 0.9973333341346154 0.998 0.5306666658653846 0.35400000000000004 0.5306666658653846 0.302 0.48800000000000004 0.302 0.536 0.232 0.5333333341346154 0.16 0.5306666658653846 0.006 0.5306666658653846
402 0.23600000000000002 0.328 0.08600000000000001 0.328 0.084 0.336 0.126 0.34666666586538464 0.23600000000000002 0.33866666586538463 0.23600000000000002 0.328
1885 0.23600000000000002 0.3306666658653846 0.23600000000000002 0.256 0.088 0.2533333341346154 0.082 0.3226666658653846 0.23600000000000002 0.3306666658653846
1885 0.19799999999999998 0.384 0.18 0.3893333341346154 0.008 0.328 0.006 0.424 0.186 0.456 0.23600000000000002 0.464 0.23600000000000002 0.424 0.228 0.424 0.228 0.384 0.19799999999999998 0.384
1299 0.542 0.41066666586538464 0.534 0.3973333341346154 0.52 0.3813333341346154 0.514 0.35466666586538464 0.514 0.34666666586538464 0.52 0.34133333413461536 0.52 0.32533333413461535 0.518 0.3173333341346154 0.508 0.3173333341346154 0.506 0.34400000000000003 0.498 0.36 0.492 0.4293333341346154 0.48000000000000004 0.5226666658653847 0.494 0.528 0.49 0.5173333341346154 0.502 0.47200000000000003 0.516 0.4826666658653846 0.528 0.5253333341346154 0.5479999999999999 0.528 0.542 0.52 0.526 0.48800000000000004 0.516 0.4453333341346154 0.52 0.4213333341346154 0.524 0.41066666586538464 0.542 0.41066666586538464
1298 0.484 0.35466666586538464 0.484 0.3706666658653846 0.48000000000000004 0.392 0.48800000000000004 0.40800000000000003 0.486 0.42666666586538465 0.47200000000000003 0.4613333341346154 0.486 0.4613333341346154 0.48000000000000004 0.4853333341346154 0.46799999999999997 0.5146666658653847 0.47800000000000004 0.528 0.47800000000000004 0.5093333341346153 0.494 0.4826666658653846 0.49600000000000005 0.45866666586538457 0.5 0.4773333341346154 0.504 0.4933333341346154 0.506 0.5253333341346154 0.518 0.5226666658653847 0.514 0.4933333341346154 0.514 0.47200000000000003 0.51 0.4453333341346154 0.51 0.41866666586538465 0.51 0.392 0.51 0.376 0.53 0.36 0.53 0.34666666586538464 0.518 0.352 0.508 0.36 0.5 0.368 0.498 0.34400000000000003 0.48800000000000004 0.34400000000000003 0.484 0.35466666586538464
1689 0.562 0.456 0.5680000000000001 0.47200000000000003 0.574 0.4906666658653846 0.59 0.5066666658653847 0.604 0.4906666658653846 0.6 0.47200000000000003 0.5780000000000001 0.4533333341346154 0.562 0.456
1689 0.542 0.4773333341346154 0.542 0.5066666658653847 0.5579999999999999 0.5146666658653847 0.574 0.5146666658653847 0.58 0.4986666658653846 0.572 0.4906666658653846 0.5680000000000001 0.47200000000000003 0.554 0.4693333341346154 0.542 0.4773333341346154
908 0.544 0.4693333341346154 0.552 0.4693333341346154 0.5559999999999999 0.4373333341346154 0.5559999999999999 0.41333333413461537 0.5399999999999999 0.40800000000000003 0.5399999999999999 0.4453333341346154 0.542 0.5093333341346153 0.552 0.5173333341346154 0.552 0.5226666658653847 0.554 0.5173333341346154 0.5780000000000001 0.52 0.584 0.5253333341346154 0.5860000000000001 0.5146666658653847 0.582 0.504 0.552 0.5146666658653847 0.544 0.4693333341346154
501 0.8200000000000001 0.5306666658653846 0.8680000000000001 0.5306666658653846 0.864 0.048 0.862 0 0.8099999999999999 0.002666665865384615 0.8200000000000001 0.5306666658653846
501 0.72 0.5306666658653846 0.752 0.528 0.748 0.05866666586538461 0.748 0.045333334134615384 0.714 0.048 0.72 0.5306666658653846
501 0.676 0.5306666658653846 0.6940000000000001 0.5306666658653846 0.696 0.176 0.674 0.17866666586538463 0.676 0.5306666658653846
501 0.652 0.5253333341346154 0.6659999999999999 0.5253333341346154 0.6639999999999999 0.256 0.6479999999999999 0.256 0.652 0.5253333341346154
501 0.33399999999999996 0.448 0.358 0.4666666658653846 0.356 0.3973333341346154 0.36 0.33866666586538463 0.33399999999999996 0.3146666658653846 0.33399999999999996 0.448
1230 0.302 0.41066666586538464 0.432 0.4986666658653846 0.43400000000000005 0.41066666586538464 0.306 0.2826666658653846 0.302 0.41066666586538464
1562 0.008 0.2106666658653846 0.056 0.2426666658653846 0.058 0.07466666586538462 0.008 0.032 0.008 0.2106666658653846
1643 0.058 0.4373333341346154 0.012 0.4986666658653846 0.064 0.512 0.12000000000000001 0.45066666586538456 0.058 0.4373333341346154