402 0.004 0 0.33199999999999996 0.2732732740384615 0.33199999999999996 0.25525525480769234 0.34400000000000003 0.25225225240384613 0.34600000000000003 0.27027026923076924 0.46799999999999997 0.25825825721153844 0.6479999999999999 0.2402402403846154 0.7579999999999999 0.25525525480769234 0.838 0.2732732740384615 0.998 0.3423423413461538 0.998 0 0.004 0
876 0.34600000000000003 0.2732732740384615 0.35400000000000004 0.29129129086538463 0.998 0.8768768774038461 0.998 0.3483483485576923 0.9560000000000001 0.3303303293269231 0.88 0.2942942932692308 0.822 0.27027026923076924 0.702 0.24924924999999998 0.562 0.25225225240384613 0.412 0.2672672668269231 0.34600000000000003 0.2732732740384615
876 0.33199999999999996 0.27027026923076924 0.004 0.003003002403846154 0.004 0.6636636634615385 0.084 0.5375375384615384 0.164 0.4444444447115385 0.258 0.3483483485576923 0.30799999999999994 0.30630630528846153 0.33399999999999996 0.2882882884615384 0.33199999999999996 0.27027026923076924
1885 0.036000000000000004 0.6096096105769231 0.004 0.6636636634615385 0.004 0.9909909903846154 0.132 0.9939939951923077 0.15 0.8978978990384616 0.16199999999999998 0.8198198197115385 0.184 0.7207207211538461 0.22 0.6006006009615384 0.24800000000000003 0.5075075072115385 0.298 0.37837837740384617 0.33399999999999996 0.2942942932692308 0.33399999999999996 0.2882882884615384 0.318 0.3003003004807692 0.27399999999999997 0.33333333413461536 0.23399999999999999 0.3723723725961538 0.15 0.4594594591346154 0.08 0.5435435432692308 0.036000000000000004 0.6096096105769231
501 0.182 0.732732733173077 0.16599999999999998 0.7927927932692308 0.15399999999999997 0.8768768774038461 0.17200000000000001 0.9339339350961539 0.23 0.9249249254807693 0.23399999999999999 0.8648648653846155 0.19399999999999998 0.6906906899038462 0.182 0.732732733173077
1535 0.26999999999999996 0.48948949038461537 0.276 0.5705705697115385 0.382 0.5765765769230768 0.4 0.5765765769230768 0.402 0.5465465456730769 0.40800000000000003 0.5435435432692308 0.40599999999999997 0.4714714711538462 0.392 0.4714714711538462 0.364 0.38138138221153844 0.298 0.38438438461538466 0.26999999999999996 0.48948949038461537
1494 0.614 0.8168168173076923 0.62 0.8108108100961539 0.642 0.6846846850961538 0.5680000000000001 0.5825825817307693 0.56 0.5885885889423077 0.55 0.6996996995192308 0.614 0.8168168173076923
1505 0.652 0.7627627620192308 0.678 0.8018018028846154 0.752 0.7597597596153847 0.746 0.75075075 0.744 0.7237237235576923 0.7240000000000001 0.7297297307692308 0.704 0.7267267259615384 0.652 0.7627627620192308
1505 0.6900000000000001 0.6816816826923078 0.6799999999999999 0.6696696706730769 0.6819999999999999 0.6486486490384615 0.6319999999999999 0.6606606610576923 0.642 0.6786786778846154 0.642 0.6966966971153846 0.6900000000000001 0.6816816826923078
1505 0.5860000000000001 0.5405405408653846 0.52 0.5525525528846154 0.514 0.5615615625 0.528 0.5765765769230768 0.592 0.5705705697115385 0.5860000000000001 0.5615615625 0.5860000000000001 0.5405405408653846
792 0.19799999999999998 0.6696696706730769 0.156 0.8708708701923077 0.134 0.9909909903846154 0.46599999999999997 0.9939939951923077 0.998 0.9969969975961538 0.996 0.873873875 0.662 0.5735735745192307 0.43 0.3633633629807692 0.34600000000000003 0.2852852860576923 0.33399999999999996 0.28228228125 0.328 0.30630630528846153 0.30799999999999994 0.3633633629807692 0.254 0.4954954951923077 0.19799999999999998 0.6696696706730769
861 0.33 0.25225225240384613 0.33199999999999996 0.2852852860576923 0.34600000000000003 0.2852852860576923 0.34400000000000003 0.25225225240384613 0.33 0.25225225240384613
1505 0.8160000000000001 0.6726726730769231 0.78 0.6996996995192308 0.762 0.6996996995192308 0.7939999999999999 0.732732733173077 0.826 0.7057057067307693 0.8160000000000001 0.6996996995192308 0.8160000000000001 0.6726726730769231