402 0.002 0 0.004 0.4213333341346154 0.566 0.41333333413461537 0.696 0.28 0.696 0.2213333341346154 0.712 0.2133333341346154 0.7579999999999999 0.20800000000000002 0.764 0.2453333341346154 0.994 0.23466666586538462 0.994 0 0.002 0
1885 0.002 0.424 0.002 0.5306666658653846 0.5680000000000001 0.528 0.564 0.41333333413461537 0.002 0.424
724 0.7939999999999999 0.4213333341346154 0.798 0.41866666586538465 0.796 0.3706666658653846 0.768 0.36266666586538465 0.74 0.3786666658653846 0.6839999999999999 0.4213333341346154 0.636 0.456 0.598 0.4826666658653846 0.574 0.4986666658653846 0.566 0.4986666658653846 0.5680000000000001 0.5306666658653846 0.636 0.5333333341346154 0.712 0.4666666658653846 0.7420000000000001 0.4453333341346154 0.764 0.4213333341346154 0.7939999999999999 0.4213333341346154
724 0.7579999999999999 0.2133333341346154 0.7100000000000001 0.216 0.696 0.224 0.696 0.3706666658653846 0.702 0.5333333341346154 0.764 0.5333333341346154 0.7579999999999999 0.2133333341346154
655 0.8200000000000001 0.4826666658653846 0.7939999999999999 0.4826666658653846 0.7919999999999999 0.5306666658653846 0.8200000000000001 0.5306666658653846 0.8200000000000001 0.4826666658653846
792 0.84 0.5306666658653846 0.768 0.5333333341346154 0.698 0.536 0.698 0.48800000000000004 0.646 0.5306666658653846 0.002 0.5306666658653846 0.002 0.9973333341346154 0.996 0.9946666658653847 0.994 0.5306666658653846 0.84 0.5306666658653846
402 0.764 0.33866666586538463 0.874 0.34666666586538464 0.9159999999999999 0.336 0.9139999999999999 0.328 0.764 0.328 0.764 0.33866666586538463
1885 0.9179999999999999 0.3226666658653846 0.912 0.2533333341346154 0.764 0.256 0.764 0.3306666658653846 0.9179999999999999 0.3226666658653846
1885 0.772 0.384 0.772 0.424 0.764 0.424 0.764 0.464 0.8140000000000001 0.456 0.994 0.424 0.9920000000000001 0.328 0.8200000000000001 0.3893333341346154 0.802 0.384 0.772 0.384
1299 0.476 0.41066666586538464 0.48000000000000004 0.4213333341346154 0.484 0.4453333341346154 0.474 0.48800000000000004 0.45799999999999996 0.52 0.452 0.528 0.47200000000000003 0.5253333341346154 0.484 0.4826666658653846 0.498 0.47200000000000003 0.51 0.5173333341346154 0.506 0.528 0.52 0.5226666658653847 0.508 0.4293333341346154 0.502 0.36 0.494 0.34400000000000003 0.492 0.3173333341346154 0.482 0.3173333341346154 0.48000000000000004 0.32533333413461535 0.48000000000000004 0.34133333413461536 0.486 0.34666666586538464 0.486 0.35466666586538464 0.48000000000000004 0.3813333341346154 0.46599999999999997 0.3973333341346154 0.45799999999999996 0.41066666586538464 0.476 0.41066666586538464
1298 0.512 0.34400000000000003 0.502 0.34400000000000003 0.5 0.368 0.492 0.36 0.482 0.352 0.47000000000000003 0.34666666586538464 0.47000000000000003 0.36 0.49 0.376 0.49 0.392 0.49 0.41866666586538465 0.49 0.4453333341346154 0.486 0.47200000000000003 0.486 0.4933333341346154 0.482 0.5226666658653847 0.494 0.5253333341346154 0.49600000000000005 0.4933333341346154 0.5 0.4773333341346154 0.504 0.45866666586538457 0.506 0.4826666658653846 0.522 0.5093333341346153 0.522 0.528 0.532 0.5146666658653847 0.52 0.4853333341346154 0.514 0.4613333341346154 0.528 0.4613333341346154 0.514 0.42666666586538465 0.512 0.40800000000000003 0.52 0.392 0.516 0.3706666658653846 0.516 0.35466666586538464 0.512 0.34400000000000003
1689 0.422 0.4533333341346154 0.4 0.47200000000000003 0.39599999999999996 0.4906666658653846 0.41000000000000003 0.5066666658653847 0.42600000000000005 0.4906666658653846 0.432 0.47200000000000003 0.438 0.456 0.422 0.4533333341346154
1689 0.446 0.4693333341346154 0.432 0.47200000000000003 0.428 0.4906666658653846 0.42 0.4986666658653846 0.42600000000000005 0.5146666658653847 0.44200000000000006 0.5146666658653847 0.45799999999999996 0.5066666658653847 0.45799999999999996 0.4773333341346154 0.446 0.4693333341346154
908 0.448 0.5146666658653847 0.41800000000000004 0.504 0.414 0.5146666658653847 0.41600000000000004 0.5253333341346154 0.422 0.52 0.446 0.5173333341346154 0.448 0.5226666658653847 0.448 0.5173333341346154 0.45799999999999996 0.5093333341346153 0.46 0.4453333341346154 0.46 0.40800000000000003 0.444 0.41333333413461537 0.444 0.4373333341346154 0.448 0.4693333341346154 0.456 0.4693333341346154 0.448 0.5146666658653847
501 0.19 0.002666665865384615 0.138 0 0.136 0.048 0.132 0.5306666658653846 0.18 0.5306666658653846 0.19 0.002666665865384615
501 0.286 0.048 0.252 0.045333334134615384 0.252 0.05866666586538461 0.24800000000000003 0.528 0.28 0.5306666658653846 0.286 0.048
501 0.326 0.17866666586538463 0.304 0.176 0.306 0.5306666658653846 0.32399999999999995 0.5306666658653846 0.326 0.17866666586538463
501 0.352 0.256 0.336 0.256 0.33399999999999996 0.5253333341346154 0.348 0.5253333341346154 0.352 0.256
501 0.6659999999999999 0.3146666658653846 0.64 0.33866666586538463 0.644 0.3973333341346154 0.642 0.4666666658653846 0.6659999999999999 0.448 0.6659999999999999 0.3146666658653846
1230 0.6940000000000001 0.2826666658653846 0.566 0.41066666586538464 0.5680000000000001 0.4986666658653846 0.698 0.41066666586538464 0.6940000000000001 0.2826666658653846
1562 0.9920000000000001 0.032 0.9420000000000001 0.07466666586538462 0.9440000000000001 0.2426666658653846 0.9920000000000001 0.2106666658653846 0.9920000000000001 0.032
1643 0.88 0.45066666586538456 0.9359999999999999 0.512 0.988 0.4986666658653846 0.9420000000000001 0.4373333341346154 0.88 0.45066666586538456