402 0.006666665865384615 0 0.006666665865384615 0.2086956514423077 0.006666665865384615 0.21304347836538462 0.09666666586538461 0.21304347836538462 0.26 0.21304347836538462 0.4533333341346154 0.20434782692307693 0.6833333341346154 0.16956521634615385 0.8633333341346153 0.13913043509615386 1 0.10517598317307691 1 0.05217391346153846 0.9966666658653847 0 0.006666665865384615 0
1309 0.5766666658653846 0.21739130528846154 0.5733333341346154 0.2826086947115385 0.72 0.2869565216346154 0.7233333341346154 0.2217391298076923 0.5766666658653846 0.21739130528846154
1294 0.73 0.7043478269230768 0.7266666658653846 0.7086956514423076 0.7266666658653846 0.7217391298076923 0.7266666658653846 0.7347826081730768 0.7266666658653846 0.7652173918269232 0.7266666658653846 0.7782608701923077 0.7233333341346154 0.8130434783653846 0.73 0.8130434783653846 0.7333333341346153 0.7782608701923077 0.7366666658653845 0.7782608701923077 0.7366666658653845 0.8086956514423077 0.7433333341346154 0.8130434783653846 0.74 0.8086956514423077 0.74 0.7956521730769232 0.7466666658653847 0.7695652163461539 0.7466666658653847 0.7608695649038462 0.7466666658653847 0.7478260865384615 0.74 0.7173913052884615 0.74 0.7043478269230768 0.7433333341346154 0.6869565216346154 0.74 0.6782608701923076 0.73 0.6826086947115384 0.73 0.6956521730769231 0.73 0.7043478269230768
1283 0.7533333341346153 0.7478260865384615 0.7533333341346153 0.7347826081730768 0.7533333341346153 0.7130434783653846 0.7533333341346153 0.7043478269230768 0.7533333341346153 0.6956521730769231 0.75 0.6956521730769231 0.7466666658653847 0.7043478269230768 0.74 0.7304347836538461 0.75 0.7434782620192307 0.7533333341346153 0.7478260865384615
437 1 0.49980348798076923 0.41333333413461537 0.4652173918269231 0.41000000000000003 0.4956521730769231 0.41000000000000003 0.5478260865384615 0.4 0.5608695649038462 0.39333333413461535 0.6130434783653846 0.41000000000000003 0.6130434783653846 0.6433333341346154 0.6260869567307693 0.8033333341346154 0.6391304350961539 0.9166666658653846 0.6521739134615385 1 0.6605351177884615 1 0.49980348798076923
792 0.41666666586538464 0.4608695649038462 0.9966666658653847 0.5 0.9966666658653847 0.3565217379807692 0.5733333341346154 0.3347826081730769 0.39666666586538457 0.4217391298076923 0.43 0.43043478365384613 0.41666666586538464 0.4608695649038462
1294 0.8466666658653845 0.5739130432692308 0.8500000000000001 0.5782608701923077 0.8433333341346153 0.5826086947115384 0.84 0.6 0.8433333341346153 0.634782608173077 0.8433333341346153 0.6521739134615385 0.8466666658653845 0.6478260865384615 0.8466666658653845 0.6521739134615385 0.8566666658653846 0.6521739134615385 0.8566666658653846 0.6130434783653846 0.86 0.6086956514423076 0.86 0.5826086947115384 0.8533333341346154 0.5782608701923077 0.8533333341346154 0.5695652163461539 0.8500000000000001 0.5652173918269231 0.8466666658653845 0.5739130432692308
1038 0.19 0.4043478269230769 0.19 0.22608695673076923 0.016666665865384615 0.21304347836538462 0.013333334134615385 0.24347826201923078 0.013333334134615385 0.43913043509615385 0.19 0.4043478269230769
655 0.31 0.43913043509615385 0.35666666586538465 0.43913043509615385 0.35666666586538465 0.36086956490384614 0.31 0.36086956490384614 0.31 0.43913043509615385
792 1 0.5868115961538461 0.40333333413461536 0.5608695649038462 0.41000000000000003 0.5478260865384615 0.41000000000000003 0.4695652163461539 0.42666666586538465 0.43913043509615385 0.41666666586538464 0.43913043509615385 0.19333333413461537 0.4043478269230769 0.013333334134615385 0.4478260865384615 0.006666665865384615 0.9913043485576923 1 0.9913043485576923 1 0.5868115961538461
1885 1 0.10531400961538462 0.8833333341346153 0.13913043509615386 0.7366666658653845 0.16086956490384616 0.4933333341346154 0.20434782692307693 0.4 0.2086956514423077 0.31 0.2086956514423077 0.22666666586538461 0.21739130528846154 0.19 0.21304347836538462 0.19 0.4043478269230769 0.42 0.43913043509615385 0.42666666586538465 0.43043478365384613 0.4 0.4217391298076923 0.5733333341346154 0.3347826081730769 1 0.35635321634615386 1 0.10531400961538462
1885 0.19 0.4043478269230769 0.18666666586538463 0.21304347836538462 0.006666665865384615 0.21304347836538462 0.006666665865384615 0.23043478365384618 0.006666665865384615 0.45217391346153846 0.19 0.4043478269230769
501 0.21 0.41304347836538463 0.2166666658653846 0.4086956514423077 0.2166666658653846 0.24347826201923078 0.2166666658653846 0.21304347836538462 0.19 0.21304347836538462 0.19 0.4086956514423077 0.19666666586538462 0.41304347836538463 0.21 0.41304347836538463