402 0.0008634855769230769 0 0.00390625 0.038541665865384614 0.034375 0.040624999999999994 0.11015625000000001 0.06041666586538462 0.2 0.09166666586538462 0.26640625 0.12604166586538462 0.39453125 0.2166666658653846 0.4765625 0.2989583341346154 0.53046875 0.3864583341346154 0.553125 0.43437499999999996 0.9921875 0.2677083341346154 0.9968568317307693 0 0.0008634855769230769 0
876 0.4859375 0.31562500000000004 0.44765625 0.2666666658653846 0.37421875000000004 0.19791666586538462 0.29921875 0.14583333413461538 0.221875 0.10208333413461539 0.12578125 0.06666666586538461 0.03125 0.039583334134615386 0.00078125 0.039583334134615386 0.00078125 0.3135416658653846 0.46015625000000004 0.41874999999999996 0.4703125 0.31875 0.4859375 0.31562500000000004
1562 0.5703125 0.303125 0.56484375 0.3 0.46796875000000004 0.31562500000000004 0.45781249999999996 0.6458333341346154 0.45234375000000004 0.6458333341346154 0.44218749999999996 0.8708333341346154 0.5484375 0.8833333341346153 0.55546875 0.875 0.5703125 0.303125
1494 0.5359375 0.5541666658653847 0.48046875 0.55625 0.478125 0.6125 0.534375 0.6125 0.5359375 0.5541666658653847
1562 0.89140625 0.3354166658653846 0.8187500000000001 0.3114583341346154 0.7984374999999999 0.3510416658653846 0.8023437499999999 0.8510416658653847 0.81953125 0.8625 0.8953125 0.8520833341346153 0.89140625 0.3354166658653846
1494 0.8796875 0.6114583341346154 0.840625 0.6052083341346154 0.840625 0.6520833341346154 0.878125 0.6541666658653846 0.8796875 0.6114583341346154
1562 0.02109375 0.8208333341346153 0.12109375 0.8291666658653847 0.1515625 0.45833333413461536 0.056249999999999994 0.4510416658653846 0.0421875 0.6302083341346154 0.0375 0.6302083341346154 0.02109375 0.8208333341346153
1494 0.10625000000000001 0.6541666658653846 0.0734375 0.653125 0.06796875 0.6875 0.10078124999999999 0.690625 0.10625000000000001 0.6541666658653846
402 0.041406250000000006 0.6260416658653847 0.045312500000000006 0.5489583341346154 0.00078125 0.540625 0.00078125 0.6656249999999999 0.03125 0.6729166658653847 0.030468750000000003 0.6270833341346154 0.041406250000000006 0.6260416658653847
1885 0 0.3751662427884615 0.459375 0.4729166658653846 0.4625 0.4197916658653846 0.00078125 0.3114583341346154 0 0.3432291658653846 0 0.3751662427884615
402 0.00078125 0.37812500000000004 0.00078125 0.41145833413461536 0.45859375 0.5 0.45859375 0.4760416658653846 0.00078125 0.37812500000000004
1885 0.45703125 0.5041666658653846 0.00078125 0.4125 0.00078125 0.4447916658653846 0.39531249999999996 0.5135416658653846 0.44999999999999996 0.5145833341346153 0.45703125 0.5041666658653846
1885 0 0.48344860096153847 0.38046875 0.5395833341346153 0.39140624999999996 0.5333333341346154 0.42500000000000004 0.5177083341346154 0.00078125 0.446875 0 0.4651041658653846 0 0.48344860096153847
1885 0 0.5407429254807693 0.4546875 0.609375 0.45859375 0.5552083341346153 0.00078125 0.484375 0.00078125 0.5270833341346154 0 0.5338541658653846 0 0.5407429254807693
1885 0.45703125 0.6104166658653847 0.1453125 0.5666666658653846 0.1296875 0.7072916658653846 0.2515625 0.7197916658653847 0.2546875 0.65625 0.43359375 0.6791666658653847 0.44999999999999996 0.6770833341346154 0.44999999999999996 0.6458333341346154 0.45703125 0.6447916658653846 0.45703125 0.6104166658653847
1885 0.25625 0.6604166658653846 0.25234375 0.71875 0.3578125 0.7250000000000001 0.44765625 0.7406250000000001 0.44609374999999996 0.6822916658653846 0.25625 0.6604166658653846
1298 0.38515625 0.85625 0.37890625 0.8645833341346154 0.3921875 0.871875 0.39921874999999996 0.8635416658653846 0.39921874999999996 0.8531249999999999 0.4046875 0.846875 0.39921874999999996 0.8062499999999999 0.396875 0.7802083341346153 0.41171875 0.7520833341346154 0.41171875 0.7729166658653847 0.41640625 0.7802083341346153 0.41718750000000004 0.7541666658653846 0.41718750000000004 0.7291666658653846 0.41093749999999996 0.7020833341346153 0.40234375 0.6916666658653846 0.40703124999999996 0.6770833341346154 0.40625 0.6656249999999999 0.4 0.659375 0.390625 0.6666666658653846 0.38671875 0.6812499999999999 0.3890625 0.690625 0.38046875 0.6916666658653846 0.37421875000000004 0.7083333341346154 0.36953125 0.7291666658653846 0.365625 0.7447916658653846 0.36953125 0.7552083341346154 0.3734375 0.7479166658653846 0.375 0.7864583341346154 0.37578124999999996 0.815625 0.3828125 0.8552083341346154 0.38515625 0.85625
1298 0.19374999999999998 0.6802083341346153 0.18359375 0.6708333341346153 0.18828125 0.6520833341346154 0.18203124999999998 0.6385416658653846 0.16953125000000002 0.6375 0.1640625 0.6458333341346154 0.16249999999999998 0.6604166658653846 0.16796875 0.675 0.16640624999999998 0.6812499999999999 0.15625 0.684375 0.1515625 0.7093750000000001 0.15234375 0.721875 0.14765625 0.7406250000000001 0.153125 0.7541666658653846 0.153125 0.778125 0.15234375 0.8177083341346154 0.153125 0.8489583341346154 0.15078125 0.8656250000000001 0.14609375 0.875 0.13515625 0.8791666658653846 0.13984375 0.8885416658653846 0.1671875 0.8885416658653846 0.1671875 0.875 0.1671875 0.8343750000000001 0.16796875 0.7947916658653846 0.171875 0.825 0.1875 0.8489583341346154 0.18984374999999998 0.8635416658653846 0.19374999999999998 0.8697916658653846 0.19453125 0.8958333341346154 0.20078125000000002 0.8958333341346154 0.20625 0.8843749999999999 0.20859375000000002 0.8645833341346154 0.20703125 0.8458333341346154 0.1953125 0.8364583341346153 0.18984374999999998 0.8229166658653846 0.184375 0.8145833341346154 0.18515625000000002 0.7947916658653846 0.19140625 0.7645833341346153 0.19687500000000002 0.7427083341346153 0.203125 0.721875 0.20078125000000002 0.6916666658653846 0.19374999999999998 0.6802083341346153
1753 0.190625 0.66875 0.20156249999999998 0.684375 0.21718749999999998 0.675 0.25859375 0.6468750000000001 0.31562500000000004 0.6187499999999999 0.41953125 0.5635416658653847 0.47968750000000004 0.5364583341346154 0.5421875 0.5125 0.58203125 0.5041666658653846 0.6539062499999999 0.4864583341346154 0.7578125 0.4729166658653846 0.8304687500000001 0.484375 0.8531249999999999 0.490625 0.8765624999999999 0.4916666658653846 0.8804687499999999 0.475 0.8609374999999999 0.4614583341346154 0.8328125 0.4489583341346154 0.784375 0.44062500000000004 0.73828125 0.4385416658653846 0.628125 0.4520833341346154 0.5609375 0.46875 0.47890625 0.49479166586538464 0.4234375 0.5229166658653847 0.34062499999999996 0.5572916658653846 0.271875 0.6020833341346153 0.20390625 0.6468750000000001 0.190625 0.6583333341346154 0.184375 0.6656249999999999 0.190625 0.66875
1497 0.6609375 0.690625 0.659375 0.7520833341346154 0.8 0.7541666658653846 0.79765625 0.6875 0.6609375 0.690625
1497 0.9984375000000001 0.6885416658653847 0.9546874999999999 0.6875 0.9507812499999999 0.7520833341346154 0.996875 0.7541666658653846 0.9984375000000001 0.6885416658653847
1299 0.9398437500000001 0.6895833341346154 0.9328125 0.6708333341346153 0.9203125000000001 0.6697916658653846 0.9164062500000001 0.6947916658653847 0.90703125 0.7093750000000001 0.8968750000000001 0.7229166658653846 0.8960937499999999 0.7749999999999999 0.9007812500000001 0.7927083341346154 0.90546875 0.8270833341346153 0.8968750000000001 0.8666666658653847 0.89375 0.8958333341346154 0.921875 0.9010416658653846 0.9203125000000001 0.8875 0.9296875 0.8916666658653847 0.93046875 0.878125 0.9273437499999999 0.84375 0.9281250000000001 0.79375 0.9359375000000001 0.7739583341346153 0.94609375 0.7447916658653846 0.940625 0.7166666658653846 0.9281250000000001 0.703125 0.9375 0.703125 0.9398437500000001 0.6895833341346154
738 0.98828125 0.753125 0.9453125 0.778125 0.8968750000000001 0.7875000000000001 0.8570312499999999 0.7864583341346154 0.8179687499999999 0.7864583341346154 0.7789062499999999 0.7864583341346154 0.75078125 0.7885416658653847 0.7289062500000001 0.8062499999999999 0.7171875000000001 0.8416666658653846 0.715625 0.8916666658653847 0.71953125 0.9239583341346154 0.7320312499999999 0.9614583341346153 0.75078125 0.9770833341346153 0.7523437500000001 0.9979166658653846 0.9984375000000001 0.996875 0.9984375000000001 0.7510416658653847 0.98828125 0.753125
1509 0.20156249999999998 0.7145833341346154 0.19921875 0.7270833341346153 0.1875 0.78125 0.184375 0.8104166658653846 0.19687500000000002 0.83125 0.34296875000000004 0.8531249999999999 0.34921875 0.8354166658653847 0.35390625 0.8343750000000001 0.35859375000000004 0.7260416658653847 0.20156249999999998 0.7145833341346154
1885 0.99609375 0.8291666658653847 0.9984375000000001 0.6479166658653847 0.99296875 0.2645833341346154 0.56953125 0.4302083341346154 0.559375 0.7749999999999999 0.99609375 0.8291666658653847
1294 0.5703125 0.715625 0.56484375 0.7177083341346153 0.57109375 0.73125 0.565625 0.7510416658653847 0.5640625 0.7729166658653847 0.5640625 0.7875000000000001 0.5640625 0.8020833341346154 0.559375 0.8135416658653847 0.56484375 0.8135416658653847 0.5734375 0.7833333341346154 0.575 0.796875 0.5734375 0.8135416658653847 0.57890625 0.8145833341346154 0.5796875 0.778125 0.5796875 0.765625 0.58359375 0.7510416658653847 0.58359375 0.7364583341346154 0.57578125 0.7260416658653847 0.57578125 0.721875 0.5703125 0.715625
1298 0.020312499999999997 0.7093750000000001 0.013281250000000001 0.7020833341346153 0.014062499999999999 0.6968749999999999 0.01171875 0.6895833341346154 0.00546875 0.6895833341346154 0.00859375 0.7020833341346153 0.0046875 0.7083333341346154 0.00625 0.7291666658653846 0.00625 0.7375 0.009375 0.7593749999999999 0.01484375 0.7427083341346153 0.01953125 0.7302083341346154 0.024218749999999997 0.721875 0.020312499999999997 0.7093750000000001
1885 0.00078125 0.6656249999999999 0.00078125 0.7124999999999999 0.02890625 0.721875 0.03125 0.6739583341346154 0.00078125 0.6656249999999999
1027 0.7242187499999999 0.37812500000000004 0.715625 0.3770833341346154 0.70703125 0.3770833341346154 0.7054687500000001 0.3864583341346154 0.70703125 0.40104166586538464 0.71875 0.4020833341346154 0.7281249999999999 0.4 0.7281249999999999 0.38541666586538464 0.7242187499999999 0.37812500000000004
1027 0.4046875 0.017708334134615384 0.396875 0.0125 0.390625 0.013541665865384616 0.38671875 0.019791665865384615 0.38984375000000004 0.03125 0.4 0.038541665865384614 0.40625 0.03333333413461538 0.40703124999999996 0.022916665865384617 0.4046875 0.017708334134615384
1027 0.81953125 0.15625 0.8226562500000001 0.16249999999999998 0.8343750000000001 0.1697916658653846 0.8374999999999999 0.14583333413461538 0.8304687500000001 0.1385416658653846 0.81953125 0.1489583341346154 0.81953125 0.15625
792 0.7289062500000001 0.9583333341346154 0.71953125 0.9281250000000001 0.7140625 0.875 0.72265625 0.8166666658653846 0.73828125 0.7958333341346153 0.5609375 0.7760416658653846 0.559375 0.8729166658653846 0.54921875 0.8854166658653846 0.44218749999999996 0.8708333341346154 0.44765625 0.7406250000000001 0.13203125 0.7072916658653846 0.12031249999999999 0.8322916658653846 0.02109375 0.8177083341346154 0.02734375 0.71875 0.00078125 0.7114583341346153 0.00078125 0.9947916658653846 0.75078125 0.996875 0.75 0.9781249999999999 0.7289062500000001 0.9583333341346154