402 0.003143168269230769 0 0.0078125 0.2677083341346154 0.446875 0.43437499999999996 0.46953124999999996 0.3864583341346154 0.5234375 0.2989583341346154 0.60546875 0.2166666658653846 0.73359375 0.12604166586538462 0.8 0.09166666586538462 0.88984375 0.06041666586538462 0.965625 0.040624999999999994 0.99609375 0.038541665865384614 0.9991365144230768 0 0.003143168269230769 0
876 0.5296875 0.31875 0.53984375 0.41874999999999996 0.99921875 0.3135416658653846 0.99921875 0.039583334134615386 0.96875 0.039583334134615386 0.87421875 0.06666666586538461 0.778125 0.10208333413461539 0.7007812499999999 0.14583333413461538 0.62578125 0.19791666586538462 0.55234375 0.2666666658653846 0.5140625 0.31562500000000004 0.5296875 0.31875
1562 0.44453125000000004 0.875 0.4515625 0.8833333341346153 0.5578125 0.8708333341346154 0.54765625 0.6458333341346154 0.5421875 0.6458333341346154 0.53203125 0.31562500000000004 0.43515625 0.3 0.4296875 0.303125 0.44453125000000004 0.875
1494 0.46562499999999996 0.6125 0.521875 0.6125 0.51953125 0.55625 0.46406250000000004 0.5541666658653847 0.46562499999999996 0.6125
1562 0.10468749999999999 0.8520833341346153 0.18046875 0.8625 0.19765624999999998 0.8510416658653847 0.20156249999999998 0.3510416658653846 0.18125000000000002 0.3114583341346154 0.10859374999999999 0.3354166658653846 0.10468749999999999 0.8520833341346153
1494 0.12187500000000001 0.6541666658653846 0.159375 0.6520833341346154 0.159375 0.6052083341346154 0.12031249999999999 0.6114583341346154 0.12187500000000001 0.6541666658653846
1562 0.9624999999999999 0.6302083341346154 0.9578125 0.6302083341346154 0.9437500000000001 0.4510416658653846 0.8484375 0.45833333413461536 0.87890625 0.8291666658653847 0.9789062500000001 0.8208333341346153 0.9624999999999999 0.6302083341346154
1494 0.89921875 0.690625 0.9320312500000001 0.6875 0.9265625 0.653125 0.89375 0.6541666658653846 0.89921875 0.690625
402 0.96953125 0.6270833341346154 0.96875 0.6729166658653847 0.99921875 0.6656249999999999 0.99921875 0.540625 0.9546874999999999 0.5489583341346154 0.9585937499999999 0.6260416658653847 0.96953125 0.6270833341346154
1885 1 0.3432291658653846 0.99921875 0.3114583341346154 0.5375 0.4197916658653846 0.540625 0.4729166658653846 1 0.3751662427884615 1 0.3432291658653846
402 0.54140625 0.4760416658653846 0.54140625 0.5 0.99921875 0.41145833413461536 0.99921875 0.37812500000000004 0.54140625 0.4760416658653846
1885 0.55 0.5145833341346153 0.6046875 0.5135416658653846 0.99921875 0.4447916658653846 0.99921875 0.4125 0.54296875 0.5041666658653846 0.55 0.5145833341346153
1885 1 0.4651041658653846 0.99921875 0.446875 0.575 0.5177083341346154 0.60859375 0.5333333341346154 0.6195312500000001 0.5395833341346153 1 0.48344860096153847 1 0.4651041658653846
1885 1 0.5338541658653846 0.99921875 0.5270833341346154 0.99921875 0.484375 0.54140625 0.5552083341346153 0.5453125 0.609375 1 0.5407429254807693 1 0.5338541658653846
1885 0.54296875 0.6447916658653846 0.55 0.6458333341346154 0.55 0.6770833341346154 0.56640625 0.6791666658653847 0.7453125 0.65625 0.7484375000000001 0.7197916658653847 0.8703125 0.7072916658653846 0.8546875 0.5666666658653846 0.54296875 0.6104166658653847 0.54296875 0.6447916658653846
1885 0.55390625 0.6822916658653846 0.55234375 0.7406250000000001 0.6421874999999999 0.7250000000000001 0.7476562499999999 0.71875 0.7437499999999999 0.6604166658653846 0.55390625 0.6822916658653846
1298 0.6171875 0.8552083341346154 0.62421875 0.815625 0.625 0.7864583341346154 0.6265624999999999 0.7479166658653846 0.6304687499999999 0.7552083341346154 0.6343749999999999 0.7447916658653846 0.6304687499999999 0.7291666658653846 0.62578125 0.7083333341346154 0.6195312500000001 0.6916666658653846 0.6109375 0.690625 0.61328125 0.6812499999999999 0.609375 0.6666666658653846 0.6 0.659375 0.59375 0.6656249999999999 0.59296875 0.6770833341346154 0.59765625 0.6916666658653846 0.5890625 0.7020833341346153 0.5828125 0.7291666658653846 0.5828125 0.7541666658653846 0.58359375 0.7802083341346153 0.58828125 0.7729166658653847 0.58828125 0.7520833341346154 0.603125 0.7802083341346153 0.60078125 0.8062499999999999 0.5953125 0.846875 0.60078125 0.8531249999999999 0.60078125 0.8635416658653846 0.6078125 0.871875 0.62109375 0.8645833341346154 0.61484375 0.85625 0.6171875 0.8552083341346154
1298 0.7992187500000001 0.6916666658653846 0.796875 0.721875 0.8031250000000001 0.7427083341346153 0.80859375 0.7645833341346153 0.8148437500000001 0.7947916658653846 0.815625 0.8145833341346154 0.8101562499999999 0.8229166658653846 0.8046875 0.8364583341346153 0.79296875 0.8458333341346154 0.7914062500000001 0.8645833341346154 0.79375 0.8843749999999999 0.7992187500000001 0.8958333341346154 0.80546875 0.8958333341346154 0.8062499999999999 0.8697916658653846 0.8101562499999999 0.8635416658653846 0.8125 0.8489583341346154 0.828125 0.825 0.83203125 0.7947916658653846 0.8328125 0.8343750000000001 0.8328125 0.875 0.8328125 0.8885416658653846 0.86015625 0.8885416658653846 0.8648437499999999 0.8791666658653846 0.8539062500000001 0.875 0.8492187499999999 0.8656250000000001 0.846875 0.8489583341346154 0.84765625 0.8177083341346154 0.846875 0.778125 0.846875 0.7541666658653846 0.85234375 0.7406250000000001 0.84765625 0.721875 0.8484375 0.7093750000000001 0.84375 0.684375 0.8335937499999999 0.6812499999999999 0.83203125 0.675 0.8374999999999999 0.6604166658653846 0.8359375 0.6458333341346154 0.8304687500000001 0.6375 0.8179687499999999 0.6385416658653846 0.81171875 0.6520833341346154 0.81640625 0.6708333341346153 0.8062499999999999 0.6802083341346153 0.7992187500000001 0.6916666658653846
1753 0.815625 0.6656249999999999 0.809375 0.6583333341346154 0.79609375 0.6468750000000001 0.7281249999999999 0.6020833341346153 0.659375 0.5572916658653846 0.5765625 0.5229166658653847 0.52109375 0.49479166586538464 0.4390625 0.46875 0.37187499999999996 0.4520833341346154 0.26171875 0.4385416658653846 0.215625 0.44062500000000004 0.1671875 0.4489583341346154 0.1390625 0.4614583341346154 0.11953125 0.475 0.1234375 0.4916666658653846 0.146875 0.490625 0.16953125000000002 0.484375 0.2421875 0.4729166658653846 0.34609375 0.4864583341346154 0.41796875 0.5041666658653846 0.45781249999999996 0.5125 0.5203125 0.5364583341346154 0.58046875 0.5635416658653847 0.684375 0.6187499999999999 0.74140625 0.6468750000000001 0.7828124999999999 0.675 0.7984374999999999 0.684375 0.809375 0.66875 0.815625 0.6656249999999999
1497 0.20234375 0.6875 0.2 0.7541666658653846 0.34062499999999996 0.7520833341346154 0.33906250000000004 0.690625 0.20234375 0.6875
1497 0.003125 0.7541666658653846 0.049218750000000006 0.7520833341346154 0.045312500000000006 0.6875 0.0015625 0.6885416658653847 0.003125 0.7541666658653846
1299 0.0625 0.703125 0.071875 0.703125 0.059375 0.7166666658653846 0.05390625 0.7447916658653846 0.0640625 0.7739583341346153 0.071875 0.79375 0.07265625 0.84375 0.06953125 0.878125 0.0703125 0.8916666658653847 0.0796875 0.8875 0.078125 0.9010416658653846 0.10625000000000001 0.8958333341346154 0.103125 0.8666666658653847 0.09453125000000001 0.8270833341346153 0.09921875 0.7927083341346154 0.10390625 0.7749999999999999 0.103125 0.7229166658653846 0.09296874999999999 0.7093750000000001 0.08359375 0.6947916658653847 0.0796875 0.6697916658653846 0.0671875 0.6708333341346153 0.060156249999999994 0.6895833341346154 0.0625 0.703125
738 0.0015625 0.7510416658653847 0.0015625 0.996875 0.24765625000000002 0.9979166658653846 0.24921875 0.9770833341346153 0.26796875 0.9614583341346153 0.28046875 0.9239583341346154 0.284375 0.8916666658653847 0.2828125 0.8416666658653846 0.27109375 0.8062499999999999 0.24921875 0.7885416658653847 0.22109374999999998 0.7864583341346154 0.18203124999999998 0.7864583341346154 0.14296875 0.7864583341346154 0.103125 0.7875000000000001 0.0546875 0.778125 0.01171875 0.753125 0.0015625 0.7510416658653847
1509 0.64140625 0.7260416658653847 0.6460937499999999 0.8343750000000001 0.6507812500000001 0.8354166658653847 0.65703125 0.8531249999999999 0.8031250000000001 0.83125 0.815625 0.8104166658653846 0.8125 0.78125 0.80078125 0.7270833341346153 0.7984374999999999 0.7145833341346154 0.64140625 0.7260416658653847
1885 0.44062500000000004 0.7749999999999999 0.43046874999999996 0.4302083341346154 0.007031249999999999 0.2645833341346154 0.0015625 0.6479166658653847 0.00390625 0.8291666658653847 0.44062500000000004 0.7749999999999999
1294 0.42421875 0.721875 0.42421875 0.7260416658653847 0.41640625 0.7364583341346154 0.41640625 0.7510416658653847 0.4203125 0.765625 0.4203125 0.778125 0.42109375000000004 0.8145833341346154 0.42656249999999996 0.8135416658653847 0.42500000000000004 0.796875 0.42656249999999996 0.7833333341346154 0.43515625 0.8135416658653847 0.44062500000000004 0.8135416658653847 0.4359375 0.8020833341346154 0.4359375 0.7875000000000001 0.4359375 0.7729166658653847 0.43437499999999996 0.7510416658653847 0.42890625000000004 0.73125 0.43515625 0.7177083341346153 0.4296875 0.715625 0.42421875 0.721875
1298 0.97578125 0.721875 0.98046875 0.7302083341346154 0.98515625 0.7427083341346153 0.9906250000000001 0.7593749999999999 0.9937499999999999 0.7375 0.9937499999999999 0.7291666658653846 0.9953125 0.7083333341346154 0.99140625 0.7020833341346153 0.9945312500000001 0.6895833341346154 0.98828125 0.6895833341346154 0.9859374999999999 0.6968749999999999 0.9867187500000001 0.7020833341346153 0.9796875 0.7093750000000001 0.97578125 0.721875
1885 0.96875 0.6739583341346154 0.9710937500000001 0.721875 0.99921875 0.7124999999999999 0.99921875 0.6656249999999999 0.96875 0.6739583341346154
1027 0.271875 0.38541666586538464 0.271875 0.4 0.28125 0.4020833341346154 0.29296875 0.40104166586538464 0.29453125 0.3864583341346154 0.29296875 0.3770833341346154 0.284375 0.3770833341346154 0.27578125 0.37812500000000004 0.271875 0.38541666586538464
1027 0.59296875 0.022916665865384617 0.59375 0.03333333413461538 0.6 0.038541665865384614 0.61015625 0.03125 0.61328125 0.019791665865384615 0.609375 0.013541665865384616 0.603125 0.0125 0.5953125 0.017708334134615384 0.59296875 0.022916665865384617
1027 0.18046875 0.1489583341346154 0.16953125000000002 0.1385416658653846 0.16249999999999998 0.14583333413461538 0.16562500000000002 0.1697916658653846 0.17734375000000002 0.16249999999999998 0.18046875 0.15625 0.18046875 0.1489583341346154
792 0.25 0.9781249999999999 0.24921875 0.996875 0.99921875 0.9947916658653846 0.99921875 0.7114583341346153 0.97265625 0.71875 0.9789062500000001 0.8177083341346154 0.8796875 0.8322916658653846 0.86796875 0.7072916658653846 0.55234375 0.7406250000000001 0.5578125 0.8708333341346154 0.45078125 0.8854166658653846 0.44062500000000004 0.8729166658653846 0.4390625 0.7760416658653846 0.26171875 0.7958333341346153 0.27734375 0.8166666658653846 0.2859375 0.875 0.28046875 0.9281250000000001 0.27109375 0.9583333341346154 0.25 0.9781249999999999