866 0.5386666658653846 0.506 0.5973333341346154 0.518 0.6 0.518 0.696 0 0.20533333413461538 0.002 0.4746666658653846 0.516 0.5386666658653846 0.506
402 0.2133333341346154 0.002 0.002666665865384615 0.004 0.002666665865384615 0.492 0.4773333341346154 0.554 0.4773333341346154 0.514 0.2133333341346154 0.002
1885 0.704 0 0.592 0.534 0.6026666658653845 0.6659999999999999 0.9946666658653847 0.394 0.9920000000000001 0 0.704 0
823 0.2186666658653846 0.606 0.2213333341346154 0.6180000000000001 0.3653333341346154 0.6479999999999999 0.6319999999999999 0.6340000000000001 0.6319999999999999 0.59 0.656 0.572 0.656 0.534 0.2186666658653846 0.554 0.2026666658653846 0.5559999999999999 0.2026666658653846 0.598 0.2186666658653846 0.606
402 0.9946666658653847 0.676 0.9946666658653847 0.398 0.608 0.6679999999999999 0.824 0.7 0.9946666658653847 0.676
440 0.41333333413461537 0.6900000000000001 0.41600000000000004 0.66 0.005333334134615384 0.582 0.005333334134615384 0.8099999999999999 0.44266666586538467 0.714 0.44266666586538467 0.6940000000000001 0.41333333413461537 0.6900000000000001
1298 0.2586666658653846 0.748 0.2586666658653846 0.76 0.2586666658653846 0.796 0.2586666658653846 0.824 0.2586666658653846 0.8360000000000001 0.28 0.8340000000000001 0.28 0.8140000000000001 0.2933333341346154 0.828 0.2933333341346154 0.8140000000000001 0.304 0.768 0.3066666658653846 0.73 0.3146666658653846 0.76 0.3226666658653846 0.76 0.328 0.732 0.3173333341346154 0.7080000000000001 0.296 0.698 0.3013333341346154 0.6839999999999999 0.28 0.678 0.26933333413461535 0.6859999999999999 0.2746666658653846 0.698 0.2666666658653846 0.702 0.2506666658653846 0.7060000000000001 0.2453333341346154 0.732 0.24000000000000002 0.756 0.2533333341346154 0.764 0.2586666658653846 0.748
501 0.9173333341346154 0.86 0.9573333341346154 0.856 0.9386666658653847 0.522 0.9306666658653846 0.518 0.928 0.514 0.896 0.512 0.8453333341346153 0.516 0.8453333341346153 0.542 0.8506666658653846 0.8500000000000001 0.8746666658653847 0.854 0.9173333341346154 0.86
501 0.7546666658653846 0.768 0.7493333341346153 0.604 0.704 0.602 0.7013333341346153 0.624 0.7013333341346153 0.77 0.728 0.77 0.7546666658653846 0.768
501 0.6880000000000001 0.6340000000000001 0.6613333341346154 0.6340000000000001 0.6506666658653846 0.736 0.6693333341346153 0.744 0.6880000000000001 0.74 0.6880000000000001 0.6340000000000001
501 0.1013333341346154 0.336 0.061333334134615385 0.336 0.05066666586538461 0.564 0.08 0.5680000000000001 0.1013333341346154 0.336
501 0.168 0.394 0.14133333413461538 0.39 0.128 0.582 0.1493333341346154 0.592 0.168 0.394
501 0.2186666658653846 0.432 0.19733333413461537 0.432 0.192 0.5579999999999999 0.20800000000000002 0.5559999999999999 0.2186666658653846 0.432
1885 0.2213333341346154 0.602 0.2026666658653846 0.6 0.20800000000000002 0.5559999999999999 0.3786666658653846 0.542 0.002666665865384615 0.49600000000000005 0.002666665865384615 0.584 0.2186666658653846 0.6180000000000001 0.2213333341346154 0.602
876 0.48000000000000004 0.516 0.4746666658653846 0.542 0.5946666658653846 0.538 0.592 0.518 0.5680000000000001 0.51 0.5386666658653846 0.506 0.504 0.512 0.48000000000000004 0.516
1276 0.6159999999999999 0.7100000000000001 0.6159999999999999 0.6900000000000001 0.5973333341346154 0.6839999999999999 0.5813333341346154 0.6839999999999999 0.56 0.6839999999999999 0.536 0.6859999999999999 0.5253333341346154 0.6799999999999999 0.4986666658653846 0.6799999999999999 0.4773333341346154 0.6799999999999999 0.4773333341346154 0.6940000000000001 0.4693333341346154 0.6880000000000001 0.4533333341346154 0.6880000000000001 0.45066666586538456 0.7100000000000001 0.45866666586538457 0.722 0.464 0.7100000000000001 0.4853333341346154 0.722 0.5386666658653846 0.718 0.5786666658653846 0.718 0.6026666658653845 0.718 0.6159999999999999 0.7100000000000001
862 0.5226666658653847 0.6799999999999999 0.56 0.6859999999999999 0.6106666658653845 0.6819999999999999 0.608 0.67 0.4826666658653846 0.67 0.4826666658653846 0.6839999999999999 0.5013333341346153 0.6799999999999999 0.5226666658653847 0.6799999999999999
1885 0.4693333341346154 0.6900000000000001 0.48000000000000004 0.6839999999999999 0.4826666658653846 0.6679999999999999 0.6053333341346154 0.67 0.6 0.64 0.4933333341346154 0.642 0.42666666586538465 0.656 0.41600000000000004 0.6859999999999999 0.448 0.6900000000000001 0.4693333341346154 0.6900000000000001
792 0.6159999999999999 0.6799999999999999 0.6133333341346154 0.6859999999999999 0.4453333341346154 0.696 0.44266666586538467 0.718 0.002666665865384615 0.8119999999999999 0.002666665865384615 0.998 0.9920000000000001 0.996 0.9946666658653847 0.678 0.8293333341346153 0.704 0.6186666658653847 0.676 0.6159999999999999 0.6799999999999999
1942 0.824 0.106 0.7253333341346154 0.33399999999999996 0.728 0.47000000000000003 0.8346666658653846 0.33199999999999996 0.824 0.106