866 0.5253333341346154 0.516 0.7946666658653846 0.002 0.304 0 0.4 0.518 0.40266666586538463 0.518 0.4613333341346154 0.506 0.5253333341346154 0.516
402 0.5226666658653847 0.514 0.5226666658653847 0.554 0.9973333341346154 0.492 0.9973333341346154 0.004 0.7866666658653846 0.002 0.5226666658653847 0.514
1885 0.008 0 0.005333334134615384 0.394 0.3973333341346154 0.6659999999999999 0.40800000000000003 0.534 0.296 0 0.008 0
823 0.7973333341346154 0.598 0.7973333341346154 0.5559999999999999 0.7813333341346154 0.554 0.34400000000000003 0.534 0.34400000000000003 0.572 0.368 0.59 0.368 0.6340000000000001 0.6346666658653847 0.6479999999999999 0.7786666658653847 0.6180000000000001 0.7813333341346154 0.606 0.7973333341346154 0.598
402 0.176 0.7 0.392 0.6679999999999999 0.005333334134615384 0.398 0.005333334134615384 0.676 0.176 0.7
440 0.5573333341346154 0.6940000000000001 0.5573333341346154 0.714 0.9946666658653847 0.8099999999999999 0.9946666658653847 0.582 0.584 0.66 0.5866666658653846 0.6900000000000001 0.5573333341346154 0.6940000000000001
1298 0.7466666658653847 0.764 0.76 0.756 0.7546666658653846 0.732 0.7493333341346153 0.7060000000000001 0.7333333341346153 0.702 0.7253333341346154 0.698 0.7306666658653846 0.6859999999999999 0.72 0.678 0.6986666658653846 0.6839999999999999 0.704 0.698 0.6826666658653846 0.7080000000000001 0.672 0.732 0.6773333341346154 0.76 0.6853333341346153 0.76 0.6933333341346154 0.73 0.696 0.768 0.7066666658653846 0.8140000000000001 0.7066666658653846 0.828 0.72 0.8140000000000001 0.72 0.8340000000000001 0.7413333341346154 0.8360000000000001 0.7413333341346154 0.824 0.7413333341346154 0.796 0.7413333341346154 0.76 0.7413333341346154 0.748 0.7466666658653847 0.764
501 0.1253333341346154 0.854 0.1493333341346154 0.8500000000000001 0.15466666586538463 0.542 0.15466666586538463 0.516 0.10400000000000001 0.512 0.07200000000000001 0.514 0.06933333413461538 0.518 0.061333334134615385 0.522 0.04266666586538462 0.856 0.08266666586538461 0.86 0.1253333341346154 0.854
501 0.272 0.77 0.2986666658653846 0.77 0.2986666658653846 0.624 0.296 0.602 0.2506666658653846 0.604 0.2453333341346154 0.768 0.272 0.77
501 0.312 0.74 0.3306666658653846 0.744 0.34933333413461537 0.736 0.33866666586538463 0.6340000000000001 0.312 0.6340000000000001 0.312 0.74
501 0.92 0.5680000000000001 0.9493333341346154 0.564 0.9386666658653847 0.336 0.8986666658653846 0.336 0.92 0.5680000000000001
501 0.8506666658653846 0.592 0.872 0.582 0.8586666658653846 0.39 0.8320000000000001 0.394 0.8506666658653846 0.592
501 0.7919999999999999 0.5559999999999999 0.8079999999999999 0.5579999999999999 0.8026666658653846 0.432 0.7813333341346154 0.432 0.7919999999999999 0.5559999999999999
1885 0.7813333341346154 0.6180000000000001 0.9973333341346154 0.584 0.9973333341346154 0.49600000000000005 0.6213333341346154 0.542 0.7919999999999999 0.5559999999999999 0.7973333341346154 0.6 0.7786666658653847 0.602 0.7813333341346154 0.6180000000000001
876 0.49600000000000005 0.512 0.4613333341346154 0.506 0.432 0.51 0.40800000000000003 0.518 0.40533333413461536 0.538 0.5253333341346154 0.542 0.52 0.516 0.49600000000000005 0.512
1276 0.3973333341346154 0.718 0.4213333341346154 0.718 0.4613333341346154 0.718 0.5146666658653847 0.722 0.536 0.7100000000000001 0.5413333341346154 0.722 0.5493333341346154 0.7100000000000001 0.5466666658653846 0.6880000000000001 0.5306666658653846 0.6880000000000001 0.5226666658653847 0.6940000000000001 0.5226666658653847 0.6799999999999999 0.5013333341346153 0.6799999999999999 0.4746666658653846 0.6799999999999999 0.464 0.6859999999999999 0.44 0.6839999999999999 0.41866666586538465 0.6839999999999999 0.40266666586538463 0.6839999999999999 0.384 0.6900000000000001 0.384 0.7100000000000001 0.3973333341346154 0.718
862 0.4986666658653846 0.6799999999999999 0.5173333341346154 0.6839999999999999 0.5173333341346154 0.67 0.392 0.67 0.3893333341346154 0.6819999999999999 0.44 0.6859999999999999 0.4773333341346154 0.6799999999999999 0.4986666658653846 0.6799999999999999
1885 0.552 0.6900000000000001 0.584 0.6859999999999999 0.5733333341346154 0.656 0.5066666658653847 0.642 0.4 0.64 0.3946666658653846 0.67 0.5173333341346154 0.6679999999999999 0.52 0.6839999999999999 0.5306666658653846 0.6900000000000001 0.552 0.6900000000000001
792 0.3813333341346154 0.676 0.17066666586538462 0.704 0.005333334134615384 0.678 0.008 0.996 0.9973333341346154 0.998 0.9973333341346154 0.8119999999999999 0.5573333341346154 0.718 0.5546666658653846 0.696 0.3866666658653846 0.6859999999999999 0.384 0.6799999999999999 0.3813333341346154 0.676
1942 0.16533333413461537 0.33199999999999996 0.272 0.47000000000000003 0.2746666658653846 0.33399999999999996 0.176 0.106 0.16533333413461537 0.33199999999999996