207 0.5859375 0.744140625 0.5677083341346154 0.64453125 0.03125 0.56640625 0.013020834134615385 0.9921875 0.2578125 0.99609375 0.5859375 0.744140625
23 0.8619791658653846 0.533203125 0.8489583341346154 0.58203125 0.8567708341346154 0.607421875 0.8151041658653846 0.6015625 0.8151041658653846 0.595703125 0.8385416658653846 0.595703125 0.84375 0.5859375 0.828125 0.580078125 0.75 0.578125 0.7317708341346154 0.58984375 0.7421875 0.6015625 0.75 0.59375 0.7708333341346154 0.595703125 0.7708333341346154 0.607421875 0.7473958341346154 0.609375 0.6979166658653846 0.63671875 0.6979166658653846 0.658203125 0.7239583341346154 0.658203125 0.8098958341346154 0.68359375 0.8098958341346154 0.72265625 0.7447916658653846 0.708984375 0.7447916658653846 0.720703125 0.7369791658653846 0.720703125 0.7369791658653846 0.732421875 0.7578125 0.734375 0.765625 0.7265625 0.7786458341346154 0.736328125 0.6979166658653846 0.74609375 0.6979166658653846 0.751953125 0.6822916658653846 0.755859375 0.6822916658653846 0.771484375 0.7213541658653846 0.771484375 0.7213541658653846 0.7578125 0.8125 0.751953125 0.8203125 0.779296875 0.8020833341346154 0.78515625 0.8046875 0.802734375 0.8463541658653846 0.802734375 0.8411458341346154 0.75 0.9244791658653846 0.76171875 0.9244791658653846 0.77734375 0.9609375 0.779296875 0.9609375 0.751953125 0.8984375 0.736328125 0.8984375 0.708984375 0.8463541658653846 0.72265625 0.8489583341346154 0.6875 0.9348958341346154 0.669921875 0.9375 0.57421875 0.9348958341346154 0.4609375 0.9088541658653846 0.44921875 0.8880208341346154 0.455078125 0.8723958341346154 0.47265625 0.8619791658653846 0.533203125
35 0.265625 0.423828125 0.2916666658653846 0.447265625 0.32291666586538464 0.453125 0.33333333413461536 0.4609375 0.2942708341346154 0.470703125 0.2942708341346154 0.478515625 0.3359375 0.48046875 0.375 0.47265625 0.38020833413461536 0.4609375 0.35677083413461536 0.4609375 0.35677083413461536 0.451171875 0.375 0.4296875 0.38802083413461536 0.404296875 0.375 0.392578125 0.36458333413461536 0.3828125 0.32291666586538464 0.37109375 0.2890625 0.375 0.2682291658653846 0.392578125 0.265625 0.423828125
1120 0.2578125 0.447265625 0.24739583413461538 0.24609375 0.078125 0.255859375 0.11458333413461538 0.494140625 0.2526041658653846 0.48046875 0.2578125 0.447265625
1942 0.5442708341346154 0.216796875 0.5520833341346154 0.466796875 0.9947916658653846 0.48046875 0.9973958341346154 0.181640625 0.5442708341346154 0.216796875
7 0.5989583341346154 0.81640625 0.5677083341346154 0.7265625 0.06770833413461538 0.9453125 0.0546875 0.994140625 0.28125 0.99609375 0.5989583341346154 0.81640625
774 0.671875 0.69140625 0.671875 0.5390625 0.5677083341346154 0.52734375 0.5625 0.640625 0.578125 0.646484375 0.5885416658653846 0.6796875 0.671875 0.69140625
508 0.8463541658653846 0.544921875 0.765625 0.5390625 0.7447916658653846 0.5546875 0.7421875 0.5546875 0.8385416658653846 0.5625 0.8463541658653846 0.544921875
402 0.9869791658653846 0.00390625 0.0078125 0.00390625 0.013020834134615385 0.126953125 0.3125 0.162109375 0.9895833341346154 0.091796875 0.9869791658653846 0.00390625
1918 0.7604166658653846 0.6953125 0.7604166658653846 0.673828125 0.734375 0.666015625 0.7135416658653846 0.6640625 0.6979166658653846 0.669921875 0.7005208341346154 0.693359375 0.71875 0.697265625 0.7447916658653846 0.69921875 0.7604166658653846 0.6953125
448 0.33333333413461536 0.466796875 0.013020834134615385 0.521484375 0.0078125 0.556640625 0.09895833413461538 0.568359375 0.41145833413461536 0.61328125 0.40104166586538464 0.47265625 0.33333333413461536 0.466796875
510 0.9505208341346154 0.515625 0.9817708341346154 0.51953125 0.9895833341346154 0.466796875 0.9348958341346154 0.458984375 0.9505208341346154 0.515625