207 0.7421875 0.99609375 0.9869791658653846 0.9921875 0.96875 0.56640625 0.43229166586538464 0.64453125 0.4140625 0.744140625 0.7421875 0.99609375
23 0.12760416586538462 0.47265625 0.11197916586538462 0.455078125 0.09114583413461538 0.44921875 0.06510416586538462 0.4609375 0.0625 0.57421875 0.06510416586538462 0.669921875 0.15104166586538462 0.6875 0.15364583413461538 0.72265625 0.1015625 0.708984375 0.1015625 0.736328125 0.0390625 0.751953125 0.0390625 0.779296875 0.07552083413461538 0.77734375 0.07552083413461538 0.76171875 0.15885416586538462 0.75 0.15364583413461538 0.802734375 0.1953125 0.802734375 0.19791666586538462 0.78515625 0.1796875 0.779296875 0.1875 0.751953125 0.2786458341346154 0.7578125 0.2786458341346154 0.771484375 0.31770833413461536 0.771484375 0.31770833413461536 0.755859375 0.3020833341346154 0.751953125 0.3020833341346154 0.74609375 0.22135416586538462 0.736328125 0.234375 0.7265625 0.2421875 0.734375 0.2630208341346154 0.732421875 0.2630208341346154 0.720703125 0.2552083341346154 0.720703125 0.2552083341346154 0.708984375 0.19010416586538462 0.72265625 0.19010416586538462 0.68359375 0.2760416658653846 0.658203125 0.3020833341346154 0.658203125 0.3020833341346154 0.63671875 0.2526041658653846 0.609375 0.22916666586538462 0.607421875 0.22916666586538462 0.595703125 0.25 0.59375 0.2578125 0.6015625 0.2682291658653846 0.58984375 0.25 0.578125 0.171875 0.580078125 0.15625 0.5859375 0.16145833413461538 0.595703125 0.18489583413461538 0.595703125 0.18489583413461538 0.6015625 0.14322916586538462 0.607421875 0.15104166586538462 0.58203125 0.13802083413461538 0.533203125 0.12760416586538462 0.47265625
35 0.7317708341346154 0.392578125 0.7109375 0.375 0.6770833341346154 0.37109375 0.6354166658653846 0.3828125 0.625 0.392578125 0.6119791658653846 0.404296875 0.625 0.4296875 0.6432291658653846 0.451171875 0.6432291658653846 0.4609375 0.6197916658653846 0.4609375 0.625 0.47265625 0.6640625 0.48046875 0.7057291658653846 0.478515625 0.7057291658653846 0.470703125 0.6666666658653846 0.4609375 0.6770833341346154 0.453125 0.7083333341346154 0.447265625 0.734375 0.423828125 0.7317708341346154 0.392578125
1120 0.7473958341346154 0.48046875 0.8854166658653846 0.494140625 0.921875 0.255859375 0.7526041658653846 0.24609375 0.7421875 0.447265625 0.7473958341346154 0.48046875
1942 0.002604165865384616 0.181640625 0.005208334134615384 0.48046875 0.44791666586538464 0.466796875 0.45572916586538464 0.216796875 0.002604165865384616 0.181640625
7 0.71875 0.99609375 0.9453125 0.994140625 0.9322916658653846 0.9453125 0.43229166586538464 0.7265625 0.40104166586538464 0.81640625 0.71875 0.99609375
774 0.41145833413461536 0.6796875 0.421875 0.646484375 0.4375 0.640625 0.43229166586538464 0.52734375 0.328125 0.5390625 0.328125 0.69140625 0.41145833413461536 0.6796875
508 0.16145833413461538 0.5625 0.2578125 0.5546875 0.2552083341346154 0.5546875 0.234375 0.5390625 0.15364583413461538 0.544921875 0.16145833413461538 0.5625
402 0.010416665865384615 0.091796875 0.6875 0.162109375 0.9869791658653846 0.126953125 0.9921875 0.00390625 0.013020834134615385 0.00390625 0.010416665865384615 0.091796875
1918 0.2552083341346154 0.69921875 0.28125 0.697265625 0.2994791658653846 0.693359375 0.3020833341346154 0.669921875 0.2864583341346154 0.6640625 0.265625 0.666015625 0.23958333413461538 0.673828125 0.23958333413461538 0.6953125 0.2552083341346154 0.69921875
448 0.5989583341346154 0.47265625 0.5885416658653846 0.61328125 0.9010416658653846 0.568359375 0.9921875 0.556640625 0.9869791658653846 0.521484375 0.6666666658653846 0.466796875 0.5989583341346154 0.47265625
510 0.06510416586538462 0.458984375 0.010416665865384615 0.466796875 0.018229165865384613 0.51953125 0.04947916586538462 0.515625 0.06510416586538462 0.458984375