836 0.35666666586538465 0.8755555552884615 0.35500000000000004 0.43555555528846157 0.26 0.4333333341346154 0.19333333413461537 0.4288888894230769 0.19333333413461537 0.86 0.2566666658653846 0.8955555552884615 0.35666666586538465 0.8755555552884615
1942 0.20833333413461538 0.2688888894230769 0.0033333341346153847 0.23111111057692307 0.0016666658653846154 0.4911111105769231 0.18833333413461537 0.4933333341346154 0.19333333413461537 0.42 0.2033333341346154 0.42 0.20833333413461538 0.2688888894230769
757 0.053333334134615384 0.5622222211538461 0.065 0.5622222211538461 0.065 0.5399999999999999 0.04166666586538462 0.5266666658653846 0.03333333413461538 0.5511111105769231 0.05 0.5488888894230769 0.053333334134615384 0.5622222211538461
679 0.14 0.7266666658653846 0.13833333413461538 0.7644444447115385 0.22 0.7555555552884615 0.2183333341346154 0.7133333341346154 0.14 0.7266666658653846
1314 0.7783333341346155 0.3111111105769231 0.7783333341346155 0.4 0.8383333341346154 0.40888888942307694 0.84 0.3177777788461539 0.7783333341346155 0.3111111105769231
1314 0.88 0.18 0.88 0.27333333413461536 0.9516666658653846 0.27333333413461536 0.9533333341346153 0.17333333413461538 0.88 0.18
1002 0.635 0.39333333413461535 0.6316666658653846 0.17111111057692308 0.5733333341346154 0.1533333341346154 0.34833333413461537 0.2133333341346154 0.34833333413461537 0.4 0.565 0.3977777788461539 0.635 0.39333333413461535
1013 0.34500000000000003 0.6066666658653846 0.0016666658653846154 0.6533333341346155 0.006666665865384615 0.7155555552884615 0.44 0.6422222211538462 0.34500000000000003 0.6066666658653846
1885 0.365 0.6022222211538462 0.445 0.6511111105769231 0.365 0.6711111105769232 0.37166666586538466 0.88 0.5766666658653846 0.9888888894230768 0.995 0.991111110576923 0.9933333341346154 0.0044444447115384615 0.6083333341346153 0 0.6083333341346153 0.05111111057692308 0.565 0.060000000000000005 0.505 0.037777778846153846 0.29 0.11777777884615384 0.2916666658653846 0.42444444471153847 0.36 0.4288888894230769 0.365 0.6022222211538462
1885 0.2866666658653846 0.11555555528846154 0.0033333341346153847 0.042222221153846155 0.0016666658653846154 0.6422222211538462 0.28166666586538464 0.5933333341346153 0.2866666658653846 0.11555555528846154
1601 0.5983333341346154 0.5177777788461538 0.5983333341346154 0.5688888894230769 0.6283333341346153 0.5711111105769231 0.6233333341346154 0.5311111105769231 0.5983333341346154 0.5177777788461538
1601 0.5916666658653846 0.86 0.5933333341346153 0.9044444447115385 0.6233333341346154 0.9155555552884616 0.6233333341346154 0.8844444447115385 0.5916666658653846 0.86
1601 0.38 0.78 0.3766666658653846 0.8088888894230769 0.4 0.811111110576923 0.4 0.78 0.38 0.78
1661 0.2033333341346154 0.991111110576923 0.19 0.8266666658653846 0.16666666586538462 0.8088888894230769 0.10333333413461537 0.8133333341346154 0.07833333413461538 0.8377777788461539 0.08166666586538461 0.8733333341346154 0.075 0.9888888894230768 0.2033333341346154 0.991111110576923
1661 0.18666666586538463 0.9844444447115385 0.3083333341346154 0.9933333341346154 0.2933333341346154 0.8066666658653846 0.26 0.7888888894230769 0.20833333413461538 0.7888888894230769 0.19666666586538462 0.8177777788461539 0.18666666586538463 0.9844444447115385
1661 0.07333333413461539 0.8444444447115385 0.0016666658653846154 0.8422222211538462 0.0016666658653846154 0.9888888894230768 0.08666666586538462 0.9977777788461538 0.07333333413461539 0.8444444447115385
792 0.006666665865384615 0.9844444447115385 0.5716666658653846 0.991111110576923 0.365 0.8844444447115385 0.006666665865384615 0.9844444447115385
203 0.4366666658653846 0 0.5666666658653846 0.06666666586538461 0.6066666658653846 0.048888889423076926 0.6066666658653846 0 0.4366666658653846 0
1184 0.07833333413461538 0.52 0.08166666586538461 0.6266666658653846 0.14833333413461539 0.6177777788461539 0.14666666586538463 0.52 0.07833333413461538 0.52
560 0.4883333341346154 0.388888889423077 0.5700000000000001 0.3822222211538462 0.5766666658653846 0.16444444471153846 0.49 0.17555555528846153 0.4883333341346154 0.388888889423077
560 0.41000000000000003 0.19555555528846155 0.4116666658653846 0.3911111105769231 0.49 0.39333333413461535 0.485 0.18 0.41000000000000003 0.19555555528846155
560 0.40499999999999997 0.19777777884615383 0.34333333413461536 0.21555555528846154 0.35333333413461543 0.39555555528846154 0.365 0.40222222115384615 0.41333333413461537 0.3911111105769231 0.40499999999999997 0.19777777884615383