402 0.012048192307692308 0 0.008032127403846154 0.05750798798076923 0.5582329326923077 0.0670926514423077 0.7309236947115385 0 0.012048192307692308 0
1317 0.21686746875 0.5207667740384616 0.2851405625 0.5175718846153846 0.29317268990384615 0.25559105528846154 0.024096384615384617 0.25559105528846154 0.040160641826923076 0.5239616610576923 0.21686746875 0.5207667740384616
1314 0.20481927644230769 0.6932907355769231 0.3654618485576923 0.7156549519230769 0.4056224903846154 0.2811501586538462 0.2369477908653846 0.28753993509615383 0.20481927644230769 0.6932907355769231
711 0.4738955817307692 0.7284345048076923 0.4618473894230769 0.7188498413461539 0.42570281009615385 0.2747603822115385 0.37349397596153844 0.2811501586538462 0.40160642548076925 0.2811501586538462 0.4056224903846154 0.2971246009615385 0.4136546177884615 0.4313099038461538 0.3975903605769231 0.4313099038461538 0.3935742980769231 0.4760383389423077 0.41767068269230767 0.4760383389423077 0.42570281009615385 0.7124600649038462 0.3935742980769231 0.49840255528846156 0.3855421682692307 0.5718849831730769 0.4136546177884615 0.7156549519230769 0.20080321394230768 0.6900958461538462 0.20080321394230768 0.6964856225961539 0.22891566346153847 0.7092651754807692 0.20481927644230769 0.875399360576923 0.17670682692307693 0.8977635793269231 0.18473895673076923 0.91693290625 0.21686746875 0.9233226826923077 0.2570281129807692 0.7124600649038462 0.3293172692307692 0.7220447283653846 0.3293172692307692 0.7763578269230769 0.35742971875 0.7795527163461539 0.35341365384615386 0.7284345048076923 0.4136546177884615 0.73482428125 0.42570281009615385 0.7987220456730769 0.4538152620192308 0.79552715625 0.44979919711538463 0.7444089447115385 0.4738955817307692 0.7284345048076923
1314 0.44979919711538463 0.8146964855769231 0.6144578317307693 0.85623003125 0.6706827307692307 0.6070287548076924 0.5140562259615384 0.5910543125 0.44979919711538463 0.8146964855769231
127 0.012048192307692308 0.9744408942307692 0.032128514423076925 0.9968051129807692 0.42971887499999994 0.9968051129807692 0.4538152620192308 0.8115015985576922 0.2570281129807692 0.7571884975961538 0.20080321394230768 0.9233226826923077 0.18473895673076923 0.9265175721153847 0.1646586346153846 0.875399360576923 0.13654618509615385 0.8626198076923076 0.02811244951923077 0.875399360576923 0.024096384615384617 0.9616613413461538 0.012048192307692308 0.9744408942307692
1314 1 0.07820214903846154 0.8273092379807692 0.14376996875 0.8273092379807692 0.5623003197115385 0.9959839350961539 0.5718849831730769 1 0.32428114903846156 1 0.07820214903846154
1240 0.5903614447115385 0.9744408942307692 0.6224899591346154 0.9776357836538462 0.6586345384615384 0.9744408942307692 0.6666666658653846 0.8849840264423077 0.6465863461538461 0.8722044735576924 0.6345381514423077 0.8722044735576924 0.5863453822115384 0.875399360576923 0.5783132524038461 0.8849840264423077 0.5903614447115385 0.9744408942307692
1605 0.016064257211538462 0.6453674110576924 0.012048192307692308 0.61341853125 0.032128514423076925 0.5846645360576923 0.008032127403846154 0.5846645360576923 0.008032127403846154 0.9936102235576924 0.016064257211538462 0.9968051129807692 0.024096384615384617 0.958466454326923 0.1204819278846154 0.9392971250000001 0.17670682692307693 0.9297124591346153 0.16867469951923075 0.7220447283653846 0.15662650721153845 0.61341853125 0.1445783125 0.5750798725961539 0.1445783125 0.5559105432692307 0.15261044230769233 0.5303514375 0.12851405528846155 0.5271565504807693 0.11244979807692308 0.5431309903846153 0.12449799278846153 0.5623003197115385 0.1204819278846154 0.594249201923077 0.11646586298076923 0.6517571875 0.06425702884615385 0.6581469639423077 0.016064257211538462 0.6453674110576924
1885 0.5502008028846154 0.8658146971153846 0.5582329326923077 0.0670926514423077 0.008032127403846154 0.060702875 0.012048192307692308 0.09904153365384616 0.008032127403846154 0.8817891370192308 0.5502008028846154 0.8658146971153846
1885 0.7230741153846154 0 0.5582329326923077 0.0670926514423077 0.5502008028846154 0.8690095841346154 0.8032128509615385 0.9936102235576924 1 0.9936102235576924 1 0.4952076682692308 0.9960096778846155 0 0.7230741153846154 0
792 0.008032127403846154 0.8849840264423077 0.008032127403846154 0.9936102235576924 0.42971887499999994 0.9968051129807692 0.5903614447115385 0.9968051129807692 0.7991967860576923 0.9968051129807692 0.5461847379807693 0.8722044735576924 0.008032127403846154 0.8849840264423077