1285 0.782857141826923 0.905 0.7857142860576923 0.87 0.7914285721153846 0.8150000000000001 0.8057142860576924 0.735 0.7971428581730768 0.655 0.7971428581730768 0.61 0.8142857139423078 0.595 0.8314285721153846 0.5700000000000001 0.8314285721153846 0.56 0.8200000000000001 0.545 0.8114285721153845 0.5399999999999999 0.7971428581730768 0.545 0.7914285721153846 0.495 0.7771428581730769 0.43 0.78 0.39499999999999996 0.7885714278846153 0.39 0.8 0.36 0.8085714278846154 0.36 0.8085714278846154 0.335 0.8171428581730769 0.33 0.8257142860576923 0.31 0.8314285721153846 0.3 0.822857141826923 0.25 0.8 0.22 0.78 0.21 0.7628571418269231 0.23 0.7457142860576924 0.28500000000000003 0.7457142860576924 0.335 0.7142857139423077 0.42 0.7028571418269232 0.515 0.7057142860576923 0.6499999999999999 0.7057142860576923 0.705 0.7057142860576923 0.7749999999999999 0.717142858173077 0.875 0.7142857139423077 0.985 0.7714285721153846 0.98 0.782857141826923 0.905
1711 0.7457142860576924 0.905 0.7485714278846154 0.985 0.9885714278846154 0.98 0.9857142860576923 0.84 0.7428571418269231 0.89 0.7457142860576924 0.905
291 0.9457142860576924 0.905 0.9600000000000001 0.91 0.9742857139423078 0.905 0.9742857139423078 0.785 0.9657142860576923 0.755 0.9657142860576923 0.73 0.9542857139423078 0.73 0.9542857139423078 0.76 0.942857141826923 0.78 0.9457142860576924 0.905
1219 0.4485714278846154 0.56 0.642857141826923 0.6 0.6085714278846154 0.245 0.40857142788461537 0.26 0.4485714278846154 0.56
711 0.5114285721153846 0.875 0.5914285721153847 0.9450000000000001 0.6114285721153846 0.95 0.56 0.35500000000000004 0.5285714278846154 0.36 0.5028571418269231 0.030000000000000002 0.4942857139423077 0.035 0.5171428581730769 0.36 0.4828571418269231 0.36 0.4828571418269231 0.38 0.4914285721153846 0.38 0.5114285721153846 0.875
1219 0.9485714278846153 0.145 0.8742857139423077 0.6900000000000001 0.9285714278846153 0.755 0.9885714278846154 0.38 0.9885714278846154 0.13 0.9485714278846153 0.145
143 0.4 0.675 0.39428571394230766 0.9750000000000001 0.5742857139423078 0.985 0.5714285721153846 0.675 0.6114285721153846 0.6499999999999999 0.6057142860576923 0.6499999999999999 0.4742857139423077 0.62 0.3685714278846154 0.6499999999999999 0.3685714278846154 0.6649999999999999 0.4 0.675
1289 0.32 0.5850000000000001 0.32857142788461535 0.59 0.3457142860576923 0.5850000000000001 0.3685714278846154 0.5850000000000001 0.33999999999999997 0.595 0.3314285721153846 0.595 0.3314285721153846 0.63 0.3314285721153846 0.7 0.3342857139423077 0.76 0.3485714278846154 0.78 0.36571428605769235 0.75 0.3571428581730769 0.74 0.3485714278846154 0.655 0.362857141826923 0.645 0.39428571394230766 0.645 0.40857142788461537 0.64 0.41714285817307695 0.5850000000000001 0.4228571418269231 0.525 0.40857142788461537 0.485 0.39714285817307693 0.47000000000000003 0.39428571394230766 0.46 0.39428571394230766 0.42 0.3828571418269231 0.41000000000000003 0.3685714278846154 0.40499999999999997 0.36 0.43 0.36 0.475 0.3685714278846154 0.495 0.3542857139423077 0.495 0.34285714182692306 0.51 0.35142857211538464 0.475 0.34285714182692306 0.455 0.32857142788461535 0.46499999999999997 0.32857142788461535 0.495 0.3257142860576923 0.525 0.3257142860576923 0.56 0.32 0.5850000000000001
710 0.3314285721153846 0.98 0.2628571418269231 0.675 0.24285714182692308 0.6799999999999999 0.2742857139423077 0.030000000000000002 0.26 0.030000000000000002 0.2228571418269231 0.655 0.11428571394230769 0.705 0.13428571394230768 0.025 0.11428571394230769 0.030000000000000002 0.08 0.98 0.1 0.98 0.11142857211538462 0.72 0.2228571418269231 0.6649999999999999 0.20857142788461538 0.98 0.23142857211538462 0.98 0.24285714182692308 0.6849999999999999 0.2571428581730769 0.6849999999999999 0.3228571418269231 0.98 0.3314285721153846 0.98
1219 0.14285714182692308 0.655 0.2571428581730769 0.6950000000000001 0.2885714278846154 0.28500000000000003 0.16857142788461538 0.28 0.14285714182692308 0.655
1286 0.08285714182692307 0.26999999999999996 0.06285714182692308 0.28 0.05142857211538462 0.35 0.054285713942307696 0.42500000000000004 0.04285714182692308 0.495 0.04571428605769231 0.5850000000000001 0.04285714182692308 0.6900000000000001 0.04285714182692308 0.7899999999999999 0.05142857211538462 0.8150000000000001 0.057142858173076926 0.89 0.09428571394230768 0.895 0.10285714182692307 0.8350000000000001 0.12000000000000001 0.895 0.1828571418269231 0.88 0.17714285817307693 0.825 0.16285714182692307 0.745 0.1457142860576923 0.6900000000000001 0.1457142860576923 0.64 0.1542857139423077 0.53 0.1542857139423077 0.485 0.16 0.445 0.16 0.39499999999999996 0.16285714182692307 0.35 0.15714285817307694 0.32 0.14285714182692308 0.315 0.13428571394230768 0.33999999999999997 0.13714285817307692 0.38 0.1257142860576923 0.42500000000000004 0.11714285817307692 0.445 0.12000000000000001 0.39499999999999996 0.12285714182692307 0.35 0.11142857211538462 0.29 0.08285714182692307 0.26999999999999996
1714 0.7028571418269232 0.605 0.5914285721153847 0.62 0.62 0.635 0.6257142860576923 0.98 0.7457142860576924 0.985 0.74 0.895 0.9400000000000001 0.8500000000000001 0.9400000000000001 0.785 0.9542857139423078 0.765 0.9542857139423078 0.73 0.9628571418269231 0.7250000000000001 0.9628571418269231 0.715 0.9885714278846154 0.7100000000000001 0.9942857139423077 0.605 0.7028571418269232 0.605
1901 0.3542857139423077 0 0.3485714278846154 0.635 0.9885714278846154 0.72 1 0.716 1 0.3575 0.9971428581730769 0 0.3542857139423077 0
1885 0.008571427884615384 0 0.005714286057692307 0.6849999999999999 0.3485714278846154 0.645 0.3542857139423077 0 0.008571427884615384 0
792 1 0.719649125 0.35142857211538464 0.64 0.005714286057692307 0.6849999999999999 0.005714286057692307 0.99 1 0.99 1 0.719649125