402 0.26907630528846155 0 0.44176706730769233 0.0670926514423077 0.9919678725961538 0.05750798798076923 0.9879518076923077 0 0.26907630528846155 0
1317 0.959839358173077 0.5239616610576923 0.9759036153846155 0.25559105528846154 0.7068273100961538 0.25559105528846154 0.7148594375 0.5175718846153846 0.78313253125 0.5207667740384616 0.959839358173077 0.5239616610576923
1314 0.7630522091346154 0.28753993509615383 0.5943775096153846 0.2811501586538462 0.6345381514423077 0.7156549519230769 0.7951807235576923 0.6932907355769231 0.7630522091346154 0.28753993509615383
711 0.5502008028846154 0.7444089447115385 0.5461847379807693 0.79552715625 0.5742971899038462 0.7987220456730769 0.5863453822115384 0.73482428125 0.6465863461538461 0.7284345048076923 0.64257028125 0.7795527163461539 0.6706827307692307 0.7763578269230769 0.6706827307692307 0.7220447283653846 0.7429718870192308 0.7124600649038462 0.78313253125 0.9233226826923077 0.8152610432692308 0.91693290625 0.8232931730769231 0.8977635793269231 0.7951807235576923 0.875399360576923 0.7710843365384614 0.7092651754807692 0.7991967860576923 0.6964856225961539 0.7991967860576923 0.6900958461538462 0.5863453822115384 0.7156549519230769 0.6144578317307693 0.5718849831730769 0.6064257019230769 0.49840255528846156 0.5742971899038462 0.7124600649038462 0.5823293173076923 0.4760383389423077 0.6064257019230769 0.4760383389423077 0.6024096394230769 0.4313099038461538 0.5863453822115384 0.4313099038461538 0.5943775096153846 0.2971246009615385 0.5983935745192308 0.2811501586538462 0.6265060240384616 0.2811501586538462 0.5742971899038462 0.2747603822115385 0.5381526105769231 0.7188498413461539 0.5261044182692308 0.7284345048076923 0.5502008028846154 0.7444089447115385
1314 0.48594377403846156 0.5910543125 0.3293172692307692 0.6070287548076924 0.3855421682692307 0.85623003125 0.5502008028846154 0.8146964855769231 0.48594377403846156 0.5910543125
127 0.9759036153846155 0.9616613413461538 0.9718875504807692 0.875399360576923 0.8634538149038461 0.8626198076923076 0.8353413653846153 0.875399360576923 0.8152610432692308 0.9265175721153847 0.7991967860576923 0.9233226826923077 0.7429718870192308 0.7571884975961538 0.5461847379807693 0.8115015985576922 0.570281125 0.9968051129807692 0.9678714855769232 0.9968051129807692 0.9879518076923077 0.9744408942307692 0.9759036153846155 0.9616613413461538
1314 0 0.32428114903846156 0.004016064903846154 0.5718849831730769 0.17269076201923078 0.5623003197115385 0.17269076201923078 0.14376996875 0 0.07820214903846154 0 0.32428114903846156
1240 0.4216867475961538 0.8849840264423077 0.4136546177884615 0.875399360576923 0.3654618485576923 0.8722044735576924 0.35341365384615386 0.8722044735576924 0.33333333413461536 0.8849840264423077 0.3413654615384615 0.9744408942307692 0.3775100408653846 0.9776357836538462 0.40963855528846155 0.9744408942307692 0.4216867475961538 0.8849840264423077
1605 0.9357429711538461 0.6581469639423077 0.8835341370192308 0.6517571875 0.8795180721153847 0.594249201923077 0.8755020072115385 0.5623003197115385 0.887550201923077 0.5431309903846153 0.8714859447115385 0.5271565504807693 0.8473895576923076 0.5303514375 0.8554216874999999 0.5559105432692307 0.8554216874999999 0.5750798725961539 0.8433734927884615 0.61341853125 0.8313253004807692 0.7220447283653846 0.8232931730769231 0.9297124591346153 0.8795180721153847 0.9392971250000001 0.9759036153846155 0.958466454326923 0.9839357427884615 0.9968051129807692 0.9919678725961538 0.9936102235576924 0.9919678725961538 0.5846645360576923 0.9678714855769232 0.5846645360576923 0.9879518076923077 0.61341853125 0.9839357427884615 0.6453674110576924 0.9357429711538461 0.6581469639423077
1885 0.9919678725961538 0.8817891370192308 0.9879518076923077 0.09904153365384616 0.9919678725961538 0.060702875 0.44176706730769233 0.0670926514423077 0.44979919711538463 0.8658146971153846 0.9919678725961538 0.8817891370192308
1885 0.003990322115384615 0 0 0.4952076682692308 0 0.9936102235576924 0.19678714903846156 0.9936102235576924 0.44979919711538463 0.8690095841346154 0.44176706730769233 0.0670926514423077 0.2769258846153846 0 0.003990322115384615 0
792 0.4538152620192308 0.8722044735576924 0.20080321394230768 0.9968051129807692 0.40963855528846155 0.9968051129807692 0.570281125 0.9968051129807692 0.9919678725961538 0.9936102235576924 0.9919678725961538 0.8849840264423077 0.4538152620192308 0.8722044735576924