1947 0.545 0 0.545 0.16599190384615387 0.61 0.2874493918269231 1 0.29544406490384617 1 0 0.545 0
685 0.35 0.7489878533653846 0.74 0.6153846153846154 0.53 0.14979756971153846 0.01 0.16599190384615387 0.35 0.7489878533653846
261 0.05 0.23481781490384618 0.005 0.23076923076923078 0.01 0.38461538461538464 0.165 0.6842105264423076 0.25 0.8299595144230769 0.75 0.6477732788461539 0.74 0.61133603125 0.35 0.7449392716346155 0.05 0.23481781490384618
1274 0.39 0.7813765192307692 0.39 0.7935222668269231 0.44999999999999996 0.8704453437499999 0.47000000000000003 0.8785425096153846 0.515 0.8866396754807693 0.5700000000000001 0.8906882596153847 0.605 0.8744939278846153 0.625 0.8542510120192308 0.66 0.817813764423077 0.6649999999999999 0.7611336033653846 0.6900000000000001 0.7044534423076924 0.6499999999999999 0.7368421057692308 0.6499999999999999 0.7206477740384615 0.62 0.7570850192307692 0.61 0.7165991899038461 0.6 0.7165991899038461 0.595 0.6882591081730769 0.5850000000000001 0.7125506081730768 0.575 0.7165991899038461 0.5700000000000001 0.6761133605769231 0.55 0.7125506081730768 0.5399999999999999 0.6680161947115385 0.5399999999999999 0.6882591081730769 0.53 0.6720647764423078 0.52 0.7246963557692307 0.505 0.6801619423076922 0.49 0.6882591081730769 0.485 0.7327935216346154 0.46 0.6882591081730769 0.455 0.700404858173077 0.455 0.7246963557692307 0.42500000000000004 0.7044534423076924 0.435 0.7246963557692307 0.44 0.7449392716346155 0.435 0.7651821850961539 0.42 0.7732793533653847 0.415 0.7854251009615385 0.39 0.7813765192307692
1274 0.20500000000000002 0.6923076923076923 0.2 0.7085020240384616 0.16999999999999998 0.7044534423076924 0.18 0.8947368413461538 0.275 0.9109311730769231 0.375 0.8663967620192307 0.38 0.805668016826923 0.38 0.7165991899038461 0.36 0.700404858173077 0.29 0.6720647764423078 0.20500000000000002 0.6923076923076923
1027 0.223 0 0.20500000000000002 0.03643724759615385 0.16999999999999998 0.10121457451923077 0.145 0.13360323798076923 0.165 0.1376518221153846 0.165 0.15384615384615385 0.18 0.15789473798076925 0.185 0.1376518221153846 0.22499999999999998 0.06072874519230769 0.22 0.05668016105769231 0.22499999999999998 0.04453441346153846 0.23500000000000001 0.04453441346153846 0.26999999999999996 0.04453441346153846 0.3 0.04453441346153846 0.35500000000000004 0.04453441346153846 0.36 0.032388663461538465 0.35111111057692307 0 0.223 0
1027 0.42500000000000004 0 0.42500000000000004 0.028340081730769233 0.40499999999999997 0.024291497596153847 0.4 0.03643724759615385 0.28500000000000003 0.11336032451923078 0.28500000000000003 0.14574898798076924 0.305 0.13360323798076923 0.42 0.05263157932692308 0.43 0.05263157932692308 0.41000000000000003 0.0809716610576923 0.40499999999999997 0.09716599278846154 0.39499999999999996 0.11740890624999999 0.415 0.11740890624999999 0.47000000000000003 0.11336032451923078 0.515 0.10931174038461539 0.53 0.09311740865384616 0.515 0.0688259110576923 0.485 0.05263157932692308 0.4710714302884615 0 0.42500000000000004 0
1291 1 0.4183535745192308 0.99 0.4048583004807692 0.99 0.37651821874999997 0.955 0.3441295552884615 0.875 0.3117408918269231 0.865 0.2995951418269231 0.865 0.27125506009615385 0.855 0.21862348076923077 0.8500000000000001 0.19433198317307693 0.825 0.17004048557692306 0.78 0.14979756971153846 0.75 0.14979756971153846 0.6950000000000001 0.17004048557692306 0.675 0.1862348173076923 0.655 0.20647773317307694 0.655 0.24696356249999998 0.67 0.27125506009615385 0.675 0.2874493918269231 0.6799999999999999 0.3157894735576923 0.6900000000000001 0.33198380528846155 0.6950000000000001 0.3481781370192308 0.705 0.36437246875 0.74 0.36437246875 0.715 0.4048583004807692 0.7100000000000001 0.42105263221153844 0.7250000000000001 0.43319837980769227 0.6849999999999999 0.44534412980769233 0.675 0.44939271153846155 0.67 0.48178137740384613 0.64 0.5020242908653846 0.6 0.5222672067307692 0.5399999999999999 0.534412954326923 0.53 0.5425101225961538 0.515 0.5668016201923077 0.475 0.5546558701923077 0.40499999999999997 0.5303643725961538 0.35500000000000004 0.506072875 0.315 0.4858299591346154 0.31 0.4696356274038462 0.3 0.44129554567307694 0.295 0.42105263221153844 0.295 0.4008097163461538 0.28500000000000003 0.4129554663461539 0.28 0.41700404807692304 0.265 0.41700404807692304 0.24000000000000002 0.4089068822115385 0.22 0.4251012139423077 0.215 0.4251012139423077 0.215 0.44939271153846155 0.215 0.4696356274038462 0.25 0.49797570913461536 0.305 0.534412954326923 0.42 0.5991902836538462 0.47000000000000003 0.62348178125 0.505 0.6315789471153846 0.515 0.6315789471153846 0.53 0.6396761129807692 0.565 0.6315789471153846 0.595 0.6437246971153846 0.62 0.6396761129807692 0.6499999999999999 0.6396761129807692 0.6849999999999999 0.6315789471153846 0.7100000000000001 0.6275303653846154 0.74 0.6396761129807692 0.735 0.6639676105769231 0.58 0.7044534423076924 0.67 0.805668016826923 0.6950000000000001 0.8259109302884616 0.7250000000000001 0.8866396754807693 0.745 0.9068825913461538 0.825 0.9230769230769231 0.9349999999999999 0.9352226730769231 1 0.9352226730769231 1 0.4183535745192308
1885 0.00996794951923077 0 0.005 0.6275303653846154 0.3 0.5627530360576923 0.3 0 0.00996794951923077 0
1885 0.3000357139423077 0 0.305 0.5627530360576923 0.995 0.6518218629807693 0.995 0 0.3000357139423077 0
792 1 0.8238866394230769 0.995 0.6558704447115384 0.3 0.5627530360576923 0.005 0.6275303653846154 0.01 0.9919028341346153 1 0.9919028341346153 1 0.8238866394230769