1525 0.002 0 0.002 0.18933333413461537 0.176 0.18933333413461537 0.174 0.3173333341346154 0.37 0.328 0.38 0.136 0.5860000000000001 0.13866666586538462 0.588 0.168 0.6659999999999999 0.176 0.6659999999999999 0 0.002 0
1317 0.17200000000000001 0.3146666658653846 0.176 0.19733333413461537 0.002 0.19466666586538464 0.002 0.5546666658653846 0.114 0.552 0.128 0.312 0.17200000000000001 0.3146666658653846
1314 0.126 0.3146666658653846 0.106 0.7493333341346153 0.36 0.7546666658653846 0.372 0.328 0.126 0.3146666658653846
1314 0.582 0.47200000000000003 0.584 0.14133333413461538 0.384 0.136 0.366 0.47200000000000003 0.582 0.47200000000000003
1317 0.746 0.18666666586538463 0.5860000000000001 0.168 0.584 0.34933333413461537 0.738 0.33866666586538463 0.746 0.18666666586538463
1317 0.77 0.6773333341346154 0.736 0.34133333413461536 0.5860000000000001 0.352 0.572 0.7093333341346154 0.77 0.6773333341346154
1314 0.9380000000000001 0.5173333341346154 0.954 0.176 0.748 0.17333333413461538 0.74 0.34133333413461536 0.728 0.4933333341346154 0.9380000000000001 0.5173333341346154
711 0.464 0.4826666658653846 0.464 0.5146666658653847 0.47000000000000003 0.5253333341346154 0.486 0.5333333341346154 0.504 0.5306666658653846 0.502 0.6826666658653846 0.5680000000000001 0.6826666658653846 0.564 0.5306666658653846 0.5860000000000001 0.528 0.596 0.5146666658653847 0.602 0.4933333341346154 0.6180000000000001 0.4933333341346154 0.66 0.7893333341346154 0.6799999999999999 0.7813333341346154 0.6319999999999999 0.4933333341346154 0.6659999999999999 0.4906666658653846 0.67 0.47200000000000003 0.38799999999999996 0.47200000000000003 0.38799999999999996 0.48800000000000004 0.42600000000000005 0.4853333341346154 0.38 0.7733333341346154 0.39599999999999996 0.7866666658653846 0.448 0.4853333341346154 0.464 0.4826666658653846
830 0.6499999999999999 0.7786666658653847 0.6499999999999999 0.6880000000000001 0.44999999999999996 0.6773333341346154 0.44200000000000006 0.7413333341346154 0.40399999999999997 0.7413333341346154 0.398 0.7759999999999999 0.364 0.7626666658653847 0.36 0.9920000000000001 0.704 0.9920000000000001 0.7060000000000001 0.7893333341346154 0.6499999999999999 0.7786666658653847
1314 0.312 0.8453333341346153 0.18 0.8453333341346153 0.17200000000000001 0.9973333341346154 0.30799999999999994 0.9973333341346154 0.312 0.8453333341346153
1322 0 0.9973333341346154 0.14 0.9973333341346154 0.164 0.8346666658653846 0.13 0.7946666658653846 0.128 0.7653333341346154 0.058 0.76 0.054 0.8079999999999999 0.048 0.8160000000000001 0.042 0.8426666658653846 0.048 0.8773333341346153 0.038 0.8853333341346155 0.032 0.9146666658653846 0.026000000000000002 0.9573333341346154 0 0.9548571442307693 0 0.9973333341346154
1942 0.86 0.6826666658653846 0.996 0.784 0.996 0 0.902 0.002666665865384615 0.86 0.6826666658653846
1885 0.996 0 0.8180000000000001 0.002666665865384615 0.7939999999999999 0.712 0.998 0.92 0.996 0
1885 0.002 0 0.002 0.752 0.7919999999999999 0.712 0.8160000000000001 0.002666665865384615 0.748 0 0.002 0
792 0.002 0.9973333341346154 0.998 0.9973333341346154 0.996 0.9226666658653847 0.7939999999999999 0.712 0.002 0.752 0.002 0.9973333341346154