1285 0.6703703701923077 0.99 0.6666666658653846 0.9966666658653847 0.9407407403846153 0.9933333341346154 0.9592592596153846 0.9566666658653846 0.9629629639423077 0.9266666658653846 0.9555555552884616 0.8500000000000001 0.9518518509615385 0.7633333341346155 0.9481481490384615 0.7133333341346154 0.9407407403846153 0.6766666658653846 0.9259259254807692 0.6466666658653846 0.9074074062499999 0.6233333341346154 0.89259259375 0.6033333341346154 0.8814814807692308 0.5966666658653846 0.89259259375 0.5733333341346154 0.8999999999999999 0.5399999999999999 0.888888889423077 0.49 0.8666666658653847 0.4633333341346154 0.8185185192307693 0.46 0.7703703701923076 0.4666666658653846 0.7444444447115385 0.4833333341346154 0.7333333341346153 0.49666666586538466 0.7333333341346153 0.51 0.7370370360576923 0.5266666658653846 0.7296296298076924 0.55 0.722222221153846 0.5733333341346154 0.7333333341346153 0.58 0.7370370360576923 0.6066666658653846 0.7444444447115385 0.62 0.777777778846154 0.6333333341346153 0.7962962956730769 0.64 0.79259259375 0.67 0.7444444447115385 0.7433333341346154 0.7185185192307693 0.7733333341346154 0.7037037043269231 0.7966666658653847 0.6666666658653846 0.7866666658653846 0.611111110576923 0.7633333341346155 0.5851851850961538 0.75 0.5777777788461539 0.7233333341346154 0.5592592596153846 0.7166666658653846 0.5407407403846154 0.72 0.5333333341346154 0.73 0.5222222211538461 0.7566666658653846 0.5333333341346154 0.77 0.5703703701923077 0.7933333341346154 0.60740740625 0.8133333341346154 0.6407407403846155 0.8433333341346153 0.6666666658653846 0.8566666658653846 0.7111111105769231 0.87 0.722222221153846 0.86 0.6962962956730769 0.9333333341346154 0.6703703701923077 0.99
1314 0.3814814807692307 0.03666666586538461 0.3851851850961538 0.2133333341346154 0.6185185192307692 0.2133333341346154 0.6185185192307692 0.030000000000000002 0.3814814807692307 0.03666666586538461
1314 0.3666666658653846 0.51 0.5814814807692308 0.51 0.5814814807692308 0.26999999999999996 0.3666666658653846 0.27333333413461536 0.3666666658653846 0.51
1314 0.3 0.3666666658653846 0.30740740624999996 0.36 0.30740740624999996 0.19 0.22592592548076923 0.16 0.2 0.16 0.21111111057692306 0.35666666586538465 0.3 0.3666666658653846
1219 0.5518518509615384 0.53 0.31851851923076924 0.5433333341346154 0.3703703701923077 0.87 0.6037037043269231 0.8233333341346154 0.5518518509615384 0.53
1492 0.60740740625 0.6733333341346154 0.6185185192307692 0.6233333341346154 0.6370370360576924 0.6666666658653846 0.6222222211538462 0.62 0.6222222211538462 0.6066666658653846 0.6296296298076923 0.5933333341346153 0.6370370360576924 0.59 0.6481481490384616 0.58 0.6370370360576924 0.5733333341346154 0.6296296298076923 0.5733333341346154 0.6259259254807692 0.59 0.6259259254807692 0.5966666658653846 0.6185185192307692 0.6133333341346154 0.60740740625 0.6666666658653846 0.60740740625 0.6733333341346154
1492 0.596296295673077 0.59 0.60740740625 0.59 0.6185185192307692 0.6133333341346154 0.6148148149038462 0.5866666658653846 0.611111110576923 0.5766666658653846 0.6 0.5700000000000001 0.596296295673077 0.58 0.596296295673077 0.59
564 1 0.1266666658653846 0.9703703701923078 0.1266666658653846 0.9407407403846153 0.1333333341346154 0.9222222211538462 0.1333333341346154 0.8962962956730769 0.1333333341346154 0.8629629639423076 0.1333333341346154 0.8370370360576923 0.1333333341346154 0.8074074062500001 0.14 0.7814814807692307 0.13 0.7629629639423077 0.13 0.7481481490384615 0.13 0.7370370360576923 0.1333333341346154 0.7148148149038461 0.1333333341346154 0.7037037043269231 0.1333333341346154 0.6814814807692307 0.1333333341346154 0.6555555552884615 0.39666666586538457 0.6666666658653846 0.42666666586538465 0.7148148149038461 0.42666666586538465 0.7592592596153847 0.42 0.8037037043269231 0.42 0.8370370360576923 0.4233333341346154 0.89259259375 0.41666666586538464 0.9296296298076924 0.42 0.9740740745192308 0.4233333341346154 0.9962962956730769 0.42666666586538465 1 0.42666666586538465 1 0.1266666658653846
402 0.21851851923076923 0 0.28888888942307694 0.04 1 0.02 1 0 0.21851851923076923 0
1708 0.040740740384615386 0.9966666658653847 0.6703703701923077 0.99 0.722222221153846 0.8500000000000001 0.30370370432692306 0.8233333341346154 0.040740740384615386 0.9966666658653847
1314 0.025925925480769232 0.41000000000000003 0.11851851923076924 0.40666666586538464 0.11481481490384615 0.14 0.025925925480769232 0.10666666586538462 0.025925925480769232 0.41000000000000003
1885 0.00740740625 0 0.00740740625 0.9966666658653847 0.040740740384615386 0.9966666658653847 0.3111111105769231 0.8266666658653846 0.28888888942307694 0.04 0.21481481490384613 0 0.00740740625 0
1885 1 0.023436959134615385 0.28888888942307694 0.04333333413461538 0.30740740624999996 0.8233333341346154 0.722222221153846 0.8533333341346154 0.7296296298076924 0.9966666658653847 1 0.9933783798076923 1 0.023436959134615385