1314 0.8708708701923077 0.39719626201923075 0.8768768774038461 0.037383177884615384 0.8768768774038461 0.018691588942307692 0.777777778846154 0.10280373798076922 0.777777778846154 0.39719626201923075 0.8708708701923077 0.39719626201923075
1314 0.3273273269230769 0.2850467283653846 0.3273273269230769 0.6074766346153846 0.5735735745192307 0.5981308413461538 0.5765765769230768 0.289719625 0.3273273269230769 0.2850467283653846
1702 0.28228228125 0.7803738317307692 0.2852852860576923 0.789719625 0.29729729807692307 0.7943925240384615 0.2942942932692308 0.766355139423077 0.24324324278846154 0.7616822427884615 0.23723723798076923 0.7476635504807692 0.23723723798076923 0.6728971971153845 0.27027026923076924 0.6775700937500001 0.2762762764423077 0.6588785048076923 0.29729729807692307 0.6495327091346154 0.30630630528846153 0.6401869158653846 0.3003003004807692 0.6308411225961539 0.2882882884615384 0.6308411225961539 0.2402402403846154 0.6261682235576923 0.23423423317307693 0.5934579447115385 0.22222222115384616 0.5280373822115385 0.21021020913461538 0.4813084110576923 0.19519519471153846 0.45794392548076923 0.1711711706730769 0.45794392548076923 0.1471471466346154 0.46728971875 0.1441441442307692 0.4766355144230769 0.15015014903846155 0.5700934591346154 0.1621621610576923 0.6588785048076923 0.18018018028846153 0.6728971971153845 0.21921921875 0.6775700937500001 0.21921921875 0.766355139423077 0.16816816826923078 0.7803738317307692 0.1651651658653846 0.7943925240384615 0.16816816826923078 0.8037383173076923 0.18018018028846153 0.8037383173076923 0.18018018028846153 0.7943925240384615 0.22222222115384616 0.7803738317307692 0.23423423317307693 0.7943925240384615 0.23123123076923077 0.8084112139423076 0.24324324278846154 0.8084112139423076 0.2462462451923077 0.7943925240384615 0.24324324278846154 0.7803738317307692 0.28228228125 0.7803738317307692
1314 0.6426426418269231 0.45327102884615383 0.7567567572115385 0.45327102884615383 0.7657657668269231 0.3271028028846154 0.6486486490384615 0.3271028028846154 0.6426426418269231 0.45327102884615383
1314 0.3213213221153846 0.28037383173076924 0.3963963966346154 0.27570093509615384 0.39339339423076924 0.1915887860576923 0.31831831730769233 0.1915887860576923 0.3213213221153846 0.28037383173076924
143 0.8348348341346153 0.878504673076923 0.8348348341346153 0.9158878509615385 0.8468468461538462 0.9112149543269231 0.8138138149038461 0.6308411225961539 0.8348348341346153 0.621495326923077 0.8498498509615384 0.6121495336538462 0.7807807812499999 0.6028037379807692 0.7417417427884616 0.6028037379807692 0.7177177187499999 0.6074766346153846 0.7057057067307693 0.6168224302884616 0.7117117115384615 0.6308411225961539 0.7297297307692308 0.6308411225961539 0.7297297307692308 0.6401869158653846 0.6816816826923078 0.9439252331730769 0.6996996995192308 0.9532710288461538 0.7147147139423077 0.8878504663461538 0.8078078076923076 0.9018691586538462 0.8108108100961539 0.976635514423077 0.8348348341346153 0.976635514423077 0.8348348341346153 0.9672897187499999 0.8318318317307691 0.8831775697115384 0.8348348341346153 0.878504673076923
126 0.006006004807692308 0.8925233653846154 0.08708708653846155 0.8971962620192309 0.13513513461538462 0.8317757019230769 0.1291291298076923 0.6962616826923077 0.0990990985576923 0.6915887860576924 0.09609609615384616 0.6448598125 0.006006004807692308 0.6401869158653846 0.006006004807692308 0.8925233653846154
1314 0.8558558557692308 0.8457943918269231 0.8978978990384616 0.8457943918269231 0.8948948942307692 0.766355139423077 0.8588588581730769 0.766355139423077 0.8558558557692308 0.8457943918269231
1314 0.9039039038461538 0.7570093461538462 0.90690690625 0.8411214951923077 0.9699699711538461 0.8504672908653846 0.9699699711538461 0.7570093461538462 0.9039039038461538 0.7570093461538462
1141 0.9249249254807693 0.3411214951923077 0.9189189182692308 0.40186915865384615 0.9189189182692308 0.48598130769230774 0.9339339350961539 0.5747663557692307 0.954954954326923 0.588785045673077 0.9669669663461539 0.588785045673077 0.9789789783653846 0.5794392524038462 0.9969969975961538 0.5514018701923077 0.9969969975961538 0.210280375 0.9879879879807691 0.1915887860576923 0.9729729735576923 0.1915887860576923 0.9579579591346155 0.20560747596153844 0.9459459471153846 0.24299065384615387 0.9339339350961539 0.28037383173076924 0.9249249254807693 0.3411214951923077
466 0.25225225240384613 0.6775700937500001 0.3003003004807692 0.6168224302884616 0.30630630528846153 0.20093457932692307 0.29729729807692307 0.20093457932692307 0.29729729807692307 0.2149532716346154 0.26426426442307693 0.1822429903846154 0.27027026923076924 0.1448598125 0.25525525480769234 0.1448598125 0.25225225240384613 0.19626168269230768 0.11711711778846154 0.18691588701923076 0.12312312259615385 0.6635514014423076 0.25225225240384613 0.6775700937500001
1885 0.7627627620192308 0 0.7597597596153847 0.6261682235576923 0.9969969975961538 0.8411214951923077 1 0.42056074759615386 1 0 0.7627627620192308 0
1885 0.15015014903846155 0 0.1471471466346154 0.621495326923077 0.7597597596153847 0.6308411225961539 0.7627627620192308 0 0.15015014903846155 0
1885 0.006006004807692308 0 0.006006004807692308 0.7289719615384616 0.1441441442307692 0.621495326923077 0.15015014903846155 0 0.006006004807692308 0
792 0.006006004807692308 0.7289719615384616 0.006006004807692308 0.9906542067307692 0.9969969975961538 0.9953271033653847 0.9969969975961538 0.8457943918269231 0.7627627620192308 0.6308411225961539 0.1471471466346154 0.621495326923077 0.006006004807692308 0.7289719615384616