1525 0.33399999999999996 0 0.33399999999999996 0.176 0.412 0.168 0.414 0.13866666586538462 0.62 0.136 0.63 0.328 0.826 0.3173333341346154 0.824 0.18933333413461537 0.998 0.18933333413461537 0.998 0 0.33399999999999996 0
1317 0.872 0.312 0.886 0.552 0.998 0.5546666658653846 0.998 0.19466666586538464 0.824 0.19733333413461537 0.828 0.3146666658653846 0.872 0.312
1314 0.628 0.328 0.64 0.7546666658653846 0.894 0.7493333341346153 0.874 0.3146666658653846 0.628 0.328
1314 0.6340000000000001 0.47200000000000003 0.6159999999999999 0.136 0.41600000000000004 0.14133333413461538 0.41800000000000004 0.47200000000000003 0.6340000000000001 0.47200000000000003
1317 0.262 0.33866666586538463 0.41600000000000004 0.34933333413461537 0.414 0.168 0.254 0.18666666586538463 0.262 0.33866666586538463
1317 0.428 0.7093333341346154 0.414 0.352 0.264 0.34133333413461536 0.23 0.6773333341346154 0.428 0.7093333341346154
1314 0.272 0.4933333341346154 0.26 0.34133333413461536 0.252 0.17333333413461538 0.046 0.176 0.062000000000000006 0.5173333341346154 0.272 0.4933333341346154
711 0.552 0.4853333341346154 0.604 0.7866666658653846 0.62 0.7733333341346154 0.574 0.4853333341346154 0.612 0.48800000000000004 0.612 0.47200000000000003 0.33 0.47200000000000003 0.33399999999999996 0.4906666658653846 0.368 0.4933333341346154 0.32 0.7813333341346154 0.33999999999999997 0.7893333341346154 0.382 0.4933333341346154 0.398 0.4933333341346154 0.40399999999999997 0.5146666658653847 0.414 0.528 0.436 0.5306666658653846 0.432 0.6826666658653846 0.498 0.6826666658653846 0.49600000000000005 0.5306666658653846 0.514 0.5333333341346154 0.53 0.5253333341346154 0.536 0.5146666658653847 0.536 0.4826666658653846 0.552 0.4853333341346154
830 0.294 0.7893333341346154 0.296 0.9920000000000001 0.64 0.9920000000000001 0.636 0.7626666658653847 0.602 0.7759999999999999 0.596 0.7413333341346154 0.5579999999999999 0.7413333341346154 0.55 0.6773333341346154 0.35 0.6880000000000001 0.35 0.7786666658653847 0.294 0.7893333341346154
1314 0.6920000000000001 0.9973333341346154 0.828 0.9973333341346154 0.8200000000000001 0.8453333341346153 0.6880000000000001 0.8453333341346153 0.6920000000000001 0.9973333341346154
1322 1 0.9548571442307693 0.9740000000000001 0.9573333341346154 0.968 0.9146666658653846 0.962 0.8853333341346155 0.952 0.8773333341346153 0.9580000000000001 0.8426666658653846 0.952 0.8160000000000001 0.946 0.8079999999999999 0.9420000000000001 0.76 0.872 0.7653333341346154 0.87 0.7946666658653846 0.8360000000000001 0.8346666658653846 0.86 0.9973333341346154 1 0.9973333341346154 1 0.9548571442307693
1942 0.098 0.002666665865384615 0.004 0 0.004 0.784 0.14 0.6826666658653846 0.098 0.002666665865384615
1885 0.002 0.92 0.206 0.712 0.182 0.002666665865384615 0.004 0 0.002 0.92
1885 0.252 0 0.184 0.002666665865384615 0.20800000000000002 0.712 0.998 0.752 0.998 0 0.252 0
792 0.998 0.752 0.206 0.712 0.004 0.9226666658653847 0.002 0.9973333341346154 0.998 0.9973333341346154 0.998 0.752