1285 0.7395143485576923 0.5976676394230769 0.7328918317307692 0.5568513125 0.7284768221153846 0.5422740528846154 0.7174392932692307 0.5160349855769231 0.7328918317307692 0.47521865865384616 0.73730684375 0.44023323557692307 0.7306843269230769 0.3935860048076923 0.7174392932692307 0.3527696802884615 0.7041942596153846 0.31778425721153847 0.6953642379807692 0.27988338221153847 0.6688741730769231 0.2623906706730769 0.6423841057692308 0.25072886298076924 0.6291390721153847 0.23906705528846153 0.6158940408653847 0.22157434374999999 0.6026490072115385 0.21574343990384615 0.5916114783653846 0.18658892067307692 0.5651214134615384 0.1720116610576923 0.5518763798076923 0.16618075721153847 0.5275938197115384 0.18658892067307692 0.5209713028846154 0.2099125360576923 0.5209713028846154 0.25072886298076924 0.5187637980769231 0.2682215745192308 0.5320088293269231 0.2740524783653846 0.5342163365384616 0.28862973798076924 0.5474613677884616 0.2857142860576923 0.5452538629807692 0.29446064182692305 0.5231788076923076 0.32944606490384615 0.5187637980769231 0.3790087451923077 0.51214128125 0.40816326442307693 0.5011037524038462 0.4314868798076923 0.4834437091346154 0.44023323557692307 0.45916114903846156 0.42857142788461544 0.450331125 0.40816326442307693 0.44370860817307695 0.3906705528846154 0.4304635769230769 0.3848396490384615 0.4260485649038461 0.40233236057692306 0.4172185432692308 0.41107871634615384 0.4172185432692308 0.4344023317307692 0.42384106009615385 0.44897959134615384 0.43708609374999996 0.4606413990384616 0.43929359855769234 0.47521865865384616 0.43929359855769234 0.4956268221153846 0.4657836634615385 0.5160349855769231 0.5231788076923076 0.5189504375 0.5408388509615384 0.5072886298076923 0.549668875 0.4956268221153846 0.556291391826923 0.48104956249999997 0.5651214134615384 0.5276967932692307 0.5849889615384616 0.7900874639423077 0.5916114783653846 0.9795918365384615 0.7174392932692307 0.9795918365384615 0.7240618100961539 0.8425655985576923 0.7240618100961539 0.7842565600961537 0.7262693149038462 0.7580174927884615 0.743929360576923 0.7521865889423077 0.7461368653846154 0.7317784254807692 0.7395143485576923 0.6297376081730769 0.7395143485576923 0.5976676394230769
1314 0.6401766009615385 0 0.6556291394230769 0.5801749278846153 1 0.6062468653846154 1 0 0.6401766009615385 0
1523 0.3752759375 0.4577259471153846 0.36865342067307694 0.005830903846153846 0.006622516826923077 0 0.008830021634615385 0.9825072884615385 0.3863134663461538 0.9883381923076923 0.4922737307692308 0.8513119543269231 0.48785871875000003 0.6326530600961539 0.5651214134615384 0.5568513125 0.5673289182692307 0.5422740528846154 0.3752759375 0.4577259471153846
1382 0.1567328918269231 0.6530612235576924 0.1854304639423077 0.6559766754807692 0.19867549759615383 0.6443148677884616 0.20088300240384616 0.6005830913461538 0.19426048557692305 0.5889212836538461 0.19426048557692305 0.5568513125 0.17218543028846153 0.5539358605769231 0.1567328918269231 0.5655976682692307 0.1567328918269231 0.6530612235576924
1382 0.2516556298076923 0.6122448990384616 0.2604856514423077 0.6151603509615385 0.27373068509615384 0.6151603509615385 0.29359823317307693 0.6034985432692308 0.28918322355769227 0.5539358605769231 0.28918322355769227 0.5451895048076923 0.28476821153846155 0.5160349855769231 0.2582781466346154 0.5189504375 0.2582781466346154 0.5510204086538462 0.2538631346153846 0.5568513125 0.2516556298076923 0.6122448990384616
1382 0.09933774759615385 0.40233236057692306 0.11920529807692308 0.40524781249999997 0.14348785817307694 0.3965014567307692 0.13686534134615386 0.34693877644230764 0.12582781490384615 0.34402332451923073 0.12582781490384615 0.32361516105769234 0.1147902860576923 0.31778425721153847 0.09713024278846152 0.3206997091346154 0.09713024278846152 0.34693877644230764 0.09933774759615385 0.40233236057692306
1382 0.20088300240384616 0.3206997091346154 0.19646799038461538 0.32653061298076924 0.19867549759615383 0.3702623918269231 0.22075055288461537 0.3760932932692308 0.23399558413461538 0.37317784375 0.23178807932692308 0.3206997091346154 0.22737306730769233 0.3206997091346154 0.22737306730769233 0.3002915456730769 0.20088300240384616 0.3002915456730769 0.20088300240384616 0.3206997091346154
1382 0.1832229591346154 0.11661807692307692 0.1832229591346154 0.17784256490384615 0.20971302403846154 0.1749271129807692 0.2075055192307692 0.113702625 0.1832229591346154 0.11661807692307692
1382 0.1567328918269231 0.11078717307692307 0.15231787980769232 0.1574344014423077 0.150110375 0.1690962091346154 0.18101545192307694 0.1749271129807692 0.1788079471153846 0.11661807692307692 0.1567328918269231 0.11078717307692307
1382 0.14348785817307694 0.11078717307692307 0.12141280288461538 0.113702625 0.11920529807692308 0.1720116610576923 0.150110375 0.1749271129807692 0.14348785817307694 0.11078717307692307
1382 0.11920529807692308 0.23615160336538463 0.11699779326923077 0.2857142860576923 0.1567328918269231 0.2827988341346154 0.15452538701923077 0.22448979567307692 0.150110375 0.20116618028846153 0.11699779326923077 0.20116618028846153 0.12141280288461538 0.22448979567307692 0.11920529807692308 0.23615160336538463
1382 0.19426048557692305 0.22157434374999999 0.19646799038461538 0.27696793028846156 0.23399558413461538 0.27696793028846156 0.23399558413461538 0.22157434374999999 0.19426048557692305 0.22157434374999999
1814 0.5165562908653846 0.8104956274038462 0.5187637980769231 0.8367346947115385 0.5231788076923076 0.9008746346153846 0.5320088293269231 0.9446064134615385 0.5607064014423077 0.9533527692307693 0.5739514350961539 0.9533527692307693 0.58719646875 0.9504373173076923 0.5827814567307692 0.7900874639423077 0.5342163365384616 0.7959183677884615 0.5165562908653846 0.8104956274038462
1382 0.27814569471153844 0.9154518942307692 0.2958057403846154 0.9125364423076923 0.3068432668269231 0.8950437307692307 0.3068432668269231 0.7813411081730769 0.2913907283653846 0.7842565600961537 0.2604856514423077 0.8104956274038462 0.2649006610576923 0.9125364423076923 0.27814569471153844 0.9154518942307692
1382 0.3222958052884615 0.9854227403846154 0.3576158942307692 0.9825072884615385 0.3708609278846154 0.9679300288461538 0.36865342067307694 0.8833819230769231 0.34878587259615385 0.8717201177884615 0.3134657836538462 0.9037900865384615 0.3222958052884615 0.9854227403846154
1885 0.9977924951923077 0.002915451923076923 0.36865342067307694 0 0.39955850000000004 0.8483965024038462 0.9977924951923077 0.9941690961538462 0.9977924951923077 0.002915451923076923
792 0.9735099326923078 0.9912536442307692 0.481236201923077 0.8629737620192308 0.3907284759615385 0.9883381923076923 0.549668875 0.9883381923076923 0.9735099326923078 0.9912536442307692
1764 0.3509933774038462 0.25072886298076924 0.3355408389423077 0.25364431490384615 0.3355408389423077 0.3090379014423077 0.3598233990384615 0.3119533533653846 0.3730684326923077 0.3090379014423077 0.36865342067307694 0.25364431490384615 0.3509933774038462 0.25072886298076924
1764 0.3311258269230769 0.25072886298076924 0.30022075 0.25072886298076924 0.30463576201923076 0.31778425721153847 0.33333333413461536 0.3119533533653846 0.3311258269230769 0.25072886298076924