1285 0.2604856514423077 0.6297376081730769 0.2538631346153846 0.7317784254807692 0.2560706394230769 0.7521865889423077 0.27373068509615384 0.7580174927884615 0.27593818990384616 0.7842565600961537 0.27593818990384616 0.8425655985576923 0.2825607067307692 0.9795918365384615 0.40838852163461536 0.9795918365384615 0.4150110384615384 0.7900874639423077 0.43487858653846156 0.5276967932692307 0.44370860817307695 0.48104956249999997 0.450331125 0.4956268221153846 0.45916114903846156 0.5072886298076923 0.4768211923076923 0.5189504375 0.5342163365384616 0.5160349855769231 0.5607064014423077 0.4956268221153846 0.5607064014423077 0.47521865865384616 0.56291390625 0.4606413990384616 0.5761589399038461 0.44897959134615384 0.5827814567307692 0.4344023317307692 0.5827814567307692 0.41107871634615384 0.5739514350961539 0.40233236057692306 0.5695364230769231 0.3848396490384615 0.556291391826923 0.3906705528846154 0.549668875 0.40816326442307693 0.5408388509615384 0.42857142788461544 0.5165562908653846 0.44023323557692307 0.49889624759615386 0.4314868798076923 0.48785871875000003 0.40816326442307693 0.481236201923077 0.3790087451923077 0.4768211923076923 0.32944606490384615 0.4547461370192308 0.29446064182692305 0.45253863221153845 0.2857142860576923 0.4657836634615385 0.28862973798076924 0.46799117067307694 0.2740524783653846 0.481236201923077 0.2682215745192308 0.4790286971153846 0.25072886298076924 0.4790286971153846 0.2099125360576923 0.47240618028846154 0.18658892067307692 0.44812362019230767 0.16618075721153847 0.43487858653846156 0.1720116610576923 0.40838852163461536 0.18658892067307692 0.39735099278846153 0.21574343990384615 0.3841059591346154 0.22157434374999999 0.3708609278846154 0.23906705528846153 0.3576158942307692 0.25072886298076924 0.3311258269230769 0.2623906706730769 0.30463576201923076 0.27988338221153847 0.2958057403846154 0.31778425721153847 0.2825607067307692 0.3527696802884615 0.26931567307692306 0.3935860048076923 0.26269315625 0.44023323557692307 0.2671081682692308 0.47521865865384616 0.2825607067307692 0.5160349855769231 0.2715231778846154 0.5422740528846154 0.2671081682692308 0.5568513125 0.2604856514423077 0.5976676394230769 0.2604856514423077 0.6297376081730769
1314 0 0 0 0.6062468653846154 0.34437086057692307 0.5801749278846153 0.3598233990384615 0 0 0
1523 0.43267108173076924 0.5422740528846154 0.43487858653846156 0.5568513125 0.51214128125 0.6326530600961539 0.5077262692307692 0.8513119543269231 0.6136865336538462 0.9883381923076923 0.9911699783653846 0.9825072884615385 0.9933774831730768 0 0.6313465793269231 0.005830903846153846 0.6247240624999999 0.4577259471153846 0.43267108173076924 0.5422740528846154
1382 0.8432671081730769 0.5655976682692307 0.8278145697115384 0.5539358605769231 0.8057395144230769 0.5568513125 0.8057395144230769 0.5889212836538461 0.799116997596154 0.6005830913461538 0.8013245024038462 0.6443148677884616 0.8145695360576923 0.6559766754807692 0.8432671081730769 0.6530612235576924 0.8432671081730769 0.5655976682692307
1382 0.7461368653846154 0.5568513125 0.7417218533653845 0.5510204086538462 0.7417218533653845 0.5189504375 0.7152317884615385 0.5160349855769231 0.7108167764423077 0.5451895048076923 0.7108167764423077 0.5539358605769231 0.7064017668269231 0.6034985432692308 0.7262693149038462 0.6151603509615385 0.7395143485576923 0.6151603509615385 0.7483443701923077 0.6122448990384616 0.7461368653846154 0.5568513125
1382 0.9028697572115385 0.34693877644230764 0.9028697572115385 0.3206997091346154 0.8852097139423076 0.31778425721153847 0.8741721850961538 0.32361516105769234 0.8741721850961538 0.34402332451923073 0.8631346586538461 0.34693877644230764 0.8565121418269231 0.3965014567307692 0.880794701923077 0.40524781249999997 0.9006622524038461 0.40233236057692306 0.9028697572115385 0.34693877644230764
1382 0.799116997596154 0.3002915456730769 0.7726269326923076 0.3002915456730769 0.7726269326923076 0.3206997091346154 0.768211920673077 0.3206997091346154 0.7660044158653846 0.37317784375 0.7792494471153847 0.3760932932692308 0.8013245024038462 0.3702623918269231 0.8035320096153846 0.32653061298076924 0.799116997596154 0.3206997091346154 0.799116997596154 0.3002915456730769
1382 0.7924944807692308 0.113702625 0.7902869759615385 0.1749271129807692 0.8167770408653846 0.17784256490384615 0.8167770408653846 0.11661807692307692 0.7924944807692308 0.113702625
1382 0.8211920528846155 0.11661807692307692 0.818984548076923 0.1749271129807692 0.849889625 0.1690962091346154 0.8476821201923077 0.1574344014423077 0.8432671081730769 0.11078717307692307 0.8211920528846155 0.11661807692307692
1382 0.849889625 0.1749271129807692 0.880794701923077 0.1720116610576923 0.8785871971153847 0.113702625 0.8565121418269231 0.11078717307692307 0.849889625 0.1749271129807692
1382 0.8785871971153847 0.22448979567307692 0.8830022067307692 0.20116618028846153 0.849889625 0.20116618028846153 0.8454746129807693 0.22448979567307692 0.8432671081730769 0.2827988341346154 0.8830022067307692 0.2857142860576923 0.880794701923077 0.23615160336538463 0.8785871971153847 0.22448979567307692
1382 0.7660044158653846 0.22157434374999999 0.7660044158653846 0.27696793028846156 0.8035320096153846 0.27696793028846156 0.8057395144230769 0.22157434374999999 0.7660044158653846 0.22157434374999999
1814 0.4657836634615385 0.7959183677884615 0.4172185432692308 0.7900874639423077 0.41280353125 0.9504373173076923 0.4260485649038461 0.9533527692307693 0.43929359855769234 0.9533527692307693 0.46799117067307694 0.9446064134615385 0.4768211923076923 0.9008746346153846 0.481236201923077 0.8367346947115385 0.4834437091346154 0.8104956274038462 0.4657836634615385 0.7959183677884615
1382 0.7350993389423077 0.9125364423076923 0.7395143485576923 0.8104956274038462 0.7086092716346154 0.7842565600961537 0.6931567331730769 0.7813411081730769 0.6931567331730769 0.8950437307692307 0.7041942596153846 0.9125364423076923 0.7218543052884615 0.9154518942307692 0.7350993389423077 0.9125364423076923
1382 0.6865342163461539 0.9037900865384615 0.6512141274038462 0.8717201177884615 0.6313465793269231 0.8833819230769231 0.6291390721153847 0.9679300288461538 0.6423841057692308 0.9825072884615385 0.6777041947115384 0.9854227403846154 0.6865342163461539 0.9037900865384615
1885 0.0022075048076923075 0.9941690961538462 0.6004415 0.8483965024038462 0.6313465793269231 0 0.0022075048076923075 0.002915451923076923 0.0022075048076923075 0.9941690961538462
792 0.450331125 0.9883381923076923 0.6092715240384615 0.9883381923076923 0.5187637980769231 0.8629737620192308 0.026490067307692308 0.9912536442307692 0.450331125 0.9883381923076923
1764 0.6313465793269231 0.25364431490384615 0.6269315673076924 0.3090379014423077 0.6401766009615385 0.3119533533653846 0.6644591610576923 0.3090379014423077 0.6644591610576923 0.25364431490384615 0.6490066225961539 0.25072886298076924 0.6313465793269231 0.25364431490384615
1764 0.6666666658653846 0.3119533533653846 0.6953642379807692 0.31778425721153847 0.69977925 0.25072886298076924 0.6688741730769231 0.25072886298076924 0.6666666658653846 0.3119533533653846