682 0.51171875 0.6015625 0.5078125 0.78125 0.87890625 0.875 0.87890625 0.6328125 0.51171875 0.6015625
682 0.2578125 0.58203125 0.25390625 0.72265625 0.34375 0.74609375 0.34375 0.58984375 0.2578125 0.58203125
1794 0.36328125 0.7421875 0.41796875 0.765625 0.421875 0.73828125 0.421875 0.61328125 0.37109375 0.609375 0.36328125 0.7421875
1120 1 0.11410361778846154 0.9296875 0.12890625 0.76953125 0.1328125 0.62890625 0.1640625 0.58984375 0.19921875 0.4453125 0.23046875 0.31640625 0.2265625 0.31640625 0.5546875 0.4296875 0.55078125 0.58984375 0.5625 0.6328125 0.57421875 0.76171875 0.578125 0.92578125 0.56640625 1 0.58125 1 0.11410361778846154
1859 0.6015625 0 0.5546875 0.015625 0.4375 0.01953125 0.3359375 0.0625 0.3046875 0.08984375 0.2734375 0.109375 0.27734375 0.171875 0.28125 0.21484375 0.3046875 0.2265625 0.30078125 0.55078125 0.2578125 0.5546875 0.25 0.70703125 0.24609375 0.72265625 0.26171875 0.73046875 0.42578125 0.77734375 0.47265625 0.78515625 0.49609375 0.78515625 0.8671875 0.875 0.89453125 0.87890625 0.953125 0.91015625 1 0.9173677884615384 1 0 0.6015625 0
201 0.00390625 0.9921875 0.3671875 0.99609375 0.3671875 0.89453125 0.00390625 0.7578125 0.00390625 0.9921875
194 0.125 0.875 0.140625 0.859375 0.13671875 0.8203125 0.11328125 0.81640625 0.10546875 0.83203125 0.109375 0.8515625 0.09375 0.85546875 0.0859375 0.88671875 0.08984375 0.921875 0.12109375 0.91015625 0.125 0.875
1797 0.421875 0.625 0.453125 0.6328125 0.4609375 0.61328125 0.4375 0.609375 0.3515625 0.60546875 0.34375 0.62109375 0.421875 0.625
1797 0.98046875 0.69140625 0.984375 0.671875 0.953125 0.6640625 0.93359375 0.671875 0.93359375 0.69140625 0.98046875 0.69140625
1794 1 0.6796875 0.98828125 0.6796875 0.984375 0.890625 1 0.890625 1 0.6796875
345 0.48046875 0.59375 0.3515625 0.58203125 0.34375 0.57421875 0.25390625 0.5703125 0.25 0.73046875 0.33984375 0.75 0.34765625 0.76171875 0.40625 0.77734375 0.44140625 0.78125 0.45703125 0.78515625 0.484375 0.79296875 0.51171875 0.78515625 0.89453125 0.88671875 0.99609375 0.9140625 1 0.63671875 0.51953125 0.58984375 0.48046875 0.59375
1565 0.55859375 0.57421875 0.5859375 0.5703125 0.5859375 0.55078125 0.5703125 0.546875 0.56640625 0.53125 0.546875 0.515625 0.53515625 0.52734375 0.546875 0.53125 0.5546875 0.546875 0.54296875 0.55859375 0.52734375 0.5703125 0.55859375 0.57421875
1565 0.90234375 0.55859375 0.8984375 0.53125 0.87109375 0.5234375 0.84375 0.53125 0.87109375 0.54296875 0.87109375 0.5625 0.8671875 0.5859375 0.9296875 0.58203125 0.91796875 0.55859375 0.90234375 0.55859375
105 0.16015625 0.03125 0.21875 0.05078125 0.25 0.03125 0.2109375 0.0078125 0.16015625 0.03125
1942 0.24609375 0.56640625 0.26953125 0.54296875 0.265625 0.17578125 0.00390625 0.09375 0.01171875 0.74609375 0.015625 0.76171875 0.11328125 0.796875 0.28125 0.74609375 0.28125 0.734375 0.23828125 0.73828125 0.25390625 0.6875 0.24609375 0.56640625
404 0.4609375 0.19921875 0.4765625 0.2109375 0.48828125 0.19140625 0.46875 0.1875 0.4609375 0.19921875
1564 0.484375 0.58203125 0.50390625 0.58203125 0.5 0.56640625 0.46875 0.5625 0.44140625 0.5625 0.4140625 0.5625 0.40625 0.56640625 0.40234375 0.57421875 0.41796875 0.578125 0.44140625 0.58203125 0.46484375 0.58203125 0.484375 0.58203125
1564 0.94921875 0.60546875 0.94921875 0.58984375 0.91015625 0.58984375 0.88671875 0.58984375 0.85546875 0.5859375 0.8125 0.5859375 0.78125 0.5859375 0.74609375 0.5859375 0.73828125 0.59765625 0.765625 0.6015625 0.8515625 0.60546875 0.90234375 0.6171875 0.93359375 0.6171875 0.94921875 0.60546875
1219 0.77734375 0.33203125 0.78125 0.4609375 0.875 0.4609375 0.875 0.3203125 0.77734375 0.33203125