1329 0.23828125 0.4609375 0.296875 0.56640625 0.46875 0.546875 0.42578125 0.46484375 0.23828125 0.4609375
1329 0.6171875 0.46484375 0.44921875 0.47265625 0.51171875 0.55859375 0.67578125 0.5390625 0.6171875 0.46484375
207 1 0.7890625 0.9921875 0.734375 0.96484375 0.63671875 0.93359375 0.56640625 0.85546875 0.56640625 0.69921875 0.54296875 0.64453125 0.50390625 0.6015625 0.4609375 0.578125 0.4296875 0.55859375 0.34375 0.12890625 0.3359375 0.12890625 0.3984375 0.13671875 0.52734375 0.171875 0.5390625 0.17578125 0.7421875 0.46484375 0.84375 0.46484375 0.890625 0.49609375 0.890625 0.515625 0.8359375 0.54296875 0.83984375 0.9453125 0.78125 0.9765625 0.8203125 1 0.8169642860576923 1 0.7890625
1902 1 0.19921875 0.7890625 0.20703125 0.796875 0.55078125 0.89453125 0.5625 0.94921875 0.58203125 0.95703125 0.64453125 1 0.64453125 1 0.19921875
224 1 0.6551339302884615 0.9765625 0.6484375 0.91796875 0.6484375 0.8125 0.66015625 0.58203125 0.6796875 0.53515625 0.69140625 0.515625 0.7109375 0.515625 0.7890625 0.515625 0.8984375 0.53125 0.89453125 0.54296875 0.85546875 0.546875 0.80859375 0.546875 0.7578125 0.58203125 0.76953125 0.5859375 0.9453125 0.60546875 0.94921875 0.6171875 0.76953125 0.9375 0.73046875 0.94921875 0.8203125 0.99609375 0.8203125 1 0.80859375 1 0.787109375 0.98828125 0.7578125 1 0.7255859375 1 0.6551339302884615
1329 0.16015625 0.44921875 0.20703125 0.51953125 0.2265625 0.5625 0.25 0.5625 0.4140625 0.55078125 0.359375 0.453125 0.16015625 0.44921875
1219 0.859375 0.18359375 1 0.17578125 0.9921875 0.02734375 0.859375 0.03515625 0.859375 0.18359375
1861 0.96484375 0.17578125 0.95703125 0.16015625 0.94140625 0.14453125 0.8984375 0.14453125 0.8828125 0.171875 0.88671875 0.19140625 0.90234375 0.203125 0.92578125 0.203125 0.953125 0.203125 0.96484375 0.17578125
1165 0.17578125 0.7890625 0.17578125 0.546875 0.12890625 0.52734375 0.00390625 0.53515625 0.01171875 0.78125 0.1484375 0.76171875 0.15625 0.7890625 0.17578125 0.7890625
314 0.88671875 0.16015625 0.90234375 0.15234375 0.8984375 0.125 0.8203125 0.12890625 0.82421875 0.1953125 0.87890625 0.1953125 0.87890625 0.18359375 0.88671875 0.16015625
1329 0.62890625 0.48046875 0.59375 0.4609375 0.578125 0.45703125 0.55078125 0.4375 0.3828125 0.4375 0.390625 0.46484375 0.4296875 0.47265625 0.4765625 0.55859375 0.54296875 0.5625 0.67578125 0.55078125 0.65625 0.51953125 0.62890625 0.48046875
1942 0.58984375 0.44921875 0.6484375 0.4921875 0.6484375 0.05859375 0.1953125 0.0625 0.18359375 0.3359375 0.5625 0.3515625 0.58984375 0.44921875
1027 0.10546875 0.52734375 0.07421875 0.51171875 0.07421875 0.3984375 0.10546875 0.3671875 0.05859375 0.36328125 0.02734375 0.37890625 0.01953125 0.40625 0.046875 0.4140625 0.0546875 0.51171875 0.02734375 0.53125 0.0625 0.53515625 0.09765625 0.53515625 0.10546875 0.52734375
1349 0.109375 0 0.0625 0.0234375 0.125 0.09765625 0.08984375 0.10546875 0.01171875 0.11328125 0.01171875 0.140625 0.046875 0.171875 0.01171875 0.1796875 0.01171875 0.2578125 0.00390625 0.3203125 0.02734375 0.328125 0.08203125 0.32421875 0.09375 0.33984375 0.11328125 0.34375 0.1484375 0.32421875 0.16796875 0.32421875 0.31640625 0.32421875 0.41015625 0.30859375 0.5 0.32421875 0.4296875 0.265625 0.40625 0.21875 0.49609375 0.1953125 0.46484375 0.1796875 0.4140625 0.18359375 0.3671875 0.20703125 0.37890625 0.15234375 0.3828125 0.08984375 0.328125 0.078125 0.26953125 0.08984375 0.25390625 0.046875 0.22265625 0 0.109375 0
385 1 0.76171875 0.99609375 0.78125 0.98828125 0.828125 0.94140625 0.8125 0.94140625 0.78515625 0.62109375 0.82421875 0.6171875 0.9296875 0.578125 0.92578125 0.578125 0.84375 0.54296875 0.86328125 0.53515625 0.90234375 0.50390625 0.90234375 0.453125 0.890625 0.45703125 0.85546875 0.234375 0.765625 0.21484375 0.76171875 0.1875 0.76171875 0.1875 0.79296875 0.14453125 0.7890625 0.12109375 0.76953125 0.015625 0.79296875 0.0078125 0.9921875 1 0.98828125 1 0.76171875