1219 0.6953125 0.2109375 0.69921875 0.359375 0.91796875 0.3671875 0.91015625 0.1875 0.6953125 0.2109375
207 0.94140625 0.4609375 0.8046875 0.43359375 0.640625 0.4296875 0.640625 0.51171875 0.5625 0.53515625 0.57421875 0.546875 0.40625 0.57421875 0.28515625 0.59375 0.265625 0.59375 0.265625 0.75390625 0.4921875 0.91796875 0.5078125 0.91796875 0.8828125 0.78515625 0.8828125 0.64453125 0.91796875 0.625 0.921875 0.59765625 0.9296875 0.52734375 0.94140625 0.4609375
1329 0.84765625 0.6015625 0.91796875 0.578125 0.85546875 0.5625 0.74609375 0.5390625 0.70703125 0.55078125 0.6953125 0.5703125 0.84765625 0.6015625
1329 0.6875 0.5703125 0.69921875 0.5546875 0.73828125 0.53515625 0.66015625 0.51953125 0.6171875 0.51953125 0.57421875 0.53125 0.58984375 0.55078125 0.6875 0.5703125
1120 0.03125 0.32421875 0.02734375 0.47265625 0.1328125 0.46484375 0.125 0.328125 0.03125 0.32421875
402 0.0044921875 0 0.015625 0.07421875 0.45703125 0.13671875 0.921875 0 0.0044921875 0
1027 0.55859375 0.5234375 0.5703125 0.51953125 0.578125 0.3125 0.6015625 0.28515625 0.59375 0.2734375 0.5390625 0.27734375 0.56640625 0.3125 0.55859375 0.5234375
110 0.92578125 0.63671875 0.9453125 0.63671875 0.95703125 0.62890625 0.95703125 0.60546875 0.9296875 0.60546875 0.92578125 0.63671875
1163 1 0.6548295456730769 0.9609375 0.640625 0.9140625 0.6328125 0.890625 0.65234375 0.890625 0.8046875 0.96875 0.8359375 1 0.8324652764423077 1 0.6548295456730769
224 0.16015625 0.6640625 0.1640625 0.69140625 0.1796875 0.69140625 0.1796875 0.59375 0.125 0.58203125 0.05859375 0.59765625 0.0625 0.609375 0.0625 0.6953125 0.078125 0.6953125 0.08203125 0.66796875 0.09375 0.68359375 0.1015625 0.703125 0.1171875 0.703125 0.13671875 0.6796875 0.140625 0.6640625 0.1484375 0.66015625 0.16015625 0.6640625
605 0.265625 0.66796875 0.26171875 0.58984375 0.28125 0.58203125 0.27734375 0.515625 0.25390625 0.50390625 0.22265625 0.5 0.14453125 0.515625 0.0546875 0.51953125 0.0078125 0.53125 0.01171875 0.69921875 0.0234375 0.703125 0.05859375 0.6640625 0.0546875 0.609375 0.0859375 0.58984375 0.16015625 0.58984375 0.203125 0.59765625 0.20703125 0.66796875 0.265625 0.66796875
1034 0.0703125 0.51953125 0.140625 0.51953125 0.1171875 0.49609375 0.1171875 0.453125 0.0546875 0.44921875 0.05078125 0.4921875 0.0703125 0.51953125
1417 0.23828125 0.5 0.25390625 0.48828125 0.2578125 0.48046875 0.234375 0.46484375 0.22265625 0.44140625 0.18359375 0.44140625 0.17578125 0.46484375 0.1640625 0.4765625 0.15234375 0.49609375 0.17578125 0.5 0.2109375 0.5 0.23828125 0.5
279 0.28515625 0.30078125 0.28125 0.36328125 0.34375 0.36328125 0.33984375 0.30078125 0.28515625 0.30078125
815 0.2890625 0.421875 0.28515625 0.45703125 0.3359375 0.45703125 0.3359375 0.4140625 0.2890625 0.421875
385 0.01171875 0.98828125 0.95703125 0.9921875 0.96484375 0.83984375 0.87109375 0.79296875 0.50390625 0.92578125 0.26171875 0.76171875 0.26171875 0.67578125 0.203125 0.6796875 0.140625 0.69140625 0.08984375 0.70703125 0.015625 0.7109375 0.01171875 0.98828125
1902 0.34375 0.5859375 0.515625 0.55859375 0.5234375 0.20703125 0.34765625 0.19140625 0.34375 0.5859375
277 0.3515625 0.5703125 0.3515625 0.19921875 0.33984375 0.1875 0.26953125 0.1875 0.23046875 0.19140625 0.2265625 0.453125 0.26171875 0.49609375 0.27734375 0.50390625 0.2734375 0.59375 0.3359375 0.58984375 0.3515625 0.5703125
279 0.29296875 0.48046875 0.2890625 0.5390625 0.33203125 0.5390625 0.3359375 0.4765625 0.29296875 0.48046875