1219 0.08984375 0.1875 0.08203125 0.3671875 0.30078125 0.359375 0.3046875 0.2109375 0.08984375 0.1875
207 0.0703125 0.52734375 0.078125 0.59765625 0.08203125 0.625 0.1171875 0.64453125 0.1171875 0.78515625 0.4921875 0.91796875 0.5078125 0.91796875 0.734375 0.75390625 0.734375 0.59375 0.71484375 0.59375 0.59375 0.57421875 0.42578125 0.546875 0.4375 0.53515625 0.359375 0.51171875 0.359375 0.4296875 0.1953125 0.43359375 0.05859375 0.4609375 0.0703125 0.52734375
1329 0.3046875 0.5703125 0.29296875 0.55078125 0.25390625 0.5390625 0.14453125 0.5625 0.08203125 0.578125 0.15234375 0.6015625 0.3046875 0.5703125
1329 0.41015625 0.55078125 0.42578125 0.53125 0.3828125 0.51953125 0.33984375 0.51953125 0.26171875 0.53515625 0.30078125 0.5546875 0.3125 0.5703125 0.41015625 0.55078125
1120 0.875 0.328125 0.8671875 0.46484375 0.97265625 0.47265625 0.96875 0.32421875 0.875 0.328125
402 0.078125 0 0.54296875 0.13671875 0.984375 0.07421875 0.9955078125000001 0 0.078125 0
1027 0.43359375 0.3125 0.4609375 0.27734375 0.40625 0.2734375 0.3984375 0.28515625 0.421875 0.3125 0.4296875 0.51953125 0.44140625 0.5234375 0.43359375 0.3125
110 0.0703125 0.60546875 0.04296875 0.60546875 0.04296875 0.62890625 0.0546875 0.63671875 0.07421875 0.63671875 0.0703125 0.60546875
1163 0 0.8324652764423077 0.03125 0.8359375 0.109375 0.8046875 0.109375 0.65234375 0.0859375 0.6328125 0.0390625 0.640625 0 0.6548295456730769 0 0.8324652764423077
224 0.8515625 0.66015625 0.859375 0.6640625 0.86328125 0.6796875 0.8828125 0.703125 0.8984375 0.703125 0.90625 0.68359375 0.91796875 0.66796875 0.921875 0.6953125 0.9375 0.6953125 0.9375 0.609375 0.94140625 0.59765625 0.875 0.58203125 0.8203125 0.59375 0.8203125 0.69140625 0.8359375 0.69140625 0.83984375 0.6640625 0.8515625 0.66015625
605 0.79296875 0.66796875 0.796875 0.59765625 0.83984375 0.58984375 0.9140625 0.58984375 0.9453125 0.609375 0.94140625 0.6640625 0.9765625 0.703125 0.98828125 0.69921875 0.9921875 0.53125 0.9453125 0.51953125 0.85546875 0.515625 0.77734375 0.5 0.74609375 0.50390625 0.72265625 0.515625 0.71875 0.58203125 0.73828125 0.58984375 0.734375 0.66796875 0.79296875 0.66796875
1034 0.94921875 0.4921875 0.9453125 0.44921875 0.8828125 0.453125 0.8828125 0.49609375 0.859375 0.51953125 0.9296875 0.51953125 0.94921875 0.4921875
1417 0.7890625 0.5 0.82421875 0.5 0.84765625 0.49609375 0.8359375 0.4765625 0.82421875 0.46484375 0.81640625 0.44140625 0.77734375 0.44140625 0.765625 0.46484375 0.7421875 0.48046875 0.74609375 0.48828125 0.76171875 0.5 0.7890625 0.5
279 0.66015625 0.30078125 0.65625 0.36328125 0.71875 0.36328125 0.71484375 0.30078125 0.66015625 0.30078125
815 0.6640625 0.4140625 0.6640625 0.45703125 0.71484375 0.45703125 0.7109375 0.421875 0.6640625 0.4140625
385 0.984375 0.7109375 0.91015625 0.70703125 0.859375 0.69140625 0.796875 0.6796875 0.73828125 0.67578125 0.73828125 0.76171875 0.49609375 0.92578125 0.12890625 0.79296875 0.03515625 0.83984375 0.04296875 0.9921875 0.98828125 0.98828125 0.984375 0.7109375
1902 0.65234375 0.19140625 0.4765625 0.20703125 0.484375 0.55859375 0.65625 0.5859375 0.65234375 0.19140625
277 0.6640625 0.58984375 0.7265625 0.59375 0.72265625 0.50390625 0.73828125 0.49609375 0.7734375 0.453125 0.76953125 0.19140625 0.73046875 0.1875 0.66015625 0.1875 0.6484375 0.19921875 0.6484375 0.5703125 0.6640625 0.58984375
279 0.6640625 0.4765625 0.66796875 0.5390625 0.7109375 0.5390625 0.70703125 0.48046875 0.6640625 0.4765625