1196 0.2109375 0.87109375 0.203125 0.94140625 0.23828125 0.96875 0.23828125 0.98828125 0.25 0.96484375 0.45703125 0.98828125 0.49609375 0.98828125 0.5078125 0.9921875 0.61328125 0.890625 0.60546875 0.82421875 0.3671875 0.78515625 0.2109375 0.87109375
1902 0.40625 0.1875 0.22265625 0.17578125 0.2265625 0.609375 0.34765625 0.625 0.3984375 0.578125 0.40625 0.1875
564 0.0859375 0.43359375 0.1484375 0.4453125 0.19140625 0.2890625 0.1953125 0.18359375 0.08203125 0.17578125 0.0859375 0.43359375
345 0.4140625 0.31640625 0.9140625 0.3203125 0.9140625 0.16796875 0.421875 0.1796875 0.4140625 0.31640625
688 0.91796875 0.69140625 0.9921875 0.6953125 0.98046875 0.16796875 0.93359375 0.17578125 0.91796875 0.69140625
209 0.69140625 0.76953125 0.7109375 0.609375 0.35546875 0.578125 0.35546875 0.72265625 0.69140625 0.76953125
935 0.64453125 0.4453125 0.52734375 0.453125 0.53125 0.49609375 0.78125 0.5 0.796875 0.55859375 0.81640625 0.5859375 0.8359375 0.4765625 0.703125 0.453125 0.671875 0.46484375 0.64453125 0.4453125
1027 0.515625 0.43359375 0.49609375 0.39453125 0.46484375 0.39453125 0.43359375 0.421875 0.4609375 0.4296875 0.47265625 0.49609375 0.484375 0.49609375 0.484375 0.47265625 0.4921875 0.453125 0.48046875 0.4375 0.515625 0.43359375
1027 0.90234375 0.453125 0.875 0.40625 0.8515625 0.40625 0.81640625 0.44921875 0.84765625 0.453125 0.84765625 0.484375 0.85546875 0.5078125 0.84375 0.53515625 0.8828125 0.53515625 0.87109375 0.51171875 0.8828125 0.46875 0.90234375 0.453125
688 0.01953125 0.74609375 0.171875 0.68359375 0.1640625 0.4765625 0.05859375 0.4765625 0.08203125 0.58984375 0.00390625 0.625 0.01953125 0.74609375
1329 0 0.8011067692307693 0.04296875 0.8046875 0.06640625 0.78515625 0.06640625 0.75390625 0 0.75 0 0.8011067692307693
1165 0.90234375 0.68359375 0.91015625 0.53515625 0.828125 0.5390625 0.8203125 0.6796875 0.90234375 0.68359375
1469 0 0.98828125 0.90625 0.98828125 0.94140625 0.91796875 0.95703125 0.91796875 0.234375 0.79296875 0 0.9236039951923077 0 0.98828125
364 0.0546875 0.453125 0.0859375 0.4765625 0.1015625 0.46484375 0.09765625 0.4375 0.09375 0.38671875 0.09765625 0.33203125 0.08984375 0.296875 0.0703125 0.29296875 0.06640625 0.328125 0.0703125 0.3828125 0.0703125 0.421875 0.0546875 0.453125
402 0 0 0 0.0703125 0.29296875 0.1171875 0.98828125 0.0859375 0.9921875 0 0 0
688 0 0.73828125 0.01953125 0.7421875 0.1796875 0.69140625 0.17578125 0.46875 0.11328125 0.4609375 0.05859375 0.4765625 0.0546875 0.55078125 0.05859375 0.58984375 0 0.619140625 0 0.73828125
1329 0 0.609375 0.04296875 0.59375 0.08203125 0.58984375 0.08984375 0.578125 0.0703125 0.5625 0.0390625 0.55859375 0 0.55859375 0 0.609375
1329 0.59765625 0.55078125 0.640625 0.5546875 0.64453125 0.5 0.50390625 0.5078125 0.51171875 0.546875 0.55078125 0.55078125 0.59765625 0.55078125
1329 0.7578125 0.57421875 0.78515625 0.5703125 0.7734375 0.50390625 0.65234375 0.50390625 0.65234375 0.55859375 0.703125 0.5703125 0.7578125 0.57421875
207 0.53125 0.453125 0.53515625 0.50390625 0.48828125 0.52734375 0.46875 0.53515625 0.4375 0.546875 0.44921875 0.5625 0.43359375 0.57421875 0.38671875 0.57421875 0.34375 0.578125 0.3515625 0.67578125 0.3515625 0.734375 0.68359375 0.7734375 0.73828125 0.76171875 0.77734375 0.734375 0.8125 0.703125 0.8203125 0.640625 0.8203125 0.55078125 0.828125 0.5078125 0.828125 0.46875 0.70703125 0.45703125 0.6796875 0.4609375 0.65234375 0.453125 0.53125 0.453125
579 0.703125 0.41015625 0.703125 0.375 0.69921875 0.35546875 0.67578125 0.33984375 0.65234375 0.359375 0.65625 0.40625 0.703125 0.41015625
1903 0.99609375 0.16015625 0.9296875 0.1640625 0.91796875 0.6953125 0.9921875 0.703125 0.99609375 0.16015625
1329 0 0.5625 0.01171875 0.55859375 0.0546875 0.5625 0.05859375 0.4609375 0 0.46459961057692306 0 0.5625
1942 0.0859375 0.18359375 0.09765625 0.44921875 0.16015625 0.46484375 0.171875 0.62109375 0.18359375 0.62109375 0.1953125 0.1953125 0.18359375 0.1796875 0.0859375 0.18359375
1083 0.921875 0.73828125 0.96484375 0.71875 0.87109375 0.69921875 0.84765625 0.71484375 0.8515625 0.7265625 0.88671875 0.7265625 0.921875 0.73828125
1165 0.4453125 0.54296875 0.4765625 0.52734375 0.48828125 0.51171875 0.41015625 0.515625 0.4140625 0.5625 0.4375 0.5625 0.4453125 0.54296875
1818 0.5625 0.8203125 0.5390625 0.81640625 0.5078125 0.7890625 0.3671875 0.8046875 0.35546875 0.80859375 0.35546875 0.82421875 0.3984375 0.859375 0.5625 0.8359375 0.5625 0.8203125
1152 0.42578125 0.81640625 0.4296875 0.78515625 0.40625 0.78125 0.40234375 0.796875 0.39453125 0.81640625 0.40234375 0.8203125 0.42578125 0.81640625