192 0.8659999999999999 0.6293333341346153 0.906 0.5946666658653846 0.894 0.49600000000000005 0.874 0.456 0.6 0.44266666586538467 0.55 0.4826666658653846 0.532 0.6266666658653846 0.8659999999999999 0.6293333341346153
1219 0.74 0.2986666658653846 0.84 0.2986666658653846 0.84 0.1813333341346154 0.74 0.18666666586538463 0.74 0.2986666658653846
201 0.912 0.5013333341346153 0.8819999999999999 0.448 0.6639999999999999 0.44266666586538467 0.596 0.44 0.5479999999999999 0.47200000000000003 0.532 0.4906666658653846 0.53 0.5093333341346153 0.526 0.5813333341346154 0.53 0.6293333341346153 0.854 0.6426666658653846 0.874 0.6186666658653847 0.91 0.592 0.912 0.5013333341346153
1564 0.5559999999999999 0.4693333341346154 0.592 0.4453333341346154 0.588 0.4213333341346154 0.518 0.41866666586538465 0.504 0.40800000000000003 0.492 0.40800000000000003 0.49 0.45866666586538457 0.502 0.464 0.52 0.4693333341346154 0.512 0.48800000000000004 0.516 0.6746666658653846 0.526 0.672 0.532 0.6586666658653846 0.526 0.6053333341346154 0.522 0.544 0.528 0.4986666658653846 0.536 0.4773333341346154 0.5559999999999999 0.4693333341346154
564 0.7260000000000001 0.1626666658653846 0.736 0.13866666586538462 0.734 0.05866666586538461 0.6 0.064 0.528 0 0.528 0.09866666586538461 0.5399999999999999 0.11733333413461539 0.5579999999999999 0.128 0.5860000000000001 0.136 0.606 0.14400000000000002 0.624 0.1493333341346154 0.6679999999999999 0.1626666658653846 0.704 0.17066666586538462 0.7260000000000001 0.1626666658653846
1942 0.534 0 0.526 0.005333334134615384 0.526 0.1253333341346154 0.528 0.3786666658653846 0.5760000000000001 0.36 0.704 0.3653333341346154 0.7060000000000001 0.176 0.714 0.168 0.734 0.15466666586538463 0.738 0.128 0.74 0.06666666586538461 0.73 0.05866666586538461 0.606 0.061333334134615385 0.596 0.05866666586538461 0.534 0
1795 1 0.5370666658653847 0.982 0.5226666658653847 0.9600000000000001 0.5173333341346154 0.9420000000000001 0.528 0.9319999999999999 0.5466666658653846 0.924 0.5546666658653846 0.924 0.5706666658653846 0.922 0.5813333341346154 0.89 0.6133333341346154 0.862 0.6319999999999999 0.854 0.6506666658653846 0.8520000000000001 0.6613333341346154 0.8979999999999999 0.6799999999999999 0.9319999999999999 0.6746666658653846 0.95 0.6453333341346154 0.962 0.6533333341346155 1 0.6432 1 0.5370666658653847
1545 1 0.12000000000000001 0.902 0.12266666586538462 0.878 0.16 0.88 0.44 0.886 0.456 0.908 0.4933333341346154 0.912 0.5786666658653846 0.92 0.5573333341346154 0.928 0.544 0.9400000000000001 0.5333333341346154 0.954 0.5173333341346154 0.968 0.5253333341346154 0.9920000000000001 0.5226666658653847 1 0.5306666658653846 1 0.12000000000000001
194 0.5559999999999999 0.4826666658653846 0.61 0.48800000000000004 0.614 0.48000000000000004 0.614 0.4693333341346154 0.5940000000000001 0.4613333341346154 0.584 0.464 0.5680000000000001 0.4613333341346154 0.5559999999999999 0.4746666658653846 0.5559999999999999 0.4826666658653846
1942 0.5940000000000001 0.06666666586538461 0.592 0.36266666586538465 0.704 0.3573333341346154 0.704 0.064 0.5940000000000001 0.06666666586538461
1942 0.526 0.384 0.584 0.35466666586538464 0.588 0.05866666586538461 0.524 0.005333334134615384 0.526 0.384
1794 0.972 0.584 0.9740000000000001 0.5733333341346154 0.968 0.5653333341346154 0.9359999999999999 0.56 0.928 0.5733333341346154 0.9179999999999999 0.5893333341346154 0.904 0.6026666658653845 0.8819999999999999 0.6159999999999999 0.87 0.6293333341346153 0.854 0.6479999999999999 0.8500000000000001 0.6639999999999999 0.928 0.6799999999999999 0.954 0.6186666658653847 0.972 0.584
180 1 0.5789629615384615 0.966 0.584 0.9580000000000001 0.6053333341346154 0.9600000000000001 0.6506666658653846 1 0.6481269831730769 1 0.5789629615384615
1794 0.9920000000000001 0.5733333341346154 1 0.5626666658653846 0.9580000000000001 0.5226666658653847 0.9400000000000001 0.544 0.9600000000000001 0.5546666658653846 0.982 0.5760000000000001 0.9920000000000001 0.5733333341346154
1794 0.9560000000000001 0.5573333341346154 0.946 0.544 0.95 0.528 0.9339999999999999 0.536 0.928 0.552 0.95 0.56 0.9560000000000001 0.5573333341346154
1861 0.842 0.448 0.844 0.4373333341346154 0.842 0.424 0.83 0.424 0.8340000000000001 0.432 0.83 0.44 0.8320000000000001 0.448 0.842 0.448
1861 0.8099999999999999 0.448 0.826 0.448 0.826 0.44 0.8200000000000001 0.432 0.8200000000000001 0.424 0.8119999999999999 0.42666666586538465 0.8099999999999999 0.4373333341346154 0.8099999999999999 0.448
364 0.8200000000000001 0.44266666586538467 0.8180000000000001 0.3653333341346154 0.8180000000000001 0.32533333413461535 0.8119999999999999 0.32533333413461535 0.8119999999999999 0.36 0.8059999999999999 0.3653333341346154 0.8099999999999999 0.3733333341346154 0.8059999999999999 0.44266666586538467 0.8200000000000001 0.44266666586538467
364 0.838 0.3733333341346154 0.838 0.36266666586538465 0.8360000000000001 0.32533333413461535 0.83 0.32533333413461535 0.83 0.3706666658653846 0.828 0.384 0.83 0.41333333413461537 0.838 0.41600000000000004 0.838 0.3733333341346154
297 0.8680000000000001 0.352 0.876 0.33866666586538463 0.874 0.32533333413461535 0.8500000000000001 0.3093333341346154 0.844 0.32 0.838 0.33866666586538463 0.84 0.352 0.854 0.368 0.858 0.41333333413461537 0.846 0.4293333341346154 0.8520000000000001 0.45066666586538456 0.87 0.448 0.878 0.4213333341346154 0.8659999999999999 0.41333333413461537 0.8680000000000001 0.352
1861 0.51 0.34400000000000003 0.51 0.3173333341346154 0.506 0.3013333341346154 0.49600000000000005 0.3013333341346154 0.494 0.312 0.492 0.32 0.492 0.34666666586538464 0.51 0.34400000000000003
361 0.498 0.20533333413461538 0.49 0.20800000000000002 0.49 0.3093333341346154 0.502 0.312 0.502 0.2533333341346154 0.498 0.2533333341346154 0.498 0.20533333413461538
402 0.538 0 0.588 0.06666666586538461 1 0.05870531490384615 1 0 0.538 0
792 1 0.653128204326923 0.95 0.6479999999999999 0.9339999999999999 0.672 0.904 0.6746666658653846 0.846 0.6639999999999999 0.8500000000000001 0.64 0.538 0.6266666658653846 0.536 0.6453333341346154 0.504 0.6799999999999999 1 0.6773333341346154 1 0.653128204326923
1565 0.51 0.424 0.508 0.41600000000000004 0.506 0.3973333341346154 0.49 0.3946666658653846 0.494 0.44266666586538467 0.51 0.424