1120 0.08984375 0.06640625 0.08984375 0.47265625 0.46484375 0.44921875 0.47265625 0.11328125 0.08984375 0.06640625
1219 0.58203125 0.40625 0.70703125 0.39453125 0.71484375 0.1640625 0.58984375 0.15625 0.58203125 0.40625
1942 1 0.101953125 0.88671875 0.11328125 0.8828125 0.3046875 1 0.30846774278846156 1 0.101953125
196 0.59375 0.765625 0.95703125 0.90234375 0.97265625 0.765625 0.76953125 0.69921875 0.59375 0.765625
297 0.51171875 0.5078125 0.52734375 0.4921875 0.50390625 0.48828125 0.51953125 0.45703125 0.484375 0.4453125 0.4375 0.44140625 0.4296875 0.484375 0.42578125 0.51953125 0.44921875 0.5390625 0.453125 0.5703125 0.4609375 0.609375 0.44140625 0.640625 0.453125 0.66796875 0.4765625 0.66796875 0.4921875 0.64453125 0.484375 0.6171875 0.4765625 0.55859375 0.48828125 0.53515625 0.515625 0.5390625 0.51171875 0.5078125
1564 0.59765625 0.6875 0.4765625 0.6328125 0.43359375 0.62890625 0.3359375 0.640625 0.328125 0.62109375 0.3046875 0.62109375 0.2890625 0.65234375 0.1015625 0.6953125 0.0703125 0.69921875 0.07421875 0.98828125 0.125 0.98828125 0.5625 0.9921875 0.5625 0.9765625 0.58203125 0.96875 0.5859375 0.7109375 0.59765625 0.6875
201 0.71875 0.9921875 0.953125 0.99609375 0.96875 0.76953125 0.765625 0.70703125 0.70703125 0.72265625 0.67578125 0.73046875 0.6484375 0.7265625 0.6171875 0.73046875 0.59765625 0.75390625 0.58984375 0.7734375 0.58203125 0.93359375 0.71875 0.9921875
1797 0.57421875 0.60546875 0.55078125 0.58984375 0.5390625 0.5625 0.5234375 0.56640625 0.5234375 0.58203125 0.53125 0.58984375 0.52734375 0.60546875 0.5234375 0.62109375 0.53125 0.63671875 0.5703125 0.6328125 0.57421875 0.60546875
1797 0.01171875 0.9921875 0.140625 0.98828125 0.13671875 0.796875 0.0859375 0.6875 0.0078125 0.703125 0.01171875 0.9921875
1596 0.2109375 0.67578125 0.19921875 0.68359375 0.2109375 0.69140625 0.234375 0.6796875 0.2109375 0.67578125
1599 0.203125 0.6953125 0.20703125 0.7109375 0.24609375 0.69921875 0.24609375 0.6875 0.203125 0.6953125
552 0.17578125 0.7421875 0.19921875 0.734375 0.19140625 0.68359375 0.171875 0.68359375 0.16015625 0.6875 0.15234375 0.73046875 0.17578125 0.7421875
1794 0.578125 0.671875 0.58203125 0.66796875 0.5703125 0.640625 0.53515625 0.6484375 0.53515625 0.66015625 0.578125 0.671875
531 0.21875 0.7890625 0.59375 0.69140625 0.59765625 0.68359375 0.45703125 0.62890625 0.44140625 0.625 0.1015625 0.6953125 0.109375 0.71875 0.21875 0.7890625
1565 0.34765625 0.65234375 0.33203125 0.6484375 0.3359375 0.62890625 0.3046875 0.625 0.296875 0.68359375 0.32421875 0.68359375 0.33203125 0.671875 0.34765625 0.671875 0.359375 0.6640625 0.34765625 0.65234375
402 0.6734374999999999 0 0.79296875 0.03515625 0.979296875 0 0.6734374999999999 0
345 0.55859375 0.98046875 0.578125 0.97265625 0.5859375 0.703125 0.22265625 0.80078125 0.109375 0.73046875 0.12890625 0.98828125 0.55859375 0.9921875 0.55859375 0.98046875
1564 0.44140625 0.67578125 0.421875 0.671875 0.3984375 0.671875 0.37890625 0.671875 0.28515625 0.68359375 0.26953125 0.69921875 0.26171875 0.703125 0.26171875 0.72265625 0.27734375 0.7265625 0.30078125 0.7265625 0.3359375 0.7265625 0.39453125 0.72265625 0.4296875 0.71875 0.453125 0.71484375 0.46875 0.69921875 0.45703125 0.68359375 0.44140625 0.67578125