1814 0.73046875 0.734375 0.73828125 0.7109375 0.75390625 0.640625 0.7421875 0.5625 0.6640625 0.55859375 0.6484375 0.63671875 0.66796875 0.734375 0.73046875 0.734375
1774 0.98828125 0.78125 0.98828125 0.703125 0.98828125 0.609375 0.94140625 0.59765625 0.8984375 0.59765625 0.84765625 0.59375 0.81640625 0.59765625 0.77734375 0.60546875 0.765625 0.625 0.7578125 0.65234375 0.76171875 0.68359375 0.77734375 0.73046875 0.7734375 0.7734375 0.765625 0.82421875 0.78515625 0.84375 0.84375 0.85546875 0.921875 0.8515625 0.94140625 0.83984375 0.93359375 0.8046875 0.9375 0.78125 0.9609375 0.77734375 0.98828125 0.78125
1942 0.375 0 0.37890625 0.25390625 0.70703125 0.2578125 0.69921875 0 0.375 0
1942 0.71484375 0 0.72265625 0.2578125 1 0.26166449519230767 1 0 0.71484375 0
1564 0.17578125 0.58203125 0.1328125 0.56640625 0.0703125 0.55859375 0.0078125 0.5546875 0.01171875 0.74609375 0.0546875 0.734375 0.0859375 0.7265625 0.125 0.70703125 0.16796875 0.66796875 0.1953125 0.63671875 0.203125 0.60546875 0.17578125 0.58203125
1794 0.1484375 0.54296875 0.09765625 0.5390625 0.046875 0.53125 0.0234375 0.546875 0.03125 0.74609375 0.02734375 0.79296875 0.05859375 0.80078125 0.08203125 0.81640625 0.10546875 0.8203125 0.12890625 0.83203125 0.16015625 0.82421875 0.1640625 0.7421875 0.16796875 0.54296875 0.1484375 0.54296875
196 0.59765625 0.68359375 0.62109375 0.4921875 0.625 0.46875 0.3515625 0.453125 0.05078125 0.7109375 0.07421875 0.96484375 0.41796875 0.9921875 0.59765625 0.68359375
1469 0.82421875 0.890625 0.77734375 0.8828125 0.73046875 0.90234375 0.515625 0.9921875 0.94140625 0.9921875 0.9453125 0.9609375 0.9140625 0.9296875 0.87109375 0.91015625 0.82421875 0.890625
1413 0.9296875 0.58984375 0.98046875 0.59765625 0.98828125 0.453125 0.71484375 0.4375 0.6796875 0.453125 0.67578125 0.48046875 0.69140625 0.50390625 0.69140625 0.5546875 0.7578125 0.55859375 0.7578125 0.60546875 0.8046875 0.58984375 0.875 0.5859375 0.9296875 0.58984375
194 0.22265625 0 0.22265625 0.01953125 0.23046875 0.06640625 0.23046875 0.10546875 0.234375 0.16796875 0.2265625 0.21484375 0.21484375 0.23046875 0.22265625 0.25390625 0.25 0.25 0.25 0.28515625 0.25390625 0.3359375 0.25390625 0.390625 0.26171875 0.44140625 0.26171875 0.46484375 0.2421875 0.4609375 0.22265625 0.45703125 0.20703125 0.47265625 0.19140625 0.48828125 0.1953125 0.51953125 0.2265625 0.51953125 0.2421875 0.54296875 0.25390625 0.5859375 0.265625 0.625 0.28515625 0.6640625 0.30859375 0.66796875 0.32421875 0.6171875 0.31640625 0.56640625 0.29296875 0.515625 0.28125 0.453125 0.26953125 0.3828125 0.26171875 0.24609375 0.26953125 0.19140625 0.28515625 0.18359375 0.28125 0.171875 0.26953125 0.15625 0.25390625 0.1484375 0.24609375 0.04296875 0.24609375 0 0.22265625 0
1797 0.19140625 0.57421875 0.21875 0.57421875 0.22265625 0.5546875 0.1796875 0.546875 0.15625 0.56640625 0.19140625 0.57421875