402 0.0824397596153846 0 0.2825 0.2928571418269231 0.3 0.2892857139423077 0.3075 0.31785714182692304 0.445 0.31428571394230764 0.455 0.34285714182692306 0.45749999999999996 0.3464285721153846 0.58 0.35 0.59 0.34285714182692306 0.6525 0.34285714182692306 0.7175 0.2535714278846154 0.7175 0.1714285721153846 0.8150000000000001 0.028571427884615384 0.995 0.03571428605769231 0.995 0 0.0824397596153846 0
655 0.4375 0.3857142860576923 0.3925 0.3892857139423077 0.38749999999999996 0.6571428581730768 0.435 0.6571428581730768 0.4375 0.3857142860576923
1942 0.5775 0.3892857139423077 0.45749999999999996 0.3892857139423077 0.46 0.5142857139423077 0.5825 0.5107142860576923 0.5775 0.3892857139423077
1885 0.5775 0.3821428581730769 0.5775 0.35 0.46 0.3464285721153846 0.45749999999999996 0.3892857139423077 0.5775 0.3821428581730769
1885 0.45749999999999996 0.3464285721153846 0.4425 0.31428571394230764 0.4425 0.6607142860576923 0.455 0.6464285721153846 0.455 0.5214285721153846 0.46 0.5107142860576923 0.45749999999999996 0.3464285721153846
1885 0.4375 0.3857142860576923 0.4375 0.31071428605769236 0.3075 0.31785714182692304 0.305 0.41071428605769233 0.38749999999999996 0.41428571394230773 0.38749999999999996 0.3857142860576923 0.4375 0.3857142860576923
1947 0.385 0.46785714182692306 0.385 0.41785714182692313 0.335 0.41428571394230773 0.34249999999999997 0.44285714182692304 0.37 0.44642857211538456 0.3725 0.46785714182692306 0.385 0.46785714182692306
1885 0 0 0 0.075 0.0025 0.1535714278846154 0.060000000000000005 0.15714285817307694 0.0775 0.16428571394230768 0.0925 0.1714285721153846 0.1075 0.19642857211538461 0.11249999999999999 0.34285714182692306 0.28 0.3571428581730769 0.27749999999999997 0.41071428605769233 0.305 0.41071428605769233 0.305 0.31785714182692304 0.2975 0.2892857139423077 0.295 0.2857142860576923 0.2825 0.2928571418269231 0.08490963701923077 0 0 0
1885 0.5850000000000001 0.34285714182692306 0.58 0.35 0.5850000000000001 0.5142857139423077 0.7175 0.5142857139423077 0.72 0.2535714278846154 0.6525 0.33928571394230767 0.5850000000000001 0.34285714182692306
171 0.67 0.7035714278846155 0.7124999999999999 0.6964285721153847 0.7175 0.5142857139423077 0.46 0.5142857139423077 0.455 0.5214285721153846 0.45749999999999996 0.6571428581730768 0.5125 0.6678571418269231 0.61 0.6892857139423078 0.67 0.7035714278846155
1885 0.715 0.16785714182692307 0.715 0.7392857139423078 0.8225 0.8214285721153847 0.8150000000000001 0.028571427884615384 0.715 0.16785714182692307
1885 0.995 0.8035714278846153 0.995 0.0642857139423077 0.995 0.032142858173076924 0.8175 0.028571427884615384 0.8225 0.8214285721153847 0.995 0.8035714278846153
792 0.715 0.6964285721153847 0.6775 0.7071428581730769 0.625 0.692857141826923 0.455 0.6571428581730768 0.455 0.6464285721153846 0.4425 0.6642857139423076 0.3825 0.6535714278846154 0.38749999999999996 0.6964285721153847 0.3775 0.7107142860576924 0.3775 0.7392857139423078 0.245 0.9964285721153847 0.995 0.9964285721153847 0.9924999999999999 0.8 0.8225 0.825 0.715 0.7428571418269231 0.715 0.6964285721153847
1291 0.895 0.6357142860576922 0.905 0.6107142860576923 0.9125000000000001 0.6071428581730769 0.9275 0.6035714278846154 0.9400000000000001 0.5714285721153846 0.965 0.525 0.9675 0.5 0.9675 0.4928571418269231 0.9575 0.4857142860576923 0.9525 0.46785714182692306 0.95 0.44999999999999996 0.9475 0.41071428605769233 0.9425 0.3964285721153846 0.9299999999999999 0.375 0.9299999999999999 0.3678571418269231 0.9275 0.3607142860576923 0.9149999999999999 0.3607142860576923 0.89 0.3607142860576923 0.8724999999999999 0.3821428581730769 0.8674999999999999 0.3964285721153846 0.87 0.43571428605769236 0.8825000000000001 0.44999999999999996 0.8775000000000001 0.46785714182692306 0.8674999999999999 0.4714285721153846 0.8475 0.4785714278846154 0.8325 0.5 0.83 0.5392857139423077 0.8325 0.567857141826923 0.8350000000000001 0.6142857139423077 0.8325 0.6464285721153846 0.86 0.642857141826923 0.88 0.6464285721153846 0.895 0.6357142860576922
1291 0.9924999999999999 0.6892857139423078 0.995 0.3678571418269231 0.99 0.375 0.955 0.3964285721153846 0.9475 0.4035714278846154 0.9525 0.43214285817307696 0.955 0.475 0.97 0.4892857139423077 0.9675 0.525 0.9575 0.5428571418269231 0.9400000000000001 0.5857142860576923 0.9275 0.5964285721153846 0.9175 0.6178571418269231 0.92 0.6357142860576922 0.9299999999999999 0.6535714278846154 0.95 0.6642857139423076 0.9525 0.682142858173077 0.9450000000000001 0.7178571418269232 0.9575 0.7035714278846155 0.9774999999999999 0.6964285721153847 0.9924999999999999 0.6892857139423078
1714 0.1275 0.6642857139423076 0.115 0.675 0.115 0.7250000000000001 0.1575 0.7250000000000001 0.22 0.692857141826923 0.2175 0.6642857139423076 0.1275 0.6642857139423076
1505 0 0.9928571418269231 0.2425 0.9928571418269231 0.3775 0.7357142860576923 0.3775 0.7107142860576924 0.385 0.6964285721153847 0.385 0.6678571418269231 0.385 0.6464285721153846 0.385 0.46785714182692306 0.3725 0.4714285721153846 0.37 0.44642857211538456 0.34249999999999997 0.44642857211538456 0.33999999999999997 0.41785714182692313 0.28 0.41428571394230773 0.275 0.3607142860576923 0.11249999999999999 0.35 0.1075 0.2035714278846154 0.0975 0.175 0.0725 0.16071428605769228 0.030000000000000002 0.1535714278846154 0 0.1535714278846154 0 0.9928571418269231
1714 0.28 0.6142857139423077 0.27749999999999997 0.6499999999999999 0.29250000000000004 0.6499999999999999 0.315 0.6357142860576922 0.315 0.6214285721153847 0.28 0.6142857139423077
1714 0.3525 0.6107142860576923 0.3525 0.5928571418269231 0.34249999999999997 0.5928571418269231 0.34249999999999997 0.6178571418269231 0.3525 0.6107142860576923
1714 0.5225000000000001 0.6035714278846154 0.52 0.6142857139423077 0.53 0.6357142860576922 0.565 0.6321428581730769 0.56 0.6071428581730769 0.5225000000000001 0.6035714278846154
423 0.6625000000000001 0.892857141826923 0.6775 0.8857142860576922 0.66 0.7392857139423078 0.6675 0.7285714278846154 0.66 0.7142857139423077 0.6649999999999999 0.6892857139423078 0.67 0.5821428581730769 0.645 0.5892857139423077 0.62 0.6 0.58 0.5928571418269231 0.5675 0.5928571418269231 0.5675 0.6392857139423077 0.5700000000000001 0.7035714278846155 0.5625 0.7250000000000001 0.56 0.7535714278846153 0.565 0.7642857139423077 0.56 0.8857142860576922 0.5725 0.892857141826923 0.575 0.7714285721153846 0.6425 0.7535714278846153 0.6625000000000001 0.892857141826923
1714 0.7025 0.857142858173077 0.705 0.9964285721153847 0.7325 0.9892857139423078 0.7274999999999999 0.875 0.75 0.875 0.78 0.875 0.8475 0.875 0.995 0.8500000000000001 0.9875 0.7250000000000001 0.645 0.75 0.645 0.7892857139423076 0.6975 0.8464285721153846 0.7025 0.857142858173077
423 0.9924999999999999 0.7785714278846154 0.955 0.7714285721153846 0.88 0.75 0.8475 0.7285714278846154 0.8425 0.7464285721153847 0.8524999999999999 0.95 0.8524999999999999 0.9857142860576923 0.99 0.9857142860576923 0.9924999999999999 0.7785714278846154
423 0.9175 0.7250000000000001 0.9175 0.6285714278846153 0.9025 0.6285714278846153 0.8975000000000001 0.6464285721153846 0.875 0.6464285721153846 0.8325 0.6464285721153846 0.78 0.6535714278846154 0.7075 0.6464285721153846 0.7 0.6285714278846153 0.6849999999999999 0.642857141826923 0.6849999999999999 0.7 0.6975 0.7392857139423078 0.9175 0.7250000000000001
1562 0.365 0.31428571394230764 0.365 0.3464285721153846 0.40249999999999997 0.3464285721153846 0.40249999999999997 0.31428571394230764 0.365 0.31428571394230764
1027 0.4 0.11071428605769232 0.40499999999999997 0.12142857211538462 0.415 0.125 0.435 0.12142857211538462 0.4275 0.10357142788461539 0.415 0.1 0.40499999999999997 0.10357142788461539 0.4 0.11071428605769232
1027 0.6725 0.028571427884615384 0.66 0.017857141826923075 0.6475000000000001 0.017857141826923075 0.645 0.03571428605769231 0.655 0.05 0.6675 0.05 0.6725 0.03928571394230769 0.6725 0.028571427884615384
1027 0.605 0.1357142860576923 0.6 0.14285714182692308 0.6075 0.15714285817307694 0.625 0.1535714278846154 0.625 0.13928571394230768 0.6125 0.1357142860576923 0.605 0.1357142860576923