402 0.005 0 0.005 0.03571428605769231 0.185 0.028571427884615384 0.2825 0.1714285721153846 0.2825 0.2535714278846154 0.34750000000000003 0.34285714182692306 0.41000000000000003 0.34285714182692306 0.42 0.35 0.5425 0.3464285721153846 0.545 0.34285714182692306 0.5549999999999999 0.31428571394230764 0.6925 0.31785714182692304 0.7 0.2892857139423077 0.7175 0.2928571418269231 0.9175602403846154 0 0.005 0
655 0.565 0.6571428581730768 0.6125 0.6571428581730768 0.6075 0.3892857139423077 0.5625 0.3857142860576923 0.565 0.6571428581730768
1942 0.41750000000000004 0.5107142860576923 0.5399999999999999 0.5142857139423077 0.5425 0.3892857139423077 0.4225 0.3892857139423077 0.41750000000000004 0.5107142860576923
1885 0.5425 0.3892857139423077 0.5399999999999999 0.3464285721153846 0.4225 0.35 0.4225 0.3821428581730769 0.5425 0.3892857139423077
1885 0.5399999999999999 0.5107142860576923 0.545 0.5214285721153846 0.545 0.6464285721153846 0.5575 0.6607142860576923 0.5575 0.31428571394230764 0.5425 0.3464285721153846 0.5399999999999999 0.5107142860576923
1885 0.6125 0.3857142860576923 0.6125 0.41428571394230773 0.6950000000000001 0.41071428605769233 0.6925 0.31785714182692304 0.5625 0.31071428605769236 0.5625 0.3857142860576923 0.6125 0.3857142860576923
1947 0.6275000000000001 0.46785714182692306 0.63 0.44642857211538456 0.6575 0.44285714182692304 0.6649999999999999 0.41428571394230773 0.615 0.41785714182692313 0.615 0.46785714182692306 0.6275000000000001 0.46785714182692306
1885 0.9150903629807693 0 0.7175 0.2928571418269231 0.705 0.2857142860576923 0.7025 0.2892857139423077 0.6950000000000001 0.31785714182692304 0.6950000000000001 0.41071428605769233 0.7225 0.41071428605769233 0.72 0.3571428581730769 0.8875 0.34285714182692306 0.8925 0.19642857211538461 0.9075 0.1714285721153846 0.9225 0.16428571394230768 0.9400000000000001 0.15714285817307694 0.9974999999999999 0.1535714278846154 1 0.075 1 0 0.9150903629807693 0
1885 0.34750000000000003 0.33928571394230767 0.28 0.2535714278846154 0.2825 0.5142857139423077 0.415 0.5142857139423077 0.42 0.35 0.415 0.34285714182692306 0.34750000000000003 0.33928571394230767
171 0.39 0.6892857139423078 0.48750000000000004 0.6678571418269231 0.5425 0.6571428581730768 0.545 0.5214285721153846 0.5399999999999999 0.5142857139423077 0.2825 0.5142857139423077 0.2875 0.6964285721153847 0.33 0.7035714278846155 0.39 0.6892857139423078
1885 0.185 0.028571427884615384 0.17750000000000002 0.8214285721153847 0.28500000000000003 0.7392857139423078 0.28500000000000003 0.16785714182692307 0.185 0.028571427884615384
1885 0.17750000000000002 0.8214285721153847 0.1825 0.028571427884615384 0.005 0.032142858173076924 0.005 0.0642857139423077 0.005 0.8035714278846153 0.17750000000000002 0.8214285721153847
792 0.28500000000000003 0.7428571418269231 0.17750000000000002 0.825 0.007500000000000001 0.8 0.005 0.9964285721153847 0.755 0.9964285721153847 0.6224999999999999 0.7392857139423078 0.6224999999999999 0.7107142860576924 0.6125 0.6964285721153847 0.6174999999999999 0.6535714278846154 0.5575 0.6642857139423076 0.545 0.6464285721153846 0.545 0.6571428581730768 0.375 0.692857141826923 0.3225 0.7071428581730769 0.28500000000000003 0.6964285721153847 0.28500000000000003 0.7428571418269231
1291 0.12000000000000001 0.6464285721153846 0.14 0.642857141826923 0.1675 0.6464285721153846 0.165 0.6142857139423077 0.1675 0.567857141826923 0.16999999999999998 0.5392857139423077 0.1675 0.5 0.1525 0.4785714278846154 0.1325 0.4714285721153846 0.1225 0.46785714182692306 0.11750000000000001 0.44999999999999996 0.13 0.43571428605769236 0.1325 0.3964285721153846 0.1275 0.3821428581730769 0.11 0.3607142860576923 0.08499999999999999 0.3607142860576923 0.0725 0.3607142860576923 0.07 0.3678571418269231 0.07 0.375 0.0575 0.3964285721153846 0.0525 0.41071428605769233 0.05 0.44999999999999996 0.0475 0.46785714182692306 0.042499999999999996 0.4857142860576923 0.0325 0.4928571418269231 0.0325 0.5 0.035 0.525 0.060000000000000005 0.5714285721153846 0.0725 0.6035714278846154 0.0875 0.6071428581730769 0.095 0.6107142860576923 0.105 0.6357142860576922 0.12000000000000001 0.6464285721153846
1291 0.0225 0.6964285721153847 0.042499999999999996 0.7035714278846155 0.055 0.7178571418269232 0.0475 0.682142858173077 0.05 0.6642857139423076 0.07 0.6535714278846154 0.08 0.6357142860576922 0.0825 0.6178571418269231 0.0725 0.5964285721153846 0.060000000000000005 0.5857142860576923 0.042499999999999996 0.5428571418269231 0.0325 0.525 0.030000000000000002 0.4892857139423077 0.045 0.475 0.0475 0.43214285817307696 0.0525 0.4035714278846154 0.045 0.3964285721153846 0.01 0.375 0.005 0.3678571418269231 0.007500000000000001 0.6892857139423078 0.0225 0.6964285721153847
1714 0.7825 0.6642857139423076 0.78 0.692857141826923 0.8425 0.7250000000000001 0.885 0.7250000000000001 0.885 0.675 0.8724999999999999 0.6642857139423076 0.7825 0.6642857139423076
1505 1 0.1535714278846154 0.97 0.1535714278846154 0.9275 0.16071428605769228 0.9025 0.175 0.8925 0.2035714278846154 0.8875 0.35 0.7250000000000001 0.3607142860576923 0.72 0.41428571394230773 0.66 0.41785714182692313 0.6575 0.44642857211538456 0.63 0.44642857211538456 0.6275000000000001 0.4714285721153846 0.615 0.46785714182692306 0.615 0.6464285721153846 0.615 0.6678571418269231 0.615 0.6964285721153847 0.6224999999999999 0.7107142860576924 0.6224999999999999 0.7357142860576923 0.7575000000000001 0.9928571418269231 1 0.9928571418269231 1 0.1535714278846154
1714 0.6849999999999999 0.6214285721153847 0.6849999999999999 0.6357142860576922 0.7075 0.6499999999999999 0.7225 0.6499999999999999 0.72 0.6142857139423077 0.6849999999999999 0.6214285721153847
1714 0.6575 0.6178571418269231 0.6575 0.5928571418269231 0.6475000000000001 0.5928571418269231 0.6475000000000001 0.6107142860576923 0.6575 0.6178571418269231
1714 0.44 0.6071428581730769 0.435 0.6321428581730769 0.47000000000000003 0.6357142860576922 0.48000000000000004 0.6142857139423077 0.4775 0.6035714278846154 0.44 0.6071428581730769
423 0.3575 0.7535714278846153 0.42500000000000004 0.7714285721153846 0.4275 0.892857141826923 0.44 0.8857142860576922 0.435 0.7642857139423077 0.44 0.7535714278846153 0.4375 0.7250000000000001 0.43 0.7035714278846155 0.4325 0.6392857139423077 0.4325 0.5928571418269231 0.42 0.5928571418269231 0.38 0.6 0.35500000000000004 0.5892857139423077 0.33 0.5821428581730769 0.335 0.6892857139423078 0.33999999999999997 0.7142857139423077 0.33249999999999996 0.7285714278846154 0.33999999999999997 0.7392857139423078 0.3225 0.8857142860576922 0.3375 0.892857141826923 0.3575 0.7535714278846153
1714 0.3025 0.8464285721153846 0.35500000000000004 0.7892857139423076 0.35500000000000004 0.75 0.0125 0.7250000000000001 0.005 0.8500000000000001 0.1525 0.875 0.22 0.875 0.25 0.875 0.2725 0.875 0.2675 0.9892857139423078 0.295 0.9964285721153847 0.2975 0.857142858173077 0.3025 0.8464285721153846
423 0.01 0.9857142860576923 0.1475 0.9857142860576923 0.1475 0.95 0.1575 0.7464285721153847 0.1525 0.7285714278846154 0.12000000000000001 0.75 0.045 0.7714285721153846 0.007500000000000001 0.7785714278846154 0.01 0.9857142860576923
423 0.3025 0.7392857139423078 0.315 0.7 0.315 0.642857141826923 0.3 0.6285714278846153 0.29250000000000004 0.6464285721153846 0.22 0.6535714278846154 0.1675 0.6464285721153846 0.125 0.6464285721153846 0.10250000000000001 0.6464285721153846 0.0975 0.6285714278846153 0.0825 0.6285714278846153 0.0825 0.7250000000000001 0.3025 0.7392857139423078
1562 0.5975 0.31428571394230764 0.5975 0.3464285721153846 0.635 0.3464285721153846 0.635 0.31428571394230764 0.5975 0.31428571394230764
1027 0.595 0.10357142788461539 0.5850000000000001 0.1 0.5725 0.10357142788461539 0.565 0.12142857211538462 0.5850000000000001 0.125 0.595 0.12142857211538462 0.6 0.11071428605769232 0.595 0.10357142788461539
1027 0.3275 0.03928571394230769 0.33249999999999996 0.05 0.34500000000000003 0.05 0.35500000000000004 0.03571428605769231 0.3525 0.017857141826923075 0.33999999999999997 0.017857141826923075 0.3275 0.028571427884615384 0.3275 0.03928571394230769
1027 0.38749999999999996 0.1357142860576923 0.375 0.13928571394230768 0.375 0.1535714278846154 0.3925 0.15714285817307694 0.4 0.14285714182692308 0.39499999999999996 0.1357142860576923 0.38749999999999996 0.1357142860576923