1536 0.9973333341346154 0.002 0.008 0 0.005333334134615384 0.7060000000000001 1 0.97 0.9973333341346154 0.002
353 0.48000000000000004 0.614 0.4826666658653846 0.626 0.6346666658653847 0.644 0.704 0.602 0.6986666658653846 0.5780000000000001 0.6933333341346154 0.562 0.6826666658653846 0.5479999999999999 0.6773333341346154 0.538 0.6533333341346155 0.544 0.624 0.546 0.6026666658653845 0.55 0.5733333341346154 0.5559999999999999 0.528 0.564 0.5013333341346153 0.5760000000000001 0.4906666658653846 0.584 0.4906666658653846 0.6 0.48000000000000004 0.614
353 0.8 0.546 0.7493333341346153 0.5559999999999999 0.72 0.644 0.8773333341346153 0.6659999999999999 0.904 0.652 0.9359999999999999 0.598 0.9386666658653847 0.582 0.9146666658653846 0.5579999999999999 0.8 0.546
353 0.9946666658653847 0.596 0.9386666658653847 0.596 0.9093333341346154 0.66 0.9813333341346154 0.6799999999999999 0.9946666658653847 0.596
353 0.36266666586538465 0.538 0.33866666586538463 0.56 0.3173333341346154 0.598 0.45066666586538456 0.6180000000000001 0.4773333341346154 0.61 0.48800000000000004 0.6 0.48800000000000004 0.588 0.5013333341346153 0.5760000000000001 0.528 0.552 0.528 0.542 0.512 0.536 0.5013333341346153 0.534 0.47200000000000003 0.534 0.4453333341346154 0.53 0.43466666586538466 0.522 0.40800000000000003 0.522 0.3893333341346154 0.53 0.36266666586538465 0.538
353 0.22933333413461537 0.544 0.2213333341346154 0.56 0.22933333413461537 0.584 0.3013333341346154 0.5940000000000001 0.3226666658653846 0.596 0.32533333413461535 0.582 0.34666666586538464 0.55 0.36266666586538465 0.534 0.3866666658653846 0.528 0.3866666658653846 0.514 0.3733333341346154 0.5 0.34400000000000003 0.5 0.312 0.508 0.272 0.516 0.2533333341346154 0.52 0.23733333413461538 0.532 0.22933333413461537 0.544
353 0.32533333413461535 0.49600000000000005 0.2613333341346154 0.492 0.16533333413461537 0.51 0.1493333341346154 0.5680000000000001 0.22666666586538461 0.5780000000000001 0.22666666586538461 0.552 0.23466666586538462 0.538 0.256 0.52 0.3226666658653846 0.502 0.32533333413461535 0.49600000000000005
353 0.09066666586538462 0.518 0.088 0.526 0.08533333413461539 0.538 0.06933333413461538 0.5579999999999999 0.12000000000000001 0.564 0.1493333341346154 0.564 0.15466666586538463 0.55 0.1626666658653846 0.512 0.176 0.504 0.15466666586538463 0.48800000000000004 0.14666666586538463 0.5 0.1306666658653846 0.48800000000000004 0.12000000000000001 0.5 0.10400000000000001 0.512 0.09066666586538462 0.518
352 0.232 0.738 0.296 0.74 0.3866666658653846 0.728 0.41866666586538465 0.714 0.26933333413461535 0.6679999999999999 0.224 0.678 0.176 0.6940000000000001 0.17066666586538462 0.714 0.19733333413461537 0.7240000000000001 0.232 0.738
353 0.010666665865384615 0.626 0.008 0.6839999999999999 0.11466666586538461 0.7100000000000001 0.23733333413461538 0.6679999999999999 0.22933333413461537 0.6499999999999999 0.16 0.6340000000000001 0.16 0.6180000000000001 0.08 0.602 0.010666665865384615 0.626
1764 0.6026666658653845 0.8659999999999999 0.6213333341346154 0.8659999999999999 0.6319999999999999 0.8500000000000001 0.6319999999999999 0.8180000000000001 0.6266666658653846 0.8099999999999999 0.6159999999999999 0.802 0.6 0.8 0.584 0.8059999999999999 0.5760000000000001 0.858 0.6026666658653845 0.8659999999999999
1764 0.5386666658653846 0.782 0.5226666658653847 0.782 0.504 0.786 0.5013333341346153 0.8360000000000001 0.5173333341346154 0.842 0.536 0.844 0.552 0.8340000000000001 0.552 0.8059999999999999 0.552 0.7899999999999999 0.5386666658653846 0.782
1764 0.44266666586538467 0.822 0.4533333341346154 0.8200000000000001 0.4453333341346154 0.798 0.384 0.778 0.3706666658653846 0.7899999999999999 0.368 0.798 0.44266666586538467 0.822
1764 0.368 0.798 0.368 0.7899999999999999 0.3786666658653846 0.78 0.32533333413461535 0.768 0.3093333341346154 0.78 0.3066666658653846 0.786 0.368 0.798
1764 0.3093333341346154 0.782 0.312 0.7739999999999999 0.32533333413461535 0.764 0.264 0.748 0.2533333341346154 0.7739999999999999 0.3093333341346154 0.782
353 0.7866666658653846 0.242 0.9066666658653847 0.23399999999999999 0.9333333341346154 0.232 0.928 0.22 0.9173333341346154 0.212 0.9146666658653846 0.2 0.8986666658653846 0.196 0.8986666658653846 0.186 0.888 0.176 0.872 0.16599999999999998 0.8586666658653846 0.168 0.8453333341346153 0.16999999999999998 0.8213333341346154 0.17200000000000001 0.8106666658653846 0.176 0.7973333341346154 0.182 0.7893333341346154 0.19 0.768 0.20400000000000001 0.7546666658653846 0.218 0.7493333341346153 0.228 0.7493333341346153 0.24000000000000002 0.7866666658653846 0.242
353 0.5013333341346153 0.266 0.6373333341346155 0.252 0.6986666658653846 0.264 0.6880000000000001 0.252 0.6853333341346153 0.238 0.6639999999999999 0.232 0.656 0.228 0.656 0.214 0.6346666658653847 0.21 0.6026666658653845 0.21 0.5973333341346154 0.19799999999999998 0.5733333341346154 0.196 0.5653333341346154 0.2 0.5413333341346154 0.218 0.528 0.22 0.5146666658653847 0.222 0.5013333341346153 0.23 0.5013333341346153 0.252 0.5013333341346153 0.266
353 0.32 0.226 0.32533333413461535 0.252 0.328 0.26999999999999996 0.456 0.266 0.4693333341346154 0.266 0.5013333341346153 0.264 0.5066666658653847 0.22 0.52 0.206 0.4746666658653846 0.19799999999999998 0.4453333341346154 0.19799999999999998 0.384 0.19799999999999998 0.336 0.20400000000000001 0.32 0.226
353 0.8160000000000001 0.39599999999999996 0.7759999999999999 0.39599999999999996 0.7626666658653847 0.40599999999999997 0.7546666658653846 0.464 0.7813333341346154 0.47000000000000003 0.8079999999999999 0.47000000000000003 0.8373333341346154 0.46599999999999997 0.8533333341346154 0.474 0.8853333341346155 0.474 0.9093333341346154 0.474 0.9333333341346154 0.476 0.9440000000000001 0.48000000000000004 0.9946666658653847 0.48000000000000004 0.9973333341346154 0.39599999999999996 0.9653333341346154 0.39599999999999996 0.9440000000000001 0.40800000000000003 0.9306666658653846 0.398 0.9013333341346154 0.398 0.872 0.398 0.8613333341346153 0.39 0.8346666658653846 0.38799999999999996 0.8160000000000001 0.39599999999999996
353 0.5066666658653847 0.40800000000000003 0.5013333341346153 0.452 0.64 0.46 0.7173333341346153 0.44200000000000006 0.7146666658653846 0.414 0.6906666658653846 0.41800000000000004 0.6906666658653846 0.40399999999999997 0.5733333341346154 0.4 0.5066666658653847 0.40800000000000003
353 0.3573333341346154 0.39599999999999996 0.272 0.398 0.264 0.438 0.3653333341346154 0.438 0.3733333341346154 0.424 0.4 0.424 0.41866666586538465 0.42 0.45066666586538456 0.40800000000000003 0.45066666586538456 0.39 0.36 0.386 0.3573333341346154 0.39599999999999996
353 0.4 0.43 0.3706666658653846 0.43 0.368 0.444 0.41600000000000004 0.44999999999999996 0.4666666658653846 0.44999999999999996 0.4906666658653846 0.448 0.4986666658653846 0.424 0.49600000000000005 0.41000000000000003 0.4853333341346154 0.40800000000000003 0.464 0.40800000000000003 0.45066666586538456 0.40800000000000003 0.424 0.414 0.4 0.43
353 0.6853333341346153 0.804 0.6693333341346153 0.8140000000000001 0.6693333341346153 0.8340000000000001 0.6693333341346153 0.862 0.6773333341346154 0.8840000000000001 0.696 0.886 0.72 0.8819999999999999 0.752 0.878 0.752 0.894 0.7626666658653847 0.904 0.7893333341346154 0.902 0.8079999999999999 0.89 0.8026666658653846 0.9159999999999999 0.8186666658653846 0.922 0.864 0.922 0.888 0.9179999999999999 0.904 0.9380000000000001 0.9333333341346154 0.946 0.9546666658653845 0.9420000000000001 0.9600000000000001 0.948 0.9706666658653845 0.8200000000000001 0.9386666658653847 0.826 0.928 0.8099999999999999 0.92 0.802 0.9013333341346154 0.7939999999999999 0.9013333341346154 0.7739999999999999 0.872 0.76 0.8533333341346154 0.764 0.8346666658653846 0.76 0.8213333341346154 0.744 0.7919999999999999 0.744 0.7733333341346154 0.754 0.7626666658653847 0.744 0.7386666658653845 0.74 0.7146666658653846 0.748 0.7093333341346154 0.762 0.7093333341346154 0.78 0.696 0.7899999999999999 0.6853333341346153 0.804
1885 0.9946666658653847 0.996 0.9973333341346154 0.97 0.010666665865384615 0.7060000000000001 0.005333334134615384 0.998 0.9946666658653847 0.996
1285 0.026666665865384614 0.892 0.037333334134615384 0.88 0.04266666586538462 0.856 0.029333334134615384 0.828 0.018666665865384617 0.8059999999999999 0.008 0.784 0.008 0.904 0.026666665865384614 0.892
1027 0.5733333341346154 0.33199999999999996 0.5866666658653846 0.326 0.584 0.294 0.03466666586538462 0.318 0.026666665865384614 0.33199999999999996 0.04266666586538462 0.35 0.5733333341346154 0.33199999999999996
1027 0.5786666658653846 0.508 0.5786666658653846 0.49600000000000005 0.5786666658653846 0.476 0.04266666586538462 0.44200000000000006 0.04266666586538462 0.46599999999999997 0.5786666658653846 0.508
1027 0.064 0.58 0.5413333341346154 0.6659999999999999 0.5680000000000001 0.6639999999999999 0.5733333341346154 0.652 0.05066666586538461 0.562 0.05066666586538461 0.572 0.064 0.58