1542 0.30799999999999994 0.9940298509615384 0.83 0.9940298509615384 0.8340000000000001 0.9791044783653846 0.8360000000000001 0.7164179110576924 0.886 0.6597014927884615 0.886 0.6208955216346154 0.864 0.6208955216346154 0.864 0.3313432836538462 0.006 0.24776119471153846 0.002 0.8388059711538461 0.30799999999999994 0.9940298509615384
1818 0.352 0.9910447764423077 0.59 0.9910447764423077 0.644 0.8805970144230769 0.47800000000000004 0.8358208966346155 0.336 0.9701492548076923 0.352 0.9910447764423077
353 0.606 0.919402985576923 0.61 0.9044776129807693 0.6180000000000001 0.9074626875 0.6319999999999999 0.8895522379807693 0.63 0.8716417908653846 0.628 0.8567164182692307 0.612 0.85373134375 0.602 0.8567164182692307 0.5940000000000001 0.8567164182692307 0.59 0.8716417908653846 0.582 0.8746268653846154 0.5700000000000001 0.8746268653846154 0.554 0.865671641826923 0.544 0.8716417908653846 0.536 0.8597014927884616 0.52 0.8597014927884616 0.51 0.8597014927884616 0.494 0.865671641826923 0.486 0.865671641826923 0.47800000000000004 0.8507462692307691 0.47000000000000003 0.8477611947115384 0.382 0.9313432836538461 0.352 0.9701492548076923 0.374 0.9910447764423077 0.5700000000000001 0.9880597019230769 0.58 0.9791044783653846 0.5860000000000001 0.9582089543269231 0.574 0.9432835817307693 0.5780000000000001 0.9283582091346154 0.6 0.9283582091346154 0.606 0.919402985576923
327 0.27399999999999997 0.8985074615384616 0.306 0.9014925384615384 0.31 0.9134328365384616 0.35400000000000004 0.9283582091346154 0.36 0.9313432836538461 0.376 0.9253731346153846 0.386 0.9164179110576923 0.398 0.9014925384615384 0.4 0.8865671634615384 0.41000000000000003 0.8835820889423077 0.424 0.8716417908653846 0.42600000000000005 0.8567164182692307 0.436 0.8477611947115384 0.452 0.8388059711538461 0.44999999999999996 0.8298507451923077 0.462 0.8238805961538461 0.476 0.8089552235576923 0.47000000000000003 0.7880597019230768 0.456 0.7880597019230768 0.444 0.7791044783653847 0.432 0.7880597019230768 0.414 0.7850746274038461 0.402 0.7820895528846153 0.386 0.7910447764423078 0.372 0.7940298509615384 0.36 0.7910447764423078 0.34400000000000003 0.7761194038461539 0.328 0.7820895528846153 0.306 0.7880597019230768 0.292 0.8029850745192307 0.27399999999999997 0.8029850745192307 0.264 0.8208955216346154 0.23600000000000002 0.8179104471153846 0.218 0.8507462692307691 0.216 0.8716417908653846 0.232 0.8805970144230769 0.26 0.8925373125 0.27399999999999997 0.8985074615384616
1818 0.356 0.9522388052884616 0.48800000000000004 0.8059701490384616 0.34400000000000003 0.7611940288461538 0.20199999999999999 0.8805970144230769 0.356 0.9522388052884616
1818 0.328 0.7641791033653846 0.20199999999999999 0.7313432836538462 0.042 0.8238805961538461 0.174 0.8925373125 0.328 0.7641791033653846
353 0.11 0.8477611947115384 0.11800000000000001 0.8567164182692307 0.132 0.865671641826923 0.146 0.8686567163461538 0.152 0.8686567163461538 0.164 0.8776119399038461 0.176 0.8776119399038461 0.19399999999999998 0.865671641826923 0.20199999999999999 0.85373134375 0.216 0.8507462692307691 0.226 0.8328358197115384 0.24000000000000002 0.8149253725961538 0.262 0.8149253725961538 0.27399999999999997 0.7970149254807691 0.292 0.7910447764423078 0.302 0.7701492548076924 0.292 0.7641791033653846 0.27799999999999997 0.7611940288461538 0.268 0.7492537307692307 0.24400000000000002 0.7432835817307691 0.23600000000000002 0.7492537307692307 0.232 0.7402985072115384 0.216 0.7402985072115384 0.206 0.7402985072115384 0.19399999999999998 0.7522388052884617 0.186 0.7552238798076923 0.178 0.7611940288461538 0.16599999999999998 0.7611940288461538 0.146 0.7701492548076924 0.132 0.7701492548076924 0.11 0.7701492548076924 0.092 0.7910447764423078 0.078 0.7850746274038461 0.05 0.8149253725961538 0.060000000000000005 0.8298507451923077 0.07200000000000001 0.8358208966346155 0.084 0.8417910456730768 0.096 0.8447761201923077 0.11 0.8477611947115384
1818 0.14400000000000002 0.6716417908653847 0.006 0.7432835817307691 0.004 0.7761194038461539 0.042 0.7940298509615384 0.074 0.8 0.242 0.7134328365384615 0.14400000000000002 0.6716417908653847
353 0.188 0.7194029855769231 0.17200000000000001 0.7194029855769231 0.152 0.7194029855769231 0.14 0.7134328365384615 0.13 0.7164179110576924 0.12200000000000001 0.7164179110576924 0.112 0.7194029855769231 0.10200000000000001 0.7194029855769231 0.10200000000000001 0.7044776129807692 0.09 0.6985074615384614 0.07 0.7104477620192308 0.058 0.7074626875000001 0.04 0.7313432836538462 0.012 0.7402985072115384 0.012 0.758208954326923 0.026000000000000002 0.7611940288461538 0.032 0.7671641802884616 0.048 0.7761194038461539 0.056 0.7820895528846153 0.068 0.7820895528846153 0.08600000000000001 0.7820895528846153 0.10200000000000001 0.7761194038461539 0.14 0.7552238798076923 0.16 0.7492537307692307 0.20400000000000001 0.7283582091346154 0.228 0.7253731346153847 0.226 0.7164179110576924 0.212 0.6985074615384614 0.19799999999999998 0.7104477620192308 0.188 0.7194029855769231
1818 0.5780000000000001 0.5552238798076923 0.492 0.6208955216346154 0.492 0.6447761201923077 0.698 0.6925373125000001 0.762 0.6059701490384616 0.5780000000000001 0.5552238798076923
353 0.702 0.6686567163461539 0.7100000000000001 0.6626865673076924 0.714 0.6417910456730769 0.7260000000000001 0.6388059711538462 0.732 0.6179104471153847 0.7420000000000001 0.6089552235576924 0.752 0.5940298509615385 0.752 0.5701492548076923 0.7260000000000001 0.5611940288461539 0.712 0.5611940288461539 0.702 0.5552238798076923 0.7 0.5552238798076923 0.6920000000000001 0.5522388052884616 0.678 0.5641791033653847 0.676 0.5731343293269231 0.662 0.5791044783653846 0.6479999999999999 0.5880597019230769 0.642 0.6149253725961539 0.626 0.6059701490384616 0.6180000000000001 0.6119402980769231 0.6159999999999999 0.6298507451923077 0.614 0.6477611947115385 0.702 0.6686567163461539
353 0.518 0.6238805961538462 0.55 0.6388059711538462 0.602 0.6447761201923077 0.608 0.6268656706730769 0.614 0.6179104471153847 0.626 0.6059701490384616 0.628 0.6 0.638 0.5970149254807692 0.646 0.5820895528846154 0.6479999999999999 0.5701492548076923 0.63 0.5582089543269231 0.6 0.5492537307692308 0.5860000000000001 0.5492537307692308 0.5760000000000001 0.5582089543269231 0.5700000000000001 0.5671641802884616 0.5579999999999999 0.5731343293269231 0.5479999999999999 0.5791044783653846 0.552 0.5940298509615385 0.534 0.5970149254807692 0.518 0.6059701490384616 0.518 0.6238805961538462
1818 0.294 0.5791044783653846 0.294 0.5970149254807692 0.312 0.6119402980769231 0.446 0.6417910456730769 0.454 0.6417910456730769 0.546 0.5761194038461539 0.428 0.5223880600961539 0.31 0.5761194038461539 0.294 0.5791044783653846
353 0.452 0.6119402980769231 0.46799999999999997 0.6119402980769231 0.48000000000000004 0.6059701490384616 0.482 0.5791044783653846 0.474 0.5582089543269231 0.454 0.5522388052884616 0.428 0.54626865625 0.40800000000000003 0.5522388052884616 0.39599999999999996 0.5552238798076923 0.39 0.5701492548076923 0.39 0.5940298509615385 0.392 0.6029850745192308 0.41600000000000004 0.6089552235576924 0.436 0.6119402980769231 0.452 0.6119402980769231
353 0.484 0.5880597019230769 0.484 0.5970149254807692 0.5 0.5940298509615385 0.516 0.5940298509615385 0.526 0.5761194038461539 0.524 0.54626865625 0.508 0.5343283581730769 0.476 0.5283582091346154 0.46 0.5283582091346154 0.444 0.5373134326923077 0.44200000000000006 0.5432835817307692 0.47000000000000003 0.5552238798076923 0.484 0.5880597019230769
353 0.312 0.5432835817307692 0.31 0.5701492548076923 0.31 0.5850746274038461 0.34199999999999997 0.5910447764423077 0.35400000000000004 0.5940298509615385 0.382 0.5970149254807692 0.39 0.5940298509615385 0.394 0.5552238798076923 0.402 0.5432835817307692 0.436 0.5402985072115385 0.44 0.5373134326923077 0.438 0.5283582091346154 0.42 0.5194029855769231 0.38799999999999996 0.5194029855769231 0.366 0.5253731346153846 0.364 0.5402985072115385 0.34199999999999997 0.5313432836538461 0.312 0.5432835817307692
1818 0.29 0.4955223870192308 0.134 0.5373134326923077 0.128 0.5582089543269231 0.262 0.5970149254807692 0.378 0.5164179110576923 0.29 0.4955223870192308
353 0.312 0.5432835817307692 0.32 0.5313432836538461 0.312 0.5253731346153846 0.282 0.5223880600961539 0.26999999999999996 0.5253731346153846 0.262 0.5283582091346154 0.256 0.5194029855769231 0.254 0.5044776129807692 0.138 0.5402985072115385 0.266 0.5880597019230769 0.29 0.5701492548076923 0.30799999999999994 0.5522388052884616 0.312 0.5432835817307692
352 0.23399999999999999 0.46567164182692306 0.212 0.46567164182692306 0.196 0.47164179086538466 0.188 0.5164179110576923 0.19799999999999998 0.5194029855769231 0.212 0.5134328365384616 0.24400000000000002 0.5044776129807692 0.24800000000000003 0.48059701442307695 0.23399999999999999 0.46567164182692306
352 0.152 0.4567164182692308 0.136 0.46567164182692306 0.132 0.47164179086538466 0.138 0.5223880600961539 0.15799999999999997 0.5223880600961539 0.184 0.5164179110576923 0.184 0.48656716346153844 0.178 0.4597014927884615 0.168 0.4567164182692308 0.152 0.4567164182692308
352 0.07200000000000001 0.5134328365384616 0.076 0.5223880600961539 0.078 0.5313432836538461 0.094 0.5402985072115385 0.106 0.5313432836538461 0.12200000000000001 0.5313432836538461 0.13 0.5283582091346154 0.132 0.5194029855769231 0.132 0.4985074615384616 0.128 0.4835820889423077 0.112 0.48059701442307695 0.082 0.4895522379807692 0.07200000000000001 0.5134328365384616
352 0.7579999999999999 0.34626865625000003 0.736 0.3402985072115384 0.722 0.34626865625000003 0.718 0.36716418028846154 0.734 0.3701492548076923 0.746 0.3701492548076923 0.756 0.3701492548076923 0.76 0.35820895432692307 0.7579999999999999 0.34626865625000003
353 0.508 0.3552238798076923 0.526 0.35820895432692307 0.544 0.3492537307692307 0.5579999999999999 0.35820895432692307 0.5680000000000001 0.3552238798076923 0.572 0.34626865625000003 0.574 0.33432835817307693 0.584 0.32238806009615384 0.6 0.30447761298076925 0.598 0.2955223870192308 0.5780000000000001 0.2955223870192308 0.566 0.2925373125 0.55 0.2835820889423077 0.53 0.28656716346153843 0.508 0.2925373125 0.498 0.2985074615384615 0.48800000000000004 0.3074626875 0.474 0.31044776201923074 0.46 0.3253731346153846 0.44 0.3402985072115384 0.444 0.3522388052884615 0.454 0.3522388052884615 0.47000000000000003 0.3522388052884615 0.486 0.3552238798076923 0.508 0.3552238798076923
1395 0.588 0.30447761298076925 0.584 0.3522388052884615 0.6319999999999999 0.3641791033653846 0.636 0.3194029855769231 0.588 0.30447761298076925
327 0.34199999999999997 0.3492537307692307 0.36 0.3492537307692307 0.402 0.3492537307692307 0.422 0.3552238798076923 0.432 0.3552238798076923 0.438 0.34626865625000003 0.44200000000000006 0.33432835817307693 0.44200000000000006 0.3194029855769231 0.45799999999999996 0.3194029855769231 0.474 0.30447761298076925 0.494 0.2925373125 0.486 0.2835820889423077 0.476 0.2716417908653846 0.46599999999999997 0.2626865673076923 0.45799999999999996 0.25373134375 0.44200000000000006 0.2507462692307692 0.42600000000000005 0.26567164182692304 0.414 0.2716417908653846 0.394 0.2746268653846154 0.374 0.2626865673076923 0.36 0.25373134375 0.33999999999999997 0.26567164182692304 0.328 0.2716417908653846 0.30799999999999994 0.25970149278846155 0.302 0.2716417908653846 0.28400000000000003 0.27761193990384614 0.26999999999999996 0.2746268653846154 0.252 0.26865671634615385 0.238 0.28955223798076923 0.228 0.30149253846153845 0.206 0.3074626875 0.212 0.33432835817307693 0.226 0.3402985072115384 0.252 0.3432835817307692 0.268 0.34626865625000003 0.296 0.3432835817307692 0.31599999999999995 0.3492537307692307 0.34199999999999997 0.3492537307692307
353 0.068 0.31343283653846155 0.092 0.32238806009615384 0.14 0.3253731346153846 0.178 0.3283582091346154 0.192 0.3253731346153846 0.19399999999999998 0.3194029855769231 0.20800000000000002 0.30149253846153845 0.218 0.2985074615384615 0.24800000000000003 0.26567164182692304 0.23399999999999999 0.2626865673076923 0.21 0.25970149278846155 0.186 0.25970149278846155 0.16 0.26865671634615385 0.14 0.2626865673076923 0.12200000000000001 0.2626865673076923 0.1 0.2716417908653846 0.092 0.28656716346153843 0.066 0.2925373125 0.058 0.31343283653846155 0.068 0.31343283653846155
1286 0.296 0.20597014903846153 0.292 0.2507462692307692 0.27799999999999997 0.3283582091346154 0.266 0.4059701490384615 0.262 0.4298507451923077 0.26 0.46865671634615386 0.258 0.5044776129807692 0.276 0.5402985072115385 0.29 0.5671641802884616 0.294 0.7194029855769231 0.33999999999999997 0.7253731346153847 0.336 0.6955223870192307 0.36 0.6955223870192307 0.366 0.7373134326923078 0.414 0.7552238798076923 0.412 0.7313432836538462 0.394 0.5134328365384616 0.4 0.4417910456730769 0.40599999999999997 0.4388059711538462 0.41800000000000004 0.4358208966346154 0.432 0.43283581971153845 0.44200000000000006 0.4358208966346154 0.422 0.4059701490384615 0.41600000000000004 0.3492537307692307 0.42600000000000005 0.24477612019230768 0.42600000000000005 0.21492537259615385 0.41600000000000004 0.1910447764423077 0.42 0.1910447764423077 0.42600000000000005 0.18805970192307694 0.428 0.1701492548076923 0.43400000000000005 0.1552238798076923 0.44999999999999996 0.14029850721153847 0.44999999999999996 0.1074626875 0.448 0.0835820889423077 0.42600000000000005 0.05373134375 0.402 0.05373134375 0.39 0.0626865673076923 0.382 0.0835820889423077 0.376 0.11044776201923077 0.374 0.1373134326923077 0.356 0.15223880528846154 0.336 0.16119402884615383 0.314 0.18208955288461537 0.296 0.20597014903846153
153 0.428 0.5134328365384616 0.446 0.5283582091346154 0.47000000000000003 0.5313432836538461 0.444 0.4477611947115384 0.444 0.4358208966346154 0.436 0.4388059711538462 0.424 0.42686567067307696 0.412 0.4358208966346154 0.4 0.4388059711538462 0.392 0.5164179110576923 0.428 0.5134328365384616
1300 0.6180000000000001 0.16716418028846156 0.626 0.1701492548076923 0.61 0.18507462740384614 0.59 0.22686567067307692 0.5760000000000001 0.26567164182692304 0.5680000000000001 0.2925373125 0.562 0.34626865625000003 0.552 0.4059701490384615 0.562 0.43283581971153845 0.588 0.42089552163461535 0.59 0.4477611947115384 0.584 0.5492537307692308 0.596 0.5582089543269231 0.636 0.5611940288461539 0.67 0.5671641802884616 0.6940000000000001 0.5582089543269231 0.7100000000000001 0.5432835817307692 0.714 0.47164179086538466 0.7100000000000001 0.23880597115384614 0.7060000000000001 0.15820895432692308 0.6900000000000001 0.14626865625 0.6639999999999999 0.13134328365384615 0.674 0.11641791105769231 0.678 0.10149253846153847 0.67 0.0925373125 0.66 0.06865671634615385 0.638 0.04477612019230769 0.626 0.04776119471153846 0.612 0.06865671634615385 0.6 0.08955223798076924 0.596 0.10149253846153847 0.602 0.11940298557692307 0.608 0.11940298557692307 0.61 0.14029850721153847 0.614 0.14925373076923076 0.6180000000000001 0.16716418028846156
1536 0.004007016826923077 0 0.006 0.8477611947115384 0.31 0.9910447764423077 0.952 0.9910447764423077 0.9918798798076923 0 0.004007016826923077 0
1885 0.004 0.9940298509615384 0.31 0.9910447764423077 0.002 0.8388059711538461 0.004 0.9940298509615384
1885 0.994 0 0.9560000000000001 0.9910447764423077 1 0.9910447764423077 1 0 0.994 0