1542 0.084 0 0.060000000000000005 0.022522521634615385 0.04 0.06756756730769231 0.028 0.1306306298076923 0.024 0.16666666586538462 0.008 0.8108108100961539 0.10400000000000001 0.9909909903846154 0.856 0.8378378389423078 0.908 0.7702702692307692 0.908 0.5900900889423076 0.88 0.5765765769230768 0.888 0.49099099038461536 0.8840000000000001 0.4189189182692308 0.8680000000000001 0.32882882932692303 0.848 0.27027026923076924 0.8200000000000001 0.20720720673076926 0.796 0.18018018028846153 0.772 0.1621621610576923 0.996 0.13513513461538462 0.952 0.06756756730769231 0.8999999999999999 0.018018016826923076 0.8680000000000001 0 0.084 0
352 0.76 0.4864864855769231 0.64 0.5 0.64 0.545045045673077 0.712 0.5720720721153846 0.8119999999999999 0.5630630624999999 0.8079999999999999 0.5135135144230769 0.76 0.4864864855769231
352 0.5479999999999999 0.59459459375 0.572 0.59459459375 0.604 0.5855855865384615 0.628 0.5720720721153846 0.62 0.5540540528846154 0.6159999999999999 0.5405405408653846 0.604 0.53153153125 0.588 0.5270270264423077 0.572 0.5225225216346154 0.564 0.5135135144230769 0.536 0.5135135144230769 0.528 0.5225225216346154 0.516 0.5360360360576923 0.49600000000000005 0.5405405408653846 0.492 0.5540540528846154 0.484 0.5630630624999999 0.48800000000000004 0.5720720721153846 0.5 0.5810810817307692 0.52 0.5900900889423076 0.5479999999999999 0.59459459375
352 0.364 0.6171171177884616 0.39599999999999996 0.6171171177884616 0.44 0.6126126129807692 0.46799999999999997 0.59459459375 0.46 0.5630630624999999 0.46 0.5540540528846154 0.44 0.5405405408653846 0.424 0.5405405408653846 0.40800000000000003 0.5360360360576923 0.39599999999999996 0.53153153125 0.372 0.545045045673077 0.348 0.5585585576923077 0.33199999999999996 0.5585585576923077 0.328 0.5810810817307692 0.32399999999999995 0.5855855865384615 0.32399999999999995 0.5990990985576923 0.33999999999999997 0.6081081081730769 0.364 0.6171171177884616
352 0.20400000000000001 0.6396396394230769 0.228 0.6396396394230769 0.272 0.6351351346153845 0.3 0.6171171177884616 0.28800000000000003 0.5720720721153846 0.276 0.5630630624999999 0.252 0.5585585576923077 0.224 0.5585585576923077 0.184 0.5630630624999999 0.148 0.5765765769230768 0.148 0.6306306298076922 0.17200000000000001 0.6396396394230769 0.20400000000000001 0.6396396394230769
352 0.184 0.5225225216346154 0.212 0.5225225216346154 0.24800000000000003 0.5135135144230769 0.272 0.5 0.268 0.4729729735576923 0.268 0.4594594591346154 0.24400000000000002 0.45495495432692307 0.216 0.45495495432692307 0.136 0.46396396394230766 0.132 0.5 0.14 0.5090090096153846 0.156 0.5225225216346154 0.184 0.5225225216346154
352 0.36 0.5 0.40399999999999997 0.5 0.432 0.5 0.452 0.4819819831730769 0.448 0.4594594591346154 0.448 0.45045044951923074 0.436 0.4369369375 0.412 0.4369369375 0.384 0.4369369375 0.336 0.44144144230769233 0.32399999999999995 0.45495495432692307 0.32399999999999995 0.4819819831730769 0.336 0.4954954951923077 0.36 0.5
352 0.484 0.45045044951923074 0.484 0.46846846875 0.508 0.4774774783653846 0.532 0.4819819831730769 0.572 0.4819819831730769 0.596 0.4774774783653846 0.612 0.46396396394230766 0.612 0.45495495432692307 0.608 0.4369369375 0.6 0.4189189182692308 0.572 0.4189189182692308 0.544 0.4189189182692308 0.492 0.4234234230769231 0.484 0.45045044951923074
352 0.6799999999999999 0.4009009014423077 0.6479999999999999 0.4144144134615385 0.64 0.4369369375 0.644 0.45495495432692307 0.6639999999999999 0.46396396394230766 0.6880000000000001 0.46396396394230766 0.7240000000000001 0.46396396394230766 0.756 0.4594594591346154 0.76 0.4459459471153846 0.76 0.4189189182692308 0.744 0.40540540625 0.712 0.4009009014423077 0.6799999999999999 0.4009009014423077
352 0.628 0.35585585576923073 0.652 0.36036036057692306 0.6880000000000001 0.36036036057692306 0.728 0.35135135096153847 0.7240000000000001 0.32432432451923077 0.704 0.3108108100961538 0.6920000000000001 0.30630630528846153 0.656 0.3108108100961538 0.628 0.3153153149038461 0.6159999999999999 0.3423423413461538 0.6159999999999999 0.35585585576923073 0.628 0.35585585576923073
352 0.49600000000000005 0.37837837740384617 0.52 0.37837837740384617 0.5559999999999999 0.37837837740384617 0.588 0.3648648653846154 0.584 0.3423423413461538 0.572 0.33333333413461536 0.56 0.32882882932692303 0.536 0.32432432451923077 0.516 0.32432432451923077 0.5 0.32882882932692303 0.48000000000000004 0.3378378389423077 0.46799999999999997 0.36036036057692306 0.47200000000000003 0.37837837740384617 0.49600000000000005 0.37837837740384617
352 0.176 0.3108108100961538 0.20800000000000002 0.3108108100961538 0.232 0.30630630528846153 0.252 0.29729729807692307 0.24400000000000002 0.2657657668269231 0.228 0.25675675721153846 0.20800000000000002 0.25675675721153846 0.176 0.25675675721153846 0.14400000000000002 0.2612612620192308 0.14 0.30630630528846153 0.156 0.3108108100961538 0.176 0.3108108100961538
352 0.336 0.3918918918269231 0.36 0.3918918918269231 0.40399999999999997 0.3918918918269231 0.436 0.3828828822115385 0.436 0.3693693701923077 0.428 0.35585585576923073 0.41600000000000004 0.34684684615384614 0.392 0.3423423413461538 0.372 0.3423423413461538 0.34400000000000003 0.3423423413461538 0.32399999999999995 0.35135135096153847 0.31599999999999995 0.37837837740384617 0.31599999999999995 0.3918918918269231 0.336 0.3918918918269231
352 0.16 0.4099099110576923 0.192 0.4099099110576923 0.24400000000000002 0.40540540625 0.264 0.3963963966346154 0.26 0.3648648653846154 0.24800000000000003 0.35585585576923073 0.22 0.35585585576923073 0.188 0.35585585576923073 0.148 0.36036036057692306 0.14 0.3963963966346154 0.14400000000000002 0.40540540625 0.16 0.4099099110576923
352 0.28800000000000003 0.27927927884615383 0.28400000000000003 0.3018018028846154 0.328 0.3108108100961538 0.38799999999999996 0.3018018028846154 0.384 0.2657657668269231 0.38 0.2612612620192308 0.36 0.2612612620192308 0.34400000000000003 0.25675675721153846 0.33199999999999996 0.25675675721153846 0.32 0.25675675721153846 0.3 0.27027026923076924 0.28800000000000003 0.27927927884615383
352 0.428 0.2612612620192308 0.424 0.2882882884615384 0.448 0.3018018028846154 0.528 0.2882882884615384 0.532 0.2612612620192308 0.52 0.24774774759615384 0.484 0.24774774759615384 0.46 0.24774774759615384 0.428 0.2612612620192308
352 0.552 0.22972973076923076 0.524 0.23873873798076922 0.516 0.25225225240384613 0.5760000000000001 0.29279279326923074 0.624 0.29279279326923074 0.624 0.2657657668269231 0.6159999999999999 0.24774774759615384 0.552 0.22972973076923076
352 0.624 0.2612612620192308 0.624 0.29279279326923074 0.6799999999999999 0.2882882884615384 0.6799999999999999 0.2612612620192308 0.6679999999999999 0.24774774759615384 0.612 0.22972973076923076 0.592 0.22972973076923076 0.584 0.23423423317307693 0.62 0.24774774759615384 0.624 0.2612612620192308
352 0.6799999999999999 0.2612612620192308 0.6839999999999999 0.2882882884615384 0.732 0.27927927884615383 0.728 0.24774774759615384 0.6679999999999999 0.22522522596153843 0.6479999999999999 0.22522522596153843 0.636 0.22972973076923076 0.6679999999999999 0.24774774759615384 0.6799999999999999 0.2612612620192308
352 0.728 0.24774774759615384 0.732 0.27477477403846157 0.784 0.27477477403846157 0.78 0.25675675721153846 0.768 0.23873873798076922 0.752 0.23873873798076922 0.696 0.22072072115384617 0.6799999999999999 0.22522522596153843 0.728 0.24774774759615384