1542 0.002 0 0.002 0.9973333341346154 0.994 0.9973333341346154 0.996 0 0.002 0
1818 0.12200000000000001 0.04266666586538462 0.002 0.12266666586538462 0.004 0.15733333413461537 0.114 0.17333333413461538 0.146 0.168 0.30799999999999994 0.07466666586538462 0.298 0.05066666586538461 0.134 0.037333334134615384 0.12200000000000001 0.04266666586538462
325 0.218 0.1013333341346154 0.24000000000000002 0.088 0.24000000000000002 0.06666666586538461 0.228 0.053333334134615384 0.19799999999999998 0.045333334134615384 0.174 0.064 0.156 0.07466666586538462 0.146 0.088 0.146 0.1013333341346154 0.152 0.11733333413461539 0.174 0.128 0.184 0.12266666586538462 0.218 0.1013333341346154
325 0.038 0.08266666586538461 0.014 0.08266666586538461 0.002 0.08533333413461539 0.002 0.1253333341346154 0.016 0.1493333341346154 0.044 0.1493333341346154 0.064 0.14133333413461538 0.08 0.13866666586538462 0.088 0.13866666586538462 0.10400000000000001 0.1333333341346154 0.092 0.1013333341346154 0.09 0.08533333413461539 0.066 0.08266666586538461 0.038 0.08266666586538461
1818 0.24800000000000003 0.15466666586538463 0.246 0.1813333341346154 0.532 0.216 0.5579999999999999 0.2133333341346154 0.572 0.2 0.6900000000000001 0.08 0.424 0.037333334134615384 0.25 0.14133333413461538 0.24800000000000003 0.15466666586538463
327 0.422 0.128 0.44200000000000006 0.11466666586538461 0.448 0.09866666586538461 0.47800000000000004 0.09066666586538462 0.504 0.08 0.508 0.064 0.52 0.05866666586538461 0.512 0.026666665865384614 0.49600000000000005 0.016 0.464 0.018666665865384617 0.44 0.03466666586538462 0.422 0.04 0.412 0.045333334134615384 0.38 0.05066666586538461 0.364 0.06933333413461538 0.364 0.08266666586538461 0.33999999999999997 0.08533333413461539 0.312 0.088 0.29 0.10933333413461538 0.282 0.1333333341346154 0.26999999999999996 0.14400000000000002 0.27399999999999997 0.15466666586538463 0.31 0.17333333413461538 0.34199999999999997 0.17333333413461538 0.364 0.17333333413461538 0.374 0.16 0.376 0.1493333341346154 0.4 0.14133333413461538 0.4 0.128 0.422 0.128
327 0.626 0.1306666658653846 0.644 0.11466666586538461 0.646 0.1013333341346154 0.674 0.088 0.6819999999999999 0.07466666586538462 0.6799999999999999 0.04 0.6659999999999999 0.013333334134615385 0.64 0.002666665865384615 0.61 0.010666665865384615 0.596 0.032 0.59 0.048 0.58 0.05866666586538461 0.5479999999999999 0.06933333413461538 0.528 0.08 0.52 0.096 0.49 0.1013333341346154 0.46 0.112 0.438 0.1333333341346154 0.424 0.15466666586538463 0.44200000000000006 0.17333333413461538 0.47800000000000004 0.1813333341346154 0.51 0.18933333413461537 0.532 0.18933333413461537 0.55 0.192 0.574 0.1813333341346154 0.592 0.1626666658653846 0.598 0.14400000000000002 0.626 0.1306666658653846
1395 0.242 0.16 0.232 0.24000000000000002 0.32399999999999995 0.2586666658653846 0.33399999999999996 0.17333333413461538 0.242 0.16
1395 0.544 0.184 0.43 0.17866666586538463 0.41600000000000004 0.2666666658653846 0.46799999999999997 0.272 0.538 0.272 0.544 0.184
1818 0.622 0.16533333413461537 0.62 0.18666666586538463 0.626 0.19466666586538464 0.9920000000000001 0.2506666658653846 0.994 0.08 0.98 0.07733333413461539 0.734 0.06666666586538461 0.716 0.06933333413461538 0.702 0.07466666586538462 0.622 0.16533333413461537
325 0.986 0.16533333413461537 0.988 0.12266666586538462 0.98 0.10666666586538462 0.964 0.096 0.9440000000000001 0.088 0.928 0.09866666586538461 0.912 0.1013333341346154 0.8999999999999999 0.10400000000000001 0.886 0.11733333413461539 0.886 0.136 0.886 0.1493333341346154 0.888 0.168 0.906 0.176 0.9339999999999999 0.1813333341346154 0.962 0.1813333341346154 0.9760000000000001 0.176 0.986 0.16533333413461537
327 0.88 0.08533333413461539 0.862 0.07466666586538462 0.8320000000000001 0.07466666586538462 0.8099999999999999 0.08266666586538461 0.796 0.088 0.784 0.07466666586538462 0.748 0.06933333413461538 0.716 0.07200000000000001 0.7 0.08533333413461539 0.6859999999999999 0.09066666586538462 0.6859999999999999 0.112 0.67 0.11466666586538461 0.652 0.14133333413461538 0.6499999999999999 0.16533333413461537 0.654 0.184 0.7100000000000001 0.2 0.75 0.2026666658653846 0.764 0.192 0.7759999999999999 0.18933333413461537 0.796 0.2 0.826 0.20800000000000002 0.86 0.20800000000000002 0.874 0.19733333413461537 0.8840000000000001 0.1626666658653846 0.888 0.1333333341346154 0.89 0.10933333413461538 0.88 0.08533333413461539
180 0.702 0.7866666658653846 0.734 0.7893333341346154 0.76 0.8 0.786 0.8026666658653846 0.8360000000000001 0.8160000000000001 0.8659999999999999 0.8293333341346153 0.904 0.8293333341346153 0.924 0.8346666658653846 0.9359999999999999 0.8213333341346154 0.946 0.8053333341346154 0.972 0.7919999999999999 0.99 0.7786666658653847 0.988 0.744 0.9560000000000001 0.5493333341346154 0.6659999999999999 0.5066666658653847 0.628 0.5146666658653847 0.606 0.544 0.596 0.584 0.582 0.624 0.582 0.6586666658653846 0.582 0.6826666658653846 0.5860000000000001 0.7013333341346153 0.612 0.7333333341346153 0.624 0.76 0.652 0.7759999999999999 0.702 0.7866666658653846
325 0.7240000000000001 0.6346666658653847 0.73 0.5973333341346154 0.73 0.5733333341346154 0.7100000000000001 0.5386666658653846 0.678 0.52 0.644 0.52 0.626 0.5306666658653846 0.61 0.5573333341346154 0.6 0.6026666658653845 0.598 0.6479999999999999 0.622 0.6933333341346154 0.6499999999999999 0.7173333341346153 0.678 0.72 0.6940000000000001 0.712 0.7080000000000001 0.7013333341346153 0.718 0.6799999999999999 0.7240000000000001 0.6346666658653847
325 0.8320000000000001 0.5946666658653846 0.804 0.5786666658653846 0.7759999999999999 0.5786666658653846 0.748 0.5866666658653846 0.7260000000000001 0.6159999999999999 0.714 0.6746666658653846 0.716 0.7173333341346153 0.73 0.736 0.788 0.7493333341346153 0.8160000000000001 0.7546666658653846 0.838 0.7546666658653846 0.84 0.7386666658653845 0.854 0.6906666658653846 0.8659999999999999 0.656 0.858 0.624 0.8320000000000001 0.5946666658653846
325 0.854 0.6693333341346153 0.8520000000000001 0.7093333341346154 0.846 0.7546666658653846 0.862 0.7813333341346154 0.908 0.7893333341346154 0.9560000000000001 0.7866666658653846 0.9740000000000001 0.768 0.988 0.7386666658653845 0.986 0.6933333341346154 0.972 0.6453333341346154 0.9560000000000001 0.6133333341346154 0.9359999999999999 0.6053333341346154 0.904 0.6133333341346154 0.888 0.6266666658653846 0.872 0.6426666658653846 0.854 0.6693333341346153
180 0.376 0.6479999999999999 0.39599999999999996 0.6586666658653846 0.40800000000000003 0.6693333341346153 0.41600000000000004 0.6880000000000001 0.45799999999999996 0.712 0.49 0.7173333341346153 0.534 0.7173333341346153 0.562 0.6853333341346153 0.5760000000000001 0.656 0.584 0.6266666658653846 0.5860000000000001 0.584 0.582 0.5493333341346154 0.554 0.5146666658653847 0.508 0.504 0.46799999999999997 0.504 0.43 0.512 0.41800000000000004 0.5333333341346154 0.394 0.5466666658653846 0.372 0.5786666658653846 0.368 0.608 0.376 0.6479999999999999
325 0.464 0.6639999999999999 0.494 0.6746666658653846 0.536 0.6693333341346153 0.574 0.6479999999999999 0.58 0.5893333341346154 0.562 0.5333333341346154 0.5399999999999999 0.5253333341346154 0.51 0.5253333341346154 0.49 0.5306666658653846 0.46599999999999997 0.5546666658653846 0.448 0.5973333341346154 0.452 0.6293333341346153 0.464 0.6639999999999999
326 0.448 0.6053333341346154 0.462 0.5706666658653846 0.486 0.5333333341346154 0.534 0.52 0.532 0.5066666658653847 0.514 0.4773333341346154 0.49600000000000005 0.4666666658653846 0.46799999999999997 0.4666666658653846 0.44200000000000006 0.48800000000000004 0.43 0.5146666658653847 0.424 0.5413333341346154 0.41600000000000004 0.5760000000000001 0.432 0.5973333341346154 0.448 0.6186666658653847 0.448 0.6053333341346154
352 0.216 0.5546666658653846 0.2 0.528 0.16999999999999998 0.5146666658653847 0.11 0.5146666658653847 0.066 0.5306666658653846 0.030000000000000002 0.5573333341346154 0.012 0.592 0.008 0.624 0.034 0.656 0.05 0.6613333341346154 0.07200000000000001 0.6693333341346153 0.12400000000000001 0.6613333341346154 0.178 0.6293333341346153 0.21 0.5946666658653846 0.216 0.5546666658653846
352 0.192 0.52 0.216 0.5306666658653846 0.26 0.52 0.296 0.49600000000000005 0.314 0.4666666658653846 0.312 0.4453333341346154 0.29 0.42666666586538465 0.26 0.41866666586538465 0.226 0.41866666586538465 0.192 0.4293333341346154 0.164 0.448 0.15 0.4773333341346154 0.152 0.49600000000000005 0.16199999999999998 0.5093333341346153 0.192 0.52
352 0.19399999999999998 0.41866666586538465 0.182 0.4 0.164 0.3893333341346154 0.132 0.392 0.10200000000000001 0.40533333413461536 0.09 0.432 0.108 0.4533333341346154 0.152 0.456 0.17200000000000001 0.4373333341346154 0.19399999999999998 0.41866666586538465
352 0.024 0.41600000000000004 0.002 0.41600000000000004 0.002 0.5413333341346154 0.036000000000000004 0.528 0.060000000000000005 0.5146666658653847 0.076 0.5013333341346153 0.092 0.4826666658653846 0.096 0.45866666586538457 0.08 0.4293333341346154 0.058 0.41866666586538465 0.024 0.41600000000000004
1395 0.456 0.7546666658653846 0.41800000000000004 0.7386666658653845 0.394 0.7946666658653846 0.482 0.8213333341346154 0.502 0.768 0.456 0.7546666658653846
1395 0.6659999999999999 0.8079999999999999 0.572 0.7786666658653847 0.554 0.8453333341346153 0.652 0.8613333341346153 0.6659999999999999 0.8079999999999999
1395 0.8180000000000001 0.8346666658653846 0.718 0.8133333341346154 0.704 0.872 0.8119999999999999 0.8986666658653846 0.8180000000000001 0.8346666658653846
1395 0.89 0.92 0.9339999999999999 0.9306666658653846 0.972 0.928 0.978 0.872 0.962 0.872 0.924 0.8693333341346154 0.904 0.864 0.8659999999999999 0.8453333341346153 0.858 0.848 0.858 0.8986666658653846 0.89 0.92