1542 0.998 0.8388059711538461 0.994 0.24776119471153846 0.136 0.3313432836538462 0.136 0.6208955216346154 0.114 0.6208955216346154 0.114 0.6597014927884615 0.164 0.7164179110576924 0.16599999999999998 0.9791044783653846 0.16999999999999998 0.9940298509615384 0.6920000000000001 0.9940298509615384 0.998 0.8388059711538461
1818 0.6639999999999999 0.9701492548076923 0.522 0.8358208966346155 0.356 0.8805970144230769 0.41000000000000003 0.9910447764423077 0.6479999999999999 0.9910447764423077 0.6639999999999999 0.9701492548076923
353 0.4 0.9283582091346154 0.422 0.9283582091346154 0.42600000000000005 0.9432835817307693 0.414 0.9582089543269231 0.42 0.9791044783653846 0.43 0.9880597019230769 0.626 0.9910447764423077 0.6479999999999999 0.9701492548076923 0.6180000000000001 0.9313432836538461 0.53 0.8477611947115384 0.522 0.8507462692307691 0.514 0.865671641826923 0.506 0.865671641826923 0.49 0.8597014927884616 0.48000000000000004 0.8597014927884616 0.464 0.8597014927884616 0.456 0.8716417908653846 0.446 0.865671641826923 0.43 0.8746268653846154 0.41800000000000004 0.8746268653846154 0.41000000000000003 0.8716417908653846 0.40599999999999997 0.8567164182692307 0.398 0.8567164182692307 0.38799999999999996 0.85373134375 0.372 0.8567164182692307 0.37 0.8716417908653846 0.368 0.8895522379807693 0.382 0.9074626875 0.39 0.9044776129807693 0.394 0.919402985576923 0.4 0.9283582091346154
327 0.74 0.8925373125 0.768 0.8805970144230769 0.784 0.8716417908653846 0.782 0.8507462692307691 0.764 0.8179104471153846 0.736 0.8208955216346154 0.7260000000000001 0.8029850745192307 0.7080000000000001 0.8029850745192307 0.6940000000000001 0.7880597019230768 0.672 0.7820895528846153 0.656 0.7761194038461539 0.64 0.7910447764423078 0.628 0.7940298509615384 0.614 0.7910447764423078 0.598 0.7820895528846153 0.5860000000000001 0.7850746274038461 0.5680000000000001 0.7880597019230768 0.5559999999999999 0.7791044783653847 0.544 0.7880597019230768 0.53 0.7880597019230768 0.524 0.8089552235576923 0.538 0.8238805961538461 0.55 0.8298507451923077 0.5479999999999999 0.8388059711538461 0.564 0.8477611947115384 0.574 0.8567164182692307 0.5760000000000001 0.8716417908653846 0.59 0.8835820889423077 0.6 0.8865671634615384 0.602 0.9014925384615384 0.614 0.9164179110576923 0.624 0.9253731346153846 0.64 0.9313432836538461 0.646 0.9283582091346154 0.6900000000000001 0.9134328365384616 0.6940000000000001 0.9014925384615384 0.7260000000000001 0.8985074615384616 0.74 0.8925373125
1818 0.798 0.8805970144230769 0.656 0.7611940288461538 0.512 0.8059701490384616 0.644 0.9522388052884616 0.798 0.8805970144230769
1818 0.826 0.8925373125 0.9580000000000001 0.8238805961538461 0.798 0.7313432836538462 0.672 0.7641791033653846 0.826 0.8925373125
353 0.904 0.8447761201923077 0.9159999999999999 0.8417910456730768 0.928 0.8358208966346155 0.9400000000000001 0.8298507451923077 0.95 0.8149253725961538 0.922 0.7850746274038461 0.908 0.7910447764423078 0.89 0.7701492548076924 0.8680000000000001 0.7701492548076924 0.854 0.7701492548076924 0.8340000000000001 0.7611940288461538 0.822 0.7611940288461538 0.8140000000000001 0.7552238798076923 0.8059999999999999 0.7522388052884617 0.7939999999999999 0.7402985072115384 0.784 0.7402985072115384 0.768 0.7402985072115384 0.764 0.7492537307692307 0.756 0.7432835817307691 0.732 0.7492537307692307 0.722 0.7611940288461538 0.7080000000000001 0.7641791033653846 0.698 0.7701492548076924 0.7080000000000001 0.7910447764423078 0.7260000000000001 0.7970149254807691 0.738 0.8149253725961538 0.76 0.8149253725961538 0.7739999999999999 0.8328358197115384 0.784 0.8507462692307691 0.798 0.85373134375 0.8059999999999999 0.865671641826923 0.824 0.8776119399038461 0.8360000000000001 0.8776119399038461 0.848 0.8686567163461538 0.854 0.8686567163461538 0.8680000000000001 0.865671641826923 0.8819999999999999 0.8567164182692307 0.89 0.8477611947115384 0.904 0.8447761201923077
1818 0.7579999999999999 0.7134328365384615 0.926 0.8 0.9580000000000001 0.7940298509615384 0.996 0.7761194038461539 0.994 0.7432835817307691 0.856 0.6716417908653847 0.7579999999999999 0.7134328365384615
353 0.802 0.7104477620192308 0.788 0.6985074615384614 0.7739999999999999 0.7164179110576924 0.772 0.7253731346153847 0.796 0.7283582091346154 0.84 0.7492537307692307 0.86 0.7552238798076923 0.8979999999999999 0.7761194038461539 0.9139999999999999 0.7820895528846153 0.9319999999999999 0.7820895528846153 0.9440000000000001 0.7820895528846153 0.952 0.7761194038461539 0.968 0.7671641802884616 0.9740000000000001 0.7611940288461538 0.988 0.758208954326923 0.988 0.7402985072115384 0.9600000000000001 0.7313432836538462 0.9420000000000001 0.7074626875000001 0.9299999999999999 0.7104477620192308 0.91 0.6985074615384614 0.8979999999999999 0.7044776129807692 0.8979999999999999 0.7194029855769231 0.888 0.7194029855769231 0.878 0.7164179110576924 0.87 0.7164179110576924 0.86 0.7134328365384615 0.848 0.7194029855769231 0.828 0.7194029855769231 0.8119999999999999 0.7194029855769231 0.802 0.7104477620192308
1818 0.238 0.6059701490384616 0.302 0.6925373125000001 0.508 0.6447761201923077 0.508 0.6208955216346154 0.422 0.5552238798076923 0.238 0.6059701490384616
353 0.386 0.6477611947115385 0.384 0.6298507451923077 0.382 0.6119402980769231 0.374 0.6059701490384616 0.358 0.6149253725961539 0.352 0.5880597019230769 0.338 0.5791044783653846 0.32399999999999995 0.5731343293269231 0.322 0.5641791033653847 0.30799999999999994 0.5522388052884616 0.3 0.5552238798076923 0.298 0.5552238798076923 0.28800000000000003 0.5611940288461539 0.27399999999999997 0.5611940288461539 0.24800000000000003 0.5701492548076923 0.24800000000000003 0.5940298509615385 0.258 0.6089552235576924 0.268 0.6179104471153847 0.27399999999999997 0.6388059711538462 0.286 0.6417910456730769 0.29 0.6626865673076924 0.298 0.6686567163461539 0.386 0.6477611947115385
353 0.482 0.6059701490384616 0.46599999999999997 0.5970149254807692 0.448 0.5940298509615385 0.452 0.5791044783653846 0.44200000000000006 0.5731343293269231 0.43 0.5671641802884616 0.424 0.5582089543269231 0.414 0.5492537307692308 0.4 0.5492537307692308 0.37 0.5582089543269231 0.352 0.5701492548076923 0.35400000000000004 0.5820895528846154 0.36200000000000004 0.5970149254807692 0.372 0.6 0.374 0.6059701490384616 0.386 0.6179104471153847 0.392 0.6268656706730769 0.398 0.6447761201923077 0.44999999999999996 0.6388059711538462 0.482 0.6238805961538462 0.482 0.6059701490384616
1818 0.6900000000000001 0.5761194038461539 0.572 0.5223880600961539 0.454 0.5761194038461539 0.546 0.6417910456730769 0.554 0.6417910456730769 0.6880000000000001 0.6119402980769231 0.7060000000000001 0.5970149254807692 0.7060000000000001 0.5791044783653846 0.6900000000000001 0.5761194038461539
353 0.564 0.6119402980769231 0.584 0.6089552235576924 0.608 0.6029850745192308 0.61 0.5940298509615385 0.61 0.5701492548076923 0.604 0.5552238798076923 0.592 0.5522388052884616 0.572 0.54626865625 0.546 0.5522388052884616 0.526 0.5582089543269231 0.518 0.5791044783653846 0.52 0.6059701490384616 0.532 0.6119402980769231 0.5479999999999999 0.6119402980769231 0.564 0.6119402980769231
353 0.53 0.5552238798076923 0.5579999999999999 0.5432835817307692 0.5559999999999999 0.5373134326923077 0.5399999999999999 0.5283582091346154 0.524 0.5283582091346154 0.492 0.5343283581730769 0.476 0.54626865625 0.474 0.5761194038461539 0.484 0.5940298509615385 0.5 0.5940298509615385 0.516 0.5970149254807692 0.516 0.5880597019230769 0.53 0.5552238798076923
353 0.658 0.5313432836538461 0.636 0.5402985072115385 0.6340000000000001 0.5253731346153846 0.612 0.5194029855769231 0.58 0.5194029855769231 0.562 0.5283582091346154 0.56 0.5373134326923077 0.564 0.5402985072115385 0.598 0.5432835817307692 0.606 0.5552238798076923 0.61 0.5940298509615385 0.6180000000000001 0.5970149254807692 0.646 0.5940298509615385 0.658 0.5910447764423077 0.6900000000000001 0.5850746274038461 0.6900000000000001 0.5701492548076923 0.6880000000000001 0.5432835817307692 0.658 0.5313432836538461
1818 0.622 0.5164179110576923 0.738 0.5970149254807692 0.872 0.5582089543269231 0.8659999999999999 0.5373134326923077 0.7100000000000001 0.4955223870192308 0.622 0.5164179110576923
353 0.6920000000000001 0.5522388052884616 0.7100000000000001 0.5701492548076923 0.734 0.5880597019230769 0.862 0.5402985072115385 0.746 0.5044776129807692 0.744 0.5194029855769231 0.738 0.5283582091346154 0.73 0.5253731346153846 0.718 0.5223880600961539 0.6880000000000001 0.5253731346153846 0.6799999999999999 0.5313432836538461 0.6880000000000001 0.5432835817307692 0.6920000000000001 0.5522388052884616
352 0.752 0.48059701442307695 0.756 0.5044776129807692 0.788 0.5134328365384616 0.802 0.5194029855769231 0.8119999999999999 0.5164179110576923 0.804 0.47164179086538466 0.788 0.46567164182692306 0.766 0.46567164182692306 0.752 0.48059701442307695
352 0.8320000000000001 0.4567164182692308 0.822 0.4597014927884615 0.8160000000000001 0.48656716346153844 0.8160000000000001 0.5164179110576923 0.842 0.5223880600961539 0.862 0.5223880600961539 0.8680000000000001 0.47164179086538466 0.864 0.46567164182692306 0.848 0.4567164182692308 0.8320000000000001 0.4567164182692308
352 0.9179999999999999 0.4895522379807692 0.888 0.48059701442307695 0.872 0.4835820889423077 0.8680000000000001 0.4985074615384616 0.8680000000000001 0.5194029855769231 0.87 0.5283582091346154 0.878 0.5313432836538461 0.894 0.5313432836538461 0.906 0.5402985072115385 0.922 0.5313432836538461 0.924 0.5223880600961539 0.928 0.5134328365384616 0.9179999999999999 0.4895522379807692
352 0.24000000000000002 0.35820895432692307 0.24400000000000002 0.3701492548076923 0.254 0.3701492548076923 0.266 0.3701492548076923 0.282 0.36716418028846154 0.27799999999999997 0.34626865625000003 0.264 0.3402985072115384 0.242 0.34626865625000003 0.24000000000000002 0.35820895432692307
353 0.514 0.3552238798076923 0.53 0.3522388052884615 0.546 0.3522388052884615 0.5559999999999999 0.3522388052884615 0.56 0.3402985072115384 0.5399999999999999 0.3253731346153846 0.526 0.31044776201923074 0.512 0.3074626875 0.502 0.2985074615384615 0.492 0.2925373125 0.47000000000000003 0.28656716346153843 0.44999999999999996 0.2835820889423077 0.43400000000000005 0.2925373125 0.422 0.2955223870192308 0.402 0.2955223870192308 0.4 0.30447761298076925 0.41600000000000004 0.32238806009615384 0.42600000000000005 0.33432835817307693 0.428 0.34626865625000003 0.432 0.3552238798076923 0.44200000000000006 0.35820895432692307 0.456 0.3492537307692307 0.474 0.35820895432692307 0.492 0.3552238798076923 0.514 0.3552238798076923
1395 0.364 0.3194029855769231 0.368 0.3641791033653846 0.41600000000000004 0.3522388052884615 0.412 0.30447761298076925 0.364 0.3194029855769231
327 0.6839999999999999 0.3492537307692307 0.704 0.3432835817307692 0.732 0.34626865625000003 0.748 0.3432835817307692 0.7739999999999999 0.3402985072115384 0.788 0.33432835817307693 0.7939999999999999 0.3074626875 0.772 0.30149253846153845 0.762 0.28955223798076923 0.748 0.26865671634615385 0.73 0.2746268653846154 0.716 0.27761193990384614 0.698 0.2716417908653846 0.6920000000000001 0.25970149278846155 0.672 0.2716417908653846 0.66 0.26567164182692304 0.64 0.25373134375 0.626 0.2626865673076923 0.606 0.2746268653846154 0.5860000000000001 0.2716417908653846 0.574 0.26567164182692304 0.5579999999999999 0.2507462692307692 0.542 0.25373134375 0.534 0.2626865673076923 0.524 0.2716417908653846 0.514 0.2835820889423077 0.506 0.2925373125 0.526 0.30447761298076925 0.542 0.3194029855769231 0.5579999999999999 0.3194029855769231 0.5579999999999999 0.33432835817307693 0.562 0.34626865625000003 0.5680000000000001 0.3552238798076923 0.5780000000000001 0.3552238798076923 0.598 0.3492537307692307 0.64 0.3492537307692307 0.658 0.3492537307692307 0.6839999999999999 0.3492537307692307
353 0.9420000000000001 0.31343283653846155 0.9339999999999999 0.2925373125 0.908 0.28656716346153843 0.8999999999999999 0.2716417908653846 0.878 0.2626865673076923 0.86 0.2626865673076923 0.84 0.26865671634615385 0.8140000000000001 0.25970149278846155 0.7899999999999999 0.25970149278846155 0.766 0.2626865673076923 0.752 0.26567164182692304 0.782 0.2985074615384615 0.7919999999999999 0.30149253846153845 0.8059999999999999 0.3194029855769231 0.8079999999999999 0.3253731346153846 0.822 0.3283582091346154 0.86 0.3253731346153846 0.908 0.32238806009615384 0.9319999999999999 0.31343283653846155 0.9420000000000001 0.31343283653846155
1286 0.6859999999999999 0.18208955288461537 0.6639999999999999 0.16119402884615383 0.644 0.15223880528846154 0.626 0.1373134326923077 0.624 0.11044776201923077 0.6180000000000001 0.0835820889423077 0.61 0.0626865673076923 0.598 0.05373134375 0.574 0.05373134375 0.552 0.0835820889423077 0.55 0.1074626875 0.55 0.14029850721153847 0.566 0.1552238798076923 0.572 0.1701492548076923 0.574 0.18805970192307694 0.58 0.1910447764423077 0.584 0.1910447764423077 0.574 0.21492537259615385 0.574 0.24477612019230768 0.584 0.3492537307692307 0.5780000000000001 0.4059701490384615 0.5579999999999999 0.4358208966346154 0.5680000000000001 0.43283581971153845 0.582 0.4358208966346154 0.5940000000000001 0.4388059711538462 0.6 0.4417910456730769 0.606 0.5134328365384616 0.588 0.7313432836538462 0.5860000000000001 0.7552238798076923 0.6340000000000001 0.7373134326923078 0.64 0.6955223870192307 0.6639999999999999 0.6955223870192307 0.66 0.7253731346153847 0.7060000000000001 0.7194029855769231 0.7100000000000001 0.5671641802884616 0.7240000000000001 0.5402985072115385 0.7420000000000001 0.5044776129807692 0.74 0.46865671634615386 0.738 0.4298507451923077 0.734 0.4059701490384615 0.722 0.3283582091346154 0.7080000000000001 0.2507462692307692 0.704 0.20597014903846153 0.6859999999999999 0.18208955288461537
153 0.608 0.5164179110576923 0.6 0.4388059711538462 0.588 0.4358208966346154 0.5760000000000001 0.42686567067307696 0.564 0.4388059711538462 0.5559999999999999 0.4358208966346154 0.5559999999999999 0.4477611947115384 0.53 0.5313432836538461 0.554 0.5283582091346154 0.572 0.5134328365384616 0.608 0.5164179110576923
1300 0.386 0.14925373076923076 0.39 0.14029850721153847 0.392 0.11940298557692307 0.398 0.11940298557692307 0.40399999999999997 0.10149253846153847 0.4 0.08955223798076924 0.38799999999999996 0.06865671634615385 0.374 0.04776119471153846 0.36200000000000004 0.04477612019230769 0.33999999999999997 0.06865671634615385 0.33 0.0925373125 0.322 0.10149253846153847 0.326 0.11641791105769231 0.336 0.13134328365384615 0.31 0.14626865625 0.294 0.15820895432692308 0.29 0.23880597115384614 0.286 0.47164179086538466 0.29 0.5432835817307692 0.306 0.5582089543269231 0.33 0.5671641802884616 0.364 0.5611940288461539 0.40399999999999997 0.5582089543269231 0.41600000000000004 0.5492537307692308 0.41000000000000003 0.4477611947115384 0.412 0.42089552163461535 0.438 0.43283581971153845 0.448 0.4059701490384615 0.438 0.34626865625000003 0.432 0.2925373125 0.424 0.26567164182692304 0.41000000000000003 0.22686567067307692 0.39 0.18507462740384614 0.374 0.1701492548076923 0.382 0.16716418028846156 0.386 0.14925373076923076
1536 0.008120120192307692 0 0.048 0.9910447764423077 0.6900000000000001 0.9910447764423077 0.994 0.8477611947115384 0.9959929831730769 0 0.008120120192307692 0
1885 0.998 0.8388059711538461 0.6900000000000001 0.9910447764423077 0.996 0.9940298509615384 0.998 0.8388059711538461
1885 0 0 0 0.9910447764423077 0.044 0.9910447764423077 0.006 0 0 0