1542 0.48800000000000004 0.9466666658653846 0.49 0.8693333341346154 0.55 0.8133333341346154 0.528 0.24800000000000003 0.40800000000000003 0.2133333341346154 0.002 0.2213333341346154 0.002 0.2533333341346154 0.002 0.9973333341346154 0.422 0.9973333341346154 0.48800000000000004 0.9466666658653846
1542 0.42 0.19733333413461537 0.428 0.2213333341346154 0.528 0.2506666658653846 0.554 0.8186666658653846 0.498 0.864 0.498 0.9226666658653847 0.798 0.6639999999999999 0.8099999999999999 0.5386666658653846 0.75 0.216 0.676 0.2026666658653846 0.42 0.19733333413461537
531 0.766 0.3066666658653846 0.766 0.33333333413461536 0.8119999999999999 0.5333333341346154 0.804 0.6453333341346154 0.854 0.5893333341346154 0.924 0.5306666658653846 0.922 0.28 0.766 0.3066666658653846
1285 0.994 0.12000000000000001 0.994 0.09066666586538462 0.984 0.06666666586538461 0.964 0.05866666586538461 0.948 0.07200000000000001 0.9400000000000001 0.09066666586538462 0.9400000000000001 0.11733333413461539 0.9400000000000001 0.14133333413461538 0.948 0.14666666586538463 0.9560000000000001 0.14666666586538463 0.962 0.16 0.946 0.18666666586538463 0.9319999999999999 0.224 0.928 0.22933333413461537 0.9139999999999999 0.20800000000000002 0.902 0.2106666658653846 0.912 0.23733333413461538 0.9179999999999999 0.256 0.9179999999999999 0.264 0.89 0.27733333413461536 0.8680000000000001 0.312 0.8680000000000001 0.328 0.878 0.3146666658653846 0.888 0.3173333341346154 0.8979999999999999 0.3013333341346154 0.9159999999999999 0.2933333341346154 0.922 0.36 0.924 0.424 0.92 0.464 0.9179999999999999 0.48800000000000004 0.922 0.5146666658653847 0.912 0.552 0.906 0.5760000000000001 0.892 0.5786666658653846 0.8840000000000001 0.5973333341346154 0.896 0.6026666658653845 0.904 0.6026666658653845 0.8999999999999999 0.6186666658653847 0.928 0.6346666658653847 0.954 0.6373333341346155 0.9760000000000001 0.6373333341346155 0.972 0.6133333341346154 0.9760000000000001 0.5946666658653846 0.98 0.5680000000000001 0.994 0.4853333341346154 0.996 0.45066666586538456 0.996 0.136 0.994 0.12000000000000001
78 0.8 0.08533333413461539 0.8099999999999999 0.08266666586538461 0.8099999999999999 0.07466666586538462 0.798 0.06666666586538461 0.7939999999999999 0.07733333413461539 0.786 0.088 0.78 0.088 0.768 0.07466666586538462 0.76 0.07466666586538462 0.754 0.09333333413461539 0.752 0.12000000000000001 0.7579999999999999 0.128 0.754 0.19733333413461537 0.78 0.2026666658653846 0.7899999999999999 0.2 0.8 0.08533333413461539
1706 0.86 0.15733333413461537 0.8659999999999999 0.13866666586538462 0.8659999999999999 0.12000000000000001 0.862 0.09066666586538462 0.846 0.09066666586538462 0.842 0.1013333341346154 0.828 0.09866666586538461 0.824 0.09866666586538461 0.8160000000000001 0.09866666586538461 0.8 0.112 0.8 0.14400000000000002 0.8119999999999999 0.14400000000000002 0.8180000000000001 0.19466666586538464 0.84 0.2026666658653846 0.846 0.192 0.86 0.15733333413461537
78 0.9159999999999999 0.17066666586538462 0.8999999999999999 0.16 0.89 0.15733333413461537 0.876 0.15733333413461537 0.8659999999999999 0.1493333341346154 0.854 0.16 0.842 0.2 0.848 0.20533333413461538 0.846 0.264 0.8659999999999999 0.256 0.908 0.2506666658653846 0.9159999999999999 0.17066666586538462
1286 0.656 0.17066666586538462 0.672 0.17066666586538462 0.672 0.152 0.672 0.128 0.678 0.10933333413461538 0.6679999999999999 0.088 0.654 0.08533333413461539 0.638 0.08533333413461539 0.626 0.1013333341346154 0.624 0.11733333413461539 0.63 0.14133333413461538 0.628 0.15733333413461537 0.6159999999999999 0.17333333413461538 0.62 0.19466666586538464 0.654 0.19466666586538464 0.656 0.17066666586538462
314 0.422 0.23466666586538462 0.42600000000000005 0.07200000000000001 0.378 0.053333334134615384 0.31 0.056 0.314 0.2213333341346154 0.352 0.23733333413461538 0.422 0.23466666586538462
649 0.076 0 0.082 0.23466666586538462 0.184 0.23733333413461538 0.352 0.23466666586538462 0.35 0.19466666586538464 0.304 0.10666666586538462 0.262 0.024 0.214 0.026666665865384614 0.212 0 0.076 0
371 0.296 0.19733333413461537 0.304 0.184 0.304 0.15733333413461537 0.306 0.11466666586538461 0.296 0.10666666586538462 0.26999999999999996 0.10400000000000001 0.254 0.10666666586538462 0.238 0.10666666586538462 0.206 0.10666666586538462 0.16199999999999998 0.10666666586538462 0.16 0.12000000000000001 0.19 0.18933333413461537 0.23 0.2 0.258 0.2 0.296 0.19733333413461537
352 0.338 0.8266666658653846 0.338 0.7973333341346154 0.31599999999999995 0.7813333341346154 0.29 0.7733333341346154 0.252 0.7759999999999999 0.214 0.7893333341346154 0.206 0.8133333341346154 0.214 0.8346666658653846 0.24400000000000002 0.856 0.266 0.8506666658653846 0.31 0.848 0.338 0.8266666658653846
352 0.31599999999999995 0.5226666658653847 0.28400000000000003 0.4986666658653846 0.252 0.4986666658653846 0.222 0.4986666658653846 0.19799999999999998 0.5013333341346153 0.196 0.52 0.2 0.5333333341346154 0.212 0.5466666658653846 0.22 0.552 0.272 0.552 0.294 0.5466666658653846 0.31 0.5413333341346154 0.31599999999999995 0.5226666658653847
352 0.18 0.528 0.136 0.5226666658653847 0.106 0.5226666658653847 0.078 0.5306666658653846 0.074 0.5493333341346154 0.084 0.5760000000000001 0.094 0.5973333341346154 0.112 0.6053333341346154 0.132 0.6106666658653845 0.15799999999999997 0.5973333341346154 0.192 0.592 0.212 0.5653333341346154 0.21 0.5493333341346154 0.18 0.528
353 0.062000000000000006 0.6479999999999999 0.196 0.7226666658653845 0.31 0.656 0.20400000000000001 0.6026666658653845 0.062000000000000006 0.6479999999999999
353 0.322 0.6693333341346153 0.41000000000000003 0.6319999999999999 0.3 0.5680000000000001 0.214 0.6026666658653845 0.322 0.6693333341346153
352 0.386 0.48000000000000004 0.35400000000000004 0.464 0.32399999999999995 0.4666666658653846 0.294 0.48000000000000004 0.286 0.48800000000000004 0.312 0.5306666658653846 0.322 0.536 0.358 0.536 0.386 0.5253333341346154 0.402 0.512 0.402 0.49600000000000005 0.386 0.48000000000000004
1523 0.44999999999999996 0 0.452 0.19733333413461537 0.728 0.2133333341346154 0.7260000000000001 0.05866666586538461 0.538 0 0.44999999999999996 0
41 0.532 0.08266666586538461 0.522 0.07466666586538462 0.508 0.06666666586538461 0.498 0.07466666586538462 0.5 0.09066666586538462 0.48800000000000004 0.1013333341346154 0.482 0.11466666586538461 0.48800000000000004 0.12000000000000001 0.508 0.128 0.562 0.13866666586538462 0.5680000000000001 0.08533333413461539 0.546 0.08 0.532 0.08266666586538461
522 0.544 0.5946666658653846 0.588 0.6159999999999999 0.598 0.6186666658653847 0.638 0.5946666658653846 0.552 0.528 0.542 0.5653333341346154 0.544 0.5946666658653846
1885 0.546 0 0.728 0.056 0.73 0.216 0.748 0.22666666586538461 0.768 0.3146666658653846 0.922 0.27733333413461536 0.994 0.28800000000000003 0.994 0.002666665865384615 0.7420000000000001 0 0.546 0
792 0.994 0.9920000000000001 0.994 0.47200000000000003 0.8059999999999999 0.6426666658653846 0.35 0.9973333341346154 0.994 0.9920000000000001
1885 0.078 0.002666665865384615 0.002 0 0.002 0.23733333413461538 0.082 0.24000000000000002 0.078 0.002666665865384615
1193 0.044 0.19733333413461537 0.05 0.2106666658653846 0.060000000000000005 0.22666666586538461 0.08 0.24000000000000002 0.1 0.23733333413461538 0.11 0.224 0.114 0.1813333341346154 0.108 0.168 0.096 0.152 0.078 0.14666666586538463 0.064 0.15466666586538463 0.054 0.16533333413461537 0.048 0.17866666586538463 0.044 0.19733333413461537
1885 0.348 0.19733333413461537 0.35 0.216 0.43 0.216 0.43 0.19733333413461537 0.44999999999999996 0.19466666586538464 0.452 0 0.438 0.005333334134615384 0.214 0.002666665865384615 0.216 0.024 0.26999999999999996 0.032 0.348 0.19733333413461537