1523 0 0.9946666658653847 0.998 0.9946666658653847 0.996 0.6 0.996 0.34933333413461537 0 0.12312090865384615 0 0.9946666658653847
1885 0 0 0 0.12045424278846154 0.996 0.34666666586538464 0.9979847331730769 0 0 0
1818 0.536 0.3573333341346154 0.6159999999999999 0.3013333341346154 0.624 0.2666666658653846 0.64 0.22933333413461537 0.6679999999999999 0.224 0.678 0.18666666586538463 0.704 0.1626666658653846 0.46599999999999997 0.11733333413461539 0.2 0.272 0.20199999999999999 0.304 0.51 0.4 0.536 0.3813333341346154 0.536 0.3573333341346154
1818 0 0.21423333413461537 0.15799999999999997 0.28533333413461537 0.292 0.2106666658653846 0.294 0.18666666586538463 0.424 0.112 0.29 0.09066666586538462 0 0.21249315144230768 0 0.21423333413461537
325 0.894 0.44266666586538467 0.9299999999999999 0.4533333341346154 0.946 0.45066666586538456 0.972 0.432 0.994 0.424 0.994 0.16 0.978 0.15466666586538463 0.952 0.1626666658653846 0.9319999999999999 0.17333333413461538 0.904 0.192 0.878 0.20800000000000002 0.848 0.2426666658653846 0.8360000000000001 0.28 0.824 0.336 0.8360000000000001 0.384 0.8500000000000001 0.41600000000000004 0.8680000000000001 0.432 0.894 0.44266666586538467
325 0.764 0.40533333413461536 0.8059999999999999 0.41600000000000004 0.8200000000000001 0.3786666658653846 0.8200000000000001 0.36 0.824 0.34933333413461537 0.83 0.2933333341346154 0.846 0.2506666658653846 0.8680000000000001 0.2133333341346154 0.8979999999999999 0.2 0.9420000000000001 0.168 0.964 0.14400000000000002 0.92 0.1306666658653846 0.8520000000000001 0.1306666658653846 0.796 0.1306666658653846 0.764 0.1306666658653846 0.75 0.1493333341346154 0.732 0.1493333341346154 0.712 0.1626666658653846 0.6799999999999999 0.18666666586538463 0.674 0.216 0.662 0.22666666586538461 0.646 0.22666666586538461 0.63 0.2426666658653846 0.624 0.26933333413461535 0.6180000000000001 0.2906666658653846 0.612 0.3226666658653846 0.61 0.35466666586538464 0.63 0.36266666586538465 0.698 0.384 0.764 0.40533333413461536
542 0.64 0.2213333341346154 0.662 0.2186666658653846 0.676 0.184 0.704 0.1626666658653846 0.722 0.15733333413461537 0.736 0.14400000000000002 0.714 0.12000000000000001 0.6900000000000001 0.10400000000000001 0.6679999999999999 0.10666666586538462 0.6499999999999999 0.1306666658653846 0.63 0.112 0.6 0.11466666586538461 0.56 0.128 0.5399999999999999 0.10666666586538462 0.518 0.088 0.498 0.08 0.476 0.10666666586538462 0.46599999999999997 0.12000000000000001 0.446 0.09866666586538461 0.412 0.09866666586538461 0.392 0.11466666586538461 0.384 0.1333333341346154 0.36 0.10666666586538462 0.326 0.1333333341346154 0.298 0.184 0.298 0.2186666658653846 0.3 0.2453333341346154 0.326 0.2613333341346154 0.35400000000000004 0.272 0.372 0.22666666586538461 0.386 0.2106666658653846 0.39 0.2426666658653846 0.42600000000000005 0.2106666658653846 0.448 0.1813333341346154 0.452 0.2026666658653846 0.456 0.2186666658653846 0.46599999999999997 0.24800000000000003 0.494 0.2613333341346154 0.514 0.2506666658653846 0.526 0.232 0.5399999999999999 0.216 0.554 0.224 0.56 0.232 0.564 0.264 0.59 0.272 0.6159999999999999 0.2613333341346154 0.622 0.22933333413461537 0.64 0.2213333341346154
541 0.24000000000000002 0.152 0.272 0.136 0.28 0.14400000000000002 0.27399999999999997 0.17066666586538462 0.294 0.1813333341346154 0.312 0.1493333341346154 0.33199999999999996 0.12266666586538462 0.366 0.09866666586538461 0.384 0.12000000000000001 0.386 0.09866666586538461 0.382 0.08533333413461539 0.368 0.08533333413461539 0.34400000000000003 0.08533333413461539 0.322 0.09333333413461539 0.302 0.09333333413461539 0.272 0.088 0.252 0.07733333413461539 0.222 0.07733333413461539 0.206 0.09066666586538462 0.19 0.12000000000000001 0.19 0.13866666586538462 0.192 0.176 0.21 0.176 0.22 0.16533333413461537 0.24000000000000002 0.152
541 0 0.076 0.002 0.1333333341346154 0.02 0.13866666586538462 0.036000000000000004 0.15466666586538463 0.05 0.15733333413461537 0.062000000000000006 0.16 0.094 0.15466666586538463 0.128 0.14400000000000002 0.15 0.1333333341346154 0.182 0.1306666658653846 0.192 0.128 0.196 0.10400000000000001 0.21 0.08533333413461539 0.23399999999999999 0.07466666586538462 0.25 0.07466666586538462 0.23 0.053333334134615384 0.214 0.05066666586538461 0.186 0.056 0.168 0.04266666586538462 0.146 0.04266666586538462 0.128 0.03466666586538462 0.11 0.03466666586538462 0.082 0.04 0.066 0.024 0.048 0.03466666586538462 0.034 0.018666665865384617 0.006 0 0 0.014 0 0.076
353 0.63 0.7759999999999999 0.6479999999999999 0.7573333341346153 0.66 0.7306666658653846 0.658 0.712 0.652 0.696 0.6819999999999999 0.6906666658653846 0.6880000000000001 0.6853333341346153 0.7 0.72 0.7080000000000001 0.7333333341346153 0.734 0.752 0.76 0.752 0.782 0.752 0.798 0.736 0.8059999999999999 0.7253333341346154 0.8200000000000001 0.72 0.822 0.696 0.826 0.6746666658653846 0.822 0.6586666658653846 0.8059999999999999 0.6613333341346154 0.768 0.6479999999999999 0.728 0.6533333341346155 0.7080000000000001 0.6613333341346154 0.7080000000000001 0.6346666658653847 0.6900000000000001 0.6159999999999999 0.662 0.6026666658653845 0.638 0.6106666658653845 0.624 0.6159999999999999 0.608 0.64 0.608 0.6613333341346154 0.5940000000000001 0.6773333341346154 0.574 0.6773333341346154 0.564 0.6853333341346153 0.5479999999999999 0.696 0.536 0.7093333341346154 0.532 0.7146666658653846 0.538 0.7386666658653845 0.5559999999999999 0.7546666658653846 0.5680000000000001 0.7706666658653846 0.6 0.7893333341346154 0.63 0.7759999999999999
1819 0.654 0.9893333341346153 0.9179999999999999 0.9920000000000001 0.95 0.7226666658653845 0.676 0.5973333341346154 0.644 0.592 0.6159999999999999 0.6053333341346154 0.44200000000000006 0.7653333341346154 0.43400000000000005 0.7946666658653846 0.43400000000000005 0.8213333341346154 0.448 0.8506666658653846 0.46799999999999997 0.864 0.532 0.9013333341346154 0.654 0.9893333341346153
327 0.46799999999999997 0.7013333341346153 0.47000000000000003 0.6880000000000001 0.48000000000000004 0.672 0.474 0.6479999999999999 0.498 0.6586666658653846 0.514 0.6453333341346154 0.528 0.6453333341346154 0.544 0.6319999999999999 0.5399999999999999 0.6159999999999999 0.536 0.5973333341346154 0.526 0.5706666658653846 0.508 0.552 0.49 0.5466666658653846 0.48000000000000004 0.5546666658653846 0.464 0.5680000000000001 0.462 0.5893333341346154 0.46 0.6026666658653845 0.44999999999999996 0.6026666658653845 0.454 0.5680000000000001 0.44200000000000006 0.56 0.43 0.552 0.398 0.56 0.38 0.5706666658653846 0.39 0.6453333341346154 0.40599999999999997 0.6453333341346154 0.40599999999999997 0.6746666658653846 0.41800000000000004 0.6986666658653846 0.43400000000000005 0.7013333341346153 0.448 0.7066666658653846 0.46799999999999997 0.7013333341346153
1343 0.24000000000000002 0.44266666586538467 0.212 0.44266666586538467 0.168 0.44266666586538467 0.128 0.4613333341346154 0.092 0.47200000000000003 0.066 0.4853333341346154 0.048 0.5226666658653847 0.042 0.5680000000000001 0.042 0.5973333341346154 0.064 0.6159999999999999 0.15799999999999997 0.5333333341346154 0.192 0.52 0.26 0.5733333341346154 0.24000000000000002 0.44266666586538467
1343 0.002 0.4773333341346154 0.056 0.4373333341346154 0.088 0.4693333341346154 0.14400000000000002 0.448 0.15799999999999997 0.43466666586538466 0.16 0.41333333413461537 0.14400000000000002 0.392 0.136 0.392 0.114 0.3786666658653846 0.09 0.3786666658653846 0.068 0.376 0.034 0.3786666658653846 0.022 0.3893333341346154 0.002 0.3973333341346154 0.002 0.4773333341346154
1562 0.904 0.608 0.9319999999999999 0.4906666658653846 0.922 0.48000000000000004 0.9179999999999999 0.4613333341346154 0.762 0.40266666586538463 0.744 0.40533333413461536 0.732 0.40800000000000003 0.6940000000000001 0.5226666658653847 0.702 0.5386666658653846 0.7060000000000001 0.5573333341346154 0.876 0.6213333341346154 0.892 0.6133333341346154 0.904 0.608
1562 0.6 0.368 0.5780000000000001 0.368 0.562 0.3813333341346154 0.534 0.464 0.6499999999999999 0.4853333341346154 0.6859999999999999 0.3866666658653846 0.6 0.368
1562 0.358 0.3706666658653846 0.386 0.28 0.378 0.2746666658653846 0.374 0.2613333341346154 0.286 0.2426666658653846 0.276 0.256 0.26999999999999996 0.264 0.242 0.34133333413461536 0.252 0.352 0.252 0.3706666658653846 0.33999999999999997 0.384 0.34600000000000003 0.3733333341346154 0.358 0.3706666658653846