1542 0.132 0 0.1 0.018018016826923076 0.048 0.06756756730769231 0.004 0.13513513461538462 0.228 0.1621621610576923 0.20400000000000001 0.18018018028846153 0.18 0.20720720673076926 0.152 0.27027026923076924 0.132 0.32882882932692303 0.116 0.4189189182692308 0.112 0.49099099038461536 0.12000000000000001 0.5765765769230768 0.092 0.5900900889423076 0.092 0.7702702692307692 0.14400000000000002 0.8378378389423078 0.896 0.9909909903846154 0.9920000000000001 0.8108108100961539 0.9760000000000001 0.16666666586538462 0.972 0.1306306298076923 0.9600000000000001 0.06756756730769231 0.9400000000000001 0.022522521634615385 0.9159999999999999 0 0.132 0
352 0.192 0.5135135144230769 0.188 0.5630630624999999 0.28800000000000003 0.5720720721153846 0.36 0.545045045673077 0.36 0.5 0.24000000000000002 0.4864864855769231 0.192 0.5135135144230769
352 0.48000000000000004 0.5900900889423076 0.5 0.5810810817307692 0.512 0.5720720721153846 0.516 0.5630630624999999 0.508 0.5540540528846154 0.504 0.5405405408653846 0.484 0.5360360360576923 0.47200000000000003 0.5225225216346154 0.464 0.5135135144230769 0.436 0.5135135144230769 0.428 0.5225225216346154 0.412 0.5270270264423077 0.39599999999999996 0.53153153125 0.384 0.5405405408653846 0.38 0.5540540528846154 0.372 0.5720720721153846 0.39599999999999996 0.5855855865384615 0.428 0.59459459375 0.452 0.59459459375 0.48000000000000004 0.5900900889423076
352 0.66 0.6081081081730769 0.676 0.5990990985576923 0.676 0.5855855865384615 0.672 0.5810810817307692 0.6679999999999999 0.5585585576923077 0.652 0.5585585576923077 0.628 0.545045045673077 0.604 0.53153153125 0.592 0.5360360360576923 0.5760000000000001 0.5405405408653846 0.56 0.5405405408653846 0.5399999999999999 0.5540540528846154 0.5399999999999999 0.5630630624999999 0.532 0.59459459375 0.56 0.6126126129807692 0.604 0.6171171177884616 0.636 0.6171171177884616 0.66 0.6081081081730769
352 0.828 0.6396396394230769 0.8520000000000001 0.6306306298076922 0.8520000000000001 0.5765765769230768 0.8160000000000001 0.5630630624999999 0.7759999999999999 0.5585585576923077 0.748 0.5585585576923077 0.7240000000000001 0.5630630624999999 0.712 0.5720720721153846 0.7 0.6171171177884616 0.728 0.6351351346153845 0.772 0.6396396394230769 0.796 0.6396396394230769 0.828 0.6396396394230769
352 0.844 0.5225225216346154 0.86 0.5090090096153846 0.8680000000000001 0.5 0.864 0.46396396394230766 0.784 0.45495495432692307 0.756 0.45495495432692307 0.732 0.4594594591346154 0.732 0.4729729735576923 0.728 0.5 0.752 0.5135135144230769 0.788 0.5225225216346154 0.8160000000000001 0.5225225216346154 0.844 0.5225225216346154
352 0.6639999999999999 0.4954954951923077 0.676 0.4819819831730769 0.676 0.45495495432692307 0.6639999999999999 0.44144144230769233 0.6159999999999999 0.4369369375 0.588 0.4369369375 0.564 0.4369369375 0.552 0.45045044951923074 0.552 0.4594594591346154 0.5479999999999999 0.4819819831730769 0.5680000000000001 0.5 0.596 0.5 0.64 0.5 0.6639999999999999 0.4954954951923077
352 0.508 0.4234234230769231 0.456 0.4189189182692308 0.428 0.4189189182692308 0.4 0.4189189182692308 0.392 0.4369369375 0.38799999999999996 0.45495495432692307 0.38799999999999996 0.46396396394230766 0.40399999999999997 0.4774774783653846 0.428 0.4819819831730769 0.46799999999999997 0.4819819831730769 0.492 0.4774774783653846 0.516 0.46846846875 0.516 0.45045044951923074 0.508 0.4234234230769231
352 0.28800000000000003 0.4009009014423077 0.256 0.40540540625 0.24000000000000002 0.4189189182692308 0.24000000000000002 0.4459459471153846 0.24400000000000002 0.4594594591346154 0.276 0.46396396394230766 0.312 0.46396396394230766 0.336 0.46396396394230766 0.356 0.45495495432692307 0.36 0.4369369375 0.352 0.4144144134615385 0.32 0.4009009014423077 0.28800000000000003 0.4009009014423077
352 0.384 0.35585585576923073 0.384 0.3423423413461538 0.372 0.3153153149038461 0.34400000000000003 0.3108108100961538 0.30799999999999994 0.30630630528846153 0.296 0.3108108100961538 0.276 0.32432432451923077 0.272 0.35135135096153847 0.312 0.36036036057692306 0.348 0.36036036057692306 0.372 0.35585585576923073 0.384 0.35585585576923073
352 0.528 0.37837837740384617 0.532 0.36036036057692306 0.52 0.3378378389423077 0.5 0.32882882932692303 0.484 0.32432432451923077 0.464 0.32432432451923077 0.44 0.32882882932692303 0.428 0.33333333413461536 0.41600000000000004 0.3423423413461538 0.412 0.3648648653846154 0.444 0.37837837740384617 0.48000000000000004 0.37837837740384617 0.504 0.37837837740384617 0.528 0.37837837740384617
352 0.844 0.3108108100961538 0.86 0.30630630528846153 0.856 0.2612612620192308 0.824 0.25675675721153846 0.7919999999999999 0.25675675721153846 0.772 0.25675675721153846 0.756 0.2657657668269231 0.748 0.29729729807692307 0.768 0.30630630528846153 0.7919999999999999 0.3108108100961538 0.824 0.3108108100961538 0.844 0.3108108100961538
352 0.6839999999999999 0.3918918918269231 0.6839999999999999 0.37837837740384617 0.676 0.35135135096153847 0.656 0.3423423413461538 0.628 0.3423423413461538 0.608 0.3423423413461538 0.584 0.34684684615384614 0.572 0.35585585576923073 0.564 0.3693693701923077 0.564 0.3828828822115385 0.596 0.3918918918269231 0.64 0.3918918918269231 0.6639999999999999 0.3918918918269231 0.6839999999999999 0.3918918918269231
352 0.856 0.40540540625 0.86 0.3963963966346154 0.8520000000000001 0.36036036057692306 0.8119999999999999 0.35585585576923073 0.78 0.35585585576923073 0.752 0.35585585576923073 0.74 0.3648648653846154 0.736 0.3963963966346154 0.756 0.40540540625 0.8079999999999999 0.4099099110576923 0.84 0.4099099110576923 0.856 0.40540540625
352 0.7 0.27027026923076924 0.6799999999999999 0.25675675721153846 0.6679999999999999 0.25675675721153846 0.656 0.25675675721153846 0.64 0.2612612620192308 0.62 0.2612612620192308 0.6159999999999999 0.2657657668269231 0.612 0.3018018028846154 0.672 0.3108108100961538 0.716 0.3018018028846154 0.712 0.27927927884615383 0.7 0.27027026923076924
352 0.5399999999999999 0.24774774759615384 0.516 0.24774774759615384 0.48000000000000004 0.24774774759615384 0.46799999999999997 0.2612612620192308 0.47200000000000003 0.2882882884615384 0.552 0.3018018028846154 0.5760000000000001 0.2882882884615384 0.572 0.2612612620192308 0.5399999999999999 0.24774774759615384
352 0.384 0.24774774759615384 0.376 0.2657657668269231 0.376 0.29279279326923074 0.424 0.29279279326923074 0.484 0.25225225240384613 0.476 0.23873873798076922 0.448 0.22972973076923076 0.384 0.24774774759615384
352 0.38 0.24774774759615384 0.41600000000000004 0.23423423317307693 0.40800000000000003 0.22972973076923076 0.38799999999999996 0.22972973076923076 0.33199999999999996 0.24774774759615384 0.32 0.2612612620192308 0.32 0.2882882884615384 0.376 0.29279279326923074 0.376 0.2612612620192308 0.38 0.24774774759615384
352 0.33199999999999996 0.24774774759615384 0.364 0.22972973076923076 0.352 0.22522522596153843 0.33199999999999996 0.22522522596153843 0.272 0.24774774759615384 0.268 0.27927927884615383 0.31599999999999995 0.2882882884615384 0.32 0.2612612620192308 0.33199999999999996 0.24774774759615384
352 0.32 0.22522522596153843 0.304 0.22072072115384617 0.24800000000000003 0.23873873798076922 0.232 0.23873873798076922 0.22 0.25675675721153846 0.216 0.27477477403846157 0.268 0.27477477403846157 0.272 0.24774774759615384 0.32 0.22522522596153843