402 0.0037615745192307692 0 0 0.1015625 0 0.20620888221153846 0.0703125 0.19140625 0.0859375 0.16796875 0.10546875 0.14453125 0.42578125 0.19921875 0.4375 0.12890625 0.4375 0.08984375 0.47265625 0.06640625 0.5390625 0.046875 0.69140625 0.015625 0.75 0 0.0037615745192307692 0
1027 0.29296875 0.078125 0.3125 0.0703125 0.3125 0.0625 0.3046875 0.05859375 0.2890625 0.0546875 0.26171875 0.05859375 0.26953125 0.07421875 0.27734375 0.078125 0.29296875 0.078125
1027 0.3046875 0.1640625 0.3203125 0.1640625 0.328125 0.16015625 0.328125 0.14453125 0.30859375 0.14453125 0.29296875 0.14453125 0.28515625 0.15234375 0.2890625 0.1640625 0.3046875 0.1640625
322 0.56640625 0.1953125 0.63671875 0.1875 0.69921875 0.18359375 0.7421875 0.1875 0.75390625 0.19140625 0.7421875 0.203125 0.7421875 0.22265625 0.76171875 0.23828125 0.8046875 0.23828125 0.7890625 0.18359375 0.81640625 0.13671875 0.76953125 0.13671875 0.76953125 0.09765625 0.7734375 0.07421875 0.75 0.06640625 0.65234375 0.0703125 0.59375 0.078125 0.5390625 0.09375 0.49609375 0.10546875 0.48046875 0.1171875 0.47265625 0.125 0.4765625 0.17578125 0.44140625 0.1875 0.453125 0.2109375 0.453125 0.2265625 0.453125 0.26953125 0.4921875 0.2578125 0.49609375 0.2421875 0.49609375 0.21484375 0.56640625 0.1953125
1885 0.75244140625 0 0.49609375 0.05859375 0.46484375 0.06640625 0.44921875 0.08203125 0.4375 0.08203125 0.4296875 0.1640625 0.4296875 0.20703125 0.41796875 0.51953125 0.9921875 0.57421875 0.9921875 0 0.75244140625 0
1885 0 0.5117552572115385 0.4140625 0.515625 0.421875 0.1953125 0.10546875 0.140625 0.0859375 0.1640625 0.07421875 0.18359375 0 0.205859375 0 0.5117552572115385
531 0 0.7359374999999999 0.015625 0.7265625 0.01953125 0.68359375 0.0234375 0.63671875 0.06640625 0.57421875 0.09765625 0.51953125 0.13671875 0.5078125 0.2109375 0.49609375 0 0.46541193269230774 0 0.7359374999999999
1542 0 0.7526041682692307 0.0078125 0.78125 0.00390625 0.82421875 0.0234375 0.8359375 0.015625 0.8671875 0.296875 0.99609375 0.9921875 0.99609375 0.9921875 0.5703125 0.20703125 0.49609375 0.09765625 0.515625 0.0234375 0.63671875 0.015625 0.7265625 0 0.7359374999999999 0 0.7526041682692307
1523 0.87109375 0.45703125 0.8671875 0.3984375 0.546875 0.390625 0.4921875 0.390625 0.4921875 0.44921875 0.51953125 0.453125 0.84375 0.4609375 0.87109375 0.45703125
1065 0.6796875 0.3828125 0.69140625 0.390625 0.7265625 0.38671875 0.75 0.3828125 0.7734375 0.390625 0.76171875 0.3671875 0.71875 0.37109375 0.6796875 0.375 0.66796875 0.37890625 0.6796875 0.3828125
1068 0.52734375 0.3828125 0.6171875 0.38671875 0.64453125 0.38671875 0.62890625 0.375 0.6171875 0.36328125 0.59375 0.35546875 0.5546875 0.36328125 0.53515625 0.37109375 0.5234375 0.37890625 0.52734375 0.3828125
1325 0.67578125 0.8203125 0.67578125 0.77734375 0.671875 0.76171875 0.66015625 0.7578125 0.640625 0.75390625 0.625 0.75390625 0.61328125 0.765625 0.609375 0.80078125 0.6328125 0.81640625 0.65234375 0.81640625 0.67578125 0.8203125
1325 0.60546875 0.765625 0.59375 0.7421875 0.57421875 0.7421875 0.5546875 0.7421875 0.5390625 0.7421875 0.53515625 0.7578125 0.54296875 0.7890625 0.57421875 0.7890625 0.58984375 0.7890625 0.6015625 0.7890625 0.60546875 0.765625
1325 0.74609375 0.7734375 0.7265625 0.7734375 0.703125 0.76953125 0.6796875 0.78125 0.6796875 0.8125 0.69921875 0.81640625 0.73046875 0.8203125 0.7578125 0.81640625 0.75390625 0.796875 0.75390625 0.78125 0.74609375 0.7734375
792 0 0.99609375 0.2890625 0.99609375 0.015625 0.87109375 0.0234375 0.8359375 0.00390625 0.82421875 0.015625 0.77734375 0 0.74609375 0 0.99609375
340 0.00390625 0.38671875 0.1796875 0.37890625 0.2109375 0.375 0.17578125 0.171875 0.00390625 0.2109375 0.00390625 0.38671875
1326 0.37890625 0.640625 0.37109375 0.66796875 0.5234375 0.703125 0.5390625 0.65625 0.421875 0.63671875 0.37890625 0.640625
1326 0.6484375 0.8984375 0.98046875 0.98828125 0.98828125 0.9140625 0.73046875 0.8515625 0.6484375 0.8984375