1542 0.004 0 0.006 0.9973333341346154 0.998 0.9973333341346154 0.998 0 0.004 0
1818 0.8659999999999999 0.037333334134615384 0.702 0.05066666586538461 0.6920000000000001 0.07466666586538462 0.854 0.168 0.886 0.17333333413461538 0.996 0.15733333413461537 0.998 0.12266666586538462 0.878 0.04266666586538462 0.8659999999999999 0.037333334134615384
325 0.8160000000000001 0.12266666586538462 0.826 0.128 0.848 0.11733333413461539 0.854 0.1013333341346154 0.854 0.088 0.844 0.07466666586538462 0.826 0.064 0.802 0.045333334134615384 0.772 0.053333334134615384 0.76 0.06666666586538461 0.76 0.088 0.782 0.1013333341346154 0.8160000000000001 0.12266666586538462
325 0.9339999999999999 0.08266666586538461 0.91 0.08533333413461539 0.908 0.1013333341346154 0.896 0.1333333341346154 0.912 0.13866666586538462 0.92 0.13866666586538462 0.9359999999999999 0.14133333413461538 0.9560000000000001 0.1493333341346154 0.984 0.1493333341346154 0.998 0.1253333341346154 0.998 0.08533333413461539 0.986 0.08266666586538461 0.962 0.08266666586538461 0.9339999999999999 0.08266666586538461
1818 0.75 0.14133333413461538 0.5760000000000001 0.037333334134615384 0.31 0.08 0.428 0.2 0.44200000000000006 0.2133333341346154 0.46799999999999997 0.216 0.754 0.1813333341346154 0.752 0.15466666586538463 0.75 0.14133333413461538
327 0.6 0.128 0.6 0.14133333413461538 0.624 0.1493333341346154 0.626 0.16 0.636 0.17333333413461538 0.658 0.17333333413461538 0.6900000000000001 0.17333333413461538 0.7260000000000001 0.15466666586538463 0.73 0.14400000000000002 0.718 0.1333333341346154 0.7100000000000001 0.10933333413461538 0.6880000000000001 0.088 0.66 0.08533333413461539 0.636 0.08266666586538461 0.636 0.06933333413461538 0.62 0.05066666586538461 0.588 0.045333334134615384 0.5780000000000001 0.04 0.56 0.03466666586538462 0.536 0.018666665865384617 0.504 0.016 0.48800000000000004 0.026666665865384614 0.48000000000000004 0.05866666586538461 0.492 0.064 0.49600000000000005 0.08 0.522 0.09066666586538462 0.552 0.09866666586538461 0.5579999999999999 0.11466666586538461 0.5780000000000001 0.128 0.6 0.128
327 0.402 0.14400000000000002 0.40800000000000003 0.1626666658653846 0.42600000000000005 0.1813333341346154 0.44999999999999996 0.192 0.46799999999999997 0.18933333413461537 0.49 0.18933333413461537 0.522 0.1813333341346154 0.5579999999999999 0.17333333413461538 0.5760000000000001 0.15466666586538463 0.562 0.1333333341346154 0.5399999999999999 0.112 0.51 0.1013333341346154 0.48000000000000004 0.096 0.47200000000000003 0.08 0.452 0.06933333413461538 0.42 0.05866666586538461 0.41000000000000003 0.048 0.40399999999999997 0.032 0.39 0.010666665865384615 0.36 0.002666665865384615 0.33399999999999996 0.013333334134615385 0.32 0.04 0.318 0.07466666586538462 0.326 0.088 0.35400000000000004 0.1013333341346154 0.356 0.11466666586538461 0.374 0.1306666658653846 0.402 0.14400000000000002
1395 0.6659999999999999 0.17333333413461538 0.676 0.2586666658653846 0.768 0.24000000000000002 0.7579999999999999 0.16 0.6659999999999999 0.17333333413461538
1395 0.462 0.272 0.532 0.272 0.584 0.2666666658653846 0.5700000000000001 0.17866666586538463 0.456 0.184 0.462 0.272
1818 0.298 0.07466666586538462 0.28400000000000003 0.06933333413461538 0.266 0.06666666586538461 0.02 0.07733333413461539 0.006 0.08 0.008 0.2506666658653846 0.374 0.19466666586538464 0.38 0.18666666586538463 0.378 0.16533333413461537 0.298 0.07466666586538462
325 0.024 0.176 0.038 0.1813333341346154 0.066 0.1813333341346154 0.094 0.176 0.112 0.168 0.114 0.1493333341346154 0.114 0.136 0.114 0.11733333413461539 0.1 0.10400000000000001 0.088 0.1013333341346154 0.07200000000000001 0.09866666586538461 0.056 0.088 0.036000000000000004 0.096 0.02 0.10666666586538462 0.012 0.12266666586538462 0.014 0.16533333413461537 0.024 0.176
327 0.11 0.10933333413461538 0.112 0.1333333341346154 0.116 0.1626666658653846 0.126 0.19733333413461537 0.14 0.20800000000000002 0.174 0.20800000000000002 0.20400000000000001 0.2 0.224 0.18933333413461537 0.23600000000000002 0.192 0.25 0.2026666658653846 0.29 0.2 0.34600000000000003 0.184 0.35 0.16533333413461537 0.348 0.14133333413461538 0.33 0.11466666586538461 0.314 0.112 0.314 0.09066666586538462 0.3 0.08533333413461539 0.28400000000000003 0.07200000000000001 0.252 0.06933333413461538 0.216 0.07466666586538462 0.20400000000000001 0.088 0.19 0.08266666586538461 0.168 0.07466666586538462 0.138 0.07466666586538462 0.12000000000000001 0.08533333413461539 0.11 0.10933333413461538
180 0.348 0.7759999999999999 0.376 0.76 0.38799999999999996 0.7333333341346153 0.414 0.7013333341346153 0.41800000000000004 0.6826666658653846 0.41800000000000004 0.6586666658653846 0.41800000000000004 0.624 0.40399999999999997 0.584 0.394 0.544 0.372 0.5146666658653847 0.33399999999999996 0.5066666658653847 0.044 0.5493333341346154 0.012 0.744 0.01 0.7786666658653847 0.028 0.7919999999999999 0.054 0.8053333341346154 0.064 0.8213333341346154 0.076 0.8346666658653846 0.096 0.8293333341346153 0.134 0.8293333341346153 0.164 0.8160000000000001 0.214 0.8026666658653846 0.24000000000000002 0.8 0.266 0.7893333341346154 0.298 0.7866666658653846 0.348 0.7759999999999999
325 0.282 0.6799999999999999 0.292 0.7013333341346153 0.306 0.712 0.322 0.72 0.35 0.7173333341346153 0.378 0.6933333341346154 0.402 0.6479999999999999 0.4 0.6026666658653845 0.39 0.5573333341346154 0.374 0.5306666658653846 0.356 0.52 0.322 0.52 0.29 0.5386666658653846 0.26999999999999996 0.5733333341346154 0.26999999999999996 0.5973333341346154 0.276 0.6346666658653847 0.282 0.6799999999999999
325 0.14200000000000002 0.624 0.134 0.656 0.146 0.6906666658653846 0.16 0.7386666658653845 0.16199999999999998 0.7546666658653846 0.184 0.7546666658653846 0.212 0.7493333341346153 0.26999999999999996 0.736 0.28400000000000003 0.7173333341346153 0.286 0.6746666658653846 0.27399999999999997 0.6159999999999999 0.252 0.5866666658653846 0.224 0.5786666658653846 0.196 0.5786666658653846 0.168 0.5946666658653846 0.14200000000000002 0.624
325 0.128 0.6426666658653846 0.112 0.6266666658653846 0.096 0.6133333341346154 0.064 0.6053333341346154 0.044 0.6133333341346154 0.028 0.6453333341346154 0.014 0.6933333341346154 0.012 0.7386666658653845 0.026000000000000002 0.768 0.044 0.7866666658653846 0.092 0.7893333341346154 0.138 0.7813333341346154 0.15399999999999997 0.7546666658653846 0.148 0.7093333341346154 0.146 0.6693333341346153 0.128 0.6426666658653846
180 0.6319999999999999 0.608 0.628 0.5786666658653846 0.606 0.5466666658653846 0.582 0.5333333341346154 0.5700000000000001 0.512 0.532 0.504 0.492 0.504 0.446 0.5146666658653847 0.41800000000000004 0.5493333341346154 0.414 0.584 0.41600000000000004 0.6266666658653846 0.424 0.656 0.438 0.6853333341346153 0.46599999999999997 0.7173333341346153 0.51 0.7173333341346153 0.542 0.712 0.584 0.6880000000000001 0.592 0.6693333341346153 0.604 0.6586666658653846 0.624 0.6479999999999999 0.6319999999999999 0.608
325 0.5479999999999999 0.6293333341346153 0.552 0.5973333341346154 0.534 0.5546666658653846 0.51 0.5306666658653846 0.49 0.5253333341346154 0.46 0.5253333341346154 0.438 0.5333333341346154 0.42 0.5893333341346154 0.42600000000000005 0.6479999999999999 0.464 0.6693333341346153 0.506 0.6746666658653846 0.536 0.6639999999999999 0.5479999999999999 0.6293333341346153
326 0.552 0.6186666658653847 0.5680000000000001 0.5973333341346154 0.584 0.5760000000000001 0.5760000000000001 0.5413333341346154 0.5700000000000001 0.5146666658653847 0.5579999999999999 0.48800000000000004 0.532 0.4666666658653846 0.504 0.4666666658653846 0.486 0.4773333341346154 0.46799999999999997 0.5066666658653847 0.46599999999999997 0.52 0.514 0.5333333341346154 0.538 0.5706666658653846 0.552 0.6053333341346154 0.552 0.6186666658653847
352 0.7899999999999999 0.5946666658653846 0.822 0.6293333341346153 0.876 0.6613333341346154 0.928 0.6693333341346153 0.95 0.6613333341346154 0.966 0.656 0.9920000000000001 0.624 0.988 0.592 0.97 0.5573333341346154 0.9339999999999999 0.5306666658653846 0.89 0.5146666658653847 0.83 0.5146666658653847 0.8 0.528 0.784 0.5546666658653846 0.7899999999999999 0.5946666658653846
352 0.838 0.5093333341346153 0.848 0.49600000000000005 0.8500000000000001 0.4773333341346154 0.8360000000000001 0.448 0.8079999999999999 0.4293333341346154 0.7739999999999999 0.41866666586538465 0.74 0.41866666586538465 0.7100000000000001 0.42666666586538465 0.6880000000000001 0.4453333341346154 0.6859999999999999 0.4666666658653846 0.704 0.49600000000000005 0.74 0.52 0.784 0.5306666658653846 0.8079999999999999 0.52 0.838 0.5093333341346153
352 0.828 0.4373333341346154 0.848 0.456 0.892 0.4533333341346154 0.91 0.432 0.8979999999999999 0.40533333413461536 0.8680000000000001 0.392 0.8360000000000001 0.3893333341346154 0.8180000000000001 0.4 0.8059999999999999 0.41866666586538465 0.828 0.4373333341346154
352 0.9420000000000001 0.41866666586538465 0.92 0.4293333341346154 0.904 0.45866666586538457 0.908 0.4826666658653846 0.924 0.5013333341346153 0.9400000000000001 0.5146666658653847 0.964 0.528 0.998 0.5413333341346154 0.998 0.41600000000000004 0.9760000000000001 0.41600000000000004 0.9420000000000001 0.41866666586538465
1395 0.498 0.768 0.518 0.8213333341346154 0.606 0.7946666658653846 0.582 0.7386666658653845 0.544 0.7546666658653846 0.498 0.768
1395 0.348 0.8613333341346153 0.446 0.8453333341346153 0.428 0.7786666658653847 0.33399999999999996 0.8079999999999999 0.348 0.8613333341346153
1395 0.188 0.8986666658653846 0.296 0.872 0.282 0.8133333341346154 0.182 0.8346666658653846 0.188 0.8986666658653846
1395 0.14200000000000002 0.8986666658653846 0.14200000000000002 0.848 0.134 0.8453333341346153 0.096 0.864 0.076 0.8693333341346154 0.038 0.872 0.022 0.872 0.028 0.928 0.066 0.9306666658653846 0.11 0.92 0.14200000000000002 0.8986666658653846