1523 1 0.12312090865384615 0.004 0.34933333413461537 0.004 0.6 0.002 0.9946666658653847 1 0.9946666658653847 1 0.12312090865384615
1885 0.002015266826923077 0 0.004 0.34666666586538464 1 0.12045424278846154 1 0 0.002015266826923077 0
1818 0.464 0.3813333341346154 0.49 0.4 0.798 0.304 0.8 0.272 0.534 0.11733333413461539 0.296 0.1626666658653846 0.322 0.18666666586538463 0.33199999999999996 0.224 0.36 0.22933333413461537 0.376 0.2666666658653846 0.384 0.3013333341346154 0.464 0.3573333341346154 0.464 0.3813333341346154
1818 1 0.21249315144230768 0.7100000000000001 0.09066666586538462 0.5760000000000001 0.112 0.7060000000000001 0.18666666586538463 0.7080000000000001 0.2106666658653846 0.842 0.28533333413461537 1 0.21423333413461537 1 0.21249315144230768
325 0.132 0.432 0.15 0.41600000000000004 0.164 0.384 0.176 0.336 0.164 0.28 0.152 0.2426666658653846 0.12200000000000001 0.20800000000000002 0.096 0.192 0.068 0.17333333413461538 0.048 0.1626666658653846 0.022 0.15466666586538463 0.006 0.16 0.006 0.424 0.028 0.432 0.054 0.45066666586538456 0.07 0.4533333341346154 0.106 0.44266666586538467 0.132 0.432
325 0.302 0.384 0.37 0.36266666586538465 0.39 0.35466666586538464 0.38799999999999996 0.3226666658653846 0.382 0.2906666658653846 0.376 0.26933333413461535 0.37 0.2426666658653846 0.35400000000000004 0.22666666586538461 0.338 0.22666666586538461 0.326 0.216 0.32 0.18666666586538463 0.28800000000000003 0.1626666658653846 0.268 0.1493333341346154 0.25 0.1493333341346154 0.23600000000000002 0.1306666658653846 0.20400000000000001 0.1306666658653846 0.148 0.1306666658653846 0.08 0.1306666658653846 0.036000000000000004 0.14400000000000002 0.058 0.168 0.10200000000000001 0.2 0.132 0.2133333341346154 0.15399999999999997 0.2506666658653846 0.16999999999999998 0.2933333341346154 0.176 0.34933333413461537 0.18 0.36 0.18 0.3786666658653846 0.19399999999999998 0.41600000000000004 0.23600000000000002 0.40533333413461536 0.302 0.384
542 0.378 0.22933333413461537 0.384 0.2613333341346154 0.41000000000000003 0.272 0.436 0.264 0.44 0.232 0.446 0.224 0.46 0.216 0.474 0.232 0.486 0.2506666658653846 0.506 0.2613333341346154 0.534 0.24800000000000003 0.544 0.2186666658653846 0.5479999999999999 0.2026666658653846 0.552 0.1813333341346154 0.574 0.2106666658653846 0.61 0.2426666658653846 0.614 0.2106666658653846 0.628 0.22666666586538461 0.646 0.272 0.674 0.2613333341346154 0.7 0.2453333341346154 0.702 0.2186666658653846 0.702 0.184 0.674 0.1333333341346154 0.64 0.10666666586538462 0.6159999999999999 0.1333333341346154 0.608 0.11466666586538461 0.588 0.09866666586538461 0.554 0.09866666586538461 0.534 0.12000000000000001 0.524 0.10666666586538462 0.502 0.08 0.482 0.088 0.46 0.10666666586538462 0.44 0.128 0.4 0.11466666586538461 0.37 0.112 0.35 0.1306666658653846 0.33199999999999996 0.10666666586538462 0.31 0.10400000000000001 0.286 0.12000000000000001 0.264 0.14400000000000002 0.27799999999999997 0.15733333413461537 0.296 0.1626666658653846 0.32399999999999995 0.184 0.338 0.2186666658653846 0.36 0.2213333341346154 0.378 0.22933333413461537
541 0.78 0.16533333413461537 0.7899999999999999 0.176 0.8079999999999999 0.176 0.8099999999999999 0.13866666586538462 0.8099999999999999 0.12000000000000001 0.7939999999999999 0.09066666586538462 0.778 0.07733333413461539 0.748 0.07733333413461539 0.728 0.088 0.698 0.09333333413461539 0.678 0.09333333413461539 0.656 0.08533333413461539 0.6319999999999999 0.08533333413461539 0.6180000000000001 0.08533333413461539 0.614 0.09866666586538461 0.6159999999999999 0.12000000000000001 0.6340000000000001 0.09866666586538461 0.6679999999999999 0.12266666586538462 0.6880000000000001 0.1493333341346154 0.7060000000000001 0.1813333341346154 0.7260000000000001 0.17066666586538462 0.72 0.14400000000000002 0.728 0.136 0.76 0.152 0.78 0.16533333413461537
541 1 0.014 0.994 0 0.966 0.018666665865384617 0.952 0.03466666586538462 0.9339999999999999 0.024 0.9179999999999999 0.04 0.89 0.03466666586538462 0.872 0.03466666586538462 0.854 0.04266666586538462 0.8320000000000001 0.04266666586538462 0.8140000000000001 0.056 0.786 0.05066666586538461 0.77 0.053333334134615384 0.75 0.07466666586538462 0.766 0.07466666586538462 0.7899999999999999 0.08533333413461539 0.804 0.10400000000000001 0.8079999999999999 0.128 0.8180000000000001 0.1306666658653846 0.8500000000000001 0.1333333341346154 0.872 0.14400000000000002 0.906 0.15466666586538463 0.9380000000000001 0.16 0.95 0.15733333413461537 0.964 0.15466666586538463 0.98 0.13866666586538462 0.998 0.1333333341346154 1 0.076 1 0.014
353 0.4 0.7893333341346154 0.432 0.7706666658653846 0.444 0.7546666658653846 0.462 0.7386666658653845 0.46799999999999997 0.7146666658653846 0.464 0.7093333341346154 0.452 0.696 0.436 0.6853333341346153 0.42600000000000005 0.6773333341346154 0.40599999999999997 0.6773333341346154 0.392 0.6613333341346154 0.392 0.64 0.376 0.6159999999999999 0.36200000000000004 0.6106666658653845 0.338 0.6026666658653845 0.31 0.6159999999999999 0.292 0.6346666658653847 0.292 0.6613333341346154 0.272 0.6533333341346155 0.232 0.6479999999999999 0.19399999999999998 0.6613333341346154 0.178 0.6586666658653846 0.174 0.6746666658653846 0.178 0.696 0.18 0.72 0.19399999999999998 0.7253333341346154 0.20199999999999999 0.736 0.218 0.752 0.24000000000000002 0.752 0.266 0.752 0.292 0.7333333341346153 0.3 0.72 0.312 0.6853333341346153 0.318 0.6906666658653846 0.348 0.696 0.34199999999999997 0.712 0.33999999999999997 0.7306666658653846 0.352 0.7573333341346153 0.37 0.7759999999999999 0.4 0.7893333341346154
1819 0.46799999999999997 0.9013333341346154 0.532 0.864 0.552 0.8506666658653846 0.566 0.8213333341346154 0.566 0.7946666658653846 0.5579999999999999 0.7653333341346154 0.384 0.6053333341346154 0.356 0.592 0.32399999999999995 0.5973333341346154 0.05 0.7226666658653845 0.082 0.9920000000000001 0.34600000000000003 0.9893333341346153 0.46799999999999997 0.9013333341346154
327 0.552 0.7066666658653846 0.566 0.7013333341346153 0.582 0.6986666658653846 0.5940000000000001 0.6746666658653846 0.5940000000000001 0.6453333341346154 0.61 0.6453333341346154 0.62 0.5706666658653846 0.602 0.56 0.5700000000000001 0.552 0.5579999999999999 0.56 0.546 0.5680000000000001 0.55 0.6026666658653845 0.5399999999999999 0.6026666658653845 0.538 0.5893333341346154 0.536 0.5680000000000001 0.52 0.5546666658653846 0.51 0.5466666658653846 0.492 0.552 0.474 0.5706666658653846 0.464 0.5973333341346154 0.46 0.6159999999999999 0.456 0.6319999999999999 0.47200000000000003 0.6453333341346154 0.486 0.6453333341346154 0.502 0.6586666658653846 0.526 0.6479999999999999 0.52 0.672 0.53 0.6880000000000001 0.532 0.7013333341346153 0.552 0.7066666658653846
1343 0.74 0.5733333341346154 0.8079999999999999 0.52 0.842 0.5333333341346154 0.9359999999999999 0.6159999999999999 0.9580000000000001 0.5973333341346154 0.9580000000000001 0.5680000000000001 0.952 0.5226666658653847 0.9339999999999999 0.4853333341346154 0.908 0.47200000000000003 0.872 0.4613333341346154 0.8320000000000001 0.44266666586538467 0.788 0.44266666586538467 0.76 0.44266666586538467 0.74 0.5733333341346154
1343 0.998 0.3973333341346154 0.978 0.3893333341346154 0.966 0.3786666658653846 0.9319999999999999 0.376 0.91 0.3786666658653846 0.886 0.3786666658653846 0.864 0.392 0.856 0.392 0.84 0.41333333413461537 0.842 0.43466666586538466 0.856 0.448 0.912 0.4693333341346154 0.9440000000000001 0.4373333341346154 0.998 0.4773333341346154 0.998 0.3973333341346154
1562 0.108 0.6133333341346154 0.12400000000000001 0.6213333341346154 0.294 0.5573333341346154 0.298 0.5386666658653846 0.306 0.5226666658653847 0.268 0.40800000000000003 0.256 0.40533333413461536 0.238 0.40266666586538463 0.082 0.4613333341346154 0.078 0.48000000000000004 0.068 0.4906666658653846 0.096 0.608 0.108 0.6133333341346154
1562 0.314 0.3866666658653846 0.35 0.4853333341346154 0.46599999999999997 0.464 0.438 0.3813333341346154 0.422 0.368 0.4 0.368 0.314 0.3866666658653846
1562 0.654 0.3733333341346154 0.66 0.384 0.748 0.3706666658653846 0.748 0.352 0.7579999999999999 0.34133333413461536 0.73 0.264 0.7240000000000001 0.256 0.714 0.2426666658653846 0.626 0.2613333341346154 0.622 0.2746666658653846 0.614 0.28 0.642 0.3706666658653846 0.654 0.3733333341346154