1794 0.2640625 0.55625 0.2640625 0.5104166658653846 0.20937499999999998 0.28125 0.175 0.3083333341346154 0.15625 0.3083333341346154 0.1234375 0.2916666658653846 0.109375 0.32291666586538464 0.071875 0.6020833341346153 0.071875 0.6625000000000001 0.071875 0.6708333341346153 0.15625 0.66875 0.271875 0.6166666658653847 0.2765625 0.6083333341346153 0.2640625 0.55625
757 0.6796875 0.6479166658653847 0.6937500000000001 0.6479166658653847 0.7 0.6333333341346153 0.6984375 0.5791666658653847 0.6984375 0.5583333341346154 0.6937500000000001 0.5458333341346153 0.684375 0.5458333341346153 0.6765625 0.5479166658653847 0.6765625 0.5645833341346154 0.6625000000000001 0.5916666658653846 0.659375 0.60625 0.659375 0.6395833341346153 0.6625000000000001 0.6479166658653847 0.6703125000000001 0.6479166658653847 0.6734374999999999 0.6479166658653847 0.6796875 0.6479166658653847
1596 0.8062499999999999 0.6458333341346154 0.8109375000000001 0.6499999999999999 0.828125 0.6499999999999999 0.85625 0.6416666658653847 0.85625 0.6208333341346154 0.859375 0.5979166658653846 0.8515625 0.5625 0.840625 0.55 0.8421875000000001 0.5416666658653846 0.84375 0.51875 0.8359375 0.5104166658653846 0.8343750000000001 0.48750000000000004 0.8390625 0.48124999999999996 0.8343750000000001 0.475 0.8046875 0.4770833341346154 0.8046875 0.48750000000000004 0.8078125 0.48958333413461536 0.8140624999999999 0.48958333413461536 0.825 0.48958333413461536 0.8265625000000001 0.5083333341346153 0.8218749999999999 0.5104166658653846 0.8140624999999999 0.5145833341346153 0.815625 0.5416666658653846 0.8187500000000001 0.5479166658653847 0.8046875 0.575 0.8015625 0.6333333341346153 0.8062499999999999 0.6458333341346154
1120 0.44218749999999996 0.0020833341346153844 0.446875 0.38541666586538464 0.9140625 0.38125 0.9171875 0 0.44218749999999996 0.0020833341346153844
1906 0.6421874999999999 0.7479166658653846 0.83125 0.7479166658653846 0.925 0.7 0.8859375 0.6104166658653847 0.47968750000000004 0.6145833341346154 0.45625000000000004 0.6666666658653846 0.4859375 0.7229166658653846 0.6421874999999999 0.7479166658653846
1392 0.37031250000000004 0.2833333341346154 0.37031250000000004 0.25625 0.37031250000000004 0.2270833341346154 0.365625 0.2145833341346154 0.2828125 0.21875 0.2859375 0.2895833341346154 0.353125 0.2895833341346154 0.37031250000000004 0.2833333341346154
1898 0.540625 0.4958333341346154 0.5390625 0.3916666658653846 0.353125 0.3979166658653846 0.35468750000000004 0.4979166658653846 0.540625 0.4958333341346154
1898 0.734375 0.3916666658653846 0.5390625 0.39583333413461536 0.5390625 0.49375 0.734375 0.4916666658653846 0.734375 0.3916666658653846
1898 0.4125 0.4958333341346154 0.2625 0.4979166658653846 0.2734375 0.7979166658653847 0.41718750000000004 0.8 0.4125 0.4958333341346154
1898 0.159375 0.6729166658653847 0.13125 0.675 0.134375 0.7875000000000001 0.271875 0.79375 0.2640625 0.6229166658653846 0.159375 0.6729166658653847
1898 0.5671875 0.49375 0.4125 0.4958333341346154 0.4234375 0.7979166658653847 0.453125 0.7979166658653847 0.44375 0.6937500000000001 0.475 0.6125 0.5671875 0.6145833341346154 0.5671875 0.49375
1885 0.0015625 0 0.0015625 0.9979166658653846 0.9984375000000001 0.9979166658653846 0.9984375000000001 0 0.0015625 0
1729 0.609375 0.5916666658653846 0.625 0.5854166658653847 0.621875 0.5708333341346153 0.60625 0.56875 0.5890625 0.5625 0.584375 0.56875 0.565625 0.56875 0.5625 0.5833333341346154 0.58125 0.5895833341346154 0.5828125 0.6166666658653847 0.56875 0.6354166658653846 0.571875 0.6458333341346154 0.603125 0.6520833341346154 0.6203125 0.6458333341346154 0.621875 0.6333333341346153 0.609375 0.6145833341346154 0.609375 0.5916666658653846
1799 0.2234375 0.23541666586538462 0.2078125 0.20208333413461538 0.215625 0.1854166658653846 0.18906250000000002 0.16875 0.16562500000000002 0.17708333413461538 0.15 0.1854166658653846 0.1171875 0.20416666586538462 0.1015625 0.25 0.11406250000000001 0.3041666658653846 0.16875 0.31875 0.22499999999999998 0.3 0.2234375 0.23541666586538462
1729 0.7406250000000001 0.5854166658653847 0.7562500000000001 0.6020833341346153 0.7562500000000001 0.6145833341346154 0.7359374999999999 0.6375 0.7875000000000001 0.6479166658653847 0.7890625 0.6333333341346153 0.7734375 0.6166666658653847 0.7734375 0.5958333341346154 0.7828124999999999 0.5916666658653846 0.7921875 0.5895833341346154 0.7828124999999999 0.5770833341346153 0.7703125 0.5666666658653846 0.7593749999999999 0.5708333341346153 0.7453125 0.5708333341346153 0.7406250000000001 0.5854166658653847