1794 0.7234375 0.6083333341346153 0.7281249999999999 0.6166666658653847 0.84375 0.66875 0.9281250000000001 0.6708333341346153 0.9281250000000001 0.6625000000000001 0.9281250000000001 0.6020833341346153 0.890625 0.32291666586538464 0.8765624999999999 0.2916666658653846 0.84375 0.3083333341346154 0.825 0.3083333341346154 0.7906249999999999 0.28125 0.7359374999999999 0.5104166658653846 0.7359374999999999 0.55625 0.7234375 0.6083333341346153
757 0.3265625 0.6479166658653847 0.3296875 0.6479166658653847 0.3375 0.6479166658653847 0.34062499999999996 0.6395833341346153 0.34062499999999996 0.60625 0.3375 0.5916666658653846 0.32343750000000004 0.5645833341346154 0.32343750000000004 0.5479166658653847 0.31562500000000004 0.5458333341346153 0.30625 0.5458333341346153 0.3015625 0.5583333341346154 0.3015625 0.5791666658653847 0.3 0.6333333341346153 0.30625 0.6479166658653847 0.3203125 0.6479166658653847 0.3265625 0.6479166658653847
1596 0.1984375 0.6333333341346153 0.1953125 0.575 0.18125000000000002 0.5479166658653847 0.184375 0.5416666658653846 0.18593749999999998 0.5145833341346153 0.17812499999999998 0.5104166658653846 0.17343750000000002 0.5083333341346153 0.175 0.48958333413461536 0.18593749999999998 0.48958333413461536 0.1921875 0.48958333413461536 0.1953125 0.48750000000000004 0.1953125 0.4770833341346154 0.16562500000000002 0.475 0.1609375 0.48124999999999996 0.16562500000000002 0.48750000000000004 0.1640625 0.5104166658653846 0.15625 0.51875 0.15781250000000002 0.5416666658653846 0.159375 0.55 0.1484375 0.5625 0.140625 0.5979166658653846 0.14375 0.6208333341346154 0.14375 0.6416666658653847 0.171875 0.6499999999999999 0.18906250000000002 0.6499999999999999 0.19374999999999998 0.6458333341346154 0.1984375 0.6333333341346153
1120 0.08281250000000001 0 0.0859375 0.38125 0.553125 0.38541666586538464 0.5578125 0.0020833341346153844 0.08281250000000001 0
1906 0.5140625 0.7229166658653846 0.54375 0.6666666658653846 0.5203125 0.6145833341346154 0.11406250000000001 0.6104166658653847 0.075 0.7 0.16875 0.7479166658653846 0.3578125 0.7479166658653846 0.5140625 0.7229166658653846
1392 0.6468750000000001 0.2895833341346154 0.7140625 0.2895833341346154 0.7171875000000001 0.21875 0.6343749999999999 0.2145833341346154 0.6296875 0.2270833341346154 0.6296875 0.25625 0.6296875 0.2833333341346154 0.6468750000000001 0.2895833341346154
1898 0.6453125 0.4979166658653846 0.6468750000000001 0.3979166658653846 0.4609375 0.3916666658653846 0.459375 0.4958333341346154 0.6453125 0.4979166658653846
1898 0.265625 0.4916666658653846 0.4609375 0.49375 0.4609375 0.39583333413461536 0.265625 0.3916666658653846 0.265625 0.4916666658653846
1898 0.5828125 0.8 0.7265625 0.7979166658653847 0.7375 0.4979166658653846 0.5875 0.4958333341346154 0.5828125 0.8
1898 0.7359374999999999 0.6229166658653846 0.7281249999999999 0.79375 0.8656250000000001 0.7875000000000001 0.8687499999999999 0.675 0.840625 0.6729166658653847 0.7359374999999999 0.6229166658653846
1898 0.43281250000000004 0.6145833341346154 0.525 0.6125 0.55625 0.6937500000000001 0.546875 0.7979166658653847 0.5765625 0.7979166658653847 0.5875 0.4958333341346154 0.43281250000000004 0.49375 0.43281250000000004 0.6145833341346154
1885 0.0015625 0 0.0015625 0.9979166658653846 0.9984375000000001 0.9979166658653846 0.9984375000000001 0 0.0015625 0
1729 0.390625 0.6145833341346154 0.37812500000000004 0.6333333341346153 0.37968749999999996 0.6458333341346154 0.396875 0.6520833341346154 0.428125 0.6458333341346154 0.43125 0.6354166658653846 0.41718750000000004 0.6166666658653847 0.41874999999999996 0.5895833341346154 0.4375 0.5833333341346154 0.43437499999999996 0.56875 0.415625 0.56875 0.41093749999999996 0.5625 0.39375000000000004 0.56875 0.37812500000000004 0.5708333341346153 0.375 0.5854166658653847 0.390625 0.5916666658653846 0.390625 0.6145833341346154
1799 0.7749999999999999 0.3 0.83125 0.31875 0.8859375 0.3041666658653846 0.8984375 0.25 0.8828125 0.20416666586538462 0.8500000000000001 0.1854166658653846 0.8343750000000001 0.17708333413461538 0.8109375000000001 0.16875 0.784375 0.1854166658653846 0.7921875 0.20208333413461538 0.7765625 0.23541666586538462 0.7749999999999999 0.3
1729 0.2546875 0.5708333341346153 0.24062499999999998 0.5708333341346153 0.2296875 0.5666666658653846 0.21718749999999998 0.5770833341346153 0.2078125 0.5895833341346154 0.21718749999999998 0.5916666658653846 0.2265625 0.5958333341346154 0.2265625 0.6166666658653847 0.2109375 0.6333333341346153 0.21250000000000002 0.6479166658653847 0.2640625 0.6375 0.24375000000000002 0.6145833341346154 0.24375000000000002 0.6020833341346153 0.259375 0.5854166658653847 0.2546875 0.5708333341346153