402 0.006666665865384615 0 0.006666665865384615 0.20735786057692307 0.6044444447115385 0.41471571875 0.9977777788461538 0.41806019951923074 1 0.20735786057692307 1 0 0.006666665865384615 0
144 0.5311111105769231 0.4046822740384615 0.5422222211538462 0.38461538461538464 0.5 0.34448160576923076 0.08 0.20735786057692307 0.07111111057692308 0.24749163942307695 0.10444444471153846 0.28093645432692305 0.06444444471153846 0.3076923076923077 0.06444444471153846 0.27424749278846156 0.05777777884615384 0.28093645432692305 0.060000000000000005 0.3511705697115385 0.06888888942307693 0.3511705697115385 0.06888888942307693 0.3377926418269231 0.11333333413461538 0.29096989903846154 0.14888888942307693 0.30434782692307694 0.48888888942307696 0.38795986538461535 0.4666666658653846 0.4013377932692308 0.4711111105769231 0.4080267548076923 0.5022222211538462 0.3946488293269231 0.5311111105769231 0.4046822740384615
1562 0.2511111105769231 0.3143812716346154 0.2511111105769231 0.34448160576923076 0.3266666658653846 0.35785953125 0.3288888894230769 0.33110367788461537 0.2511111105769231 0.3143812716346154
171 0.48222222115384616 0.5484949831730769 0.508888889423077 0.5484949831730769 0.5022222211538462 0.5150501682692308 0.3288888894230769 0.49498327644230766 0.22666666586538461 0.5083612043269231 0.04444444471153846 0.5150501682692308 0.04 0.5886287620192308 0.048888889423076926 0.8227424759615385 0.48444444471153847 0.6321070240384615 0.48222222115384616 0.5484949831730769
1286 0.35555555528846156 0.48829431490384617 0.35555555528846156 0.5016722403846153 0.4 0.5016722403846153 0.3977777788461539 0.4849498317307692 0.3866666658653846 0.46822742548076923 0.3866666658653846 0.46153846153846156 0.38444444471153844 0.45484949759615384 0.38 0.45150501682692307 0.3777777788461538 0.4648829423076923 0.3777777788461538 0.4749163870192307 0.3733333341346154 0.47826087019230773 0.35555555528846156 0.48829431490384617
1708 0.5711111105769231 0.9933110360576923 0.7888888894230769 0.9966555192307692 0.8155555552884616 0.8729096995192307 0.41777777884615386 0.7658862884615385 0.28444444471153846 0.8394648822115385 0.26444444471153844 0.8528428100961538 0.5711111105769231 0.9933110360576923
423 0.27555555528846154 0.809364548076923 0.29777777884615386 0.8193979927884616 0.30222222115384617 0.7993311033653847 0.29555555528846156 0.7491638798076923 0.29555555528846156 0.7090301009615385 0.2933333341346154 0.6789297668269231 0.27777777884615384 0.6688963221153846 0.22 0.6789297668269231 0.2066666658653846 0.6789297668269231 0.21555555528846154 0.809364548076923 0.21777777884615385 0.9297658870192307 0.22 0.9899665552884614 0.23333333413461538 0.9899665552884614 0.23555555528846156 0.8795986610576924 0.23333333413461538 0.8060200673076923 0.24000000000000002 0.7993311033653847 0.27555555528846154 0.809364548076923
419 0.39555555528846154 0.9331103677884616 0.3777777788461538 0.9331103677884616 0.3688888894230769 0.8394648822115385 0.3066666658653846 0.8193979927884616 0.24444444471153848 0.8026755841346154 0.23555555528846156 0.8060200673076923 0.23333333413461538 0.9899665552884614 0.38444444471153844 0.9933110360576923 0.39333333413461535 0.9933110360576923 0.39555555528846154 0.9331103677884616
419 0.3977777788461539 0.9933110360576923 0.5733333341346154 0.9899665552884614 0.5644444447115384 0.9163879591346155 0.41111111057692307 0.8461538461538461 0.4 0.8528428100961538 0.3977777788461539 0.9933110360576923
423 0.6177777788461539 0.8193979927884616 0.6222222211538462 0.75585284375 0.6288888894230769 0.6856187283653846 0.5399999999999999 0.6688963221153846 0.52 0.7959866225961538 0.6177777788461539 0.8193979927884616
423 0.6644444447115384 0.8227424759615385 0.777777778846154 0.8528428100961538 0.7755555552884614 0.7056856177884616 0.6733333341346154 0.6923076923076923 0.6644444447115384 0.8227424759615385
1494 0.5955555552884616 0.48829431490384617 0.6355555552884616 0.48829431490384617 0.6355555552884616 0.4347826081730769 0.6 0.4347826081730769 0.5955555552884616 0.48829431490384617
1714 0.48000000000000004 0.6254180600961539 0.4333333341346154 0.6454849495192309 0.4311111105769231 0.7190635456730768 0.45777777884615384 0.7224080264423077 0.4533333341346154 0.7692307692307693 0.48000000000000004 0.7759197331730768 0.48000000000000004 0.7157190625 0.5377777788461539 0.6722408028846154 0.5377777788461539 0.6387959855769231 0.48000000000000004 0.6254180600961539
1714 0.7933333341346154 0.7491638798076923 0.7977777788461539 0.7926421394230769 0.8622222211538462 0.7859531778846154 0.8822222211538461 0.69899665625 0.8822222211538461 0.6856187283653846 0.7911111105769231 0.6755852836538462 0.7933333341346154 0.7491638798076923
203 0.7377777788461538 0 0.6288888894230769 0.026755853365384615 0.037777778846153846 0.18060200721153846 0.042222221153846155 0.21070234134615384 0.05555555528846154 0.2140468221153846 0.08444444471153846 0.21070234134615384 0.36 0.14381270913461539 0.9888888894230768 0 0.7377777788461538 0
203 0.9977777788461538 0.15384615384615385 0.9977777788461538 0.11705685576923078 0.9755555552884616 0.12040133894230769 0.20888888942307693 0.23745819471153845 0.22 0.26086956490384616 0.9977777788461538 0.15384615384615385
203 0.9977777788461538 0.23745819471153845 0.9977777788461538 0.20735786057692307 0.98 0.20735786057692307 0.3266666658653846 0.28093645432692305 0.3355555552884616 0.2976588629807692 0.9977777788461538 0.23745819471153845
1714 0.8577777788461538 0.6321070240384615 0.8755555552884615 0.6387959855769231 0.8755555552884615 0.6822742475961537 0.888888889423077 0.6789297668269231 0.891111110576923 0.6387959855769231 0.8955555552884615 0.6354515048076923 0.8999999999999999 0.605351170673077 0.8577777788461538 0.605351170673077 0.8577777788461538 0.6321070240384615
419 0.868888889423077 0.9331103677884616 0.868888889423077 0.8795986610576924 0.8755555552884615 0.8227424759615385 0.8733333341346154 0.7959866225961538 0.8622222211538462 0.7926421394230769 0.8488888894230769 0.7959866225961538 0.8244444447115384 0.8461538461538461 0.8177777788461539 0.8695652163461538 0.7977777788461539 0.9866220745192307 0.8666666658653847 0.9966555192307692 0.868888889423077 0.9331103677884616
423 0.92 0.6889632115384615 0.9244444447115385 0.6688963221153846 0.9177777788461537 0.6488294302884616 0.8866666658653847 0.6755852836538462 0.868888889423077 0.7926421394230769 0.8755555552884615 0.8260869567307693 0.8711111105769231 0.8695652163461538 0.8755555552884615 0.8762541802884616 0.8822222211538461 0.9799331105769231 0.8866666658653847 0.9799331105769231 0.888888889423077 0.8762541802884616 0.8933333341346154 0.8762541802884616 0.8955555552884615 0.9598662211538461 0.9022222211538462 0.9632107019230769 0.9044444447115385 0.8896321081730769 0.9044444447115385 0.8394648822115385 0.9044444447115385 0.7926421394230769 0.9111111105769231 0.7290969903846154 0.92 0.6889632115384615
423 0.84 0.7926421394230769 0.7977777788461539 0.7926421394230769 0.7888888894230769 0.6789297668269231 0.7066666658653846 0.6688963221153846 0.7022222211538461 0.6923076923076923 0.7733333341346154 0.7090301009615385 0.78 0.8561872908653847 0.8155555552884616 0.8595317716346155 0.84 0.7926421394230769
1885 1 0.41806019951923074 0.5955555552884616 0.41806019951923074 0.5955555552884616 0.5886287620192308 1 0.6318694375 1 0.5668896322115384 0.9977777788461538 0.5016722403846153 1 0.4598662211538462 1 0.41806019951923074
1885 0.5955555552884616 0.41471571875 0.0044444447115384615 0.20735786057692307 0.0044444447115384615 0.8394648822115385 0.5977777788461538 0.5886287620192308 0.5955555552884616 0.41471571875
792 1 0.8110367884615385 0.9977777788461538 0.6321070240384615 0.5977777788461538 0.5886287620192308 0.0044444447115384615 0.8428093653846154 0.0044444447115384615 0.9933110360576923 1 0.9899740024038461 1 0.8110367884615385
423 0.388888889423077 0.6254180600961539 0.42444444471153847 0.6287625408653846 0.42444444471153847 0.5819398004807692 0.388888889423077 0.5819398004807692 0.388888889423077 0.6254180600961539
423 0.36222222115384617 0.6354515048076923 0.3822222211538462 0.6254180600961539 0.3755555552884615 0.5886287620192308 0.3355555552884616 0.5919732451923078 0.34888888942307694 0.7257525072115385 0.36222222115384617 0.6354515048076923
140 0.5066666658653847 0.8127090312499999 0.48888888942307696 0.8127090312499999 0.4711111105769231 0.8193979927884616 0.4711111105769231 0.8428093653846154 0.48000000000000004 0.8528428100961538 0.4911111105769231 0.8528428100961538 0.5044444447115385 0.8528428100961538 0.52 0.8494983269230769 0.52 0.8260869567307693 0.5155555552884615 0.8160535120192307 0.5066666658653847 0.8127090312499999