402 0 0 0 0.20735786057692307 0.002222221153846154 0.41806019951923074 0.39555555528846154 0.41471571875 0.9933333341346154 0.20735786057692307 0.9933333341346154 0 0 0
144 0.4977777788461539 0.3946488293269231 0.5288888894230769 0.4080267548076923 0.5333333341346154 0.4013377932692308 0.511111110576923 0.38795986538461535 0.8511111105769231 0.30434782692307694 0.8866666658653847 0.29096989903846154 0.9311111105769231 0.3377926418269231 0.9311111105769231 0.3511705697115385 0.9400000000000001 0.3511705697115385 0.9422222211538462 0.28093645432692305 0.9355555552884615 0.27424749278846156 0.9355555552884615 0.3076923076923077 0.8955555552884615 0.28093645432692305 0.9288888894230769 0.24749163942307695 0.92 0.20735786057692307 0.5 0.34448160576923076 0.45777777884615384 0.38461538461538464 0.46888888942307694 0.4046822740384615 0.4977777788461539 0.3946488293269231
1562 0.6711111105769232 0.33110367788461537 0.6733333341346154 0.35785953125 0.748888889423077 0.34448160576923076 0.748888889423077 0.3143812716346154 0.6711111105769232 0.33110367788461537
171 0.5155555552884615 0.6321070240384615 0.951111110576923 0.8227424759615385 0.9600000000000001 0.5886287620192308 0.9555555552884616 0.5150501682692308 0.7733333341346154 0.5083612043269231 0.6711111105769232 0.49498327644230766 0.4977777788461539 0.5150501682692308 0.4911111105769231 0.5484949831730769 0.5177777788461538 0.5484949831730769 0.5155555552884615 0.6321070240384615
1286 0.6266666658653846 0.47826087019230773 0.6222222211538462 0.4749163870192307 0.6222222211538462 0.4648829423076923 0.62 0.45150501682692307 0.6155555552884615 0.45484949759615384 0.6133333341346154 0.46153846153846156 0.6133333341346154 0.46822742548076923 0.6022222211538462 0.4849498317307692 0.6 0.5016722403846153 0.6444444447115385 0.5016722403846153 0.6444444447115385 0.48829431490384617 0.6266666658653846 0.47826087019230773
1708 0.7355555552884615 0.8528428100961538 0.7155555552884615 0.8394648822115385 0.5822222211538461 0.7658862884615385 0.18444444471153845 0.8729096995192307 0.21111111057692306 0.9966555192307692 0.4288888894230769 0.9933110360576923 0.7355555552884615 0.8528428100961538
423 0.76 0.7993311033653847 0.7666666658653847 0.8060200673076923 0.7644444447115385 0.8795986610576924 0.7666666658653847 0.9899665552884614 0.78 0.9899665552884614 0.7822222211538462 0.9297658870192307 0.7844444447115385 0.809364548076923 0.7933333341346154 0.6789297668269231 0.78 0.6789297668269231 0.722222221153846 0.6688963221153846 0.7066666658653846 0.6789297668269231 0.7044444447115384 0.7090301009615385 0.7044444447115384 0.7491638798076923 0.6977777788461539 0.7993311033653847 0.7022222211538461 0.8193979927884616 0.7244444447115386 0.809364548076923 0.76 0.7993311033653847
419 0.6066666658653846 0.9933110360576923 0.6155555552884615 0.9933110360576923 0.7666666658653847 0.9899665552884614 0.7644444447115385 0.8060200673076923 0.7555555552884615 0.8026755841346154 0.6933333341346154 0.8193979927884616 0.631111110576923 0.8394648822115385 0.6222222211538462 0.9331103677884616 0.6044444447115385 0.9331103677884616 0.6066666658653846 0.9933110360576923
419 0.6 0.8528428100961538 0.5888888894230769 0.8461538461538461 0.43555555528846157 0.9163879591346155 0.42666666586538465 0.9899665552884614 0.6022222211538462 0.9933110360576923 0.6 0.8528428100961538
423 0.48000000000000004 0.7959866225961538 0.46 0.6688963221153846 0.3711111105769231 0.6856187283653846 0.3777777788461538 0.75585284375 0.3822222211538462 0.8193979927884616 0.48000000000000004 0.7959866225961538
423 0.3266666658653846 0.6923076923076923 0.22444444471153846 0.7056856177884616 0.22222222115384616 0.8528428100961538 0.3355555552884616 0.8227424759615385 0.3266666658653846 0.6923076923076923
1494 0.4 0.4347826081730769 0.3644444447115385 0.4347826081730769 0.3644444447115385 0.48829431490384617 0.40444444471153845 0.48829431490384617 0.4 0.4347826081730769
1714 0.46222222115384615 0.6387959855769231 0.46222222115384615 0.6722408028846154 0.52 0.7157190625 0.52 0.7759197331730768 0.5466666658653846 0.7692307692307693 0.5422222211538462 0.7224080264423077 0.5688888894230769 0.7190635456730768 0.5666666658653846 0.6454849495192309 0.52 0.6254180600961539 0.46222222115384615 0.6387959855769231
1714 0.20888888942307693 0.6755852836538462 0.11777777884615384 0.6856187283653846 0.11777777884615384 0.69899665625 0.13777777884615386 0.7859531778846154 0.20222222115384614 0.7926421394230769 0.2066666658653846 0.7491638798076923 0.20888888942307693 0.6755852836538462
203 0.011111110576923076 0 0.64 0.14381270913461539 0.9155555552884616 0.21070234134615384 0.9444444447115384 0.2140468221153846 0.9577777788461539 0.21070234134615384 0.9622222211538461 0.18060200721153846 0.3711111105769231 0.026755853365384615 0.2622222211538462 0 0.011111110576923076 0
203 0.78 0.26086956490384616 0.7911111105769231 0.23745819471153845 0.024444444711538463 0.12040133894230769 0.002222221153846154 0.11705685576923078 0.002222221153846154 0.15384615384615385 0.78 0.26086956490384616
203 0.6644444447115384 0.2976588629807692 0.6733333341346154 0.28093645432692305 0.02 0.20735786057692307 0.002222221153846154 0.20735786057692307 0.002222221153846154 0.23745819471153845 0.6644444447115384 0.2976588629807692
1714 0.14222222115384617 0.605351170673077 0.1 0.605351170673077 0.10444444471153846 0.6354515048076923 0.10888888942307692 0.6387959855769231 0.11111111057692308 0.6789297668269231 0.12444444471153847 0.6822742475961537 0.12444444471153847 0.6387959855769231 0.14222222115384617 0.6321070240384615 0.14222222115384617 0.605351170673077
419 0.1333333341346154 0.9966555192307692 0.20222222115384614 0.9866220745192307 0.18222222115384618 0.8695652163461538 0.17555555528846153 0.8461538461538461 0.15111111057692309 0.7959866225961538 0.13777777884615386 0.7926421394230769 0.1266666658653846 0.7959866225961538 0.12444444471153847 0.8227424759615385 0.1311111105769231 0.8795986610576924 0.1311111105769231 0.9331103677884616 0.1333333341346154 0.9966555192307692
423 0.08888888942307692 0.7290969903846154 0.09555555528846155 0.7926421394230769 0.09555555528846155 0.8394648822115385 0.09555555528846155 0.8896321081730769 0.09777777884615385 0.9632107019230769 0.10444444471153846 0.9598662211538461 0.10666666586538462 0.8762541802884616 0.11111111057692308 0.8762541802884616 0.11333333413461538 0.9799331105769231 0.11777777884615384 0.9799331105769231 0.12444444471153847 0.8762541802884616 0.1288888894230769 0.8695652163461538 0.12444444471153847 0.8260869567307693 0.1311111105769231 0.7926421394230769 0.11333333413461538 0.6755852836538462 0.08222222115384616 0.6488294302884616 0.07555555528846154 0.6688963221153846 0.08 0.6889632115384615 0.08888888942307692 0.7290969903846154
423 0.18444444471153845 0.8595317716346155 0.22 0.8561872908653847 0.22666666586538461 0.7090301009615385 0.29777777884615386 0.6923076923076923 0.2933333341346154 0.6688963221153846 0.21111111057692306 0.6789297668269231 0.20222222115384614 0.7926421394230769 0.16 0.7926421394230769 0.18444444471153845 0.8595317716346155
1885 0 0.6318694375 0.40444444471153845 0.5886287620192308 0.40444444471153845 0.41806019951923074 0 0.41806019951923074 0 0.4598662211538462 0.002222221153846154 0.5016722403846153 0 0.5668896322115384 0 0.6318694375
1885 0.40222222115384615 0.5886287620192308 0.9955555552884616 0.8394648822115385 0.9955555552884616 0.20735786057692307 0.40444444471153845 0.41471571875 0.40222222115384615 0.5886287620192308
792 0 0.9899740024038461 0.9955555552884616 0.9933110360576923 0.9955555552884616 0.8428093653846154 0.40222222115384615 0.5886287620192308 0.002222221153846154 0.6321070240384615 0 0.8110367884615385 0 0.9899740024038461
423 0.611111110576923 0.5819398004807692 0.5755555552884615 0.5819398004807692 0.5755555552884615 0.6287625408653846 0.611111110576923 0.6254180600961539 0.611111110576923 0.5819398004807692
423 0.6511111105769231 0.7257525072115385 0.6644444447115384 0.5919732451923078 0.6244444447115385 0.5886287620192308 0.6177777788461539 0.6254180600961539 0.6377777788461538 0.6354515048076923 0.6511111105769231 0.7257525072115385
140 0.48444444471153847 0.8160535120192307 0.48000000000000004 0.8260869567307693 0.48000000000000004 0.8494983269230769 0.4955555552884615 0.8528428100961538 0.508888889423077 0.8528428100961538 0.52 0.8528428100961538 0.5288888894230769 0.8428093653846154 0.5288888894230769 0.8193979927884616 0.511111110576923 0.8127090312499999 0.4933333341346154 0.8127090312499999 0.48444444471153847 0.8160535120192307