402 0.796875 0 0.2375 0.10970464182692306 0.21875 0.11814345913461538 0.39375000000000004 0.22784810096153846 0.996875 0.1603375528846154 1 0.0801687764423077 1 0 0.796875 0
913 1 0.31645569711538457 0.9468749999999999 0.31645569711538457 0.275 0.37130801682692305 0.24062499999999998 0.37130801682692305 0.246875 0.6118143461538461 0.6125 0.6118143461538461 0.6125 0.5822784807692307 1 0.5864641346153846 1 0.31645569711538457
171 0.6125 0.56540084375 0.60625 0.8523206754807693 0.815625 0.8691983125 0.996875 0.8776371298076923 0.996875 0.5822784807692307 0.996875 0.5527426153846154 0.6125 0.56540084375
1289 0.7593749999999999 0.69620253125 0.7562500000000001 0.6582278485576923 0.7562500000000001 0.6160337548076923 0.7375 0.5696202524038462 0.7250000000000001 0.5400843870192308 0.715625 0.5147679326923077 0.690625 0.49789029567307697 0.684375 0.4810126586538462 0.6937500000000001 0.4683544302884615 0.703125 0.44725738461538456 0.703125 0.4261603365384615 0.690625 0.41350211057692304 0.671875 0.41350211057692304 0.6625000000000001 0.42194092788461535 0.659375 0.4430379735576923 0.65625 0.47679325 0.659375 0.4852320673076923 0.625 0.5316455697115384 0.621875 0.5569620264423076 0.6187499999999999 0.6582278485576923 0.6312500000000001 0.69620253125 0.6625000000000001 0.7046413509615385 0.7 0.7088607596153846 0.7250000000000001 0.7130801682692307 0.734375 0.7552742620192308 0.734375 0.7974683533653846 0.734375 0.8354430384615384 0.734375 0.8523206754807693 0.7437499999999999 0.8607594927884615 0.753125 0.8607594927884615 0.7625 0.8354430384615384 0.75 0.8143459903846153 0.7625 0.7805907163461538 0.78125 0.7468354423076923 0.784375 0.7215189879807693 0.7718750000000001 0.700421939903846 0.7593749999999999 0.69620253125
1661 0.7281249999999999 0.738396625 0.71875 0.7130801682692307 0.6312500000000001 0.700421939903846 0.628125 0.7257383966346154 0.628125 0.8607594927884615 0.6343749999999999 0.9409282692307692 0.6499999999999999 0.9409282692307692 0.653125 0.8902953581730769 0.690625 0.8902953581730769 0.7 0.9409282692307692 0.71875 0.936708860576923 0.7093750000000001 0.7510548533653847 0.7281249999999999 0.738396625
1289 0.59375 0.7468354423076923 0.58125 0.69620253125 0.559375 0.6540084399038462 0.528125 0.6075949374999999 0.509375 0.5738396634615385 0.48750000000000004 0.5696202524038462 0.478125 0.56540084375 0.484375 0.5274261610576922 0.478125 0.502109704326923 0.459375 0.49367088701923073 0.44375 0.49367088701923073 0.421875 0.5147679326923077 0.41874999999999996 0.5316455697115384 0.421875 0.56540084375 0.421875 0.5907173004807692 0.428125 0.6033755264423077 0.421875 0.6371308028846154 0.41874999999999996 0.6751054855769231 0.4125 0.7130801682692307 0.421875 0.7426160336538461 0.4375 0.7552742620192308 0.45625000000000004 0.7805907163461538 0.46875 0.8059071730769231 0.453125 0.8227848100961539 0.42500000000000004 0.82700421875 0.41874999999999996 0.8691983125 0.421875 0.9873417716346153 0.44375 0.9915611802884615 0.5625 0.9915611802884615 0.5375 0.9704641346153846 0.5 0.9113924062500001 0.521875 0.8902953581730769 0.5625 0.8776371298076923 0.59375 0.8565400841346154 0.60625 0.8312236298076924 0.603125 0.7848101274038461 0.59375 0.7468354423076923
1661 0.559375 0.9915611802884615 0.603125 0.9957805913461539 0.6125 0.9915611802884615 0.609375 0.9071729951923077 0.625 0.894514766826923 0.625 0.8691983125 0.6 0.8565400841346154 0.578125 0.864978903846154 0.534375 0.8902953581730769 0.515625 0.894514766826923 0.5125 0.9198312235576923 0.528125 0.9409282692307692 0.54375 0.9704641346153846 0.559375 0.9915611802884615
1289 0.4125 0.7172995769230769 0.40937500000000004 0.6835443028846153 0.40625 0.6413502115384616 0.38125 0.6118143461538461 0.36250000000000004 0.5907173004807692 0.34062499999999996 0.5738396634615385 0.334375 0.56540084375 0.33125000000000004 0.5316455697115384 0.328125 0.502109704326923 0.30625 0.4852320673076923 0.284375 0.4725738389423077 0.2625 0.47679325 0.234375 0.5105485240384615 0.22812500000000002 0.5358649783653846 0.221875 0.5485232067307693 0.234375 0.5738396634615385 0.24062499999999998 0.5864978894230769 0.25625 0.6118143461538461 0.259375 0.6202531634615384 0.265625 0.632911391826923 0.25625 0.6497890288461539 0.25 0.7172995769230769 0.22812500000000002 0.738396625 0.21875 0.7299578052884615 0.21875 0.7046413509615385 0.21875 0.6877637139423077 0.20937499999999998 0.670886076923077 0.2 0.6666666658653846 0.1875 0.6793248942307692 0.18125000000000002 0.700421939903846 0.17812499999999998 0.7130801682692307 0.2 0.738396625 0.20625 0.7679324903846154 0.20625 0.7932489447115384 0.22812500000000002 0.8185654014423077 0.24375000000000002 0.8396624471153846 0.23125 0.8776371298076923 0.22812500000000002 0.8987341778846154 0.24375000000000002 0.9451476802884616 0.265625 0.9957805913461539 0.303125 0.9915611802884615 0.30937499999999996 0.9789029543269231 0.36250000000000004 0.9620253173076924 0.396875 0.95780590625 0.41874999999999996 0.9451476802884616 0.41874999999999996 0.8902953581730769 0.41874999999999996 0.8438818557692307 0.421875 0.82700421875 0.4375 0.8185654014423077 0.44375 0.801687764423077 0.43125 0.7721518990384616 0.421875 0.7510548533653847 0.4125 0.7172995769230769
1662 0.3125 0.9789029543269231 0.30625 0.9915611802884615 0.36250000000000004 0.9957805913461539 0.421875 0.9957805913461539 0.41874999999999996 0.9493670889423077 0.39375000000000004 0.95780590625 0.36250000000000004 0.9620253173076924 0.334375 0.9746835432692307 0.3125 0.9789029543269231
1714 0.45625000000000004 0.8101265817307692 0.41874999999999996 0.6835443028846153 0.00625 0.7594936706730769 0.00625 0.9915611802884615 0.1375 0.9957805913461539 0.15 0.9746835432692307 0.24375000000000002 0.9493670889423077 0.45625000000000004 0.8101265817307692
240 0.0375 0.7848101274038461 0.1 0.7890295360576923 0.09687499999999999 0.6455696201923077 0.0375 0.6455696201923077 0.0375 0.7848101274038461
1027 0.8531249999999999 0.0928270048076923 0.8656250000000001 0.08438818509615385 0.8625 0.054852319711538464 0.83125 0.054852319711538464 0.8343750000000001 0.0928270048076923 0.84375 0.0928270048076923 0.8500000000000001 0.20253164663461537 0.8218749999999999 0.20253164663461537 0.8218749999999999 0.17299578125 0.815625 0.13502109615384617 0.784375 0.13924050721153847 0.7875000000000001 0.1687763701923077 0.7875000000000001 0.19831223557692307 0.79375 0.20675105528846152 0.8 0.22362869230769228 0.8125 0.22784810096153846 0.8218749999999999 0.21940928365384613 0.8218749999999999 0.20675105528846152 0.8500000000000001 0.21097046394230767 0.8875 0.20675105528846152 0.890625 0.21940928365384613 0.9156249999999999 0.21518987259615383 0.91875 0.16455696153846155 0.9156249999999999 0.13502109615384617 0.8843749999999999 0.1308016875 0.8843749999999999 0.19409282692307692 0.85625 0.19409282692307692 0.8531249999999999 0.0928270048076923
1942 0.00625 0.6033755264423077 0.0875 0.6033755264423077 0.084375 0.17299578125 0.00625 0.17721518990384616 0.00625 0.6033755264423077
1382 0.00625 0.5147679326923077 0.00625 0.5907173004807692 0.034375 0.5864978894230769 0.0375 0.5189873413461539 0.00625 0.5147679326923077
1349 0.053125000000000006 0.502109704326923 0.056249999999999994 0.4894514759615385 0.059375 0.4683544302884615 0.046875 0.4430379735576923 0.03125 0.4303797475961538 0.028124999999999997 0.42194092788461535 0.015625 0.4177215192307692 0.00625 0.4177215192307692 0.009375 0.5147679326923077 0.015625 0.5189873413461539 0.025 0.5189873413461539 0.034375 0.5189873413461539 0.0375 0.5105485240384615 0.040624999999999994 0.502109704326923 0.053125000000000006 0.502109704326923
1885 0.00625 0 0.00625 0.1687763701923077 0.79375 0 0.00625 0
501 0.59375 0.82700421875 0.6187499999999999 0.8227848100961539 0.6187499999999999 0.06329113942307693 0.6187499999999999 0.0042194086538461534 0.578125 0.008438819711538462 0.59375 0.82700421875
1295 1 0.22784810096153846 0.996875 0.22784810096153846 0.98125 0.22784810096153846 0.971875 0.22784810096153846 0.95625 0.25738396634615385 0.95625 0.28691983173076924 0.9624999999999999 0.3206751057692308 0.95625 0.34599156009615384 0.934375 0.3755274254807693 0.9125000000000001 0.3924050625 0.8999999999999999 0.4261603365384615 0.903125 0.5527426153846154 0.91875 0.5485232067307693 0.925 0.6244725745192308 0.91875 0.670886076923077 0.9375 0.7679324903846154 0.940625 0.8523206754807693 0.9312499999999999 0.9746835432692307 0.925 0.9957805913461539 1 0.9957805913461539 1 0.22784810096153846
1885 1 0.1603375528846154 0.396875 0.2320675096153846 0.390625 0.3544303798076923 1 0.3122362860576923 1 0.1603375528846154
1885 0.390625 0.22784810096153846 0.221875 0.1223628701923077 0.00625 0.1687763701923077 0.00625 0.6455696201923077 0.009375 0.7594936706730769 0.40937500000000004 0.6877637139423077 0.390625 0.22784810096153846
792 0.45625000000000004 0.8227848100961539 0.00625 0.9915611802884615 0.140625 0.9915611802884615 0.7124999999999999 0.9957805913461539 0.996875 0.9957805913461539 0.996875 0.8776371298076923 0.45625000000000004 0.8227848100961539