402 0 0 0 0.0801687764423077 0.003125 0.1603375528846154 0.60625 0.22784810096153846 0.78125 0.11814345913461538 0.7625 0.10970464182692306 0.203125 0 0 0
913 0 0.5864641346153846 0.38749999999999996 0.5822784807692307 0.38749999999999996 0.6118143461538461 0.753125 0.6118143461538461 0.7593749999999999 0.37130801682692305 0.7250000000000001 0.37130801682692305 0.053125000000000006 0.31645569711538457 0 0.31645569711538457 0 0.5864641346153846
171 0.003125 0.5527426153846154 0.003125 0.5822784807692307 0.003125 0.8776371298076923 0.184375 0.8691983125 0.39375000000000004 0.8523206754807693 0.38749999999999996 0.56540084375 0.003125 0.5527426153846154
1289 0.22812500000000002 0.700421939903846 0.215625 0.7215189879807693 0.21875 0.7468354423076923 0.2375 0.7805907163461538 0.25 0.8143459903846153 0.2375 0.8354430384615384 0.246875 0.8607594927884615 0.25625 0.8607594927884615 0.265625 0.8523206754807693 0.265625 0.8354430384615384 0.265625 0.7974683533653846 0.265625 0.7552742620192308 0.275 0.7130801682692307 0.3 0.7088607596153846 0.3375 0.7046413509615385 0.36875 0.69620253125 0.38125 0.6582278485576923 0.37812500000000004 0.5569620264423076 0.375 0.5316455697115384 0.34062499999999996 0.4852320673076923 0.34375 0.47679325 0.34062499999999996 0.4430379735576923 0.3375 0.42194092788461535 0.328125 0.41350211057692304 0.30937499999999996 0.41350211057692304 0.296875 0.4261603365384615 0.296875 0.44725738461538456 0.30625 0.4683544302884615 0.31562500000000004 0.4810126586538462 0.30937499999999996 0.49789029567307697 0.284375 0.5147679326923077 0.275 0.5400843870192308 0.2625 0.5696202524038462 0.24375000000000002 0.6160337548076923 0.24375000000000002 0.6582278485576923 0.24062499999999998 0.69620253125 0.22812500000000002 0.700421939903846
1661 0.290625 0.7510548533653847 0.28125 0.936708860576923 0.3 0.9409282692307692 0.30937499999999996 0.8902953581730769 0.34687500000000004 0.8902953581730769 0.35 0.9409282692307692 0.365625 0.9409282692307692 0.37187499999999996 0.8607594927884615 0.37187499999999996 0.7257383966346154 0.36875 0.700421939903846 0.28125 0.7130801682692307 0.271875 0.738396625 0.290625 0.7510548533653847
1289 0.396875 0.7848101274038461 0.39375000000000004 0.8312236298076924 0.40625 0.8565400841346154 0.4375 0.8776371298076923 0.478125 0.8902953581730769 0.5 0.9113924062500001 0.4625 0.9704641346153846 0.4375 0.9915611802884615 0.55625 0.9915611802884615 0.578125 0.9873417716346153 0.58125 0.8691983125 0.575 0.82700421875 0.546875 0.8227848100961539 0.53125 0.8059071730769231 0.54375 0.7805907163461538 0.5625 0.7552742620192308 0.578125 0.7426160336538461 0.5875 0.7130801682692307 0.58125 0.6751054855769231 0.578125 0.6371308028846154 0.571875 0.6033755264423077 0.578125 0.5907173004807692 0.578125 0.56540084375 0.58125 0.5316455697115384 0.578125 0.5147679326923077 0.55625 0.49367088701923073 0.540625 0.49367088701923073 0.521875 0.502109704326923 0.515625 0.5274261610576922 0.521875 0.56540084375 0.5125 0.5696202524038462 0.490625 0.5738396634615385 0.47187500000000004 0.6075949374999999 0.44062500000000004 0.6540084399038462 0.41874999999999996 0.69620253125 0.40625 0.7468354423076923 0.396875 0.7848101274038461
1661 0.45625000000000004 0.9704641346153846 0.47187500000000004 0.9409282692307692 0.48750000000000004 0.9198312235576923 0.484375 0.894514766826923 0.46562499999999996 0.8902953581730769 0.421875 0.864978903846154 0.4 0.8565400841346154 0.375 0.8691983125 0.375 0.894514766826923 0.390625 0.9071729951923077 0.38749999999999996 0.9915611802884615 0.396875 0.9957805913461539 0.44062500000000004 0.9915611802884615 0.45625000000000004 0.9704641346153846
1289 0.578125 0.7510548533653847 0.56875 0.7721518990384616 0.55625 0.801687764423077 0.5625 0.8185654014423077 0.578125 0.82700421875 0.58125 0.8438818557692307 0.58125 0.8902953581730769 0.58125 0.9451476802884616 0.603125 0.95780590625 0.6375 0.9620253173076924 0.690625 0.9789029543269231 0.6968749999999999 0.9915611802884615 0.734375 0.9957805913461539 0.7562500000000001 0.9451476802884616 0.7718750000000001 0.8987341778846154 0.76875 0.8776371298076923 0.7562500000000001 0.8396624471153846 0.7718750000000001 0.8185654014423077 0.79375 0.7932489447115384 0.79375 0.7679324903846154 0.8 0.738396625 0.8218749999999999 0.7130801682692307 0.8187500000000001 0.700421939903846 0.8125 0.6793248942307692 0.8 0.6666666658653846 0.7906249999999999 0.670886076923077 0.78125 0.6877637139423077 0.78125 0.7046413509615385 0.78125 0.7299578052884615 0.7718750000000001 0.738396625 0.75 0.7172995769230769 0.7437499999999999 0.6497890288461539 0.734375 0.632911391826923 0.7406250000000001 0.6202531634615384 0.7437499999999999 0.6118143461538461 0.7593749999999999 0.5864978894230769 0.765625 0.5738396634615385 0.778125 0.5485232067307693 0.7718750000000001 0.5358649783653846 0.765625 0.5105485240384615 0.7375 0.47679325 0.715625 0.4725738389423077 0.6937500000000001 0.4852320673076923 0.671875 0.502109704326923 0.66875 0.5316455697115384 0.6656249999999999 0.56540084375 0.659375 0.5738396634615385 0.6375 0.5907173004807692 0.6187499999999999 0.6118143461538461 0.59375 0.6413502115384616 0.590625 0.6835443028846153 0.5875 0.7172995769230769 0.578125 0.7510548533653847
1662 0.6656249999999999 0.9746835432692307 0.6375 0.9620253173076924 0.60625 0.95780590625 0.58125 0.9493670889423077 0.578125 0.9957805913461539 0.6375 0.9957805913461539 0.6937500000000001 0.9915611802884615 0.6875 0.9789029543269231 0.6656249999999999 0.9746835432692307
1714 0.7562500000000001 0.9493670889423077 0.8500000000000001 0.9746835432692307 0.8625 0.9957805913461539 0.9937499999999999 0.9915611802884615 0.9937499999999999 0.7594936706730769 0.58125 0.6835443028846153 0.54375 0.8101265817307692 0.7562500000000001 0.9493670889423077
240 0.9624999999999999 0.6455696201923077 0.903125 0.6455696201923077 0.8999999999999999 0.7890295360576923 0.9624999999999999 0.7848101274038461 0.9624999999999999 0.6455696201923077
1027 0.14375 0.19409282692307692 0.115625 0.19409282692307692 0.115625 0.1308016875 0.084375 0.13502109615384617 0.08124999999999999 0.16455696153846155 0.084375 0.21518987259615383 0.109375 0.21940928365384613 0.11249999999999999 0.20675105528846152 0.15 0.21097046394230767 0.17812499999999998 0.20675105528846152 0.17812499999999998 0.21940928365384613 0.1875 0.22784810096153846 0.2 0.22362869230769228 0.20625 0.20675105528846152 0.21250000000000002 0.19831223557692307 0.21250000000000002 0.1687763701923077 0.215625 0.13924050721153847 0.184375 0.13502109615384617 0.17812499999999998 0.17299578125 0.17812499999999998 0.20253164663461537 0.15 0.20253164663461537 0.15625 0.0928270048076923 0.16562500000000002 0.0928270048076923 0.16875 0.054852319711538464 0.1375 0.054852319711538464 0.134375 0.08438818509615385 0.146875 0.0928270048076923 0.14375 0.19409282692307692
1942 0.9937499999999999 0.17721518990384616 0.9156249999999999 0.17299578125 0.9125000000000001 0.6033755264423077 0.9937499999999999 0.6033755264423077 0.9937499999999999 0.17721518990384616
1382 0.9624999999999999 0.5189873413461539 0.965625 0.5864978894230769 0.9937499999999999 0.5907173004807692 0.9937499999999999 0.5147679326923077 0.9624999999999999 0.5189873413461539
1349 0.9593750000000001 0.502109704326923 0.9624999999999999 0.5105485240384615 0.965625 0.5189873413461539 0.9750000000000001 0.5189873413461539 0.984375 0.5189873413461539 0.9906250000000001 0.5147679326923077 0.9937499999999999 0.4177215192307692 0.984375 0.4177215192307692 0.971875 0.42194092788461535 0.96875 0.4303797475961538 0.953125 0.4430379735576923 0.940625 0.4683544302884615 0.9437500000000001 0.4894514759615385 0.9468749999999999 0.502109704326923 0.9593750000000001 0.502109704326923
1885 0.20625 0 0.9937499999999999 0.1687763701923077 0.9937499999999999 0 0.20625 0
501 0.421875 0.008438819711538462 0.38125 0.0042194086538461534 0.38125 0.06329113942307693 0.38125 0.8227848100961539 0.40625 0.82700421875 0.421875 0.008438819711538462
1295 0 0.9957805913461539 0.075 0.9957805913461539 0.06875 0.9746835432692307 0.059375 0.8523206754807693 0.0625 0.7679324903846154 0.08124999999999999 0.670886076923077 0.075 0.6244725745192308 0.08124999999999999 0.5485232067307693 0.09687499999999999 0.5527426153846154 0.1 0.4261603365384615 0.0875 0.3924050625 0.065625 0.3755274254807693 0.04375 0.34599156009615384 0.0375 0.3206751057692308 0.04375 0.28691983173076924 0.04375 0.25738396634615385 0.028124999999999997 0.22784810096153846 0.01875 0.22784810096153846 0.003125 0.22784810096153846 0 0.22784810096153846 0 0.9957805913461539
1885 0 0.3122362860576923 0.609375 0.3544303798076923 0.603125 0.2320675096153846 0 0.1603375528846154 0 0.3122362860576923
1885 0.590625 0.6877637139423077 0.9906250000000001 0.7594936706730769 0.9937499999999999 0.6455696201923077 0.9937499999999999 0.1687763701923077 0.778125 0.1223628701923077 0.609375 0.22784810096153846 0.590625 0.6877637139423077
792 0.003125 0.8776371298076923 0.003125 0.9957805913461539 0.2875 0.9957805913461539 0.859375 0.9915611802884615 0.9937499999999999 0.9915611802884615 0.54375 0.8227848100961539 0.003125 0.8776371298076923