1839 0.28125 0 0.2900390625 0.20572916586538462 0.44140625 0.19661458413461538 0.4423828125 0.18880208413461538 0.455078125 0.18489583413461538 0.4453807908653846 0 0.28125 0
402 0.6410156250000001 0 0.72265625 0.024739584134615387 0.78515625 0.016927084134615387 0.7833426346153847 0 0.6410156250000001 0
402 0.16015625 0 0.2490234375 0.014322915865384615 0.2763671875 0.0078125 0.2797154014423077 0 0.16015625 0
1942 0.4462890625 0.34114583413461536 0.560546875 0.33723958413461536 0.5537109375 0.078125 0.4482421875 0.0703125 0.455078125 0.18619791586538462 0.4423828125 0.18880208413461538 0.4462890625 0.34114583413461536
1708 0.681640625 0.79296875 0.6513671875 0.8072916658653846 0.6513671875 0.6302083341346154 0.703125 0.6393229158653846 0.8173828125 0.53515625 0.56640625 0.5065104158653846 0.4267578125 0.578125 0.4267578125 0.59375 0.6162109375 0.6263020841346154 0.6220703125 0.82421875 0.5439453125 0.8046875 0.5400390625 0.8177083341346154 0.619140625 0.8424479158653846 0.576171875 0.8841145841346154 0.580078125 0.8971354158653846 0.6328125 0.85546875 0.64453125 0.84765625 0.728515625 0.87890625 0.7412109375 0.875 0.65234375 0.8450520841346154 0.67578125 0.8177083341346154 0.685546875 0.79296875 0.681640625 0.79296875
1714 0.4267578125 0.5755208341346154 0.5556640625 0.5078125 0.3701171875 0.48828125 0.22265625 0.5455729158653846 0.2216796875 0.55859375 0.3642578125 0.5807291658653846 0.42578125 0.5885416658653846 0.4267578125 0.5755208341346154
1291 0.3681640625 0.40364583413461536 0.3720703125 0.38541666586538464 0.373046875 0.36848958413461536 0.373046875 0.35416666586538464 0.3544921875 0.34375 0.3447265625 0.34375 0.333984375 0.35546875 0.3271484375 0.37239583413461536 0.3232421875 0.38671875 0.3232421875 0.40104166586538464 0.3115234375 0.41796875 0.294921875 0.42317708413461536 0.306640625 0.47265625 0.3115234375 0.49088541586538464 0.3193359375 0.5 0.3544921875 0.49348958413461536 0.3759765625 0.5 0.40625 0.47395833413461536 0.408203125 0.43880208413461536 0.3984375 0.42447916586538464 0.384765625 0.41536458413461536 0.373046875 0.40885416586538464 0.3681640625 0.40364583413461536
1291 0.4921875 0.5013020841346154 0.541015625 0.5013020841346154 0.5517578125 0.49088541586538464 0.5576171875 0.4609375 0.564453125 0.41145833413461536 0.5615234375 0.38932291586538464 0.541015625 0.36458333413461536 0.5439453125 0.33723958413461536 0.544921875 0.31119791586538464 0.537109375 0.296875 0.5263671875 0.29296875 0.5078125 0.30078125 0.501953125 0.32291666586538464 0.50390625 0.34114583413461536 0.5009765625 0.35546875 0.4892578125 0.36197916586538464 0.4716796875 0.37239583413461536 0.4560546875 0.39713541586538464 0.4482421875 0.42317708413461536 0.4375 0.45833333413461536 0.4384765625 0.47786458413461536 0.44140625 0.48958333413461536 0.4921875 0.5013020841346154
1291 0.625 0.48828125 0.623046875 0.42057291586538464 0.6474609375 0.39453125 0.658203125 0.37239583413461536 0.642578125 0.34635416586538464 0.630859375 0.30859375 0.6103515625 0.3020833341346154 0.5986328125 0.31119791586538464 0.591796875 0.33072916586538464 0.5791015625 0.35026041586538464 0.544921875 0.33984375 0.54296875 0.36848958413461536 0.5751953125 0.38932291586538464 0.5732421875 0.40625 0.5673828125 0.44921875 0.5615234375 0.48697916586538464 0.5556640625 0.49609375 0.609375 0.5091145841346154 0.625 0.48828125
1291 0.712890625 0.36067708413461536 0.7001953125 0.34244791586538464 0.70703125 0.33854166586538464 0.70703125 0.31640625 0.7021484375 0.3046875 0.6923828125 0.28515625 0.681640625 0.27734375 0.6669921875 0.27734375 0.6611328125 0.2890625 0.65234375 0.2994791658653846 0.646484375 0.3125 0.654296875 0.31770833413461536 0.6552734375 0.33203125 0.66015625 0.35546875 0.6640625 0.37109375 0.6533203125 0.38802083413461536 0.6376953125 0.40364583413461536 0.625 0.42057291586538464 0.626953125 0.47526041586538464 0.6240234375 0.50390625 0.6455078125 0.51171875 0.7216796875 0.5208333341346154 0.728515625 0.51953125 0.7431640625 0.51953125 0.7529296875 0.484375 0.7529296875 0.45963541586538464 0.75390625 0.43098958413461536 0.7626953125 0.41927083413461536 0.7568359375 0.39583333413461536 0.75 0.38671875 0.73046875 0.37369791586538464 0.712890625 0.36067708413461536
1289 0.8388671875 0.38020833413461536 0.83203125 0.36458333413461536 0.83203125 0.34895833413461536 0.8330078125 0.328125 0.828125 0.30859375 0.8212890625 0.2916666658653846 0.8017578125 0.2916666658653846 0.7861328125 0.2994791658653846 0.78125 0.3125 0.78125 0.33854166586538464 0.7861328125 0.35807291586538464 0.7890625 0.375 0.791015625 0.38541666586538464 0.767578125 0.40625 0.759765625 0.43489583413461536 0.7578125 0.48697916586538464 0.7568359375 0.5143229158653846 0.7705078125 0.5625 0.7548828125 0.6080729158653846 0.7626953125 0.66015625 0.763671875 0.75390625 0.78125 0.79296875 0.78515625 0.8020833341346154 0.779296875 0.8411458341346154 0.7861328125 0.8502604158653846 0.8037109375 0.8463541658653846 0.8212890625 0.81640625 0.826171875 0.8177083341346154 0.8310546875 0.80859375 0.8310546875 0.7890625 0.8173828125 0.7122395841346154 0.810546875 0.6809895841346154 0.8251953125 0.6484375 0.83203125 0.62890625 0.8515625 0.65234375 0.869140625 0.6979166658653846 0.8994140625 0.7578125 0.9228515625 0.7994791658653846 0.939453125 0.8111979158653846 0.958984375 0.8216145841346154 0.966796875 0.8333333341346154 0.970703125 0.81640625 0.9677734375 0.8020833341346154 0.9462890625 0.765625 0.9404296875 0.70703125 0.927734375 0.6458333341346154 0.9072265625 0.6028645841346154 0.88671875 0.5598958341346154 0.9052734375 0.546875 0.904296875 0.5182291658653846 0.9013671875 0.49479166586538464 0.8916015625 0.45703125 0.8828125 0.42447916586538464 0.8759765625 0.40104166586538464 0.857421875 0.38541666586538464 0.8388671875 0.38020833413461536
1286 0.220703125 0.24869791586538462 0.2119140625 0.23177083413461538 0.203125 0.2265625 0.1884765625 0.22786458413461538 0.1767578125 0.23958333413461538 0.17578125 0.2604166658653846 0.16796875 0.2669270841346154 0.158203125 0.2825520841346154 0.1455078125 0.29296875 0.1298828125 0.31901041586538464 0.1328125 0.35286458413461536 0.1328125 0.39192708413461536 0.146484375 0.41796875 0.1708984375 0.43229166586538464 0.1787109375 0.453125 0.1865234375 0.48046875 0.197265625 0.48697916586538464 0.2001953125 0.46484375 0.212890625 0.40885416586538464 0.2314453125 0.40494791586538464 0.2373046875 0.39192708413461536 0.240234375 0.37109375 0.244140625 0.35286458413461536 0.2529296875 0.34244791586538464 0.2568359375 0.32942708413461536 0.248046875 0.31510416586538464 0.2392578125 0.2903645841346154 0.2236328125 0.2825520841346154 0.2216796875 0.2734375 0.220703125 0.24869791586538462
1291 0.240234375 0.5833333341346154 0.25390625 0.5989583341346154 0.2919921875 0.6432291658653846 0.3212890625 0.6705729158653846 0.3544921875 0.6432291658653846 0.341796875 0.58203125 0.2998046875 0.5716145841346154 0.2236328125 0.5559895841346154 0.2255859375 0.5455729158653846 0.2490234375 0.53515625 0.30859375 0.48828125 0.2978515625 0.44791666586538464 0.2919921875 0.42838541586538464 0.2880859375 0.41536458413461536 0.2958984375 0.38932291586538464 0.2958984375 0.36197916586538464 0.2919921875 0.3359375 0.27734375 0.328125 0.2626953125 0.32682291586538464 0.2529296875 0.33333333413461536 0.248046875 0.34765625 0.240234375 0.36067708413461536 0.23828125 0.38671875 0.232421875 0.40364583413461536 0.212890625 0.40885416586538464 0.2080078125 0.42708333413461536 0.19921875 0.48567708413461536 0.2001953125 0.5286458341346154 0.2080078125 0.5611979158653846 0.2119140625 0.5755208341346154 0.240234375 0.5833333341346154
1291 0 0.5794270841346154 0.0009765625 0.5859375 0.0126953125 0.5950520841346154 0.0234375 0.6119791658653846 0.0419921875 0.6497395841346154 0.1044921875 0.6640625 0.1123046875 0.64453125 0.140625 0.6471354158653846 0.1455078125 0.6575520841346154 0.1591796875 0.6549479158653846 0.1767578125 0.6510416658653846 0.19140625 0.65625 0.2177734375 0.6627604158653846 0.2421875 0.63671875 0.2529296875 0.6080729158653846 0.24609375 0.5924479158653846 0.203125 0.56640625 0.197265625 0.49739583413461536 0.1875 0.47526041586538464 0.169921875 0.43619791586538464 0.1552734375 0.421875 0.140625 0.41276041586538464 0.1357421875 0.39713541586538464 0.134765625 0.37369791586538464 0.1279296875 0.32942708413461536 0.123046875 0.31640625 0.111328125 0.31510416586538464 0.0908203125 0.31640625 0.0810546875 0.33463541586538464 0.08203125 0.36067708413461536 0.0830078125 0.38151041586538464 0.08984375 0.390625 0.080078125 0.40625 0.0595703125 0.41145833413461536 0.0400390625 0.41666666586538464 0.0263671875 0.4375 0.0068359375 0.46875 0 0.48128255288461536 0 0.5794270841346154
1714 0 0.6998697908653846 0.0009765625 0.76953125 0.17578125 0.6888020841346154 0 0.6305320552884616 0 0.6998697908653846
1714 0 0.8860677091346154 0.0009765625 0.9973958341346154 0.2392578125 0.9973958341346154 0.5 0.81640625 0.5009765625 0.80078125 0.1796875 0.6927083341346154 0 0.774296170673077 0 0.8860677091346154
943 0.416015625 0.44661458413461536 0.400390625 0.4375 0.3837890625 0.4375 0.375 0.44140625 0.38671875 0.453125 0.388671875 0.46614583413461536 0.3740234375 0.48567708413461536 0.3779296875 0.515625 0.4033203125 0.5299479158653846 0.416015625 0.5221354158653846 0.41796875 0.51171875 0.4296875 0.49479166586538464 0.4345703125 0.46875 0.42578125 0.45703125 0.416015625 0.44661458413461536
943 0.2509765625 0.76953125 0.2705078125 0.7682291658653846 0.2998046875 0.74609375 0.306640625 0.7239583341346154 0.3193359375 0.6380208341346154 0.3017578125 0.6341145841346154 0.2939453125 0.66796875 0.2744140625 0.6927083341346154 0.24609375 0.7005208341346154 0.224609375 0.6927083341346154 0.220703125 0.6692708341346154 0.22265625 0.6432291658653846 0.220703125 0.6302083341346154 0.2060546875 0.62890625 0.19921875 0.7044270841346154 0.2109375 0.7447916658653846 0.2294921875 0.7682291658653846 0.2509765625 0.76953125
153 0.5068359375 0.8046875 0.5068359375 0.7734375 0.4931640625 0.7109375 0.4853515625 0.68359375 0.474609375 0.6692708341346154 0.412109375 0.62890625 0.361328125 0.6328125 0.3486328125 0.6458333341346154 0.3330078125 0.71484375 0.3369140625 0.7630208341346154 0.3701171875 0.8033854158653846 0.423828125 0.83203125 0.4521484375 0.828125 0.4794921875 0.8177083341346154 0.5068359375 0.8046875
357 0.11328125 0.8997395841346154 0.1083984375 0.890625 0.0849609375 0.890625 0.0712890625 0.8997395841346154 0.0517578125 0.9244791658653846 0.0478515625 0.9479166658653846 0.0546875 0.9518229158653846 0.05859375 0.98828125 0.0673828125 0.9895833341346154 0.080078125 0.9856770841346154 0.119140625 0.94921875 0.11328125 0.8997395841346154
357 0.052734375 0.921875 0.046875 0.875 0.0390625 0.8658854158653846 0.0009765625 0.890625 0.0009765625 0.94921875 0.052734375 0.921875
1240 0.2705078125 0.49479166586538464 0.2744140625 0.546875 0.2890625 0.5481770841346154 0.2958984375 0.546875 0.296875 0.49348958413461536 0.2705078125 0.49479166586538464
1240 0.6611328125 0.5247395841346154 0.6669921875 0.5716145841346154 0.681640625 0.5729166658653846 0.6904296875 0.5234375 0.6611328125 0.5247395841346154
291 0.75 0.47395833413461536 0.7451171875 0.4609375 0.744140625 0.44401041586538464 0.7373046875 0.44791666586538464 0.7373046875 0.45833333413461536 0.73046875 0.48046875 0.73046875 0.5364583341346154 0.7412109375 0.5390625 0.7529296875 0.5390625 0.75 0.47395833413461536
291 0.4853515625 0.5390625 0.49609375 0.5403645841346154 0.5 0.53515625 0.501953125 0.484375 0.4951171875 0.47265625 0.494140625 0.44270833413461536 0.4873046875 0.44140625 0.4873046875 0.4609375 0.486328125 0.47916666586538464 0.4853515625 0.48958333413461536 0.4853515625 0.5390625
626 0.400390625 0.5377604158653846 0.388671875 0.5286458341346154 0.353515625 0.5234375 0.33203125 0.5234375 0.3203125 0.54296875 0.3369140625 0.5533854158653846 0.35546875 0.5572916658653846 0.380859375 0.5494791658653846 0.400390625 0.5377604158653846
291 0.3740234375 0.47786458413461536 0.365234375 0.46484375 0.365234375 0.45052083413461536 0.3564453125 0.45052083413461536 0.3564453125 0.46354166586538464 0.3525390625 0.48177083413461536 0.3564453125 0.5182291658653846 0.369140625 0.5234375 0.3759765625 0.5130208341346154 0.3740234375 0.47786458413461536
1240 0.3251953125 0.8528645841346154 0.326171875 0.7513020841346154 0.3212890625 0.74609375 0.3046875 0.7434895841346154 0.283203125 0.7486979158653846 0.275390625 0.7643229158653846 0.28515625 0.8567708341346154 0.2998046875 0.8658854158653846 0.3115234375 0.8645833341346154 0.3251953125 0.8528645841346154
417 0.51171875 0.828125 0.515625 0.7747395841346154 0.53515625 0.7786458341346154 0.5517578125 0.7825520841346154 0.5546875 0.8567708341346154 0.5634765625 0.8567708341346154 0.5654296875 0.7825520841346154 0.5830078125 0.7799479158653846 0.5908203125 0.921875 0.6005859375 0.9205729158653846 0.5927734375 0.7799479158653846 0.6259765625 0.7682291658653846 0.6513671875 0.75 0.65625 0.8841145841346154 0.66796875 0.87890625 0.658203125 0.6979166658653846 0.59375 0.6848958341346154 0.5927734375 0.5950520841346154 0.572265625 0.5950520841346154 0.529296875 0.5963541658653846 0.498046875 0.58984375 0.48046875 0.578125 0.48046875 0.6028645841346154 0.48828125 0.6549479158653846 0.5009765625 0.7278645841346154 0.5029296875 0.8020833341346154 0.4775390625 0.9231770841346154 0.48828125 0.9270833341346154 0.5009765625 0.8893229158653846 0.51171875 0.828125
1942 0 0.2649739591346154 0.0009765625 0.51171875 0.0947265625 0.49088541586538464 0.072265625 0.022135415865384613 0 0.018281250000000002 0 0.2649739591346154
377 0.00390625 0.7760416658653846 0.001953125 0.8697916658653846 0.0224609375 0.8684895841346154 0.0771484375 0.84765625 0.0947265625 0.8294270841346154 0.111328125 0.8125 0.1171875 0.7838541658653846 0.0908203125 0.7643229158653846 0.0625 0.7565104158653846 0.025390625 0.7604166658653846 0.00390625 0.7760416658653846
291 0.4697265625 0.5130208341346154 0.4677734375 0.46354166586538464 0.4609375 0.4453125 0.4599609375 0.42578125 0.4521484375 0.42447916586538464 0.4541015625 0.44791666586538464 0.451171875 0.46484375 0.4521484375 0.5143229158653846 0.462890625 0.5169270841346154 0.4697265625 0.5130208341346154
419 0.6123046875 0.87109375 0.6025390625 0.8346354158653846 0.5771484375 0.8020833341346154 0.560546875 0.796875 0.552734375 0.8190104158653846 0.546875 0.9973958341346154 0.583984375 0.9973958341346154 0.5947265625 0.9947916658653846 0.6015625 0.9544270841346154 0.6025390625 0.9153645841346154 0.6123046875 0.87109375
1885 0.4501953125 0.016927084134615387 0.4521484375 0.18880208413461538 0.4453125 0.19140625 0.4501953125 0.34244791586538464 0.787109375 0.34244791586538464 0.78515625 0.03515625 0.783203125 0.016927084134615387 0.7197265625 0.024739584134615387 0.6357421875 0 0.4501953125 0.016927084134615387
1885 0.4462890625 0.01171875 0.634765625 0.0013020841346153846 0.2783203125 0.002604165865384616 0.2509765625 0.014322915865384615 0.26953125 0.5911458341346154 0.99609375 0.7486979158653846 0.99609375 0 0.7861328125 0.0013020841346153846 0.7861328125 0.34505208413461536 0.447265625 0.34114583413461536 0.4462890625 0.01171875
1885 0 0 0 0.36328125 0.0009765625 0.7265625 0.265625 0.5924479158653846 0.25 0.014322915865384615 0.158203125 0 0 0
792 0.0009765625 0.9934895841346154 0.9970703125 0.9973958341346154 0.99609375 0.75 0.265625 0.5872395841346154 0.0009765625 0.7252604158653846 0.0009765625 0.9934895841346154