291 0.9661654134615384 0 0.9661654134615384 0.045 0.9586466153846154 0.05 0.9586466153846154 0.195 0.9962406009615384 0.195 0.9962406009615384 0.04 0.9849624062500001 0.035 0.9849624062500001 0 0.9661654134615384 0
1286 0.4924812019230769 0.865 0.7894736850961538 0.86 0.7781954879807693 0.715 0.7744360913461539 0.675 0.7631578942307692 0.62 0.7481203004807693 0.58 0.7255639086538461 0.565 0.6917293221153845 0.545 0.6691729326923077 0.525 0.6691729326923077 0.48000000000000004 0.6766917283653846 0.475 0.6804511274038462 0.44999999999999996 0.6654135336538461 0.4 0.6466165408653846 0.38 0.6165413533653846 0.37 0.5939849615384616 0.39 0.5902255649038461 0.415 0.5902255649038461 0.455 0.5902255649038461 0.5 0.6052631586538462 0.52 0.6090225552884616 0.53 0.6052631586538462 0.55 0.5563909783653846 0.5700000000000001 0.51503759375 0.62 0.4924812019230769 0.6799999999999999 0.48496240625 0.73 0.48872180528846154 0.8 0.4924812019230769 0.865
1520 1 0.2 0.0037593990384615383 0.215 0.0037593990384615383 0.29 1 0.27007518990384616 1 0.2
291 0.9172932331730769 0 0.9172932331730769 0.035 0.902255639423077 0.060000000000000005 0.902255639423077 0.2 0.95488721875 0.195 0.95488721875 0.065 0.9436090216346155 0.045 0.939849625 0.030000000000000002 0.9323308269230769 0 0.9172932331730769 0
291 0.85680109375 0 0.8533834591346154 0.05 0.8421052620192307 0.07 0.8458646610576923 0.2 0.8984962403846153 0.2 0.8984962403846153 0.05 0.8796992475961538 0.04 0.8796992475961538 0 0.85680109375 0
291 0.8007518798076922 0 0.8007518798076922 0.055 0.7894736850961538 0.08 0.7894736850961538 0.2 0.8421052620192307 0.2 0.8383458653846154 0.075 0.8233082716346154 0.055 0.8233082716346154 0 0.8007518798076922 0
291 0.7478070192307692 0 0.7443609014423077 0.055 0.7255639086538461 0.08 0.7293233076923078 0.2 0.7894736850961538 0.2 0.7857142860576923 0.08 0.7631578942307692 0.060000000000000005 0.7631578942307692 0 0.7478070192307692 0
291 0.6766917283653846 0 0.6766917283653846 0.04 0.6578947379807693 0.065 0.6578947379807693 0.2 0.7255639086538461 0.2 0.7218045120192307 0.07 0.6992481201923078 0.045 0.7030075192307692 0 0.6766917283653846 0
291 0.6090225552884616 0 0.6090225552884616 0.055 0.5939849615384616 0.08 0.5902255649038461 0.20500000000000002 0.6541353389423077 0.20500000000000002 0.6541353389423077 0.08499999999999999 0.6503759399038462 0.065 0.6390977451923077 0.05 0.6322624735576923 0 0.6090225552884616 0
291 0.5451127812500001 0 0.5488721802884615 0.045 0.5300751875 0.065 0.5300751875 0.09 0.5338345865384615 0.20500000000000002 0.5902255649038461 0.20500000000000002 0.5902255649038461 0.075 0.5864661658653846 0.060000000000000005 0.5676691730769231 0.045 0.5676691730769231 0 0.5451127812500001 0
291 0.4924812019230769 0 0.4924812019230769 0.060000000000000005 0.4736842115384615 0.09 0.4736842115384615 0.20500000000000002 0.5300751875 0.20500000000000002 0.5263157884615385 0.08 0.51503759375 0.065 0.5115467259615385 0 0.4924812019230769 0
291 0.42857142788461544 0 0.42857142788461544 0.035 0.4172932331730769 0.05 0.4097744350961538 0.20500000000000002 0.4699248125 0.20500000000000002 0.4736842115384615 0.065 0.46240601442307694 0.04 0.4511278197115385 0.035 0.4511278197115385 0 0.42857142788461544 0
291 0.3646616538461539 0 0.3609022548076923 0.055 0.3496240600961539 0.08 0.34586466105769226 0.20500000000000002 0.40601503846153847 0.20500000000000002 0.40601503846153847 0.095 0.39473684134615383 0.07 0.38721804567307694 0.05 0.38721804567307694 0 0.3646616538461539 0
291 0.30451127884615387 0 0.3007518798076923 0.04 0.2857142860576923 0.055 0.2857142860576923 0.20500000000000002 0.34210526201923075 0.20500000000000002 0.3496240600961539 0.07 0.33834586538461536 0.055 0.3270676682692307 0.035 0.3233082716346154 0 0.30451127884615387 0
291 0.24389097836538462 0 0.24060150480769232 0.035 0.2293233076923077 0.045 0.2218045120192308 0.05 0.2218045120192308 0.21 0.28195488701923077 0.21 0.28195488701923077 0.055 0.26691729326923075 0.04 0.2593984951923077 0.02 0.2624060144230769 0 0.24389097836538462 0
291 0.1879699254807692 0 0.1879699254807692 0.035 0.17293233173076925 0.045 0.16541353365384615 0.07 0.1616541346153846 0.21 0.21804511298076923 0.21 0.21804511298076923 0.065 0.21428571394230772 0.045 0.20676691826923077 0.035 0.20676691826923077 0 0.1879699254807692 0
291 0.1240601514423077 0 0.12030075240384616 0.045 0.10902255528846154 0.055 0.10150375961538462 0.08 0.10150375961538462 0.21 0.15789473798076925 0.21 0.1616541346153846 0.09 0.1616541346153846 0.07 0.14661654086538461 0.045 0.1390977451923077 0.030000000000000002 0.1390977451923077 0 0.1240601514423077 0
291 0.05263157932692308 0 0.05263157932692308 0.04 0.04135338461538462 0.055 0.03383458653846154 0.07 0.03383458653846154 0.21 0.09398496153846153 0.20500000000000002 0.09774436057692307 0.08 0.09022556490384616 0.065 0.07894736778846154 0.05 0.07142857211538461 0.02 0.07142857211538461 0 0.05263157932692308 0
292 0.0037593990384615383 0 0.0037593990384615383 0.21 0.030075187500000003 0.21 0.026315788461538463 0.07 0.018796992788461538 0.05 0.015037593750000001 0 0.0037593990384615383 0
865 0.42105263221153844 0.35500000000000004 0.40601503846153847 0.335 0.3984962403846154 0.33999999999999997 0.4022556394230769 0.295 0.4135338341346154 0.28 0.3759398485576923 0.28500000000000003 0.39097744471153845 0.28500000000000003 0.3834586466346154 0.33 0.3684210528846154 0.33999999999999997 0.3684210528846154 0.36 0.3684210528846154 0.4 0.3759398485576923 0.42500000000000004 0.4022556394230769 0.42500000000000004 0.42481203125 0.415 0.42481203125 0.39 0.42105263221153844 0.35500000000000004
865 0.3533834591346154 0.42 0.34210526201923075 0.39499999999999996 0.3270676682692307 0.365 0.3270676682692307 0.315 0.3270676682692307 0.28500000000000003 0.31203007451923076 0.29 0.3082706778846154 0.365 0.3007518798076923 0.38 0.28947368509615384 0.41000000000000003 0.2857142860576923 0.44999999999999996 0.28947368509615384 0.485 0.3233082716346154 0.485 0.3533834591346154 0.48000000000000004 0.3533834591346154 0.455 0.3533834591346154 0.42
865 0.2857142860576923 0.41000000000000003 0.2706766923076923 0.385 0.2556390985576923 0.365 0.2556390985576923 0.31 0.2593984951923077 0.29 0.23684210576923076 0.28500000000000003 0.23684210576923076 0.36 0.21804511298076923 0.39 0.20676691826923077 0.415 0.20676691826923077 0.44999999999999996 0.21428571394230772 0.49 0.24436090144230768 0.485 0.2781954879807692 0.485 0.2857142860576923 0.475 0.2857142860576923 0.41000000000000003
865 0.1992481201923077 0.40499999999999997 0.18045112740384614 0.37 0.16917293269230768 0.35500000000000004 0.16917293269230768 0.31 0.17293233173076925 0.28500000000000003 0.1616541346153846 0.28500000000000003 0.15789473798076925 0.35500000000000004 0.15037593990384615 0.38 0.1390977451923077 0.39499999999999996 0.12781954807692308 0.43 0.12781954807692308 0.46 0.1390977451923077 0.495 0.16541353365384615 0.49 0.1992481201923077 0.49 0.20300751923076923 0.475 0.20300751923076923 0.44 0.1992481201923077 0.40499999999999997
865 0.4924812019230769 0.39499999999999996 0.48496240625 0.365 0.4699248125 0.35500000000000004 0.4736842115384615 0.315 0.4699248125 0.28500000000000003 0.4586466153846154 0.28500000000000003 0.4586466153846154 0.35500000000000004 0.43984962499999997 0.375 0.43609022596153846 0.40499999999999997 0.43984962499999997 0.44 0.4473684206730769 0.44999999999999996 0.48872180528846154 0.445 0.4962406009615385 0.44 0.4962406009615385 0.415 0.4924812019230769 0.39499999999999996
865 0.57518796875 0.39 0.5676691730769231 0.35500000000000004 0.5451127812500001 0.33 0.5451127812500001 0.3 0.5488721802884615 0.28 0.5338345865384615 0.28 0.5338345865384615 0.32 0.5300751875 0.32499999999999996 0.5075187980769231 0.34500000000000003 0.5037593990384616 0.37 0.5037593990384616 0.435 0.5187969927884615 0.44 0.5526315793269231 0.44 0.5714285721153846 0.43 0.57518796875 0.39
877 0.939849625 0.39 0.9285714278846153 0.35500000000000004 0.9210526322115384 0.33999999999999997 0.9210526322115384 0.29 0.92481203125 0.275 0.8533834591346154 0.275 0.857142858173077 0.32499999999999996 0.857142858173077 0.35 0.857142858173077 0.38 0.8533834591346154 0.39499999999999996 0.8533834591346154 0.445 0.857142858173077 0.475 0.8834586466346154 0.475 0.9323308269230769 0.475 0.939849625 0.46 0.939849625 0.43 0.939849625 0.39
291 0.9323308269230769 0.855 0.9285714278846153 0.99 0.9774436081730768 0.995 0.9812030072115385 0.865 0.9624060144230769 0.845 0.9624060144230769 0.765 0.9473684206730769 0.77 0.9436090216346155 0.84 0.9323308269230769 0.855
291 0.7180451129807692 0.86 0.7105263149038462 0.9149999999999999 0.7105263149038462 0.995 0.7669172932692307 0.99 0.7631578942307692 0.9149999999999999 0.7593984951923077 0.83 0.7481203004807693 0.8150000000000001 0.7443609014423077 0.73 0.7330827067307693 0.735 0.7293233076923078 0.825 0.7180451129807692 0.86
291 0.8270676682692308 0.8150000000000001 0.8308270673076923 0.99 0.8834586466346154 0.995 0.8834586466346154 0.8049999999999999 0.8684210528846154 0.7899999999999999 0.8646616538461539 0.7100000000000001 0.8458646610576923 0.7100000000000001 0.8421052620192307 0.8 0.8345864663461539 0.8049999999999999 0.8270676682692308 0.8150000000000001
291 0.6466165408653846 0.885 0.642857141826923 0.895 0.642857141826923 0.995 0.7067669182692308 0.995 0.7030075192307692 0.9149999999999999 0.6917293221153845 0.885 0.6804511274038462 0.87 0.6842105264423076 0.8049999999999999 0.6654135336538461 0.8099999999999999 0.6654135336538461 0.865 0.6466165408653846 0.885
291 0.6015037596153846 0.765 0.6015037596153846 0.855 0.5939849615384616 0.865 0.57518796875 0.89 0.5789473677884616 0.995 0.6390977451923077 0.995 0.6390977451923077 0.895 0.6353383461538461 0.875 0.6203007524038462 0.86 0.6165413533653846 0.765 0.6015037596153846 0.765
291 0.5112781947115385 0.8999999999999999 0.5075187980769231 0.9149999999999999 0.5037593990384616 0.995 0.5714285721153846 0.99 0.5714285721153846 0.92 0.5526315793269231 0.89 0.5451127812500001 0.875 0.5451127812500001 0.78 0.5300751875 0.78 0.5263157884615385 0.88 0.5112781947115385 0.8999999999999999
291 0.42481203125 0.995 0.5 0.995 0.4962406009615385 0.855 0.48120300721153847 0.855 0.48120300721153847 0.785 0.45488721875 0.78 0.45488721875 0.855 0.43233082692307695 0.86 0.42481203125 0.995
291 0.4097744350961538 0.995 0.42857142788461544 0.99 0.42857142788461544 0.8999999999999999 0.4135338341346154 0.875 0.4097744350961538 0.77 0.39097744471153845 0.77 0.38721804567307694 0.875 0.3684210528846154 0.895 0.3721804519230769 0.995 0.4097744350961538 0.995
291 0.3007518798076923 0.8999999999999999 0.2969924807692308 0.92 0.2969924807692308 0.99 0.3609022548076923 0.995 0.3646616538461539 0.92 0.3533834591346154 0.895 0.33458646634615385 0.88 0.33458646634615385 0.8099999999999999 0.31954887259615383 0.8099999999999999 0.31954887259615383 0.88 0.31203007451923076 0.885 0.3007518798076923 0.8999999999999999
877 0.14285714182692308 0.44 0.13533834615384616 0.39 0.12781954807692308 0.375 0.12781954807692308 0.315 0.12781954807692308 0.295 0.08270676682692307 0.295 0.07894736778846154 0.35 0.07518796875 0.365 0.05639097836538461 0.415 0.05639097836538461 0.445 0.06766917307692308 0.48000000000000004 0.08270676682692307 0.49 0.10526315865384615 0.49 0.13157894711538462 0.485 0.14285714182692308 0.44
291 0.2593984951923077 0.84 0.24436090144230768 0.84 0.24060150480769232 0.89 0.21052631490384616 0.9299999999999999 0.21052631490384616 0.9600000000000001 0.21052631490384616 0.995 0.29323308173076923 0.995 0.29323308173076923 0.9400000000000001 0.2857142860576923 0.925 0.26315789423076924 0.8999999999999999 0.2593984951923077 0.84
291 0.15789473798076925 0.8999999999999999 0.14661654086538461 0.91 0.13157894711538462 0.925 0.12781954807692308 0.995 0.20300751923076923 0.995 0.20300751923076923 0.965 0.1992481201923077 0.925 0.1842105264423077 0.895 0.18045112740384614 0.865 0.1842105264423077 0.865 0.1842105264423077 0.8350000000000001 0.15789473798076925 0.83 0.15789473798076925 0.8999999999999999
291 0.07142857211538461 0.91 0.05263157932692308 0.925 0.048872180288461534 0.955 0.04511278125 0.99 0.1240601514423077 0.995 0.12781954807692308 0.925 0.11654135336538461 0.91 0.10150375961538462 0.89 0.10526315865384615 0.865 0.10902255528846154 0.865 0.10902255528846154 0.83 0.08270676682692307 0.83 0.07894736778846154 0.865 0.08646616586538462 0.865 0.08646616586538462 0.89 0.07142857211538461 0.91
289 0.7706766923076922 0.84 0.7669172932692307 0.995 0.8195488725961538 0.995 0.8270676682692308 0.8099999999999999 0.8082706778846155 0.8 0.8082706778846155 0.735 0.7932330817307692 0.74 0.7894736850961538 0.795 0.7706766923076922 0.8099999999999999 0.7706766923076922 0.84
291 0.92481203125 0.99 0.9285714278846153 0.785 0.9172932331730769 0.77 0.9135338341346154 0.67 0.8909774447115384 0.6799999999999999 0.8947368413461538 0.7749999999999999 0.8796992475961538 0.7899999999999999 0.8796992475961538 0.8049999999999999 0.8796992475961538 0.995 0.92481203125 0.99