1942 0.56 0.32 0.56 0.6159999999999999 0.872 0.6319999999999999 0.872 0.28533333413461537 0.56 0.32
564 0.8879523798076924 0 0.886 0.10933333413461538 0.87 0.19466666586538464 0.874 0.2533333341346154 0.87 0.32 0.864 0.368 0.864 0.45066666586538456 0.8659999999999999 0.5093333341346153 0.858 0.5760000000000001 0.84 0.752 0.97 0.7706666658653846 0.994 0.7706666658653846 0.994 0 0.8879523798076924 0
1942 0.8819999999999999 0.136 0.5700000000000001 0.2 0.564 0.3146666658653846 0.8819999999999999 0.28 0.8819999999999999 0.136
1230 0.5859285721153846 0 0.582 0.14666666586538463 0.672 0.1333333341346154 0.672 0 0.5859285721153846 0
1230 0.7019574471153847 0 0.7 0.12266666586538462 0.802 0.10400000000000001 0.802 0 0.7019574471153847 0
1230 0.8320000000000001 0 0.8320000000000001 0.09066666586538462 0.886 0.07733333413461539 0.886 0 0.8320000000000001 0
1885 0.3604719110576923 0 0.444 0.47200000000000003 0.44999999999999996 0.864 0.536 0.8160000000000001 0.5519478822115385 0 0.3604719110576923 0
1072 0.422 0.032 0.42 0.016 0.41000000000000003 0.021333334134615387 0.41000000000000003 0.008 0.40399999999999997 0.010666665865384615 0.394 0 0.386 0.026666665865384614 0.39 0.061333334134615385 0.394 0.08266666586538461 0.40599999999999997 0.10933333413461538 0.42 0.09333333413461539 0.42600000000000005 0.07200000000000001 0.42600000000000005 0.05866666586538461 0.422 0.032
1314 0.5 0.22933333413461537 0.45799999999999996 0.2026666658653846 0.44999999999999996 0.32 0.494 0.33866666586538463 0.5 0.22933333413461537
1314 0.44200000000000006 0.002666665865384615 0.44 0.17866666586538463 0.498 0.2133333341346154 0.5 0 0.44200000000000006 0.002666665865384615
1885 0.22264739903846154 0 0.33399999999999996 0.45866666586538457 0.326 0.8586666658653846 0.452 0.8666666658653847 0.44200000000000006 0.47200000000000003 0.3604606730769231 0 0.22264739903846154 0
1885 0 0 0 0.4826666658653846 0.002 0.968 0.266 0.872 0.328 0.8613333341346153 0.33199999999999996 0.4613333341346154 0.22263218509615385 0 0 0
1314 0.41800000000000004 0.4933333341346154 0.35 0.4933333341346154 0.34400000000000003 0.6613333341346154 0.41600000000000004 0.6613333341346154 0.41800000000000004 0.4933333341346154
1120 0.002 0 0.002 0.2133333341346154 0.108 0.2506666658653846 0.11800000000000001 0 0.002 0
1314 0.226 0.28800000000000003 0.224 0.384 0.286 0.3946666658653846 0.286 0.3093333341346154 0.226 0.28800000000000003
865 0.35 0.984 0.348 0.9973333341346154 0.41600000000000004 0.9973333341346154 0.414 0.9866666658653845 0.40599999999999997 0.968 0.386 0.9626666658653846 0.38799999999999996 0.9066666658653847 0.40599999999999997 0.896 0.42 0.8746666658653847 0.424 0.856 0.424 0.8293333341346153 0.41800000000000004 0.8186666658653846 0.402 0.8133333341346154 0.37 0.8106666658653846 0.33999999999999997 0.8160000000000001 0.33199999999999996 0.8266666658653846 0.328 0.856 0.33399999999999996 0.8746666658653847 0.35400000000000004 0.8933333341346154 0.372 0.9066666658653847 0.372 0.9466666658653846 0.37 0.9706666658653845 0.366 0.9733333341346154 0.35 0.984
1708 0.608 0.9013333341346154 0.608 0.712 0.6659999999999999 0.7226666658653845 0.678 0.9146666658653846 0.6859999999999999 0.912 0.6880000000000001 0.7173333341346153 0.736 0.7013333341346153 0.738 0.8533333341346154 0.746 0.8533333341346154 0.7420000000000001 0.6880000000000001 0.75 0.6853333341346153 0.754 0.6693333341346153 0.642 0.6586666658653846 0.56 0.696 0.596 0.7093333341346154 0.598 0.8986666658653846 0.608 0.9013333341346154
417 0.53 0.7733333341346154 0.528 0.8426666658653846 0.532 0.7733333341346154 0.572 0.7759999999999999 0.584 0.8693333341346154 0.5780000000000001 0.7626666658653847 0.596 0.76 0.596 0.752 0.552 0.7386666658653845 0.55 0.6773333341346154 0.504 0.6773333341346154 0.51 0.7013333341346153 0.508 0.752 0.51 0.8026666658653846 0.498 0.88 0.512 0.8320000000000001 0.516 0.7733333341346154 0.53 0.7733333341346154
1661 0.5860000000000001 0.8106666658653846 0.5940000000000001 0.7946666658653846 0.628 0.7946666658653846 0.6319999999999999 0.8160000000000001 0.638 0.9306666658653846 0.644 0.928 0.642 0.9093333341346154 0.646 0.9066666658653847 0.64 0.8133333341346154 0.6479999999999999 0.7919999999999999 0.652 0.7733333341346154 0.64 0.7706666658653846 0.6159999999999999 0.768 0.588 0.768 0.5680000000000001 0.7759999999999999 0.572 0.7893333341346154 0.582 0.8053333341346154 0.574 0.888 0.572 0.9226666658653847 0.5780000000000001 0.9066666658653847 0.584 0.88 0.5860000000000001 0.8106666658653846
1714 0.9920000000000001 0.7733333341346154 0.73 0.752 0.674 0.7946666658653846 0.996 0.8213333341346154 0.9920000000000001 0.7733333341346154
423 0.7739999999999999 0.9973333341346154 0.886 0.9973333341346154 0.822 0.9866666658653845 0.824 0.928 0.876 0.9466666658653846 0.922 0.9573333341346154 0.948 0.9573333341346154 0.968 0.9493333341346154 0.978 0.9173333341346154 0.98 0.824 0.9600000000000001 0.8213333341346154 0.9159999999999999 0.8186666658653846 0.8680000000000001 0.7973333341346154 0.83 0.7946666658653846 0.7899999999999999 0.7813333341346154 0.768 0.7813333341346154 0.748 0.8053333341346154 0.75 0.84 0.75 0.8773333341346153 0.756 0.8986666658653846 0.7759999999999999 0.912 0.78 0.9573333341346154 0.78 0.984 0.7739999999999999 0.9973333341346154
1714 0.32399999999999995 0.736 0.326 0.8906666658653847 0.33199999999999996 0.8906666658653847 0.33999999999999997 0.728 0.382 0.7253333341346154 0.386 0.8106666658653846 0.392 0.8106666658653846 0.398 0.696 0.40800000000000003 0.6906666658653846 0.412 0.6826666658653846 0.268 0.6666666658653846 0.16199999999999998 0.6799999999999999 0.16999999999999998 0.6986666658653846 0.17200000000000001 0.7226666658653845 0.32399999999999995 0.736
417 0.186 0.7093333341346154 0.192 0.7226666658653845 0.19399999999999998 0.8106666658653846 0.196 0.872 0.184 0.9653333341346154 0.19 0.9653333341346154 0.20800000000000002 0.8320000000000001 0.23600000000000002 0.8346666658653846 0.23399999999999999 0.9306666658653846 0.242 0.9359999999999999 0.246 0.8320000000000001 0.266 0.8346666658653846 0.264 0.9786666658653846 0.26999999999999996 0.9866666658653845 0.27399999999999997 0.8453333341346153 0.28400000000000003 0.8320000000000001 0.304 0.824 0.31 0.8320000000000001 0.30799999999999994 0.8853333341346155 0.312 0.9173333341346154 0.31599999999999995 0.9493333341346154 0.322 0.9493333341346154 0.31599999999999995 0.92 0.318 0.8533333341346154 0.32 0.8 0.302 0.7893333341346154 0.28 0.784 0.276 0.7813333341346154 0.27399999999999997 0.7493333341346153 0.27399999999999997 0.7306666658653846 0.28800000000000003 0.7306666658653846 0.3 0.7306666658653846 0.31 0.72 0.30799999999999994 0.6933333341346154 0.26 0.6986666658653846 0.218 0.6986666658653846 0.186 0.6853333341346153 0.186 0.7093333341346154
1714 0.066 0.7919999999999999 0.068 0.8826666658653846 0.068 0.9946666658653847 0.076 0.9946666658653847 0.084 0.784 0.16999999999999998 0.7546666658653846 0.006 0.7253333341346154 0.002 0.7813333341346154 0.038 0.7919999999999999 0.066 0.7919999999999999
1711 0.412 0.9440000000000001 0.384 0.9440000000000001 0.356 0.9466666658653846 0.28400000000000003 0.9973333341346154 0.524 0.9973333341346154 0.56 0.9653333341346154 0.412 0.9440000000000001
423 0.094 0.8053333341346154 0.088 0.8293333341346153 0.066 0.8426666658653846 0.060000000000000005 0.8693333341346154 0.052000000000000005 0.9493333341346154 0.056 0.9493333341346154 0.062000000000000006 0.872 0.12200000000000001 0.88 0.12000000000000001 0.9920000000000001 0.126 0.9920000000000001 0.134 0.8773333341346153 0.15799999999999997 0.872 0.176 0.872 0.19799999999999998 0.9973333341346154 0.20199999999999999 0.9946666658653847 0.176 0.864 0.182 0.8506666658653846 0.176 0.8320000000000001 0.186 0.7333333341346153 0.19399999999999998 0.704 0.186 0.696 0.15399999999999997 0.696 0.12200000000000001 0.696 0.084 0.6906666658653846 0.08 0.7226666658653845 0.092 0.7306666658653846 0.094 0.8053333341346154
792 0.538 0.8160000000000001 0.454 0.8693333341346154 0.33 0.864 0.272 0.8693333341346154 0.002 0.968 0.002 0.9973333341346154 0.238 0.9973333341346154 0.994 0.9946666658653847 0.994 0.8293333341346153 0.538 0.8160000000000001
1885 0.5539413677884615 0 0.536 0.8160000000000001 0.996 0.8293333341346153 0.9920128197115384 0 0.5539413677884615 0
1027 0.524 0.032 0.52 0.3306666658653846 0.546 0.336 0.55 0.03466666586538462 0.524 0.032
1314 0.374 0.216 0.304 0.22933333413461537 0.35 0.4693333341346154 0.424 0.4666666658653846 0.374 0.216
431 0.746 0.7226666658653845 0.75 0.7493333341346153 0.8119999999999999 0.7546666658653846 0.8360000000000001 0.752 0.84 0.6826666658653846 0.8360000000000001 0.6693333341346153 0.8340000000000001 0.6826666658653846 0.822 0.6799999999999999 0.8119999999999999 0.6853333341346153 0.8059999999999999 0.6880000000000001 0.788 0.6826666658653846 0.766 0.6986666658653846 0.764 0.7173333341346153 0.746 0.7226666658653845