402 0.3644444447115385 0 0.3666666658653846 0.020710060096153844 0.9955555552884616 0.020710060096153844 0.9955555552884616 0 0.3644444447115385 0
171 0.2622222211538462 0.6272189350961538 0.10666666586538462 0.6242603557692308 0.12000000000000001 0.9970414206730769 0.9955555552884616 0.9940828413461538 0.9955555552884616 0.6065088750000001 0.6644444447115384 0.6272189350961538 0.52 0.6272189350961538 0.2622222211538462 0.6272189350961538
655 0.002222221153846154 0 0 0.4985207091346154 0 0.9970414206730769 0.12000000000000001 0.9970414206730769 0.0867652860576923 0 0.002222221153846154 0
1542 0.9888888894230768 0.2751479278846154 0.9933333341346154 0.0857988173076923 0.11555555528846154 0.09467455528846153 0.1266666658653846 0.2544378701923077 0.15555555528846154 0.28402366826923076 0.9888888894230768 0.2751479278846154
501 0.16444444471153846 0.39053254326923076 0.16666666586538462 0.5828402355769231 0.15777777884615382 0.5917159759615385 0.15777777884615382 0.6390532548076924 0.1911111105769231 0.6449704134615384 0.22444444471153846 0.6360946754807693 0.22222222115384616 0.5857988173076923 0.2133333341346154 0.57988165625 0.20888888942307693 0.39053254326923076 0.2133333341346154 0.38461538461538464 0.20444444471153847 0.3757396442307692 0.2066666658653846 0.2869822475961538 0.21111111057692306 0.2692307692307692 0.18222222115384618 0.26331361057692304 0.15555555528846154 0.2751479278846154 0.16444444471153846 0.33136094711538466 0.16222222115384616 0.3757396442307692 0.15777777884615382 0.3816568052884615 0.16444444471153846 0.39053254326923076
501 0.5977777788461538 0.38461538461538464 0.5977777788461538 0.5739644975961539 0.5911111105769231 0.5739644975961539 0.5911111105769231 0.6272189350961538 0.5977777788461538 0.6449704134615384 0.6422222211538462 0.6449704134615384 0.64 0.5887573966346153 0.6355555552884616 0.5769230769230769 0.6355555552884616 0.3757396442307692 0.64 0.3698224855769231 0.6355555552884616 0.36686390625 0.6333333341346153 0.2751479278846154 0.64 0.2544378701923077 0.5977777788461538 0.2544378701923077 0.5933333341346153 0.25739644951923074 0.5933333341346153 0.2721893485576923 0.5977777788461538 0.27810650961538463 0.6 0.30177514903846153 0.6 0.3698224855769231 0.5955555552884616 0.37869822596153846 0.5977777788461538 0.38461538461538464
221 0.5 0.6360946754807693 0.5066666658653847 0.6360946754807693 0.5155555552884615 0.6390532548076924 0.5288888894230769 0.6301775144230769 0.5244444447115385 0.6094674567307693 0.5288888894230769 0.5295857980769231 0.5244444447115385 0.5118343197115385 0.5155555552884615 0.4970414206730769 0.508888889423077 0.4881656802884615 0.508888889423077 0.4674556201923077 0.5 0.47337278125000004 0.5044444447115385 0.4970414206730769 0.4911111105769231 0.5088757403846154 0.48888888942307696 0.52662721875 0.4955555552884615 0.5355029591346153 0.4955555552884615 0.5857988173076923 0.4955555552884615 0.6153846153846154 0.4911111105769231 0.6272189350961538 0.5 0.6360946754807693
1161 0.7022222211538461 0.6272189350961538 0.7466666658653847 0.6686390528846153 0.8488888894230769 0.6656804735576922 0.7955555552884616 0.6183431947115385 0.7022222211538461 0.6272189350961538
291 0.6622222211538461 0.41715976442307695 0.6711111105769232 0.41715976442307695 0.6711111105769232 0.38461538461538464 0.6777777788461539 0.38461538461538464 0.6777777788461539 0.3254437860576923 0.6733333341346154 0.3224852067307692 0.6577777788461538 0.3254437860576923 0.6533333341346155 0.38461538461538464 0.6622222211538461 0.3875739639423077 0.6622222211538461 0.41715976442307695
291 0.688888889423077 0.4142011826923077 0.6933333341346154 0.41715976442307695 0.6933333341346154 0.39053254326923076 0.7 0.39053254326923076 0.6977777788461539 0.3254437860576923 0.6822222211538461 0.32840236778846155 0.6799999999999999 0.38461538461538464 0.6866666658653846 0.3875739639423077 0.688888889423077 0.4142011826923077
1753 0.8422222211538462 0.13905325480769232 0.8422222211538462 0.2189349110576923 0.9955555552884616 0.2248520721153846 0.9955555552884616 0.14497041346153847 0.8422222211538462 0.13905325480769232
1753 0.3911111105769231 0.13905325480769232 0.3911111105769231 0.2248520721153846 0.5977777788461538 0.2248520721153846 0.5955555552884616 0.13609467548076923 0.3911111105769231 0.13905325480769232
291 0.4533333341346154 0.49112425961538464 0.4466666658653846 0.49112425961538464 0.4466666658653846 0.5118343197115385 0.44 0.5147928990384615 0.44222222115384613 0.5710059182692308 0.45777777884615384 0.5710059182692308 0.45555555528846153 0.5118343197115385 0.4533333341346154 0.5088757403846154 0.4533333341346154 0.49112425961538464
291 0.3266666658653846 0.3195266274038462 0.32444444471153844 0.3195266274038462 0.32222222115384613 0.3372781057692308 0.3177777788461539 0.3372781057692308 0.3177777788461539 0.36390532451923074 0.3155555552884615 0.3757396442307692 0.33111111057692305 0.3757396442307692 0.33111111057692305 0.3402366875 0.3266666658653846 0.3402366875 0.3266666658653846 0.3195266274038462
291 0.36222222115384617 0.3994082836538461 0.3644444447115385 0.42011834374999996 0.3711111105769231 0.42011834374999996 0.3733333341346154 0.3994082836538461 0.3822222211538462 0.393491125 0.3822222211538462 0.34319526682692303 0.3711111105769231 0.3402366875 0.35777777884615386 0.3402366875 0.35111111057692307 0.35207100480769227 0.35333333413461543 0.37869822596153846 0.35555555528846156 0.393491125 0.36222222115384617 0.3994082836538461
291 0.6933333341346154 0.4644970408653846 0.688888889423077 0.4644970408653846 0.688888889423077 0.4852071009615385 0.6844444447115384 0.4940828413461539 0.6822222211538461 0.5295857980769231 0.6955555552884616 0.5295857980769231 0.6955555552884616 0.4940828413461539 0.6933333341346154 0.49112425961538464 0.6933333341346154 0.4644970408653846
291 0.7355555552884615 0.47337278125000004 0.7333333341346153 0.47337278125000004 0.7311111105769231 0.5 0.7244444447115386 0.5 0.7311111105769231 0.5650887572115384 0.7466666658653847 0.5650887572115384 0.748888889423077 0.5 0.74 0.4970414206730769 0.7355555552884615 0.47337278125000004
1661 0.17555555528846153 0.943786983173077 0.18222222115384618 0.9526627211538461 0.17777777884615384 0.9970414206730769 0.21555555528846154 0.9940828413461538 0.21555555528846154 0.9467455625000001 0.2133333341346154 0.9082840240384615 0.2511111105769231 0.8994082836538462 0.2555555552884615 0.9467455625000001 0.2622222211538462 0.9585798822115384 0.2622222211538462 0.9970414206730769 0.29777777884615386 0.9911242596153845 0.2866666658653846 0.8757396442307692 0.2933333341346154 0.86686390625 0.30888888942307696 0.8491124254807693 0.30888888942307696 0.8254437860576923 0.3066666658653846 0.8076923076923077 0.29111111057692307 0.7988165673076922 0.26444444471153844 0.7928994086538462 0.22888888942307692 0.7928994086538462 0.20222222115384614 0.7988165673076922 0.18 0.8106508870192308 0.16444444471153846 0.8313609471153847 0.16222222115384616 0.8639053245192307 0.17333333413461538 0.8786982259615385 0.17777777884615384 0.8846153846153846 0.17555555528846153 0.943786983173077
1661 0.4311111105769231 0.8816568052884615 0.42666666586538465 0.9378698221153846 0.4333333341346154 0.9467455625000001 0.4311111105769231 0.9940828413461538 0.4533333341346154 0.9940828413461538 0.45555555528846153 0.9023668629807692 0.5066666658653847 0.9053254447115384 0.5066666658653847 0.9497041418269231 0.5155555552884615 0.9526627211538461 0.5155555552884615 0.9940828413461538 0.5355555552884615 0.9940828413461538 0.5244444447115385 0.8786982259615385 0.5466666658653846 0.86686390625 0.5511111105769231 0.8520710048076924 0.5488888894230769 0.8284023677884615 0.5377777788461539 0.8106508870192308 0.5244444447115385 0.7958579879807692 0.5022222211538462 0.7928994086538462 0.48222222115384616 0.7899408293269231 0.4511111105769231 0.7958579879807692 0.4288888894230769 0.8047337283653846 0.41333333413461537 0.8224852067307692 0.41333333413461537 0.8639053245192307 0.42 0.8727810649038462 0.4311111105769231 0.8816568052884615
1661 0.7577777788461538 0.8727810649038462 0.7577777788461538 0.893491125 0.751111110576923 0.9260355024038461 0.7444444447115385 0.9940828413461538 0.76 0.9911242596153845 0.7755555552884614 0.8816568052884615 0.7844444447115385 0.8816568052884615 0.78 0.9319526634615385 0.7844444447115385 0.9408284014423077 0.7822222211538462 0.9911242596153845 0.7977777788461539 0.9911242596153845 0.8 0.943786983173077 0.8066666658653846 0.943786983173077 0.8088888894230769 0.893491125 0.8244444447115384 0.893491125 0.8244444447115384 0.9911242596153845 0.8377777788461539 0.9940828413461538 0.84 0.8875739639423077 0.8533333341346154 0.8875739639423077 0.8577777788461538 0.9319526634615385 0.86 0.9319526634615385 0.8622222211538462 0.9911242596153845 0.8733333341346154 0.9940828413461538 0.8733333341346154 0.9378698221153846 0.8733333341346154 0.9319526634615385 0.8733333341346154 0.86686390625 0.888888889423077 0.8550295865384616 0.8844444447115385 0.8254437860576923 0.88 0.8106508870192308 0.8666666658653847 0.7988165673076922 0.8488888894230769 0.7899408293269231 0.8288888894230768 0.7840236682692308 0.8 0.7840236682692308 0.7733333341346154 0.7840236682692308 0.7555555552884615 0.7928994086538462 0.7444444447115385 0.8047337283653846 0.7444444447115385 0.8372781057692307 0.7533333341346153 0.8520710048076924 0.76 0.8579881658653845 0.7577777788461538 0.8727810649038462
1942 0.5955555552884616 0.31065088701923077 0.4711111105769231 0.31065088701923077 0.47333333413461537 0.5059171586538461 0.5933333341346153 0.5029585793269231 0.5955555552884616 0.31065088701923077
291 0.42444444471153847 0.41715976442307695 0.42 0.41715976442307695 0.41777777884615386 0.4497041418269231 0.41555555528846155 0.45266272115384615 0.41555555528846155 0.5118343197115385 0.4311111105769231 0.5147928990384615 0.4288888894230769 0.45266272115384615 0.42444444471153847 0.4497041418269231 0.42444444471153847 0.41715976442307695
291 0.3288888894230769 0.5088757403846154 0.32444444471153844 0.5088757403846154 0.32444444471153844 0.52662721875 0.32 0.52662721875 0.32 0.5710059182692308 0.3355555552884616 0.5739644975961539 0.33333333413461536 0.5295857980769231 0.33111111057692305 0.523668639423077 0.3288888894230769 0.5088757403846154
1885 0.9955555552884616 0.6065088750000001 0.9955555552884616 0.5710059182692308 0.9955555552884616 0.27810650961538463 0.7733333341346154 0.2810650889423077 0.7822222211538462 0.6153846153846154 0.9955555552884616 0.6065088750000001
1885 0.08899371153846153 0 0.11111111057692308 0.6242603557692308 0.7822222211538462 0.6153846153846154 0.777777778846154 0.2810650889423077 0.9933333341346154 0.2751479278846154 0.9955555552884616 0.017751478365384616 0.3666666658653846 0.023668639423076922 0.3666666658653846 0 0.08899371153846153 0
1314 0.8733333341346154 0.4378698221153846 0.8955555552884615 0.4378698221153846 0.8955555552884615 0.38461538461538464 0.8733333341346154 0.38461538461538464 0.8733333341346154 0.4378698221153846
291 0.4 0.4082840240384616 0.40444444471153845 0.4082840240384616 0.40666666586538464 0.3816568052884615 0.41333333413461537 0.3816568052884615 0.41333333413461537 0.32840236778846155 0.39555555528846154 0.33136094711538466 0.39333333413461535 0.38461538461538464 0.4 0.3875739639423077 0.4 0.4082840240384616