1494 0.11375 0.37 0.27625 0.3283333341346154 0.27625 0.1716666658653846 0.10375 0.185 0.11375 0.37
402 0.0025 0 0.0025 0.09833333413461538 0.435 0.11 0.99875 0.031666665865384615 0.99875 0 0.0025 0
655 1 0.3866666658653846 0.99875 0.13499999999999998 0.8825000000000001 0.14333333413461538 0.8687499999999999 0.6166666658653847 1 0.6381289302884615 1 0.3866666658653846
1494 0.295 0.575 0.38749999999999996 0.5333333341346154 0.36625 0.4083333341346154 0.26999999999999996 0.4466666658653846 0.295 0.575
1132 0.37124999999999997 0.42 0.38749999999999996 0.51 0.44 0.4933333341346154 0.42500000000000004 0.4 0.37124999999999997 0.42
992 0.5075000000000001 0.515 0.32625 0.6283333341346153 0.39 0.6483333341346154 0.3925 0.6816666658653846 0.5675 0.5549999999999999 0.56 0.53 0.5075000000000001 0.515
605 0.7250000000000001 0.675 0.7250000000000001 0.6916666658653846 0.73375 0.705 0.74625 0.7066666658653846 0.74625 0.6916666658653846 0.73875 0.6916666658653846 0.765 0.66 0.7675 0.6633333341346154 0.7737499999999999 0.6583333341346154 0.77 0.6516666658653846 0.77625 0.6433333341346154 0.7775 0.5033333341346153 0.79125 0.4933333341346154 0.79125 0.48000000000000004 0.535 0.4533333341346154 0.4925 0.48000000000000004 0.605 0.4933333341346154 0.60375 0.5033333341346153 0.6 0.51 0.6012500000000001 0.5233333341346154 0.6012500000000001 0.6649999999999999 0.7250000000000001 0.675
605 0.15875 0.6566666658653847 0.18875 0.6666666658653846 0.21375 0.8716666658653847 0.34625 0.9450000000000001 0.44625 0.8433333341346153 0.435 0.7133333341346154 0.5475 0.745 0.6125 0.6983333341346154 0.59875 0.5133333341346155 0.605 0.5016666658653846 0.605 0.4933333341346154 0.47250000000000003 0.47166666586538464 0.16 0.6433333341346154 0.15875 0.6566666658653847
1702 0.9349999999999999 0.7 0.9525 0.7116666658653846 0.95 0.7283333341346154 0.9624999999999999 0.735 0.965 0.7266666658653846 0.965 0.7116666658653846 0.92125 0.6733333341346154 0.93875 0.6733333341346154 0.93875 0.6866666658653846 0.95 0.6883333341346154 0.95 0.6649999999999999 0.8999999999999999 0.6633333341346154 0.8999999999999999 0.6216666658653847 0.91125 0.6216666658653847 0.9312499999999999 0.6233333341346154 0.9575 0.6116666658653845 0.9612499999999999 0.5933333341346153 0.965 0.5716666658653846 0.965 0.5549999999999999 0.955 0.5383333341346154 0.95875 0.5266666658653846 0.96375 0.5166666658653847 0.9762500000000001 0.44999999999999996 0.9312499999999999 0.4316666658653846 0.9225 0.4316666658653846 0.9087500000000001 0.4516666658653846 0.8999999999999999 0.47333333413461537 0.8925 0.49666666586538466 0.895 0.5233333341346154 0.885 0.4983333341346154 0.85875 0.4983333341346154 0.845 0.5033333341346153 0.84375 0.5133333341346155 0.8512500000000001 0.5183333341346154 0.87 0.5183333341346154 0.89125 0.53 0.9037499999999999 0.5433333341346154 0.90625 0.5583333341346154 0.92 0.5583333341346154 0.9299999999999999 0.5700000000000001 0.9287500000000001 0.5816666658653846 0.89625 0.5583333341346154 0.865 0.5583333341346154 0.84875 0.5566666658653846 0.8275 0.5583333341346154 0.8225 0.5666666658653846 0.8374999999999999 0.6066666658653846 0.8512500000000001 0.6066666658653846 0.8837499999999999 0.61 0.8987499999999999 0.6166666658653847 0.89375 0.655 0.8687499999999999 0.655 0.86125 0.67 0.8275 0.6799999999999999 0.82625 0.6866666658653846 0.82375 0.6916666658653846 0.82375 0.7016666658653846 0.8325 0.7033333341346153 0.8350000000000001 0.6866666658653846 0.88875 0.675 0.8825000000000001 0.7116666658653846 0.8724999999999999 0.7233333341346154 0.87125 0.7416666658653847 0.8775000000000001 0.745 0.885 0.735 0.8837499999999999 0.7216666658653845 0.8925 0.7016666658653846 0.9025 0.6833333341346154 0.9349999999999999 0.7
1702 0.6337499999999999 0.8166666658653846 0.63875 0.8216666658653846 0.6425 0.845 0.65625 0.8383333341346154 0.65625 0.825 0.6475000000000001 0.8200000000000001 0.6425 0.8083333341346154 0.5825 0.7766666658653846 0.6125 0.7683333341346154 0.6162500000000001 0.7899999999999999 0.62625 0.785 0.6224999999999999 0.7583333341346153 0.5925 0.7583333341346153 0.57625 0.7583333341346153 0.5712499999999999 0.73 0.5925 0.73 0.61 0.7133333341346154 0.62125 0.705 0.6337499999999999 0.6883333341346154 0.6337499999999999 0.6566666658653847 0.62625 0.6083333341346153 0.6312500000000001 0.5700000000000001 0.64 0.5583333341346154 0.63 0.5383333341346154 0.635 0.5 0.615 0.5183333341346154 0.59 0.5233333341346154 0.565 0.5833333341346154 0.5549999999999999 0.6133333341346154 0.5225000000000001 0.6216666658653847 0.49624999999999997 0.6266666658653846 0.48750000000000004 0.6433333341346154 0.4975 0.6483333341346154 0.5375 0.64 0.475 0.6866666658653846 0.48124999999999996 0.6983333341346154 0.5537500000000001 0.7183333341346153 0.55875 0.7583333341346153 0.5325 0.76 0.525 0.7683333341346154 0.5237499999999999 0.7783333341346155 0.53125 0.77 0.5549999999999999 0.7733333341346154 0.48625 0.8099999999999999 0.485 0.8366666658653846 0.5025 0.8433333341346153 0.5025 0.8200000000000001 0.56375 0.7916666658653846 0.5575 0.8483333341346154 0.5575 0.8733333341346154 0.56875 0.885 0.57625 0.875 0.5712499999999999 0.8566666658653846 0.57625 0.795 0.6337499999999999 0.8166666658653846
1885 0.45125 0.51 0.43624999999999997 0.11666666586538461 0.0037500000000000003 0.10166666586538461 0.0037500000000000003 0.8133333341346154 0.45125 0.51
1885 1 0.0525 0.99875 0.031666665865384615 0.43624999999999997 0.11 0.455 0.51 1 0.6380396658653846 1 0.0525
1027 0.87375 0.056666665865384616 0.87625 0.030000000000000002 0.8049999999999999 0.008333334134615384 0.7899999999999999 0.01 0.7975 0.028333334134615383 0.7925 0.045 0.7837500000000001 0.060000000000000005 0.8150000000000001 0.09333333413461539 0.82625 0.061666665865384614 0.8037500000000001 0.04 0.8062499999999999 0.02 0.85875 0.04166666586538462 0.86 0.05166666586538461 0.8524999999999999 0.06666666586538461 0.85375 0.08333333413461538 0.8724999999999999 0.10166666586538461 0.8825000000000001 0.09166666586538462 0.8837499999999999 0.07833333413461538 0.86375 0.056666665865384616 0.87375 0.056666665865384616
1027 0.52 0.09833333413461538 0.51625 0.10166666586538461 0.5175 0.13 0.53125 0.13 0.53125 0.10333333413461537 0.5237499999999999 0.10166666586538461 0.5237499999999999 0.07833333413461538 0.52 0.08 0.52 0.09833333413461538
1027 0.4525 0.095 0.44625 0.09833333413461538 0.4475 0.13499999999999998 0.46499999999999997 0.13499999999999998 0.46375 0.09166666586538462 0.46 0.09333333413461539 0.46 0.075 0.4525 0.075 0.4525 0.095
1027 0.16249999999999998 0.13666666586538462 0.15875 0.08666666586538462 0.1525 0.0766666658653846 0.14875 0.055 0.13874999999999998 0.0766666658653846 0.13625 0.08666666586538462 0.1375 0.13833333413461538 0.16249999999999998 0.13666666586538462
1700 0.8575 0.37 0.83375 0.37166666586538466 0.83375 0.3983333341346154 0.85625 0.3983333341346154 0.8575 0.37
1027 0.47875 0.3766666658653846 0.48375 0.33333333413461536 0.4775 0.3083333341346154 0.46875 0.27833333413461536 0.46875 0.2533333341346154 0.47125 0.23166666586538462 0.47625 0.2166666658653846 0.4775 0.18666666586538463 0.46499999999999997 0.1566666658653846 0.4625 0.13 0.43624999999999997 0.13 0.435 0.14 0.43624999999999997 0.18166666586538463 0.4375 0.23 0.44375 0.2583333341346154 0.44375 0.3133333341346154 0.4475 0.3866666658653846 0.45125 0.44 0.45749999999999996 0.48000000000000004 0.48625 0.48166666586538465 0.48625 0.44999999999999996 0.485 0.40333333413461536 0.47875 0.3766666658653846
792 1 0.6363756610576924 0.44999999999999996 0.5083333341346153 0.0025 0.8150000000000001 0.0025 0.9966666658653847 0.99875 0.995 1 0.8158333341346153 1 0.6363756610576924