1494 0.89625 0.185 0.72375 0.1716666658653846 0.72375 0.3283333341346154 0.88625 0.37 0.89625 0.185
402 0.00125 0 0.00125 0.031666665865384615 0.565 0.11 0.9974999999999999 0.09833333413461538 0.9974999999999999 0 0.00125 0
655 0 0.6381289302884615 0.13125 0.6166666658653847 0.11750000000000001 0.14333333413461538 0.00125 0.13499999999999998 0 0.3866666658653846 0 0.6381289302884615
1494 0.73 0.4466666658653846 0.6337499999999999 0.4083333341346154 0.6125 0.5333333341346154 0.705 0.575 0.73 0.4466666658653846
1132 0.575 0.4 0.56 0.4933333341346154 0.6125 0.51 0.62875 0.42 0.575 0.4
992 0.44 0.53 0.4325 0.5549999999999999 0.6075 0.6816666658653846 0.61 0.6483333341346154 0.67375 0.6283333341346153 0.4925 0.515 0.44 0.53
605 0.39875 0.6649999999999999 0.39875 0.5233333341346154 0.4 0.51 0.39625 0.5033333341346153 0.39499999999999996 0.4933333341346154 0.5075000000000001 0.48000000000000004 0.46499999999999997 0.4533333341346154 0.20875000000000002 0.48000000000000004 0.20875000000000002 0.4933333341346154 0.2225 0.5033333341346153 0.22375 0.6433333341346154 0.23 0.6516666658653846 0.22625 0.6583333341346154 0.23249999999999998 0.6633333341346154 0.23500000000000001 0.66 0.26125000000000004 0.6916666658653846 0.25375000000000003 0.6916666658653846 0.25375000000000003 0.7066666658653846 0.26625 0.705 0.275 0.6916666658653846 0.275 0.675 0.39875 0.6649999999999999
605 0.84 0.6433333341346154 0.5275 0.47166666586538464 0.39499999999999996 0.4933333341346154 0.39499999999999996 0.5016666658653846 0.40125 0.5133333341346155 0.38749999999999996 0.6983333341346154 0.4525 0.745 0.565 0.7133333341346154 0.5537500000000001 0.8433333341346153 0.6537499999999999 0.9450000000000001 0.78625 0.8716666658653847 0.81125 0.6666666658653846 0.8412499999999999 0.6566666658653847 0.84 0.6433333341346154
1702 0.0975 0.6833333341346154 0.1075 0.7016666658653846 0.11624999999999999 0.7216666658653845 0.115 0.735 0.1225 0.745 0.12875 0.7416666658653847 0.1275 0.7233333341346154 0.11750000000000001 0.7116666658653846 0.11125 0.675 0.165 0.6866666658653846 0.1675 0.7033333341346153 0.17625 0.7016666658653846 0.17625 0.6916666658653846 0.17375000000000002 0.6866666658653846 0.17250000000000001 0.6799999999999999 0.13874999999999998 0.67 0.13125 0.655 0.10625000000000001 0.655 0.10124999999999999 0.6166666658653847 0.11624999999999999 0.61 0.14875 0.6066666658653846 0.16249999999999998 0.6066666658653846 0.17750000000000002 0.5666666658653846 0.17250000000000001 0.5583333341346154 0.15125 0.5566666658653846 0.13499999999999998 0.5583333341346154 0.10375 0.5583333341346154 0.07125000000000001 0.5816666658653846 0.07 0.5700000000000001 0.08 0.5583333341346154 0.09375 0.5583333341346154 0.09625 0.5433333341346154 0.10875 0.53 0.13 0.5183333341346154 0.14875 0.5183333341346154 0.15625 0.5133333341346155 0.155 0.5033333341346153 0.14125 0.4983333341346154 0.115 0.4983333341346154 0.105 0.5233333341346154 0.1075 0.49666666586538466 0.1 0.47333333413461537 0.09125 0.4516666658653846 0.0775 0.4316666658653846 0.06875 0.4316666658653846 0.02375 0.44999999999999996 0.03625 0.5166666658653847 0.04125 0.5266666658653846 0.045 0.5383333341346154 0.035 0.5549999999999999 0.035 0.5716666658653846 0.03875 0.5933333341346153 0.042499999999999996 0.6116666658653845 0.06875 0.6233333341346154 0.08875000000000001 0.6216666658653847 0.1 0.6216666658653847 0.1 0.6633333341346154 0.05 0.6649999999999999 0.05 0.6883333341346154 0.06125 0.6866666658653846 0.06125 0.6733333341346154 0.07875 0.6733333341346154 0.035 0.7116666658653846 0.035 0.7266666658653846 0.0375 0.735 0.05 0.7283333341346154 0.0475 0.7116666658653846 0.065 0.7 0.0975 0.6833333341346154
1702 0.42375 0.795 0.42875 0.8566666658653846 0.42375 0.875 0.43125 0.885 0.4425 0.8733333341346154 0.4425 0.8483333341346154 0.43624999999999997 0.7916666658653846 0.4975 0.8200000000000001 0.4975 0.8433333341346153 0.515 0.8366666658653846 0.51375 0.8099999999999999 0.445 0.7733333341346154 0.46875 0.77 0.47625 0.7783333341346155 0.475 0.7683333341346154 0.46749999999999997 0.76 0.44125000000000003 0.7583333341346153 0.44625 0.7183333341346153 0.51875 0.6983333341346154 0.525 0.6866666658653846 0.4625 0.64 0.5025 0.6483333341346154 0.5125 0.6433333341346154 0.50375 0.6266666658653846 0.4775 0.6216666658653847 0.445 0.6133333341346154 0.435 0.5833333341346154 0.41000000000000003 0.5233333341346154 0.385 0.5183333341346154 0.365 0.5 0.37 0.5383333341346154 0.36 0.5583333341346154 0.36875 0.5700000000000001 0.37374999999999997 0.6083333341346153 0.36625 0.6566666658653847 0.36625 0.6883333341346154 0.37875000000000003 0.705 0.39 0.7133333341346154 0.40750000000000003 0.73 0.42875 0.73 0.42375 0.7583333341346153 0.40750000000000003 0.7583333341346153 0.3775 0.7583333341346153 0.37374999999999997 0.785 0.38375 0.7899999999999999 0.38749999999999996 0.7683333341346154 0.41750000000000004 0.7766666658653846 0.3575 0.8083333341346154 0.3525 0.8200000000000001 0.34375 0.825 0.34375 0.8383333341346154 0.3575 0.845 0.36125 0.8216666658653846 0.36625 0.8166666658653846 0.42375 0.795
1885 0.99625 0.8133333341346154 0.99625 0.10166666586538461 0.56375 0.11666666586538461 0.54875 0.51 0.99625 0.8133333341346154
1885 0 0.6380396658653846 0.545 0.51 0.56375 0.11 0.00125 0.031666665865384615 0 0.0525 0 0.6380396658653846
1027 0.13625 0.056666665865384616 0.11624999999999999 0.07833333413461538 0.11750000000000001 0.09166666586538462 0.1275 0.10166666586538461 0.14625000000000002 0.08333333413461538 0.1475 0.06666666586538461 0.14 0.05166666586538461 0.14125 0.04166666586538462 0.19374999999999998 0.02 0.19625 0.04 0.17375000000000002 0.061666665865384614 0.185 0.09333333413461539 0.21625 0.060000000000000005 0.2075 0.045 0.20249999999999999 0.028333334134615383 0.21 0.01 0.195 0.008333334134615384 0.12375 0.030000000000000002 0.12625 0.056666665865384616 0.13625 0.056666665865384616
1027 0.48000000000000004 0.08 0.47625 0.07833333413461538 0.47625 0.10166666586538461 0.46875 0.10333333413461537 0.46875 0.13 0.4825 0.13 0.48375 0.10166666586538461 0.48000000000000004 0.09833333413461538 0.48000000000000004 0.08
1027 0.5475 0.075 0.5399999999999999 0.075 0.5399999999999999 0.09333333413461539 0.53625 0.09166666586538462 0.535 0.13499999999999998 0.5525 0.13499999999999998 0.5537500000000001 0.09833333413461538 0.5475 0.095 0.5475 0.075
1027 0.8625 0.13833333413461538 0.86375 0.08666666586538462 0.86125 0.0766666658653846 0.8512500000000001 0.055 0.8475 0.0766666658653846 0.8412499999999999 0.08666666586538462 0.8374999999999999 0.13666666586538462 0.8625 0.13833333413461538
1700 0.14375 0.3983333341346154 0.16624999999999998 0.3983333341346154 0.16624999999999998 0.37166666586538466 0.14250000000000002 0.37 0.14375 0.3983333341346154
1027 0.515 0.40333333413461536 0.51375 0.44999999999999996 0.51375 0.48166666586538465 0.5425 0.48000000000000004 0.54875 0.44 0.5525 0.3866666658653846 0.55625 0.3133333341346154 0.55625 0.2583333341346154 0.5625 0.23 0.56375 0.18166666586538463 0.565 0.14 0.56375 0.13 0.5375 0.13 0.535 0.1566666658653846 0.5225000000000001 0.18666666586538463 0.5237499999999999 0.2166666658653846 0.52875 0.23166666586538462 0.53125 0.2533333341346154 0.53125 0.27833333413461536 0.5225000000000001 0.3083333341346154 0.51625 0.33333333413461536 0.52125 0.3766666658653846 0.515 0.40333333413461536
792 0 0.8158333341346153 0.00125 0.995 0.9974999999999999 0.9966666658653847 0.9974999999999999 0.8150000000000001 0.55 0.5083333341346153 0 0.6363756610576924 0 0.8158333341346153