781 0.1508333341346154 0.47333333413461537 0.01 0.48000000000000004 0.01 0.7633333341346155 0.1533333341346154 0.7188888894230769 0.1508333341346154 0.47333333413461537
1942 0.3491666658653846 0.1833333341346154 0.34416666586538464 0.5233333341346154 0.4283333341346154 0.508888889423077 0.4308333341346154 0.19777777884615383 0.3491666658653846 0.1833333341346154
483 0.6266666658653846 0.5966666658653846 0.6241666658653846 0.32555555528846153 0.6216666658653847 0.32 0.6058333341346154 0.35666666586538465 0.6158333341346154 0.3744444447115385 0.6133333341346154 0.601111110576923 0.6266666658653846 0.5966666658653846
1329 0.74 0.5966666658653846 0.7508333341346154 0.4977777788461539 0.7008333341346155 0.5077777788461538 0.6649999999999999 0.4944444447115384 0.6391666658653846 0.6166666658653847 0.6941666658653846 0.6288888894230769 0.7091666658653846 0.6 0.74 0.5966666658653846
1329 0.8283333341346153 0.4144444447115384 0.7566666658653846 0.41333333413461537 0.75 0.4511111105769231 0.8341666658653846 0.4488888894230769 0.8283333341346153 0.4144444447115384
1329 0.9366666658653846 0.4222222211538461 0.84 0.42555555528846156 0.8416666658653846 0.44777777884615383 0.9341666658653847 0.4933333341346154 0.9366666658653846 0.4222222211538461
1329 0.8341666658653846 0.39888888942307693 0.8341666658653846 0.41666666586538464 0.8808333341346154 0.41666666586538464 0.8833333341346153 0.39222222115384614 0.8341666658653846 0.39888888942307693
1329 0.8283333341346153 0.39333333413461535 0.855 0.39333333413461535 0.8566666658653846 0.3733333341346154 0.7766666658653846 0.3755555552884615 0.7733333341346154 0.41777777884615386 0.8200000000000001 0.41666666586538464 0.8283333341346153 0.39333333413461535
1329 0.9358333341346154 0.4833333341346154 0.9541666658653847 0.48444444471153847 0.9675 0.3866666658653846 0.8816666658653846 0.3766666658653846 0.8875 0.4144444447115384 0.9425 0.41888888942307695 0.9358333341346154 0.4833333341346154
570 0.4416666658653846 0.6133333341346154 0.44 0.6322222211538461 0.5166666658653847 0.6322222211538461 0.5141666658653846 0.6155555552884615 0.4416666658653846 0.6133333341346154
1196 0.5116666658653846 0.777777778846154 0.52 0.758888889423077 0.5133333341346155 0.6933333341346154 0.5216666658653846 0.6855555552884615 0.5275 0.6577777788461538 0.4325 0.6522222211538462 0.4208333341346154 0.6833333341346154 0.4466666658653846 0.6922222211538462 0.5008333341346154 0.7133333341346154 0.5116666658653846 0.777777778846154
417 0 0.9955555552884616 0.11833333413461539 0.998888889423077 0.13916666586538462 0.9733333341346154 0.17416666586538462 0.951111110576923 0.19 0.8311111105769231 0.11249999999999999 0.8411111105769231 0.060833334134615384 0.8355555552884616 0.03666666586538461 0.7455555552884616 0 0.771111110576923 0 0.9955555552884616
180 0.2225 0.2133333341346154 0.1475 0.20555555528846153 0.1316666658653846 0.1944444447115385 0.11916666586538462 0.20555555528846153 0.11833333413461539 0.22444444471153846 0.13916666586538462 0.24000000000000002 0.18 0.2433333341346154 0.19333333413461537 0.2511111105769231 0.2425 0.24555555528846154 0.2475 0.23333333413461538 0.2525 0.22222222115384616 0.2458333341346154 0.2 0.2225 0.20555555528846153 0.2225 0.2133333341346154
1456 0.35500000000000004 0.32444444471153844 0.4208333341346154 0.3277777788461539 0.41916666586538465 0.2033333341346154 0.35333333413461543 0.19 0.35500000000000004 0.32444444471153844
1349 0.9041666658653846 0.2466666658653846 0.9116666658653846 0.23111111057692307 0.9108333341346154 0.21444444471153845 0.8866666658653847 0.21777777884615385 0.8633333341346153 0.21777777884615385 0.8483333341346154 0.22 0.8425 0.24777777884615387 0.8533333341346154 0.2533333341346154 0.8666666658653847 0.2544444447115385 0.8724999999999999 0.26444444471153844 0.9008333341346154 0.26 0.9041666658653846 0.2466666658653846
1145 0.9583333341346154 0.3122222211538462 0.9591666658653846 0.28444444471153846 0.9433333341346154 0.26444444471153844 0.9216666658653847 0.2533333341346154 0.905 0.2511111105769231 0.8475 0.2533333341346154 0.8200000000000001 0.26111111057692304 0.7983333341346154 0.28 0.7941666658653846 0.28 0.7933333341346154 0.2833333341346154 0.7966666658653847 0.29 0.7933333341346154 0.3044444447115385 0.7991666658653845 0.32444444471153844 0.8099999999999999 0.33444444471153845 0.8225 0.34111111057692306 0.8533333341346154 0.35 0.8808333341346154 0.34888888942307694 0.9116666658653846 0.34777777884615385 0.9375 0.33888888942307693 0.9525 0.32222222115384613 0.9583333341346154 0.3122222211538462
1895 0.7325 0.35444444471153846 0.7366666658653845 0.3588888894230769 0.7466666658653847 0.35666666586538465 0.7533333341346153 0.35111111057692307 0.7558333341346154 0.34222222115384615 0.7508333341346154 0.33 0.75 0.32444444471153844 0.7566666658653846 0.30777777884615387 0.7616666658653847 0.32222222115384613 0.7658333341346153 0.3266666658653846 0.7658333341346153 0.3355555552884616 0.7608333341346154 0.3355555552884616 0.7616666658653847 0.34222222115384615 0.7675 0.34333333413461536 0.7758333341346154 0.33888888942307693 0.7741666658653846 0.33444444471153845 0.7741666658653846 0.32555555528846153 0.7716666658653846 0.32 0.7641666658653846 0.3155555552884615 0.7558333341346154 0.2933333341346154 0.7408333341346154 0.3277777788461539 0.7341666658653847 0.33444444471153845 0.7325 0.34666666586538464 0.7325 0.35444444471153846
1895 0.9750000000000001 0.3066666658653846 0.97 0.30888888942307696 0.9641666658653846 0.3122222211538462 0.9624999999999999 0.32 0.9608333341346154 0.33111111057692305 0.9624999999999999 0.33666666586538463 0.9716666658653845 0.33777777884615384 0.9783333341346154 0.33777777884615384 0.9891666658653846 0.33222222115384614 0.9933333341346154 0.32444444471153844 0.9866666658653845 0.30888888942307696 0.9875 0.29555555528846156 0.9924999999999999 0.3133333341346154 0.9941666658653846 0.3177777788461539 0.9966666658653847 0.3177777788461539 0.9974999999999999 0.3277777788461539 0.9966666658653847 0.33999999999999997 0.9958333341346154 0.35 0.9991666658653846 0.35 0.9991666658653846 0.3066666658653846 0.9958333341346154 0.3066666658653846 0.99 0.2833333341346154 0.985 0.2833333341346154 0.9816666658653846 0.29555555528846156 0.9808333341346154 0.3 0.9766666658653846 0.3066666658653846 0.9750000000000001 0.3066666658653846
592 0.6883333341346154 0.3911111105769231 0.6833333341346154 0.39333333413461535 0.6741666658653845 0.40222222115384615 0.675 0.4144444447115384 0.6825 0.4322222211538461 0.6849999999999999 0.43555555528846157 0.6725 0.4511111105769231 0.6708333341346153 0.4566666658653846 0.6833333341346154 0.4566666658653846 0.6883333341346154 0.4488888894230769 0.6908333341346153 0.4466666658653846 0.6950000000000001 0.45555555528846153 0.7075 0.45555555528846153 0.6941666658653846 0.4388888894230769 0.6933333341346154 0.43555555528846157 0.6983333341346154 0.4322222211538461 0.6983333341346154 0.42777777884615387 0.7025 0.41888888942307695 0.7033333341346153 0.41000000000000003 0.7 0.4 0.6883333341346154 0.3911111105769231
1314 0.44083333413461534 0.32444444471153844 0.46583333413461536 0.32555555528846153 0.4666666658653846 0.2833333341346154 0.4416666658653846 0.28 0.4391666658653846 0.2833333341346154 0.4391666658653846 0.32444444471153844 0.44083333413461534 0.32444444471153844
1314 0.4391666658653846 0.3777777788461538 0.4633333341346154 0.3788888894230769 0.4666666658653846 0.33777777884615384 0.44 0.3355555552884616 0.4391666658653846 0.3777777788461538
1314 0.4391666658653846 0.4322222211538461 0.46416666586538463 0.43 0.4666666658653846 0.388888889423077 0.4383333341346154 0.388888889423077 0.4391666658653846 0.4322222211538461
1194 0.2633333341346154 0.34777777884615385 0.2675 0.38 0.27416666586538463 0.4233333341346154 0.28083333413461536 0.4488888894230769 0.28500000000000003 0.46 0.2975 0.5422222211538462 0.2983333341346154 0.5955555552884616 0.3108333341346154 0.6966666658653846 0.3266666658653846 0.701111110576923 0.3283333341346154 0.6977777788461539 0.3191666658653846 0.6244444447115385 0.31 0.5833333341346154 0.3025 0.5155555552884615 0.2966666658653846 0.4311111105769231 0.2916666658653846 0.28555555528846155 0.2866666658653846 0.28444444471153846 0.2833333341346154 0.29444444471153847 0.26 0.2933333341346154 0.2658333341346154 0.3111111105769231 0.2658333341346154 0.33222222115384614 0.2633333341346154 0.34777777884615385
450 0.065 0.84 0.1225 0.8422222211538462 0.1891666658653846 0.8333333341346154 0.195 0.86 0.20416666586538462 0.8522222211538462 0.20249999999999999 0.7555555552884615 0.20500000000000002 0.75 0.33 0.7077777788461539 0.3291666658653846 0.7044444447115384 0.2875 0.6911111105769231 0.2866666658653846 0.6622222211538461 0.28 0.6533333341346155 0.2833333341346154 0.64 0.28 0.62 0.27749999999999997 0.61 0.2791666658653846 0.5811111105769231 0.27333333413461536 0.5666666658653846 0.27833333413461536 0.5511111105769231 0.27833333413461536 0.5411111105769231 0.2725 0.5344444447115385 0.27833333413461536 0.5188888894230769 0.27666666586538463 0.5122222211538461 0.2708333341346154 0.511111110576923 0.2658333341346154 0.47222222115384616 0.2708333341346154 0.46 0.2675 0.42777777884615387 0.27666666586538463 0.42444444471153847 0.2691666658653846 0.40888888942307694 0.2583333341346154 0.40444444471153845 0.2591666658653846 0.3755555552884615 0.2633333341346154 0.34111111057692306 0.2633333341346154 0.3133333341346154 0.2616666658653846 0.3 0.2591666658653846 0.29555555528846156 0.2591666658653846 0.29111111057692307 0.2833333341346154 0.29111111057692307 0.28500000000000003 0.28555555528846155 0.2866666658653846 0.26999999999999996 0.2725 0.2577777788461538 0.24916666586538463 0.2544444447115385 0.2483333341346154 0.2466666658653846 0.2133333341346154 0.20555555528846153 0.20249999999999999 0.18222222115384618 0.19333333413461537 0.16222222115384616 0.1908333341346154 0.15888888942307694 0.1916666658653846 0.14888888942307693 0.17333333413461538 0.13222222115384616 0.16666666586538462 0.10777777884615383 0.16583333413461537 0.09111111057692309 0.1616666658653846 0.08 0.1575 0.045555555288461544 0.16249999999999998 0.02888888942307692 0.1541666658653846 0.013333334134615385 0.1541666658653846 0 0.0008333341346153846 0.001111110576923077 0.0025 0.8355555552884616 0.03416666586538462 0.8333333341346154 0.065 0.84
1541 0.23916666586538463 0.7144444447115385 0.2566666658653846 0.7088888894230769 0.2533333341346154 0.6644444447115384 0.24916666586538463 0.6611111105769231 0.23249999999999998 0.42777777884615387 0.23 0.4233333341346154 0.22333333413461537 0.42555555528846156 0.24083333413461538 0.6633333341346154 0.23583333413461538 0.6666666658653846 0.23916666586538463 0.7144444447115385
1375 0.22499999999999998 0.6677777788461537 0.23166666586538462 0.67 0.23500000000000001 0.7166666658653846 0.23666666586538462 0.72 0.2416666658653846 0.7188888894230769 0.2341666658653846 0.6644444447115384 0.22833333413461537 0.6588888894230769 0.2241666658653846 0.5355555552884615 0.22166666586538464 0.5333333341346154 0.2183333341346154 0.5344444447115385 0.22 0.6566666658653847 0.21250000000000002 0.6722222211538462 0.20916666586538463 0.7233333341346154 0.21583333413461536 0.7233333341346154 0.2183333341346154 0.6766666658653846 0.2225 0.67 0.22499999999999998 0.6677777788461537
786 0.305 0.6788888894230769 0.2633333341346154 0.35444444471153846 0.2625 0.3644444447115385 0.2691666658653846 0.4322222211538461 0.2991666658653846 0.6822222211538461 0.2983333341346154 0.6933333341346154 0.3066666658653846 0.6977777788461539 0.305 0.6788888894230769
268 0.3491666658653846 0.688888889423077 0.3491666658653846 0.7088888894230769 0.3983333341346154 0.7188888894230769 0.42 0.7122222211538461 0.42 0.6966666658653846 0.3758333341346154 0.6833333341346154 0.3491666658653846 0.688888889423077
268 0.40499999999999997 0.7277777788461539 0.3741666658653846 0.7133333341346154 0.35416666586538464 0.7111111105769231 0.34416666586538464 0.7133333341346154 0.3383333341346154 0.7177777788461538 0.3275 0.7133333341346154 0.32 0.7144444447115385 0.2991666658653846 0.7277777788461539 0.2916666658653846 0.7344444447115385 0.2833333341346154 0.7455555552884616 0.3183333341346154 0.7677777788461538 0.365 0.75 0.41083333413461537 0.7377777788461538 0.40499999999999997 0.7277777788461539
402 0.5866666658653846 0.18111111057692308 0.9991666658653846 0.12555555528846155 0.9991666658653846 0 0.4241666658653846 0.001111110576923077 0.5850000000000001 0.15777777884615382 0.5866666658653846 0.18111111057692308
1469 0.9591666658653846 0.7233333341346154 0.9624999999999999 0.8622222211538462 0.9991666658653846 0.8755555552884615 0.9991666658653846 0.6977777788461539 0.9750000000000001 0.6933333341346154 0.9591666658653846 0.7233333341346154
1469 1 0.9444444447115384 0.9783333341346154 0.9355555552884615 0.98 0.9466666658653846 0.9691666658653847 0.9566666658653846 0.9266666658653846 0.998888889423077 1 0.998888889423077 1 0.9444444447115384
252 0.4225 0.76 0.40916666586538464 0.7533333341346153 0.3825 0.7344444447115385 0.3691666658653846 0.7388888894230768 0.35333333413461543 0.7644444447115385 0.3383333341346154 0.78 0.3283333341346154 0.8122222211538461 0.3275 0.861111110576923 0.3316666658653846 0.8877777788461538 0.3375 0.9122222211538461 0.3583333341346154 1 0.5008333341346154 0.998888889423077 0.5008333341346154 0.9866666658653845 0.495 0.972222221153846 0.4975 0.9633333341346154 0.52 0.9555555552884616 0.53 0.95 0.5308333341346153 0.9355555552884615 0.5391666658653846 0.8011111105769231 0.5416666658653846 0.7866666658653846 0.46749999999999997 0.7755555552884614 0.4225 0.76
524 0.4125 0.6844444447115384 0.4241666658653846 0.6755555552884616 0.42666666586538465 0.6611111105769231 0.4258333341346154 0.6366666658653847 0.40499999999999997 0.6266666658653846 0.3975 0.62 0.3766666658653846 0.6244444447115385 0.37 0.631111110576923 0.35416666586538464 0.638888889423077 0.35 0.6433333341346154 0.35 0.6877777788461539 0.375 0.6822222211538461 0.39499999999999996 0.6855555552884615 0.4125 0.6844444447115384
444 0.3075 0.8988888894230769 0.29 0.881111110576923 0.28 0.8466666658653845 0.2875 0.8044444447115384 0.3191666658653846 0.7744444447115384 0.34416666586538464 0.7666666658653847 0.40333333413461536 0.7477777788461538 0.4425 0.7644444447115385 0.4883333341346154 0.7755555552884614 0.49666666586538466 0.7755555552884614 0.4925 0.7111111105769231 0.4141666658653846 0.6844444447115384 0.20583333413461538 0.7533333341346153 0.20500000000000002 0.9377777788461539 0.3041666658653846 0.9933333341346154 0.33999999999999997 0.97 0.335 0.92 0.3075 0.8988888894230769
877 0.16 0.87 0.16 0.8577777788461538 0.16 0.8466666658653845 0.1541666658653846 0.84 0.1475 0.8433333341346153 0.1441666658653846 0.8555555552884615 0.11666666586538461 0.8566666658653846 0.09916666586538461 0.8488888894230769 0.0975 0.8511111105769231 0.10333333413461537 0.8666666658653847 0.11 0.8822222211538461 0.1475 0.8922222211538462 0.1525 0.8744444447115385 0.16 0.87
865 0.1441666658653846 0.8444444447115385 0.1541666658653846 0.84 0.155 0.8033333341346154 0.1533333341346154 0.7922222211538461 0.14916666586538463 0.7888888894230769 0.1375 0.7888888894230769 0.12333333413461538 0.7977777788461539 0.12416666586538462 0.86 0.14333333413461538 0.858888889423077 0.1441666658653846 0.8444444447115385
268 0.15166666586538463 0.8511111105769231 0.09 0.8922222211538462 0.09083333413461539 0.9011111105769231 0.1316666658653846 0.9155555552884616 0.1875 0.868888889423077 0.1908333341346154 0.86 0.15166666586538463 0.8511111105769231
224 0.6116666658653845 0.6788888894230769 0.6233333341346154 0.688888889423077 0.625 0.6811111105769231 0.6633333341346154 0.688888889423077 0.6916666658653846 0.6677777788461537 0.6941666658653846 0.6288888894230769 0.6425 0.62 0.6416666658653847 0.611111110576923 0.6258333341346154 0.608888889423077 0.5791666658653847 0.6122222211538462 0.5733333341346154 0.6155555552884615 0.5766666658653846 0.7 0.5883333341346154 0.6844444447115384 0.5975 0.6755555552884616 0.6116666658653845 0.6788888894230769
1453 0.4458333341346154 0.5766666658653846 0.4141666658653846 0.5822222211538461 0.3975 0.6 0.40166666586538463 0.6066666658653846 0.4225 0.6077777788461538 0.4283333341346154 0.6588888894230769 0.4383333341346154 0.6511111105769231 0.5216666658653846 0.6588888894230769 0.5225000000000001 0.7322222211538462 0.5258333341346154 0.741111110576923 0.5341666658653846 0.7355555552884615 0.5316666658653847 0.6688888894230769 0.5575 0.7022222211538461 0.565 0.6977777788461539 0.5666666658653846 0.6866666658653846 0.5358333341346154 0.6522222211538462 0.5383333341346154 0.6077777788461538 0.5491666658653845 0.6066666658653846 0.5608333341346154 0.5811111105769231 0.5475 0.5755555552884615 0.5358333341346154 0.5766666658653846 0.5358333341346154 0.4666666658653846 0.5266666658653846 0.46444444471153845 0.525 0.47777777884615386 0.47333333413461537 0.47888888942307695 0.4533333341346154 0.47777777884615386 0.4516666658653846 0.4666666658653846 0.445 0.4666666658653846 0.4458333341346154 0.5766666658653846
1885 0.24000000000000002 0 0.16 0.002222221153846154 0.16 0.011111110576923076 0.16666666586538462 0.03222222115384615 0.16 0.04777777884615385 0.16666666586538462 0.08 0.17666666586538463 0.1288888894230769 0.19666666586538462 0.15555555528846154 0.2183333341346154 0.20111111057692307 0.2525 0.24222222115384615 0.26083333413461535 0.2522222211538461 0.2866666658653846 0.2633333341346154 0.2958333341346154 0.2833333341346154 0.2966666658653846 0.3522222211538461 0.33249999999999996 0.7044444447115384 0.5391666658653846 0.6544444447115385 0.5483333341346154 0.6544444447115385 0.5700000000000001 0.6577777788461538 0.5716666658653846 0.6133333341346154 0.5758333341346155 0.6077777788461538 0.5883333341346154 0.6066666658653846 0.5933333341346153 0.59 0.5791666658653847 0.5888888894230769 0.565 0.5744444447115384 0.5566666658653846 0.5533333341346154 0.5583333341346154 0.5355555552884615 0.5775 0.48888888942307696 0.6091666658653846 0.46555555528846154 0.6675 0.45555555528846153 0.7366666658653845 0.4511111105769231 0.7466666658653847 0.3755555552884615 0.9991666658653846 0.37 0.9991666658653846 0.12555555528846155 0.5875 0.18444444471153845 0.5833333341346154 0.15777777884615382 0.4241666658653846 0 0.24000000000000002 0
1047 0.2966666658653846 0.32333333413461535 0.3 0.34111111057692306 0.2958333341346154 0.34555555528846155 0.2958333341346154 0.36555555528846156 0.3108333341346154 0.3666666658653846 0.3108333341346154 0.34777777884615385 0.31583333413461534 0.34555555528846155 0.3208333341346154 0.3133333341346154 0.3075 0.28444444471153846 0.3041666658653846 0.28222222115384615 0.2983333341346154 0.29111111057692307 0.2966666658653846 0.32333333413461535
1603 0.6950000000000001 0.64 0.6950000000000001 0.6666666658653846 0.6533333341346155 0.6955555552884616 0.6283333341346153 0.6933333341346154 0.6216666658653847 0.688888889423077 0.6158333341346154 0.6788888894230769 0.6024999999999999 0.6755555552884616 0.5966666658653846 0.6777777788461539 0.575 0.7 0.5625 0.7277777788461539 0.5508333341346154 0.7611111105769232 0.5408333341346154 0.8055555552884616 0.34666666586538464 0.7666666658653847 0.31583333413461534 0.777777778846154 0.2933333341346154 0.798888889423077 0.28583333413461537 0.811111110576923 0.28166666586538464 0.8444444447115385 0.28416666586538464 0.8566666658653846 0.29 0.8766666658653846 0.2966666658653846 0.8855555552884616 0.315 0.8999999999999999 0.33416666586538457 0.9177777788461537 0.3358333341346154 0.9222222211538462 0.33999999999999997 0.998888889423077 0.9241666658653845 0.998888889423077 0.9750000000000001 0.9477777788461539 0.9766666658653846 0.9322222211538461 0.9608333341346154 0.8544444447115385 0.9583333341346154 0.7244444447115386 0.9675 0.7033333341346153 0.97 0.688888889423077 0.9641666658653846 0.64 0.9516666658653846 0.6266666658653846 0.8908333341346153 0.6133333341346154 0.8825000000000001 0.5511111105769231 0.8733333341346154 0.5477777788461539 0.8408333341346155 0.5744444447115384 0.7975 0.6055555552884615 0.7108333341346154 0.6033333341346154 0.7 0.62 0.6950000000000001 0.64
821 0.6275000000000001 0.49 0.6275000000000001 0.4977777788461539 0.63 0.5944444447115385 0.7491666658653846 0.601111110576923 0.7925 0.6033333341346154 0.8225 0.5833333341346154 0.8241666658653847 0.5 0.8183333341346154 0.49666666586538466 0.8091666658653847 0.5022222211538462 0.6275000000000001 0.49
218 0.965 0.638888889423077 0.9716666658653845 0.6933333341346154 0.9991666658653846 0.6766666658653846 0.9991666658653846 0.5611111105769231 0.98 0.5700000000000001 0.97 0.5977777788461538 0.9466666658653846 0.6222222211538462 0.965 0.638888889423077
1518 0.9591666658653846 0.4866666658653846 0.9491666658653847 0.4922222211538462 0.9383333341346154 0.4866666658653846 0.9333333341346154 0.4988888894230769 0.9666666658653846 0.5333333341346154 0.9774999999999999 0.5633333341346154 0.9983333341346154 0.5511111105769231 0.9991666658653846 0.48222222115384616 0.9575 0.47222222115384616 0.9591666658653846 0.4866666658653846
1329 0.9624999999999999 0.4344444447115385 0.9591666658653846 0.4666666658653846 1 0.48000000000000004 0.9991666658653846 0.47333333413461537 0.9991666658653846 0.3722222211538462 0.8858333341346154 0.3733333341346154 0.8841666658653846 0.42 0.9624999999999999 0.4344444447115385
1329 0.7474999999999999 0.4522222211538462 0.76 0.41000000000000003 0.7741666658653846 0.40888888942307694 0.8666666658653847 0.41666666586538464 0.8741666658653846 0.3833333341346154 0.875 0.3755555552884615 0.7491666658653846 0.3733333341346154 0.74 0.4511111105769231 0.7474999999999999 0.4522222211538462
252 0.83 0.4466666658653846 0.8058333341346154 0.4466666658653846 0.7758333341346154 0.4511111105769231 0.7725000000000001 0.45555555528846153 0.7983333341346154 0.46 0.8166666658653846 0.4666666658653846 0.8308333341346154 0.5 0.8408333341346155 0.5700000000000001 0.8683333341346154 0.5466666658653846 0.8825000000000001 0.5466666658653846 0.8925 0.611111110576923 0.9366666658653846 0.6177777788461539 0.9375 0.5366666658653846 0.9375 0.5311111105769231 0.9166666658653846 0.4855555552884615 0.8825000000000001 0.46 0.8524999999999999 0.44777777884615383 0.83 0.4466666658653846
504 0.6158333341346154 0.4944444447115384 0.6258333341346154 0.48888888942307696 0.8066666658653846 0.4988888894230769 0.8166666658653846 0.4955555552884615 0.8233333341346154 0.49666666586538466 0.8241666658653847 0.501111110576923 0.8291666658653847 0.5399999999999999 0.8391666658653846 0.5411111105769231 0.8425 0.5677777788461539 0.865 0.5488888894230769 0.8825000000000001 0.5466666658653846 0.8925 0.608888889423077 0.9425 0.6177777788461539 0.9741666658653846 0.5855555552884616 0.9733333341346154 0.5577777788461539 0.9266666658653846 0.4933333341346154 0.8133333341346154 0.4666666658653846 0.7666666658653847 0.45555555528846153 0.7274999999999999 0.45444444471153844 0.6658333341346154 0.4566666658653846 0.6108333341346154 0.4666666658653846 0.58 0.48888888942307696 0.5608333341346154 0.5311111105769231 0.5583333341346154 0.5488888894230769 0.565 0.5588888894230769 0.5683333341346154 0.5722222211538461 0.5783333341346154 0.5877777788461539 0.5925 0.5877777788461539 0.6 0.5744444447115384 0.6091666658653846 0.5722222211538461 0.6174999999999999 0.5700000000000001 0.6158333341346154 0.4944444447115384