215 0.20625 0.38875878125 0.18593749999999998 0.5362997668269232 0.0703125 0.5409836057692308 0.10468749999999999 0.9110070264423077 0.6 0.8735363004807692 0.6125 0.8501170961538461 0.6187499999999999 0.5222482427884615 0.5203125 0.5128805625 0.5203125 0.38875878125 0.20625 0.38875878125
1712 0.6046875 0.41451990625 0.6296875 0.38875878125 0.596875 0.32084309134615385 0.5625 0.32084309134615385 0.5359375 0.40046838461538464 0.5609375 0.41686182692307694 0.565625 0.5058548004807693 0.6046875 0.5081967211538462 0.6046875 0.41451990625
1712 0.13125 0.5081967211538462 0.1265625 0.5222482427884615 0.159375 0.5199063221153846 0.15468749999999998 0.5011709591346154 0.159375 0.47775175721153845 0.1609375 0.45199063221153846 0.15 0.4379391105769231 0.15 0.41217798557692303 0.1828125 0.40749414423076924 0.15 0.3395784543269231 0.12187500000000001 0.3372365336538462 0.08906249999999999 0.40749414423076924 0.125 0.41686182692307694 0.1296875 0.42857142788461544 0.12187500000000001 0.44964871153846153 0.1234375 0.47775175721153845 0.13125 0.5081967211538462
1942 0.746875 0.5737704927884615 0.8421875000000001 0.6370023413461539 0.8859375 0.6229508197115384 0.9125000000000001 0.1451990625 0.753125 0.19906323076923077 0.746875 0.5737704927884615
1329 0.328125 0.47306791586538466 0.32343750000000004 0.5409836057692308 0.42500000000000004 0.5339578461538461 0.4234375 0.4707259951923077 0.328125 0.47306791586538466
1329 0.43281250000000004 0.5339578461538461 0.5109375 0.5292740048076923 0.5015625 0.47775175721153845 0.478125 0.46604215384615383 0.44062500000000004 0.4683840745192308 0.428125 0.48009367788461543 0.43281250000000004 0.5339578461538461
1329 0.2296875 0.4871194375 0.23281249999999998 0.5386416850961538 0.31875 0.5362997668269232 0.32343750000000004 0.46604215384615383 0.2296875 0.4871194375
402 0.0015625 0 0.003125 0.06791568990384615 0.09375 0.13348946153846153 0.6156250000000001 0.1451990625 0.7890625 0 0.0015625 0
1885 0.6125 0.6533957836538461 0.6156250000000001 0.14285714182692308 0.09375 0.13348946153846153 0.0953125 0.18969555048076922 0.0953125 0.2107728341346154 0.11249999999999999 0.6791569086538461 0.6125 0.6533957836538461
1885 0.09375 0.13348946153846153 0.003125 0.06791568990384615 0.003125 0.8126463701923077 0.1109375 0.6791569086538461 0.09375 0.13348946153846153
1885 0.7921875 0 0.6156250000000001 0.1451990625 0.6125 0.655737704326923 0.7875000000000001 0.8969555024038461 0.8609374999999999 0.9953161586538462 0.9984375000000001 0.9976580793269231 0.9984375000000001 0 0.7921875 0
792 0.6125 0.6533957836538461 0.11249999999999999 0.6791569086538461 0.0015625 0.8149882908653846 0.0015625 0.9976580793269231 0.8609374999999999 0.9953161586538462 0.6125 0.6533957836538461
109 0.9484375 0.5737704927884615 0.9453125 0.5644028100961539 0.9312499999999999 0.5714285721153846 0.9234374999999999 0.6135831370192307 0.925 0.6346604206730769 0.9234374999999999 0.6533957836538461 0.9390624999999999 0.6533957836538461 0.9390624999999999 0.6416861826923077 0.9484375 0.6135831370192307 0.9484375 0.5925058557692308 0.9484375 0.5737704927884615
1198 0.6515625 0.58548009375 0.6499999999999999 0.6135831370192307 0.65625 0.6182669783653847 0.65625 0.5878220144230769 0.6515625 0.58548009375