215 0.47968750000000004 0.38875878125 0.47968750000000004 0.5128805625 0.38125 0.5222482427884615 0.38749999999999996 0.8501170961538461 0.4 0.8735363004807692 0.8953125 0.9110070264423077 0.9296875 0.5409836057692308 0.8140624999999999 0.5362997668269232 0.79375 0.38875878125 0.47968750000000004 0.38875878125
1712 0.39531249999999996 0.5081967211538462 0.43437499999999996 0.5058548004807693 0.4390625 0.41686182692307694 0.46406250000000004 0.40046838461538464 0.4375 0.32084309134615385 0.40312499999999996 0.32084309134615385 0.37031250000000004 0.38875878125 0.39531249999999996 0.41451990625 0.39531249999999996 0.5081967211538462
1712 0.8765624999999999 0.47775175721153845 0.878125 0.44964871153846153 0.8703125 0.42857142788461544 0.875 0.41686182692307694 0.9109375 0.40749414423076924 0.878125 0.3372365336538462 0.8500000000000001 0.3395784543269231 0.8171875 0.40749414423076924 0.8500000000000001 0.41217798557692303 0.8500000000000001 0.4379391105769231 0.8390625 0.45199063221153846 0.840625 0.47775175721153845 0.8453124999999999 0.5011709591346154 0.840625 0.5199063221153846 0.8734375000000001 0.5222482427884615 0.8687499999999999 0.5081967211538462 0.8765624999999999 0.47775175721153845
1942 0.246875 0.19906323076923077 0.0875 0.1451990625 0.11406250000000001 0.6229508197115384 0.15781250000000002 0.6370023413461539 0.253125 0.5737704927884615 0.246875 0.19906323076923077
1329 0.5765625 0.4707259951923077 0.575 0.5339578461538461 0.6765625 0.5409836057692308 0.671875 0.47306791586538466 0.5765625 0.4707259951923077
1329 0.571875 0.48009367788461543 0.559375 0.4683840745192308 0.521875 0.46604215384615383 0.4984375 0.47775175721153845 0.48906249999999996 0.5292740048076923 0.5671875 0.5339578461538461 0.571875 0.48009367788461543
1329 0.6765625 0.46604215384615383 0.6812499999999999 0.5362997668269232 0.7671874999999999 0.5386416850961538 0.7703125 0.4871194375 0.6765625 0.46604215384615383
402 0.2109375 0 0.384375 0.1451990625 0.90625 0.13348946153846153 0.996875 0.06791568990384615 0.9984375000000001 0 0.2109375 0
1885 0.8875 0.6791569086538461 0.9046875000000001 0.2107728341346154 0.9046875000000001 0.18969555048076922 0.90625 0.13348946153846153 0.384375 0.14285714182692308 0.38749999999999996 0.6533957836538461 0.8875 0.6791569086538461
1885 0.8890625000000001 0.6791569086538461 0.996875 0.8126463701923077 0.996875 0.06791568990384615 0.90625 0.13348946153846153 0.8890625000000001 0.6791569086538461
1885 0.0015625 0 0.0015625 0.9976580793269231 0.1390625 0.9953161586538462 0.21250000000000002 0.8969555024038461 0.38749999999999996 0.655737704326923 0.384375 0.1451990625 0.2078125 0 0.0015625 0
792 0.1390625 0.9953161586538462 0.9984375000000001 0.9976580793269231 0.9984375000000001 0.8149882908653846 0.8875 0.6791569086538461 0.38749999999999996 0.6533957836538461 0.1390625 0.9953161586538462
109 0.0515625 0.5925058557692308 0.0515625 0.6135831370192307 0.060937500000000006 0.6416861826923077 0.060937500000000006 0.6533957836538461 0.0765625 0.6533957836538461 0.075 0.6346604206730769 0.0765625 0.6135831370192307 0.06875 0.5714285721153846 0.0546875 0.5644028100961539 0.0515625 0.5737704927884615 0.0515625 0.5925058557692308
1198 0.34375 0.5878220144230769 0.34375 0.6182669783653847 0.35 0.6135831370192307 0.34843749999999996 0.58548009375 0.34375 0.5878220144230769