402 0.0015625 0 0.0015625 0.03125 0.7390625 0.11458333413461538 0.7375 0.06875 0.7421875 0 0.0015625 0
675 0.6265624999999999 0.13958333413461538 0.3265625 0.11041666586538461 0.328125 0.3604166658653846 0.6156250000000001 0.3895833341346154 0.6265624999999999 0.13958333413461538
1942 0.21250000000000002 0.16666666586538462 0.0015625 0.17083333413461538 0.0015625 0.44999999999999996 0.20937499999999998 0.44375 0.21250000000000002 0.16666666586538462
1708 0.0359375 0.6145833341346154 0.03125 0.48124999999999996 0.040624999999999994 0.48124999999999996 0.0421875 0.6145833341346154 0.048437499999999994 0.6291666658653846 0.0734375 0.64375 0.075 0.6375 0.0546875 0.6208333341346154 0.05 0.5854166658653847 0.05 0.47916666586538464 0.10625000000000001 0.4604166658653846 0.10468749999999999 0.44999999999999996 0.0015625 0.4541666658653846 0.0015625 0.475 0.0109375 0.475 0.01875 0.48750000000000004 0.026562500000000003 0.4979166658653846 0.026562500000000003 0.6125 0.020312499999999997 0.625 0.0015625 0.6312500000000001 0.0125 0.6395833341346153 0.028124999999999997 0.6291666658653846 0.0359375 0.6145833341346154
1711 0.09375 0.9541666658653847 0.125 0.9208333341346153 0.1359375 0.8875 0.1328125 0.8604166658653847 0.1265625 0.8416666658653846 0.11249999999999999 0.8229166658653846 0.09062500000000001 0.8062499999999999 0.0578125 0.7916666658653846 0.0015625 0.7729166658653847 0.0015625 0.9958333341346154 0.03125 0.9937499999999999 0.046875 0.9875 0.09375 0.9541666658653847
1542 0.6968749999999999 0.38541666586538464 0.3359375 0.33333333413461536 0.2265625 0.3416666658653846 0.21718749999999998 0.4229166658653846 0.21250000000000002 0.47916666586538464 0.1875 0.7708333341346154 0.4703125 0.9770833341346153 0.546875 0.9979166658653846 0.6203125 0.4104166658653846 0.6968749999999999 0.38541666586538464
1542 0.546875 0.9958333341346154 0.9984375000000001 0.9958333341346154 0.996875 0.43125 0.734375 0.375 0.6234375000000001 0.4104166658653846 0.546875 0.9958333341346154
522 0.8843749999999999 0.7562500000000001 0.8640625 0.75 0.8265625000000001 0.7416666658653847 0.8109375000000001 0.7458333341346154 0.7890625 0.75 0.7625 0.7604166658653846 0.7484375000000001 0.7708333341346154 0.7437499999999999 0.7854166658653846 0.746875 0.7916666658653846 0.7718750000000001 0.7979166658653847 0.778125 0.8020833341346154 0.8343750000000001 0.7833333341346154 0.8687499999999999 0.7791666658653846 0.8875 0.7749999999999999 0.8843749999999999 0.7562500000000001
522 0.7578125 0.7625 0.796875 0.7458333341346154 0.825 0.73125 0.8187500000000001 0.7229166658653846 0.7984374999999999 0.7124999999999999 0.7875000000000001 0.7104166658653847 0.7671874999999999 0.70625 0.7421875 0.7083333341346154 0.703125 0.7208333341346154 0.6734374999999999 0.7270833341346153 0.6703125000000001 0.7541666658653846 0.6781250000000001 0.76875 0.6953125 0.7749999999999999 0.7234375 0.78125 0.7359374999999999 0.7895833341346153 0.7453125 0.7854166658653846 0.7578125 0.7625
522 0.8359375 0.8979166658653847 0.8187500000000001 0.8958333341346154 0.8031250000000001 0.8958333341346154 0.7875000000000001 0.8958333341346154 0.7765625 0.8833333341346153 0.7625 0.8729166658653846 0.7359374999999999 0.875 0.734375 0.8583333341346153 0.7171875000000001 0.8479166658653846 0.6968749999999999 0.8479166658653846 0.6828125 0.85625 0.6656249999999999 0.8666666658653847 0.6578124999999999 0.8895833341346153 0.6703125000000001 0.9041666658653846 0.6859375000000001 0.90625 0.7 0.8979166658653847 0.7078125 0.8979166658653847 0.703125 0.9145833341346153 0.7281249999999999 0.9375 0.734375 0.9375 0.7453125 0.9437500000000001 0.7671874999999999 0.9437500000000001 0.8 0.9375 0.828125 0.9291666658653847 0.84375 0.91875 0.8359375 0.8979166658653847
1520 0.8 0.17083333413461538 0.9984375000000001 0.15 0.996875 0.12083333413461537 0.7453125 0.14375 0.7453125 0.16249999999999998 0.8 0.17083333413461538
1068 0.7546875 0.1375 0.8734375000000001 0.13125 0.9296875 0.11875 0.9296875 0.09791666586538463 0.8999999999999999 0.07708333413461539 0.8796875 0.08333333413461538 0.85625 0.08124999999999999 0.8421875000000001 0.08124999999999999 0.8203125 0.09166666586538462 0.7984374999999999 0.0875 0.7671874999999999 0.09583333413461538 0.7578125 0.11249999999999999 0.7546875 0.1291666658653846 0.7546875 0.1375
1065 0.9375 0.12083333413461537 0.9937499999999999 0.11458333413461538 0.9953125 0.09583333413461538 0.9906250000000001 0.08124999999999999 0.971875 0.07291666586538462 0.9484375 0.075 0.9375 0.07916666586538461 0.9375 0.10208333413461539 0.9375 0.12083333413461537
1520 0.7593749999999999 0.21250000000000002 0.7625 0.23958333413461538 0.8359375 0.23541666586538462 0.9984375000000001 0.23958333413461538 0.9953125 0.2270833341346154 0.9984375000000001 0.20625 0.7593749999999999 0.21250000000000002
1068 0.9078124999999999 0.2 0.9140625 0.17083333413461538 0.903125 0.16249999999999998 0.8546875 0.1645833341346154 0.8078125 0.16249999999999998 0.765625 0.16249999999999998 0.7578125 0.18125000000000002 0.7609375 0.20625 0.878125 0.20625 0.9078124999999999 0.2
352 0.5140625 0.4604166658653846 0.503125 0.4854166658653846 0.58125 0.5083333341346153 0.5859375 0.46875 0.55 0.45833333413461536 0.5140625 0.4604166658653846
353 0.4828125 0.5416666658653846 0.475 0.5354166658653846 0.46562499999999996 0.5229166658653847 0.44843750000000004 0.5125 0.4390625 0.5166666658653847 0.4296875 0.5104166658653846 0.4125 0.5145833341346153 0.39375000000000004 0.5166666658653847 0.38593750000000004 0.51875 0.3734375 0.53125 0.37968749999999996 0.5395833341346153 0.3921875 0.5458333341346153 0.40156250000000004 0.55 0.4234375 0.55625 0.44999999999999996 0.55625 0.4671875 0.5541666658653847 0.4765625 0.5458333341346153 0.4828125 0.5416666658653846
522 0.8625 0.6270833341346154 0.8546875 0.6104166658653847 0.8328125 0.6083333341346153 0.8187500000000001 0.5958333341346154 0.8031250000000001 0.5958333341346154 0.7296875 0.5979166658653846 0.6937500000000001 0.6166666658653847 0.690625 0.6395833341346153 0.7124999999999999 0.64375 0.7296875 0.6541666658653846 0.746875 0.6625000000000001 0.7593749999999999 0.6645833341346153 0.784375 0.6729166658653847 0.8031250000000001 0.6729166658653847 0.8390625 0.6666666658653846 0.8687499999999999 0.6520833341346154 0.875 0.6395833341346153 0.8625 0.6270833341346154
1885 0.73125 0.36875 0.7375 0.21250000000000002 0.7406250000000001 0.11249999999999999 0.6359375 0.10625000000000001 0.6296875 0.3708333341346154 0.73125 0.36875
1885 0 0.3604166658653846 0.0015625 0.6 0.6125 0.5729166658653846 0.6343749999999999 0.10208333413461539 0.0015625 0.03125 0 0.07604166586538462 0 0.3604166658653846
792 0 0.9937785384615385 0.11249999999999999 0.9958333341346154 0.9953125 0.9937499999999999 0.9984375000000001 0.6645833341346153 0.6109375 0.5708333341346153 0.0015625 0.5979166658653846 0 0.7958333341346153 0 0.9937785384615385
1885 0.7390625 0 0.715625 0.5895833341346154 0.9937499999999999 0.6604166658653846 0.9984375000000001 0 0.7390625 0
419 0.2546875 0.75 0.2390625 0.7041666658653847 0.221875 0.6770833341346154 0.20156249999999998 0.6645833341346153 0.18125000000000002 0.6645833341346153 0.16875 0.6645833341346153 0.14375 0.6833333341346154 0.1265625 0.7208333341346154 0.10625000000000001 0.8020833341346154 0.0796875 0.9854166658653847 0.2296875 0.9958333341346154 0.234375 0.9520833341346153 0.246875 0.8916666658653847 0.2546875 0.8395833341346154 0.2578125 0.8041666658653847 0.2546875 0.75
1027 0.6421874999999999 0.0020833341346153844 0.5875 0.016666665865384615 0.6546875000000001 0.03541666586538462 0.7359374999999999 0.014583334134615385 0.7359374999999999 0.0020833341346153844 0.6421874999999999 0.0020833341346153844