402 0.2578125 0 0.2625 0.06875 0.2609375 0.11458333413461538 0.9984375000000001 0.03125 0.9984375000000001 0 0.2578125 0
675 0.384375 0.3895833341346154 0.671875 0.3604166658653846 0.6734374999999999 0.11041666586538461 0.3734375 0.13958333413461538 0.384375 0.3895833341346154
1942 0.7906249999999999 0.44375 0.9984375000000001 0.44999999999999996 0.9984375000000001 0.17083333413461538 0.7875000000000001 0.16666666586538462 0.7906249999999999 0.44375
1708 0.971875 0.6291666658653846 0.9875 0.6395833341346153 0.9984375000000001 0.6312500000000001 0.9796875 0.625 0.9734375 0.6125 0.9734375 0.4979166658653846 0.98125 0.48750000000000004 0.9890625 0.475 0.9984375000000001 0.475 0.9984375000000001 0.4541666658653846 0.8953125 0.44999999999999996 0.89375 0.4604166658653846 0.95 0.47916666586538464 0.95 0.5854166658653847 0.9453125 0.6208333341346154 0.925 0.6375 0.9265625 0.64375 0.9515625000000001 0.6291666658653846 0.9578125 0.6145833341346154 0.9593750000000001 0.48124999999999996 0.96875 0.48124999999999996 0.9640625 0.6145833341346154 0.971875 0.6291666658653846
1711 0.953125 0.9875 0.96875 0.9937499999999999 0.9984375000000001 0.9958333341346154 0.9984375000000001 0.7729166658653847 0.9421875 0.7916666658653846 0.909375 0.8062499999999999 0.8875 0.8229166658653846 0.8734375000000001 0.8416666658653846 0.8671875 0.8604166658653847 0.8640625 0.8875 0.875 0.9208333341346153 0.90625 0.9541666658653847 0.953125 0.9875
1542 0.37968749999999996 0.4104166658653846 0.453125 0.9979166658653846 0.5296875 0.9770833341346153 0.8125 0.7708333341346154 0.7875000000000001 0.47916666586538464 0.7828124999999999 0.4229166658653846 0.7734375 0.3416666658653846 0.6640625 0.33333333413461536 0.303125 0.38541666586538464 0.37968749999999996 0.4104166658653846
1542 0.3765625 0.4104166658653846 0.265625 0.375 0.003125 0.43125 0.0015625 0.9958333341346154 0.453125 0.9958333341346154 0.3765625 0.4104166658653846
522 0.11249999999999999 0.7749999999999999 0.13125 0.7791666658653846 0.16562500000000002 0.7833333341346154 0.221875 0.8020833341346154 0.22812500000000002 0.7979166658653847 0.253125 0.7916666658653846 0.25625 0.7854166658653846 0.2515625 0.7708333341346154 0.2375 0.7604166658653846 0.2109375 0.75 0.18906250000000002 0.7458333341346154 0.17343750000000002 0.7416666658653847 0.1359375 0.75 0.115625 0.7562500000000001 0.11249999999999999 0.7749999999999999
522 0.2546875 0.7854166658653846 0.2640625 0.7895833341346153 0.2765625 0.78125 0.3046875 0.7749999999999999 0.321875 0.76875 0.3296875 0.7541666658653846 0.3265625 0.7270833341346153 0.296875 0.7208333341346154 0.2578125 0.7083333341346154 0.23281249999999998 0.70625 0.21250000000000002 0.7104166658653847 0.20156249999999998 0.7124999999999999 0.18125000000000002 0.7229166658653846 0.175 0.73125 0.203125 0.7458333341346154 0.2421875 0.7625 0.2546875 0.7854166658653846
522 0.15625 0.91875 0.171875 0.9291666658653847 0.2 0.9375 0.23281249999999998 0.9437500000000001 0.2546875 0.9437500000000001 0.265625 0.9375 0.271875 0.9375 0.296875 0.9145833341346153 0.2921875 0.8979166658653847 0.3 0.8979166658653847 0.3140625 0.90625 0.3296875 0.9041666658653846 0.3421875 0.8895833341346153 0.334375 0.8666666658653847 0.31718749999999996 0.85625 0.303125 0.8479166658653846 0.2828125 0.8479166658653846 0.265625 0.8583333341346153 0.2640625 0.875 0.2375 0.8729166658653846 0.2234375 0.8833333341346153 0.21250000000000002 0.8958333341346154 0.19687500000000002 0.8958333341346154 0.18125000000000002 0.8958333341346154 0.1640625 0.8979166658653847 0.15625 0.91875
1520 0.2546875 0.16249999999999998 0.2546875 0.14375 0.003125 0.12083333413461537 0.0015625 0.15 0.2 0.17083333413461538 0.2546875 0.16249999999999998
1068 0.2453125 0.1291666658653846 0.2421875 0.11249999999999999 0.23281249999999998 0.09583333413461538 0.20156249999999998 0.0875 0.1796875 0.09166666586538462 0.15781250000000002 0.08124999999999999 0.14375 0.08124999999999999 0.12031249999999999 0.08333333413461538 0.1 0.07708333413461539 0.0703125 0.09791666586538463 0.0703125 0.11875 0.1265625 0.13125 0.2453125 0.1375 0.2453125 0.1291666658653846
1065 0.0625 0.10208333413461539 0.0625 0.07916666586538461 0.0515625 0.075 0.028124999999999997 0.07291666586538462 0.009375 0.08124999999999999 0.0046875 0.09583333413461538 0.00625 0.11458333413461538 0.0625 0.12083333413461537 0.0625 0.10208333413461539
1520 0.0015625 0.20625 0.0046875 0.2270833341346154 0.0015625 0.23958333413461538 0.1640625 0.23541666586538462 0.2375 0.23958333413461538 0.24062499999999998 0.21250000000000002 0.0015625 0.20625
1068 0.12187500000000001 0.20625 0.2390625 0.20625 0.2421875 0.18125000000000002 0.234375 0.16249999999999998 0.1921875 0.16249999999999998 0.1453125 0.1645833341346154 0.09687499999999999 0.16249999999999998 0.0859375 0.17083333413461538 0.0921875 0.2 0.12187500000000001 0.20625
352 0.44999999999999996 0.45833333413461536 0.4140625 0.46875 0.41874999999999996 0.5083333341346153 0.49687499999999996 0.4854166658653846 0.4859375 0.4604166658653846 0.44999999999999996 0.45833333413461536
353 0.5234375 0.5458333341346153 0.5328125 0.5541666658653847 0.55 0.55625 0.5765625 0.55625 0.5984375 0.55 0.6078125 0.5458333341346153 0.6203125 0.5395833341346153 0.6265624999999999 0.53125 0.6140625 0.51875 0.60625 0.5166666658653847 0.5875 0.5145833341346153 0.5703125 0.5104166658653846 0.5609375 0.5166666658653847 0.5515625 0.5125 0.534375 0.5229166658653847 0.525 0.5354166658653846 0.5171875 0.5416666658653846 0.5234375 0.5458333341346153
522 0.125 0.6395833341346153 0.13125 0.6520833341346154 0.1609375 0.6666666658653846 0.19687500000000002 0.6729166658653847 0.215625 0.6729166658653847 0.24062499999999998 0.6645833341346153 0.253125 0.6625000000000001 0.2703125 0.6541666658653846 0.2875 0.64375 0.30937499999999996 0.6395833341346153 0.30625 0.6166666658653847 0.2703125 0.5979166658653846 0.19687500000000002 0.5958333341346154 0.18125000000000002 0.5958333341346154 0.1671875 0.6083333341346153 0.1453125 0.6104166658653847 0.1375 0.6270833341346154 0.125 0.6395833341346153
1885 0.37031250000000004 0.3708333341346154 0.36406249999999996 0.10625000000000001 0.259375 0.11249999999999999 0.2625 0.21250000000000002 0.26875 0.36875 0.37031250000000004 0.3708333341346154
1885 1 0.07604166586538462 0.9984375000000001 0.03125 0.365625 0.10208333413461539 0.38749999999999996 0.5729166658653846 0.9984375000000001 0.6 1 0.3604166658653846 1 0.07604166586538462
792 1 0.7958333341346153 0.9984375000000001 0.5979166658653846 0.3890625 0.5708333341346153 0.0015625 0.6645833341346153 0.0046875 0.9937499999999999 0.8875 0.9958333341346154 1 0.9937785384615385 1 0.7958333341346153
1885 0.0015625 0 0.00625 0.6604166658653846 0.284375 0.5895833341346154 0.2609375 0 0.0015625 0
419 0.7421875 0.8041666658653847 0.7453125 0.8395833341346154 0.753125 0.8916666658653847 0.765625 0.9520833341346153 0.7703125 0.9958333341346154 0.9203125000000001 0.9854166658653847 0.89375 0.8020833341346154 0.8734375000000001 0.7208333341346154 0.85625 0.6833333341346154 0.83125 0.6645833341346153 0.8187500000000001 0.6645833341346153 0.7984374999999999 0.6645833341346153 0.778125 0.6770833341346154 0.7609375 0.7041666658653847 0.7453125 0.75 0.7421875 0.8041666658653847
1027 0.2640625 0.0020833341346153844 0.2640625 0.014583334134615385 0.3453125 0.03541666586538462 0.4125 0.016666665865384615 0.3578125 0.0020833341346153844 0.2640625 0.0020833341346153844