836 0.753125 0.8145833341346154 0.7859375 0.7333333341346153 0.8109375000000001 0.05208333413461538 0.7671874999999999 0.03541666586538462 0.5625 0.045833334134615385 0.5625 0.7541666658653846 0.7390625 0.825 0.753125 0.8145833341346154
1542 0.5375 0.39375000000000004 0.1421875 0.5875 0.1515625 0.8083333341346154 0.2796875 0.8500000000000001 0.6296875 0.9979166658653846 0.6921875 0.8625 0.7046874999999999 0.9020833341346154 0.7203124999999999 0.8895833341346153 0.7078125 0.8416666658653846 0.7671874999999999 0.7083333341346154 0.7078125 0.4708333341346154 0.5375 0.39375000000000004
1648 0.19687500000000002 0.9354166658653846 0.2875 0.84375 0.2796875 0.6583333341346154 0.0765625 0.6145833341346154 0.0015625 0.8166666658653846 0.0046875 0.8479166658653846 0.19687500000000002 0.9354166658653846
363 0.12187500000000001 0.65625 0.12187500000000001 0.6125 0.12187500000000001 0.5770833341346153 0.1 0.575 0.0765625 0.5729166658653846 0.09062500000000001 0.6729166658653847 0.1078125 0.6708333341346153 0.12187500000000001 0.6708333341346153 0.12187500000000001 0.65625
363 0.1359375 0.5895833341346154 0.1296875 0.5916666658653846 0.125 0.6291666658653846 0.128125 0.6791666658653847 0.1421875 0.6833333341346154 0.14375 0.6958333341346153 0.153125 0.6958333341346153 0.16249999999999998 0.6916666658653846 0.1671875 0.60625 0.15625 0.6 0.14375 0.6 0.1359375 0.5895833341346154
363 0.21875 0.6104166658653847 0.2140625 0.6333333341346153 0.20937499999999998 0.6604166658653846 0.20468750000000002 0.6958333341346153 0.21875 0.6979166658653846 0.22031250000000002 0.70625 0.23593750000000002 0.7083333341346154 0.2609375 0.6166666658653847 0.2453125 0.6083333341346153 0.2265625 0.6020833341346153 0.21875 0.6104166658653847
363 0.2140625 0.6125 0.20937499999999998 0.6125 0.1953125 0.60625 0.18593749999999998 0.60625 0.1765625 0.6083333341346153 0.1640625 0.6875 0.16875 0.7041666658653847 0.190625 0.7041666658653847 0.19687500000000002 0.7 0.203125 0.6875 0.2140625 0.6125
363 0.0875 0.75 0.0734375 0.6937500000000001 0.0671875 0.6895833341346154 0.056249999999999994 0.6937500000000001 0.04375 0.6916666658653846 0.0359375 0.6916666658653846 0.034375 0.7041666658653847 0.04375 0.7208333341346154 0.053125000000000006 0.7375 0.056249999999999994 0.7791666658653846 0.0734375 0.7875000000000001 0.0859375 0.7875000000000001 0.0875 0.75
363 0.1359375 0.79375 0.1296875 0.7749999999999999 0.12031249999999999 0.7333333341346153 0.12031249999999999 0.7 0.11875 0.6833333341346154 0.1078125 0.6729166658653847 0.1015625 0.6791666658653847 0.078125 0.6791666658653847 0.075 0.6875 0.09375 0.7916666658653846 0.1109375 0.7958333341346153 0.128125 0.8041666658653847 0.1359375 0.79375
363 0.1671875 0.7124999999999999 0.16562500000000002 0.7 0.159375 0.7020833341346153 0.15 0.7020833341346153 0.1453125 0.70625 0.1328125 0.6833333341346154 0.1265625 0.6916666658653846 0.125 0.7124999999999999 0.12187500000000001 0.7333333341346153 0.1296875 0.7791666658653846 0.1328125 0.8083333341346154 0.16875 0.8208333341346153 0.171875 0.7833333341346154 0.1640625 0.7479166658653846 0.1671875 0.7124999999999999
363 0.20937499999999998 0.7020833341346153 0.20156249999999998 0.7020833341346153 0.18906250000000002 0.7041666658653847 0.1796875 0.70625 0.17343750000000002 0.7083333341346154 0.16875 0.7250000000000001 0.16562500000000002 0.7541666658653846 0.175 0.7895833341346153 0.17343750000000002 0.8187500000000001 0.1765625 0.825 0.1953125 0.8270833341346153 0.2296875 0.7250000000000001 0.2234375 0.7124999999999999 0.21875 0.7041666658653847 0.20937499999999998 0.7020833341346153
363 0.21718749999999998 0.9229166658653847 0.22031250000000002 0.8645833341346154 0.22031250000000002 0.8520833341346153 0.2140625 0.8479166658653846 0.1984375 0.8479166658653846 0.18906250000000002 0.8500000000000001 0.1765625 0.8520833341346153 0.17343750000000002 0.8625 0.17031249999999998 0.8854166658653846 0.1671875 0.9229166658653847 0.171875 0.9416666658653846 0.17343750000000002 0.9750000000000001 0.1921875 0.9729166658653846 0.20625 0.9624999999999999 0.2109375 0.9479166658653846 0.21718749999999998 0.9229166658653847
363 0.17031249999999998 0.9604166658653847 0.1671875 0.91875 0.11875 0.9041666658653846 0.0015625 0.8479166658653846 0.0015625 0.9979166658653846 0.16562500000000002 0.9937499999999999 0.17031249999999998 0.9854166658653847 0.17031249999999998 0.9604166658653847
363 0.4984375 0.9145833341346153 0.47187500000000004 0.8979166658653847 0.41874999999999996 0.8770833341346154 0.37968749999999996 0.84375 0.35 0.8 0.3265625 0.7875000000000001 0.31875 0.7645833341346153 0.3125 0.7625 0.2984375 0.76875 0.2921875 0.7916666658653846 0.284375 0.7958333341346153 0.26875 0.8104166658653846 0.2765625 0.8374999999999999 0.2453125 0.8708333341346154 0.234375 0.8791666658653846 0.22031250000000002 0.9041666658653846 0.2078125 0.9479166658653846 0.1921875 0.9750000000000001 0.1671875 0.9937499999999999 0.1984375 0.9979166658653846 0.509375 0.9937499999999999 0.51875 0.9604166658653847 0.4984375 0.9145833341346153
353 0.6187499999999999 0.8229166658653846 0.590625 0.8229166658653846 0.571875 0.83125 0.55625 0.8520833341346153 0.5359375 0.9291666658653847 0.60625 0.9624999999999999 0.6312500000000001 0.90625 0.6421874999999999 0.8833333341346153 0.6515625 0.8583333341346153 0.6187499999999999 0.8229166658653846
352 0.4625 0.6083333341346153 0.428125 0.6 0.39531249999999996 0.5958333341346154 0.37812500000000004 0.5958333341346154 0.35 0.6104166658653847 0.34843749999999996 0.6333333341346153 0.35468750000000004 0.6479166658653847 0.37812500000000004 0.6583333341346154 0.40312499999999996 0.6625000000000001 0.421875 0.6625000000000001 0.4375 0.6625000000000001 0.446875 0.6604166658653846 0.46562499999999996 0.6520833341346154 0.478125 0.6416666658653847 0.48124999999999996 0.625 0.4625 0.6083333341346153
352 0.3671875 0.5979166658653846 0.36406249999999996 0.5916666658653846 0.3359375 0.5791666658653847 0.30781250000000004 0.5791666658653847 0.2796875 0.5854166658653847 0.2546875 0.6 0.2578125 0.6208333341346154 0.278125 0.6333333341346153 0.3140625 0.6354166658653846 0.33906250000000004 0.625 0.3609375 0.6208333341346154 0.3671875 0.5979166658653846
352 0.5109375 0.5645833341346154 0.47343749999999996 0.5583333341346154 0.44062500000000004 0.5583333341346154 0.41874999999999996 0.5625 0.40625 0.575 0.40937500000000004 0.5875 0.4234375 0.5958333341346154 0.459375 0.6041666658653846 0.4765625 0.6104166658653847 0.49531250000000004 0.6041666658653846 0.5171875 0.6041666658653846 0.528125 0.5979166658653846 0.53125 0.5875 0.5109375 0.5645833341346154
352 0.48906249999999996 0.5125 0.459375 0.5208333341346154 0.45625000000000004 0.5395833341346153 0.4703125 0.5541666658653847 0.515625 0.5625 0.5359375 0.5625 0.55 0.5625 0.5640625 0.5520833341346154 0.56875 0.5416666658653846 0.540625 0.525 0.48906249999999996 0.5125
1544 0.7921875 0.6395833341346153 0.815625 0.6354166658653846 0.8656250000000001 0.4979166658653846 0.8500000000000001 0.2979166658653846 0.8046875 0.3020833341346154 0.7921875 0.6395833341346153
1543 0.996875 0.6270833341346154 0.996875 0.39375000000000004 0.921875 0.38749999999999996 0.909375 0.4104166658653846 0.8968750000000001 0.6125 0.9046875000000001 0.6166666658653847 0.9046875000000001 0.6291666658653846 0.9156249999999999 0.625 0.9171875 0.6166666658653847 0.996875 0.6270833341346154
402 0.503125 0 0.5859375 0.029166665865384616 0.965625 0 0.503125 0
1885 0.0015625 0 0.0015625 0.9354166658653846 0.5859375 0.5770833341346153 0.5875 0.03333333413461538 0.5046875 0 0.0015625 0
1885 0.996875 0.5791666658653847 0.996875 0.0020833341346153844 0.9671875000000001 0 0.5875 0.03333333413461538 0.5890625 0.5833333341346154 0.996875 0.5791666658653847
792 0.0015625 0.9979166658653846 0.9953125 0.9979166658653846 0.9953125 0.5791666658653847 0.584375 0.5791666658653847 0.0015625 0.9375 0.0015625 0.9979166658653846
806 0.1515625 0.4229166658653846 0.16562500000000002 0.38749999999999996 0.17343750000000002 0.375 0.18593749999999998 0.38541666586538464 0.1953125 0.375 0.1921875 0.3458333341346154 0.18593749999999998 0.3291666658653846 0.20468750000000002 0.32291666586538464 0.1984375 0.30625 0.19687500000000002 0.2875 0.18593749999999998 0.28125 0.1828125 0.2666666658653846 0.1515625 0.2895833341346154 0.14375 0.28125 0.13125 0.2979166658653846 0.11875 0.2854166658653846 0.115625 0.3020833341346154 0.1109375 0.30625 0.10625000000000001 0.32291666586538464 0.09843750000000001 0.33125000000000004 0.09843750000000001 0.3520833341346154 0.1109375 0.35624999999999996 0.11875 0.35416666586538464 0.1328125 0.3770833341346154 0.1453125 0.3708333341346154 0.1453125 0.4041666658653846 0.1515625 0.4229166658653846
808 0.11406250000000001 0.09583333413461538 0.11875 0.07708333413461539 0.1265625 0.05833333413461539 0.15 0.06458333413461538 0.17343750000000002 0.07083333413461539 0.1921875 0.07916666586538461 0.2109375 0.09583333413461538 0.2296875 0.11041666586538461 0.2390625 0.13541666586538462 0.2640625 0.14166666586538462 0.2796875 0.1520833341346154 0.2921875 0.14583333413461538 0.2734375 0.10833333413461539 0.24843749999999998 0.08541666586538461 0.25625 0.07083333413461539 0.2265625 0.06041666586538462 0.20156249999999998 0.039583334134615386 0.1796875 0.03333333413461538 0.1640625 0.022916665865384617 0.140625 0.0125 0.12187500000000001 0.04166666586538462 0.1 0.05 0.08124999999999999 0.07083333413461539 0.06875 0.08124999999999999 0.0625 0.10833333413461539 0.05 0.11666666586538461 0.0359375 0.13541666586538462 0.034375 0.1520833341346154 0.0515625 0.16249999999999998 0.065625 0.1541666658653846 0.078125 0.13958333413461538 0.0875 0.125 0.09375 0.11041666586538461 0.11406250000000001 0.09583333413461538