1542 0.0019893028846153845 0 0 0.49600000000000005 0 0.9946666658653847 0.95 0.9946666658653847 0.9740000000000001 0.9733333341346154 0.996 0.9066666658653847 0.9940058653846153 0 0.0019893028846153845 0
792 0.998 0.9973333341346154 0.998 0.9946666658653847 0.994 0.9093333341346154 0.972 0.9733333341346154 0.95 0.9946666658653847 0.998 0.9973333341346154
1818 0.336 0.6373333341346155 0.33 0.6213333341346154 0.156 0.41066666586538464 0.14400000000000002 0.40533333413461536 0.116 0.3973333341346154 0.092 0.3973333341346154 0.002 0.41600000000000004 0.002 0.7759999999999999 0.024 0.7759999999999999 0.298 0.6906666658653846 0.322 0.6773333341346154 0.336 0.6586666658653846 0.336 0.6373333341346155
352 0.26999999999999996 0.64 0.26 0.584 0.246 0.5626666658653846 0.224 0.552 0.196 0.5413333341346154 0.164 0.5466666658653846 0.132 0.5786666658653846 0.12200000000000001 0.6026666658653845 0.126 0.6346666658653847 0.14400000000000002 0.672 0.15799999999999997 0.6933333341346154 0.176 0.696 0.22 0.6906666658653846 0.246 0.6799999999999999 0.258 0.6586666658653846 0.26999999999999996 0.64
352 0.132 0.5760000000000001 0.15799999999999997 0.5466666658653846 0.182 0.5413333341346154 0.20400000000000001 0.5386666658653846 0.2 0.5093333341346153 0.188 0.504 0.16999999999999998 0.48800000000000004 0.146 0.4826666658653846 0.114 0.4826666658653846 0.088 0.5013333341346153 0.078 0.528 0.07200000000000001 0.544 0.084 0.5760000000000001 0.098 0.592 0.12000000000000001 0.6 0.12200000000000001 0.5946666658653846 0.132 0.5760000000000001
1819 0.6499999999999999 0.528 0.646 0.5413333341346154 0.522 0.5786666658653846 0.456 0.5973333341346154 0.4 0.5786666658653846 0.382 0.544 0.224 0.3866666658653846 0.23 0.41066666586538464 0.402 0.6026666658653845 0.424 0.6133333341346154 0.462 0.6159999999999999 0.6479999999999999 0.5413333341346154 0.6499999999999999 0.528
353 0.28 0.42666666586538465 0.282 0.44 0.30799999999999994 0.4693333341346154 0.326 0.4826666658653846 0.338 0.49600000000000005 0.364 0.5253333341346154 0.382 0.5306666658653846 0.398 0.5760000000000001 0.45799999999999996 0.5946666658653846 0.492 0.5786666658653846 0.522 0.5680000000000001 0.5579999999999999 0.5653333341346154 0.58 0.5466666658653846 0.606 0.5466666658653846 0.636 0.5333333341346154 0.644 0.512 0.6479999999999999 0.49600000000000005 0.63 0.4826666658653846 0.598 0.45066666586538456 0.592 0.4293333341346154 0.5780000000000001 0.41066666586538464 0.5579999999999999 0.392 0.524 0.392 0.522 0.36 0.492 0.33866666586538463 0.47800000000000004 0.3173333341346154 0.452 0.328 0.43400000000000005 0.32 0.40599999999999997 0.28800000000000003 0.376 0.2986666658653846 0.35400000000000004 0.32 0.33999999999999997 0.312 0.31 0.3066666658653846 0.28400000000000003 0.32533333413461535 0.28 0.34133333413461536 0.268 0.34133333413461536 0.256 0.34133333413461536 0.242 0.35466666586538464 0.222 0.3733333341346154 0.23399999999999999 0.3866666658653846 0.256 0.424 0.28 0.42666666586538465
1818 0.8160000000000001 0.4666666658653846 0.8059999999999999 0.48000000000000004 0.764 0.48800000000000004 0.74 0.4986666658653846 0.704 0.5093333341346153 0.672 0.5146666658653847 0.6479999999999999 0.512 0.642 0.5146666658653847 0.642 0.5306666658653846 0.654 0.5306666658653846 0.702 0.5306666658653846 0.8099999999999999 0.4933333341346154 0.824 0.4826666658653846 0.8160000000000001 0.4666666658653846
353 0.762 0.3733333341346154 0.754 0.34666666586538464 0.732 0.34133333413461536 0.7080000000000001 0.35466666586538464 0.6920000000000001 0.35466666586538464 0.672 0.336 0.646 0.3226666658653846 0.6340000000000001 0.32533333413461535 0.614 0.3173333341346154 0.588 0.304 0.562 0.3066666658653846 0.544 0.312 0.544 0.34133333413461536 0.536 0.34933333413461537 0.526 0.36266666586538465 0.526 0.384 0.564 0.392 0.582 0.41066666586538464 0.5940000000000001 0.448 0.606 0.464 0.636 0.4826666658653846 0.656 0.504 0.6859999999999999 0.5093333341346153 0.7080000000000001 0.4986666658653846 0.722 0.4933333341346154 0.7579999999999999 0.4906666658653846 0.764 0.48000000000000004 0.796 0.48000000000000004 0.8099999999999999 0.4746666658653846 0.8099999999999999 0.4666666658653846 0.804 0.44266666586538467 0.7739999999999999 0.4213333341346154 0.764 0.41600000000000004 0.7739999999999999 0.3946666658653846 0.762 0.3733333341346154
1819 0.9560000000000001 0.45066666586538456 0.95 0.43466666586538466 0.9420000000000001 0.43466666586538466 0.9179999999999999 0.4533333341346154 0.8819999999999999 0.464 0.858 0.47200000000000003 0.822 0.4693333341346154 0.83 0.4853333341346154 0.848 0.4906666658653846 0.892 0.48000000000000004 0.9560000000000001 0.45066666586538456
353 0.9139999999999999 0.4373333341346154 0.9359999999999999 0.43466666586538466 0.9359999999999999 0.40800000000000003 0.922 0.392 0.9179999999999999 0.3733333341346154 0.8999999999999999 0.34400000000000003 0.8680000000000001 0.33333333413461536 0.8500000000000001 0.328 0.8340000000000001 0.2986666658653846 0.8160000000000001 0.304 0.798 0.3173333341346154 0.762 0.3226666658653846 0.7420000000000001 0.336 0.762 0.35466666586538464 0.7739999999999999 0.3866666658653846 0.768 0.41600000000000004 0.804 0.4373333341346154 0.8059999999999999 0.4533333341346154 0.828 0.4613333341346154 0.862 0.4613333341346154 0.88 0.45066666586538456 0.904 0.4533333341346154 0.9139999999999999 0.4373333341346154
1818 0.894 0.8079999999999999 0.896 0.7919999999999999 0.886 0.7706666658653846 0.764 0.6773333341346154 0.66 0.728 0.7759999999999999 0.8613333341346153 0.7919999999999999 0.8666666658653847 0.8140000000000001 0.8666666658653847 0.854 0.8426666658653846 0.894 0.8079999999999999
327 0.856 0.7733333341346154 0.8500000000000001 0.7466666658653847 0.8180000000000001 0.72 0.8079999999999999 0.7226666658653845 0.768 0.6799999999999999 0.7420000000000001 0.6880000000000001 0.76 0.7173333341346153 0.786 0.736 0.796 0.7386666658653845 0.802 0.7493333341346153 0.8059999999999999 0.7706666658653846 0.8119999999999999 0.7866666658653846 0.826 0.7946666658653846 0.838 0.8026666658653846 0.854 0.8 0.856 0.7733333341346154
327 0.754 0.7546666658653846 0.746 0.7333333341346153 0.728 0.7146666658653846 0.716 0.704 0.662 0.728 0.704 0.7733333341346154 0.718 0.7893333341346154 0.748 0.8213333341346154 0.7759999999999999 0.848 0.786 0.8453333341346153 0.7939999999999999 0.8453333341346153 0.8099999999999999 0.8533333341346154 0.8160000000000001 0.8293333341346153 0.8099999999999999 0.8079999999999999 0.796 0.7866666658653846 0.778 0.7706666658653846 0.754 0.7546666658653846
327 0.746 0.896 0.766 0.8826666658653846 0.766 0.864 0.75 0.84 0.716 0.7946666658653846 0.654 0.728 0.494 0.8026666658653846 0.514 0.8320000000000001 0.55 0.8666666658653847 0.562 0.8746666658653847 0.574 0.864 0.572 0.8453333341346153 0.5940000000000001 0.8533333341346154 0.614 0.848 0.6180000000000001 0.8320000000000001 0.624 0.8266666658653846 0.6340000000000001 0.8426666658653846 0.658 0.8746666658653847 0.698 0.9173333341346154 0.7100000000000001 0.9173333341346154 0.7240000000000001 0.9146666658653846 0.746 0.896
1819 0.772 0.864 0.654 0.72 0.48800000000000004 0.8053333341346154 0.582 0.9440000000000001 0.608 0.968 0.624 0.9760000000000001 0.658 0.9813333341346154 0.6859999999999999 0.9653333341346154 0.778 0.896 0.772 0.864
1562 0.6180000000000001 0.5573333341346154 0.638 0.672 0.714 0.6346666658653847 0.696 0.5306666658653846 0.6180000000000001 0.5573333341346154
1562 0.912 0.4666666658653846 0.922 0.5466666658653846 0.97 0.528 0.9560000000000001 0.448 0.912 0.4666666658653846
1562 0.89 0.8373333341346154 0.84 0.8746666658653847 0.864 0.9546666658653845 0.908 0.9146666658653846 0.89 0.8373333341346154