1542 0.005994134615384616 0 0.004 0.9066666658653847 0.026000000000000002 0.9733333341346154 0.05 0.9946666658653847 1 0.9946666658653847 1 0.49600000000000005 0.9980106971153847 0 0.005994134615384616 0
792 0.05 0.9946666658653847 0.028 0.9733333341346154 0.006 0.9093333341346154 0.002 0.9946666658653847 0.002 0.9973333341346154 0.05 0.9946666658653847
1818 0.6639999999999999 0.6586666658653846 0.678 0.6773333341346154 0.702 0.6906666658653846 0.9760000000000001 0.7759999999999999 0.998 0.7759999999999999 0.998 0.41600000000000004 0.908 0.3973333341346154 0.8840000000000001 0.3973333341346154 0.856 0.40533333413461536 0.844 0.41066666586538464 0.67 0.6213333341346154 0.6639999999999999 0.6373333341346155 0.6639999999999999 0.6586666658653846
352 0.7420000000000001 0.6586666658653846 0.754 0.6799999999999999 0.78 0.6906666658653846 0.824 0.696 0.842 0.6933333341346154 0.856 0.672 0.874 0.6346666658653847 0.878 0.6026666658653845 0.8680000000000001 0.5786666658653846 0.8360000000000001 0.5466666658653846 0.804 0.5413333341346154 0.7759999999999999 0.552 0.754 0.5626666658653846 0.74 0.584 0.73 0.64 0.7420000000000001 0.6586666658653846
352 0.878 0.5946666658653846 0.88 0.6 0.902 0.592 0.9159999999999999 0.5760000000000001 0.928 0.544 0.922 0.528 0.912 0.5013333341346153 0.886 0.4826666658653846 0.854 0.4826666658653846 0.83 0.48800000000000004 0.8119999999999999 0.504 0.8 0.5093333341346153 0.796 0.5386666658653846 0.8180000000000001 0.5413333341346154 0.842 0.5466666658653846 0.8680000000000001 0.5760000000000001 0.878 0.5946666658653846
1819 0.352 0.5413333341346154 0.538 0.6159999999999999 0.5760000000000001 0.6133333341346154 0.598 0.6026666658653845 0.77 0.41066666586538464 0.7759999999999999 0.3866666658653846 0.6180000000000001 0.544 0.6 0.5786666658653846 0.544 0.5973333341346154 0.47800000000000004 0.5786666658653846 0.35400000000000004 0.5413333341346154 0.35 0.528 0.352 0.5413333341346154
353 0.744 0.424 0.766 0.3866666658653846 0.778 0.3733333341346154 0.7579999999999999 0.35466666586538464 0.744 0.34133333413461536 0.732 0.34133333413461536 0.72 0.34133333413461536 0.716 0.32533333413461535 0.6900000000000001 0.3066666658653846 0.66 0.312 0.646 0.32 0.624 0.2986666658653846 0.5940000000000001 0.28800000000000003 0.566 0.32 0.5479999999999999 0.328 0.522 0.3173333341346154 0.508 0.33866666586538463 0.47800000000000004 0.36 0.476 0.392 0.44200000000000006 0.392 0.422 0.41066666586538464 0.40800000000000003 0.4293333341346154 0.402 0.45066666586538456 0.37 0.4826666658653846 0.352 0.49600000000000005 0.356 0.512 0.364 0.5333333341346154 0.394 0.5466666658653846 0.42 0.5466666658653846 0.44200000000000006 0.5653333341346154 0.47800000000000004 0.5680000000000001 0.508 0.5786666658653846 0.542 0.5946666658653846 0.602 0.5760000000000001 0.6180000000000001 0.5306666658653846 0.636 0.5253333341346154 0.662 0.49600000000000005 0.674 0.4826666658653846 0.6920000000000001 0.4693333341346154 0.718 0.44 0.72 0.42666666586538465 0.744 0.424
1818 0.176 0.4826666658653846 0.19 0.4933333341346154 0.298 0.5306666658653846 0.34600000000000003 0.5306666658653846 0.358 0.5306666658653846 0.358 0.5146666658653847 0.352 0.512 0.328 0.5146666658653847 0.296 0.5093333341346153 0.26 0.4986666658653846 0.23600000000000002 0.48800000000000004 0.19399999999999998 0.48000000000000004 0.184 0.4666666658653846 0.176 0.4826666658653846
353 0.226 0.3946666658653846 0.23600000000000002 0.41600000000000004 0.226 0.4213333341346154 0.196 0.44266666586538467 0.19 0.4666666658653846 0.19 0.4746666658653846 0.20400000000000001 0.48000000000000004 0.23600000000000002 0.48000000000000004 0.242 0.4906666658653846 0.27799999999999997 0.4933333341346154 0.292 0.4986666658653846 0.314 0.5093333341346153 0.34400000000000003 0.504 0.364 0.4826666658653846 0.394 0.464 0.40599999999999997 0.448 0.41800000000000004 0.41066666586538464 0.436 0.392 0.474 0.384 0.474 0.36266666586538465 0.464 0.34933333413461537 0.456 0.34133333413461536 0.456 0.312 0.438 0.3066666658653846 0.412 0.304 0.386 0.3173333341346154 0.366 0.32533333413461535 0.35400000000000004 0.3226666658653846 0.328 0.336 0.30799999999999994 0.35466666586538464 0.292 0.35466666586538464 0.268 0.34133333413461536 0.246 0.34666666586538464 0.238 0.3733333341346154 0.226 0.3946666658653846
1819 0.108 0.48000000000000004 0.152 0.4906666658653846 0.16999999999999998 0.4853333341346154 0.178 0.4693333341346154 0.14200000000000002 0.47200000000000003 0.11800000000000001 0.464 0.082 0.4533333341346154 0.058 0.43466666586538466 0.05 0.43466666586538466 0.044 0.45066666586538456 0.108 0.48000000000000004
353 0.096 0.4533333341346154 0.12000000000000001 0.45066666586538456 0.138 0.4613333341346154 0.17200000000000001 0.4613333341346154 0.19399999999999998 0.4533333341346154 0.196 0.4373333341346154 0.232 0.41600000000000004 0.226 0.3866666658653846 0.238 0.35466666586538464 0.258 0.336 0.238 0.3226666658653846 0.20199999999999999 0.3173333341346154 0.184 0.304 0.16599999999999998 0.2986666658653846 0.15 0.328 0.132 0.33333333413461536 0.1 0.34400000000000003 0.082 0.3733333341346154 0.078 0.392 0.064 0.40800000000000003 0.064 0.43466666586538466 0.08600000000000001 0.4373333341346154 0.096 0.4533333341346154
1818 0.146 0.8426666658653846 0.186 0.8666666658653847 0.20800000000000002 0.8666666658653847 0.224 0.8613333341346153 0.33999999999999997 0.728 0.23600000000000002 0.6773333341346154 0.114 0.7706666658653846 0.10400000000000001 0.7919999999999999 0.106 0.8079999999999999 0.146 0.8426666658653846
327 0.146 0.8 0.16199999999999998 0.8026666658653846 0.174 0.7946666658653846 0.188 0.7866666658653846 0.19399999999999998 0.7706666658653846 0.19799999999999998 0.7493333341346153 0.20400000000000001 0.7386666658653845 0.214 0.736 0.24000000000000002 0.7173333341346153 0.258 0.6880000000000001 0.232 0.6799999999999999 0.192 0.7226666658653845 0.182 0.72 0.15 0.7466666658653847 0.14400000000000002 0.7733333341346154 0.146 0.8
327 0.222 0.7706666658653846 0.20400000000000001 0.7866666658653846 0.19 0.8079999999999999 0.184 0.8293333341346153 0.19 0.8533333341346154 0.206 0.8453333341346153 0.214 0.8453333341346153 0.224 0.848 0.252 0.8213333341346154 0.282 0.7893333341346154 0.296 0.7733333341346154 0.338 0.728 0.28400000000000003 0.704 0.272 0.7146666658653846 0.254 0.7333333341346153 0.246 0.7546666658653846 0.222 0.7706666658653846
327 0.276 0.9146666658653846 0.29 0.9173333341346154 0.302 0.9173333341346154 0.34199999999999997 0.8746666658653847 0.366 0.8426666658653846 0.376 0.8266666658653846 0.382 0.8320000000000001 0.386 0.848 0.40599999999999997 0.8533333341346154 0.428 0.8453333341346153 0.42600000000000005 0.864 0.438 0.8746666658653847 0.44999999999999996 0.8666666658653847 0.486 0.8320000000000001 0.506 0.8026666658653846 0.34600000000000003 0.728 0.28400000000000003 0.7946666658653846 0.25 0.84 0.23399999999999999 0.864 0.23399999999999999 0.8826666658653846 0.254 0.896 0.276 0.9146666658653846
1819 0.222 0.896 0.314 0.9653333341346154 0.34199999999999997 0.9813333341346154 0.376 0.9760000000000001 0.392 0.968 0.41800000000000004 0.9440000000000001 0.512 0.8053333341346154 0.34600000000000003 0.72 0.228 0.864 0.222 0.896
1562 0.304 0.5306666658653846 0.286 0.6346666658653847 0.36200000000000004 0.672 0.382 0.5573333341346154 0.304 0.5306666658653846
1562 0.044 0.448 0.030000000000000002 0.528 0.078 0.5466666658653846 0.088 0.4666666658653846 0.044 0.448
1562 0.092 0.9146666658653846 0.136 0.9546666658653845 0.16 0.8746666658653847 0.11 0.8373333341346154 0.092 0.9146666658653846