402 0 0 0 0.27638888942307693 0.08214285817307693 0.2809523798076923 0.09285714182692308 0.30476190384615387 0.9928571418269231 0.34761904807692307 0.9963803076923077 0 0 0
1942 0.22857142788461537 0.34285714182692306 0.23214285817307692 0.39523809615384614 0.2964285721153846 0.39523809615384614 0.2964285721153846 0.34285714182692306 0.22857142788461537 0.34285714182692306
605 0.28214285817307694 0.6714285721153845 0.2857142860576923 0.8142857139423078 0.2928571418269231 0.8142857139423078 0.2964285721153846 0.6761904759615385 0.40714285817307694 0.6666666658653846 0.41428571394230773 0.7142857139423077 0.41785714182692313 0.7190476201923077 0.42142857211538465 0.647619048076923 0.4035714278846154 0.6333333341346153 0.4 0.557142858173077 0.3892857139423077 0.5333333341346154 0.2571428581730769 0.5380952379807693 0.2464285721153846 0.557142858173077 0.2392857139423077 0.6238095240384616 0.23214285817307692 0.6238095240384616 0.2357142860576923 0.7571428581730769 0.24285714182692308 0.7380952379807693 0.24285714182692308 0.642857141826923 0.28214285817307694 0.6714285721153845
605 0.44642857211538456 0.9952380961538462 0.4714285721153846 0.9952380961538462 0.475 0.8190476201923077 0.5285714278846154 0.8428571418269232 0.5285714278846154 0.9952380961538462 0.5464285721153846 0.9904761899038461 0.55 0.8428571418269232 0.7214285721153846 0.8142857139423078 0.7178571418269232 0.9952380961538462 0.7357142860576923 0.9904761899038461 0.7428571418269231 0.7714285721153846 0.6964285721153847 0.747619048076923 0.6964285721153847 0.647619048076923 0.675 0.6095238100961539 0.6499999999999999 0.5904761899038461 0.45714285817307687 0.6 0.43928571394230764 0.6047619038461538 0.42857142788461544 0.6380952379807692 0.42142857211538465 0.7190476201923077 0.3892857139423077 0.7142857139423077 0.3892857139423077 0.7380952379807693 0.3964285721153846 0.7428571418269231 0.3964285721153846 0.942857141826923 0.41071428605769233 0.9523809519230769 0.41428571394230773 0.7666666658653847 0.45357142788461535 0.7904761899038462 0.44642857211538456 0.9952380961538462
1523 0.8821428581730769 0.40952381009615385 0.8678571418269231 0.8809523798076923 0.9678571418269232 0.8999999999999999 0.9785714278846154 0.8047619038461539 0.982142858173077 0.40952381009615385 0.8821428581730769 0.40952381009615385
1523 0.692857141826923 0.642857141826923 0.6964285721153847 0.7428571418269231 0.7285714278846154 0.7619047620192307 0.825 0.6380952379807692 0.8321428581730769 0.4380952379807692 0.7285714278846154 0.41428571394230773 0.6464285721153846 0.41428571394230773 0.642857141826923 0.5857142860576923 0.675 0.6047619038461538 0.692857141826923 0.642857141826923
1523 0.642857141826923 0.42857142788461544 0.4892857139423077 0.41904762019230773 0.4857142860576923 0.5952380961538462 0.6392857139423077 0.5809523798076923 0.642857141826923 0.42857142788461544
1942 0.09285714182692308 0.34761904807692307 0.09285714182692308 0.40476190384615385 0.15 0.40476190384615385 0.15 0.34761904807692307 0.09285714182692308 0.34761904807692307
1942 0.22142857211538464 0.34285714182692306 0.15714285817307694 0.34761904807692307 0.15714285817307694 0.40476190384615385 0.22499999999999998 0.4 0.22142857211538464 0.34285714182692306
1942 0.375 0.34285714182692306 0.3071428581730769 0.34285714182692306 0.3071428581730769 0.4 0.375 0.4 0.375 0.34285714182692306
1523 0.21428571394230772 0.4952380961538462 0.22499999999999998 0.557142858173077 0.2464285721153846 0.557142858173077 0.2571428581730769 0.5333333341346154 0.3857142860576923 0.5285714278846154 0.40714285817307694 0.5904761899038461 0.44285714182692304 0.6 0.4821428581730769 0.5904761899038461 0.4821428581730769 0.41428571394230773 0.09285714182692308 0.40952381009615385 0.09285714182692308 0.4809523798076923 0.15 0.4857142860576923 0.15714285817307694 0.49047618990384617 0.21428571394230772 0.4952380961538462
615 0.15 0.49047618990384617 0.1464285721153846 0.47619047596153846 0.0857142860576923 0.47619047596153846 0.08928571394230769 0.6238095240384616 0.09285714182692308 0.5285714278846154 0.1357142860576923 0.5428571418269231 0.13214285817307692 0.6238095240384616 0.13214285817307692 0.642857141826923 0.13928571394230768 0.5714285721153846 0.1535714278846154 0.5714285721153846 0.15 0.6523809519230769 0.15714285817307694 0.5666666658653846 0.21071428605769232 0.5666666658653846 0.22857142788461537 0.5666666658653846 0.22857142788461537 0.557142858173077 0.22142857211538464 0.5142857139423077 0.21428571394230772 0.5 0.15 0.49047618990384617
417 0.692857141826923 0.8809523798076923 0.7071428581730769 0.7857142860576923 0.675 0.7952380961538462 0.6285714278846153 0.7904761899038462 0.6 0.7952380961538462 0.5857142860576923 0.8380952379807692 0.5785714278846154 0.8619047620192308 0.5607142860576924 0.857142858173077 0.5178571418269231 0.8619047620192308 0.5142857139423077 0.8904761899038461 0.557142858173077 0.9476190480769231 0.5714285721153846 0.9619047620192307 0.567857141826923 0.9952380961538462 0.5785714278846154 0.9904761899038461 0.5821428581730769 0.9571428581730769 0.675 0.942857141826923 0.682142858173077 0.9904761899038461 0.692857141826923 0.9904761899038461 0.6857142860576922 0.9380952379807692 0.6964285721153847 0.9333333341346154 0.6964285721153847 0.9095238100961538 0.692857141826923 0.8809523798076923
423 0.4 0.6380952379807692 0.33214285817307687 0.642857141826923 0.32499999999999996 0.6809523798076923 0.31071428605769236 0.6857142860576922 0.3035714278846154 0.7714285721153846 0.32142857211538456 0.7904761899038462 0.32142857211538456 0.7428571418269231 0.3714285721153846 0.7380952379807693 0.3785714278846154 0.7904761899038462 0.3785714278846154 0.7380952379807693 0.3892857139423077 0.7285714278846154 0.3928571418269231 0.6952380961538461 0.4 0.6380952379807692
1523 0 0.8380952379807692 0.075 0.8380952379807692 0.07857142788461538 0.8190476201923077 0.07857142788461538 0.40952381009615385 0 0.41407867548076926 0 0.8380952379807692
1027 0.44999999999999996 0 0.2357142860576923 0.1857142860576923 0.2357142860576923 0.2 0.2571428581730769 0.2 0.49784053125 0 0.44999999999999996 0
1027 0.9892857139423078 0 0.5 0.2 0.5142857139423077 0.21428571394230772 0.9928571418269231 0.014285713942307692 0.9892857139423078 0
1027 0.9928571418269231 0.10952381009615385 0.6714285721153845 0.20952381009615387 0.6892857139423078 0.22857142788461537 0.9928571418269231 0.1333333341346154 0.9928571418269231 0.10952381009615385
1027 0.9928571418269231 0.19047618990384615 0.8464285721153846 0.22857142788461537 0.8642857139423078 0.23809523798076923 0.9928571418269231 0.2 0.9928571418269231 0.19047618990384615
1027 0.6678571418269231 0.019047620192307692 0.6571428581730768 0.038095237980769234 0.6964285721153847 0.047619048076923076 0.7071428581730769 0.023809524038461538 0.6678571418269231 0.019047620192307692
1027 0.41428571394230773 0.15714285817307694 0.41428571394230773 0.17619047596153845 0.44642857211538456 0.17619047596153845 0.44642857211538456 0.16190476201923076 0.41428571394230773 0.15714285817307694
1885 0.09285714182692308 0.3 0.1 0.6047619038461538 0.857142858173077 0.6047619038461538 0.9964285721153847 0.6 0.9928571418269231 0.4 0.9928571418269231 0.34761904807692307 0.7 0.33333333413461536 0.3571428581730769 0.3095238100961539 0.09285714182692308 0.3
1885 0 0.7188492043269231 0.08214285817307693 0.7142857139423077 0.1 0.6095238100961539 0.08928571394230769 0.3 0.08214285817307693 0.2809523798076923 0 0.27638888942307693 0 0.7188492043269231
792 0 0.9952380961538462 0.9964285721153847 0.9952380961538462 0.9928571418269231 0.6 0.10357142788461539 0.6047619038461538 0.08214285817307693 0.7142857139423077 0 0.7188492043269231 0 0.9952380961538462
128 0.1357142860576923 0.9142857139423076 0.08214285817307693 0.9333333341346154 0.03928571394230769 0.9666666658653846 0.0035714278846153847 0.9904761899038461 0.2392857139423077 0.9952380961538462 0.24285714182692308 0.9714285721153846 0.23214285817307692 0.9333333341346154 0.21428571394230772 0.9095238100961538 0.17857142788461539 0.9047619038461538 0.1357142860576923 0.9142857139423076
128 0 0.9333333341346154 0.0035714278846153847 0.9952380961538462 0.017857141826923075 0.9761904759615384 0.07142857211538461 0.942857141826923 0.09285714182692308 0.9285714278846153 0.1535714278846154 0.9095238100961538 0.1821428581730769 0.9047619038461538 0.1857142860576923 0.8333333341346154 0.1714285721153846 0.8095238100961539 0.13928571394230768 0.8 0.08928571394230769 0.8095238100961539 0.06071428605769231 0.8333333341346154 0.02142857211538462 0.852380951923077 0.0035714278846153847 0.8666666658653847 0 0.8690476201923077 0 0.9333333341346154