402 0.1333333341346154 0 0.13125 0.050279329326923076 0.14375 0.050279329326923076 0.16249999999999998 0.20949720673076921 0.3 0.21229050240384614 0.3 0.2402234639423077 0.3395833341346154 0.24860335096153846 0.5833333341346154 0.13966480528846154 0.6270833341346154 0.15083798798076925 0.6499999999999999 0.17597765384615385 0.6645833341346153 0.19832402163461538 0.6729166658653847 0.22905027884615384 0.9937499999999999 0.1843575408653846 0.9979166658653846 0 0.1333333341346154 0
1885 0 0 0 0.9944134086538461 0.1291666658653846 0.9944134086538461 0.16249999999999998 0.7094972067307693 0.1645833341346154 0.21229050240384614 0.14583333413461538 0.05586592067307693 0.13125 0.050279329326923076 0.1332236826923077 0 0 0
1942 0.08333333413461538 0.29888268269230767 0.08333333413461538 0.2765363125 0.07708333413461539 0.26536312740384616 0.06666666586538461 0.2597765360576923 0.0041666658653846155 0.22346368749999998 0.0020833341346153844 0.988826814903846 0.11666666586538461 0.9832402235576924 0.08333333413461538 0.29888268269230767
564 0.13541666586538462 0.7430167596153846 0.12291666586538462 0.7486033509615384 0.1291666658653846 0.7625698317307692 0.1375 0.8491620120192308 0.1291666658653846 0.9944134086538461 0.19791666586538462 0.9944134086538461 0.2 0.988826814903846 0.20416666586538462 0.9748603341346154 0.20416666586538462 0.9273743004807693 0.19374999999999998 0.6955307259615384 0.16666666586538462 0.36312849278846154 0.15 0.2597765360576923 0.14375 0.26536312740384616 0.13541666586538462 0.2709497211538462 0.12083333413461537 0.25418994471153844 0.10833333413461539 0.26536312740384616 0.10416666586538462 0.3212290504807692 0.11249999999999999 0.41899441346153843 0.13541666586538462 0.7430167596153846
1885 0.6645833341346153 0.24860335096153846 0.6666666658653846 0.3016759783653846 0.66875 0.3044692740384615 0.6666666658653846 0.5949720673076923 0.9937499999999999 0.7877094975961538 0.9979166658653846 0.3044692740384615 0.9958333341346154 0.1843575408653846 0.6499999999999999 0.22905027884615384 0.6541666658653846 0.24860335096153846 0.6645833341346153 0.24860335096153846
1942 0.7250000000000001 0.5307262572115385 0.8458333341346154 0.5726256995192307 0.8541666658653846 0.3156424591346154 0.7270833341346153 0.3100558653846154 0.7229166658653846 0.3184357548076923 0.7229166658653846 0.33519553125 0.7166666658653846 0.502793295673077 0.7145833341346154 0.5251396658653846 0.7250000000000001 0.5307262572115385
564 0.6708333341346153 0.4832402235576923 0.675 0.49441340865384614 0.6854166658653846 0.49441340865384614 0.7 0.49441340865384614 0.71875 0.49441340865384614 0.7250000000000001 0.3044692740384615 0.7166666658653846 0.3100558653846154 0.7083333341346154 0.3072625697115385 0.7041666658653847 0.3044692740384615 0.6875 0.3044692740384615 0.6791666658653847 0.3044692740384615 0.6729166658653847 0.36033519471153846 0.6708333341346153 0.3966480456730769 0.6708333341346153 0.4832402235576923
564 0.89375 0.3072625697115385 0.8916666658653847 0.3044692740384615 0.8875 0.31284916105769234 0.8833333341346153 0.3016759783653846 0.875 0.3100558653846154 0.8666666658653847 0.3016759783653846 0.8520833341346153 0.3044692740384615 0.8416666658653846 0.3072625697115385 0.8395833341346154 0.3044692740384615 0.8291666658653847 0.3044692740384615 0.8145833341346154 0.5223463677884616 0.8145833341346154 0.5726256995192307 0.83125 0.5782122908653846 0.8541666658653846 0.5893854759615385 0.8687499999999999 0.5949720673076923 0.8833333341346153 0.5921787716346154 0.8833333341346153 0.6005586586538462 0.9020833341346154 0.5977653629807692 0.91875 0.5893854759615385 0.9291666658653847 0.5921787716346154 0.9333333341346154 0.4581005576923077 0.9395833341346154 0.34916201201923075 0.9395833341346154 0.3212290504807692 0.9333333341346154 0.3072625697115385 0.9041666658653846 0.3044692740384615 0.8999999999999999 0.29888268269230767 0.89375 0.3072625697115385
1603 0.4041666658653846 0.6927374302884615 0.4145833341346154 0.6787709495192308 0.4354166658653846 0.6759776538461538 0.58125 0.6592178774038462 0.675 0.6787709495192308 0.7333333341346153 0.6955307259615384 0.7375 0.5921787716346154 0.7354166658653847 0.5391061442307692 0.7166666658653846 0.5251396658653846 0.6666666658653846 0.5055865913461539 0.39375000000000004 0.5083798894230769 0.34375 0.5167597764423077 0.3 0.5279329615384616 0.3 0.5446927379807692 0.30625 0.7877094975961538 0.3791666658653846 0.7765363125 0.3833333341346154 0.720670391826923 0.39583333413461536 0.7178770961538461 0.4041666658653846 0.6927374302884615
1714 0.49375 0.5446927379807692 0.50625 0.5446927379807692 0.50625 0.5335195528846154 0.75 0.5223463677884616 0.7562500000000001 0.5893854759615385 0.7625 0.5893854759615385 0.7645833341346153 0.5223463677884616 0.8083333341346154 0.5167597764423077 0.8104166658653846 0.5055865913461539 0.7979166658653847 0.4916201105769231 0.7791666658653846 0.48882681490384616 0.4395833341346154 0.49720670432692304 0.4354166658653846 0.5139664807692308 0.45625000000000004 0.5335195528846154 0.4770833341346154 0.5335195528846154 0.49375 0.5335195528846154 0.49375 0.5446927379807692
1714 0.7375 0.9553072620192308 0.7416666658653847 0.9441340793269231 0.7395833341346154 0.9245810048076923 0.7270833341346153 0.9162011177884615 0.7 0.9050279326923077 0.6854166658653846 0.8994413413461538 0.6875 0.6843575408653847 0.7208333341346154 0.6899441346153845 0.9937499999999999 0.6536312860576923 0.9979166658653846 0.5921787716346154 0.65625 0.6061452524038462 0.6166666658653847 0.6340782115384616 0.6145833341346154 0.6508379879807692 0.6458333341346154 0.6703910625 0.6791666658653847 0.6759776538461538 0.6666666658653846 0.8994413413461538 0.6479166658653847 0.9078212283653847 0.6270833341346154 0.9078212283653847 0.6187499999999999 0.9273743004807693 0.6208333341346154 0.9441340793269231 0.6270833341346154 0.9553072620192308 0.6458333341346154 0.9664804471153846 0.6791666658653847 0.9692737427884615 0.7020833341346153 0.9692737427884615 0.7229166658653846 0.9636871514423077 0.7375 0.9553072620192308
1661 0.46875 0.8715083798076922 0.44791666586538464 0.8826815649038462 0.44791666586538464 0.9050279326923077 0.4770833341346154 0.9217877091346154 0.5125 0.9217877091346154 0.5375 0.9134078221153845 0.5583333341346154 0.9022346370192308 0.55625 0.8826815649038462 0.54375 0.8659217884615384 0.5208333341346154 0.8659217884615384 0.5104166658653846 0.8659217884615384 0.5104166658653846 0.7178770961538461 0.5291666658653846 0.7178770961538461 0.5583333341346154 0.7178770961538461 0.575 0.6983240216346154 0.575 0.6731843581730769 0.56875 0.6564245817307692 0.5479166658653847 0.6424581009615384 0.525 0.6284916201923078 0.525 0.6005586586538462 0.53125 0.6005586586538462 0.5520833341346154 0.5949720673076923 0.5520833341346154 0.5726256995192307 0.5479166658653847 0.5558659206730769 0.5354166658653846 0.5418994423076924 0.5145833341346153 0.5418994423076924 0.4833333341346154 0.5418994423076924 0.4395833341346154 0.550279329326923 0.4229166658653846 0.5670391057692308 0.4229166658653846 0.6229050288461538 0.42708333413461536 0.6815642451923077 0.43125 0.7067039110576924 0.45833333413461536 0.7094972067307693 0.4729166658653846 0.7094972067307693 0.4958333341346154 0.7094972067307693 0.4958333341346154 0.8044692740384616 0.4979166658653846 0.8603351947115385 0.48958333413461536 0.8715083798076922 0.46875 0.8715083798076922
1663 0.6083333341346153 0.8184357548076923 0.625 0.8100558653846155 0.6458333341346154 0.8268156418269231 0.6645833341346153 0.8156424591346153 0.6666666658653846 0.7821229038461539 0.6666666658653846 0.7067039110576924 0.6625000000000001 0.6759776538461538 0.6333333341346153 0.6564245817307692 0.6104166658653847 0.6396648052884615 0.5916666658653846 0.6452513966346154 0.58125 0.6703910625 0.58125 0.7122905024038462 0.575 0.7234636875 0.5416666658653846 0.726256983173077 0.5104166658653846 0.7374301682692308 0.50625 0.7765363125 0.5229166658653847 0.7988826826923077 0.5583333341346154 0.8156424591346153 0.5895833341346154 0.8156424591346153 0.5833333341346154 0.949720670673077 0.5833333341346154 0.9944134086538461 0.5958333341346154 0.9944134086538461 0.6083333341346153 0.8184357548076923
1662 0.8166666658653846 0.8016759783653846 0.8333333341346154 0.8016759783653846 0.8666666658653847 0.8016759783653846 0.8854166658653846 0.7821229038461539 0.8875 0.7541899447115384 0.8875 0.7290502788461539 0.875 0.7122905024038462 0.8520833341346153 0.7039106153846154 0.8083333341346154 0.6955307259615384 0.7729166658653847 0.7039106153846154 0.7416666658653847 0.720670391826923 0.73125 0.7597765360576924 0.7416666658653847 0.7765363125 0.7729166658653847 0.7821229038461539 0.8 0.7877094975961538 0.8041666658653847 0.8547486033653846 0.79375 0.9944134086538461 0.8083333341346154 0.9944134086538461 0.8166666658653846 0.8016759783653846
655 0.25625 0.24860335096153846 0.1791666658653846 0.24581005528846156 0.1895833341346154 0.7011173173076923 0.2604166658653846 0.66480446875 0.25625 0.24860335096153846
1509 0.2895833341346154 0.4385474855769231 0.26875 0.4162011177884616 0.26875 0.7122905024038462 0.3041666658653846 0.7932960889423076 0.2958333341346154 0.4832402235576923 0.2895833341346154 0.4385474855769231
1885 0.2625 0.6396648052884615 0.2666666658653846 0.6396648052884615 0.26875 0.40502793269230775 0.2770833341346154 0.4217877091346154 0.2833333341346154 0.4217877091346154 0.2895833341346154 0.4162011177884616 0.2875 0.28770949759615383 0.2895833341346154 0.24860335096153846 0.2729166658653846 0.2402234639423077 0.25625 0.2402234639423077 0.2625 0.6396648052884615
1885 0.17708333413461538 0.2430167596153846 0.25 0.2430167596153846 0.25 0.2402234639423077 0.2791666658653846 0.2402234639423077 0.2895833341346154 0.2402234639423077 0.2916666658653846 0.41899441346153843 0.2770833341346154 0.4217877091346154 0.2854166658653846 0.4329608942307692 0.29375 0.4553072620192308 0.2979166658653846 0.49441340865384614 0.3 0.6312849158653846 0.6666666658653846 0.5921787716346154 0.6708333341346153 0.3044692740384615 0.6645833341346153 0.3044692740384615 0.6625000000000001 0.25139664903846154 0.6499999999999999 0.24860335096153846 0.6479166658653847 0.22346368749999998 0.6708333341346153 0.22067039182692308 0.6666666658653846 0.20391061538461536 0.6541666658653846 0.1843575408653846 0.6375 0.15921787740384616 0.6145833341346154 0.15083798798076925 0.58125 0.13966480528846154 0.34375 0.24860335096153846 0.2979166658653846 0.2402234639423077 0.2979166658653846 0.2067039110576923 0.16666666586538462 0.2067039110576923 0.16666666586538462 0.3435754182692307 0.1645833341346154 0.3715083798076923 0.18125000000000002 0.4692737427884615 0.17708333413461538 0.2430167596153846
792 0.7333333341346153 0.6368715072115385 0.7270833341346153 0.6955307259615384 0.6791666658653847 0.6731843581730769 0.5854166658653847 0.6564245817307692 0.4145833341346154 0.6787709495192308 0.39375000000000004 0.7178770961538461 0.38541666586538464 0.7178770961538461 0.3770833341346154 0.7765363125 0.3020833341346154 0.7932960889423076 0.2666666658653846 0.7094972067307693 0.26875 0.6396648052884615 0.2604166658653846 0.6396648052884615 0.2583333341346154 0.66480446875 0.19374999999999998 0.6983240216346154 0.1645833341346154 0.7067039110576924 0.12291666586538462 0.9944134086538461 0.23958333413461538 0.9944134086538461 0.9979166658653846 0.9944134086538461 0.9979166658653846 0.7877094975961538 0.7333333341346153 0.6368715072115385
1314 0.44999999999999996 0.26256983173076925 0.35624999999999996 0.26256983173076925 0.3583333341346154 0.44134078125000004 0.4520833341346154 0.4385474855769231 0.44999999999999996 0.26256983173076925
1314 0.6291666658653846 0.26536312740384616 0.5375 0.26256983173076925 0.5395833341346153 0.4385474855769231 0.625 0.4357541899038461 0.6291666658653846 0.26536312740384616
1027 0.2458333341346154 0.18994413461538462 0.25 0.1843575408653846 0.2479166658653846 0.17318435817307692 0.2458333341346154 0.1620111730769231 0.2416666658653846 0.15083798798076925 0.2375 0.16759776442307692 0.23333333413461538 0.17877094951923075 0.23541666586538462 0.18994413461538462 0.2458333341346154 0.18994413461538462
1027 0.2791666658653846 0.13128491586538463 0.2854166658653846 0.1284916201923077 0.2895833341346154 0.12290502884615385 0.2895833341346154 0.11731843509615383 0.2770833341346154 0.11731843509615383 0.2645833341346154 0.11731843509615383 0.2645833341346154 0.12569832451923077 0.26875 0.1284916201923077 0.2791666658653846 0.13128491586538463
1027 0.9145833341346153 0.26256983173076925 0.925 0.26256983173076925 0.9312499999999999 0.24581005528846156 0.9312499999999999 0.23463687259615387 0.9145833341346153 0.22067039182692308 0.8979166658653847 0.22905027884615384 0.8979166658653847 0.24860335096153846 0.9041666658653846 0.2569832403846154 0.9145833341346153 0.26256983173076925
1027 0.7270833341346153 0.26815642548076923 0.7270833341346153 0.24860335096153846 0.7166666658653846 0.22905027884615384 0.70625 0.2430167596153846 0.7 0.26536312740384616 0.7041666658653847 0.2765363125 0.7166666658653846 0.2765363125 0.7270833341346153 0.26815642548076923
1027 0.3520833341346154 0.2402234639423077 0.3583333341346154 0.2430167596153846 0.7124999999999999 0.0921787716346154 0.7270833341346153 0.08938547596153847 0.73125 0.07262569951923077 0.7041666658653847 0.06703910576923076 0.35624999999999996 0.21787709615384615 0.3416666658653846 0.22625698317307694 0.3520833341346154 0.2402234639423077