402 0.2586666658653846 0 0.2986666658653846 0.094 0.28 0.106 0.2213333341346154 0.126 0.4613333341346154 0.312 0.4613333341346154 0.34600000000000003 0.40800000000000003 0.374 0.45866666586538457 0.42600000000000005 0.5146666658653847 0.438 0.5653333341346154 0.452 0.5866666658653846 0.474 0.8453333341346153 0.40399999999999997 0.9093333341346154 0.378 0.9546666658653845 0.38 0.9093333341346154 0 0.2586666658653846 0
1885 0.6906666658653846 0.7080000000000001 0.9546666658653845 0.722 0.9573333341346154 0.722 0.9573333341346154 0.38 0.9093333341346154 0.376 0.5866666658653846 0.47200000000000003 0.5866666658653846 0.49 0.6826666658653846 0.508 0.6906666658653846 0.7080000000000001
175 0.424 0.6859999999999999 0.432 0.732 0.4693333341346154 0.746 0.4906666658653846 0.768 0.5173333341346154 0.766 0.5226666658653847 0.754 0.5386666658653846 0.762 0.56 0.756 0.5813333341346154 0.76 0.592 0.738 0.6133333341346154 0.7260000000000001 0.6479999999999999 0.714 0.6799999999999999 0.714 0.6906666658653846 0.7060000000000001 0.6826666658653846 0.51 0.584 0.486 0.5893333341346154 0.464 0.5706666658653846 0.44999999999999996 0.5333333341346154 0.438 0.45866666586538457 0.44 0.44 0.48000000000000004 0.448 0.508 0.448 0.5760000000000001 0.432 0.6159999999999999 0.424 0.6859999999999999
175 0.010661040865384616 0 0.008 0.946 0.05866666586538461 0.926 0.10666666586538462 0.9299999999999999 0.17866666586538463 0.9159999999999999 0.216 0.886 0.2746666658653846 0.8840000000000001 0.34933333413461537 0.864 0.384 0.846 0.41600000000000004 0.8200000000000001 0.45866666586538457 0.8180000000000001 0.4853333341346154 0.7899999999999999 0.48800000000000004 0.754 0.424 0.734 0.4293333341346154 0.676 0.4293333341346154 0.624 0.45066666586538456 0.588 0.448 0.552 0.44 0.51 0.4373333341346154 0.486 0.448 0.44999999999999996 0.45866666586538457 0.43 0.44266666586538467 0.4 0.40266666586538463 0.374 0.44266666586538467 0.36 0.4666666658653846 0.326 0.2586666658653846 0.14200000000000002 0.24800000000000003 0.12200000000000001 0.28 0.10400000000000001 0.304 0.07 0.296 0.046 0.26022222115384613 0 0.010661040865384616 0
792 1 0.9916363629807693 0.9733333341346154 0.988 0.968 0.728 0.6906666658653846 0.702 0.6266666658653846 0.7240000000000001 0.6 0.752 0.5626666658653846 0.762 0.5306666658653846 0.762 0.48800000000000004 0.766 0.4666666658653846 0.804 0.40800000000000003 0.826 0.32533333413461535 0.872 0.2106666658653846 0.892 0.14400000000000002 0.92 0.053333334134615384 0.928 0.008 0.946 0.008 0.994 1 0.9920053629807692 1 0.9916363629807693
1227 0.34933333413461537 0.912 0.41333333413461537 0.886 0.4373333341346154 0.878 0.48000000000000004 0.8680000000000001 0.4746666658653846 0.8059999999999999 0.41866666586538465 0.822 0.40533333413461536 0.8320000000000001 0.33866666586538463 0.874 0.26933333413461535 0.8840000000000001 0.2133333341346154 0.8999999999999999 0.17866666586538463 0.9179999999999999 0.10933333413461538 0.9339999999999999 0.05066666586538461 0.9339999999999999 0.032 0.984 0.1013333341346154 0.98 0.22666666586538461 0.95 0.22666666586538461 0.9400000000000001 0.256 0.9400000000000001 0.3306666658653846 0.912 0.34933333413461537 0.912
1283 0.7146666658653846 0.772 0.7226666658653845 0.778 0.7466666658653847 0.77 0.736 0.7420000000000001 0.7466666658653847 0.72 0.7306666658653846 0.698 0.7173333341346153 0.6880000000000001 0.7013333341346153 0.676 0.6880000000000001 0.678 0.6880000000000001 0.6920000000000001 0.7066666658653846 0.7 0.7013333341346153 0.714 0.696 0.714 0.7093333341346154 0.72 0.72 0.728 0.7173333341346153 0.7420000000000001 0.7253333341346154 0.766 0.7146666658653846 0.772
1283 0.6426666658653846 0.7080000000000001 0.64 0.7420000000000001 0.6453333341346154 0.786 0.6613333341346154 0.754 0.6639999999999999 0.7260000000000001 0.6746666658653846 0.7080000000000001 0.6826666658653846 0.7100000000000001 0.6799999999999999 0.7 0.6639999999999999 0.6859999999999999 0.6639999999999999 0.678 0.6506666658653846 0.674 0.6479999999999999 0.6799999999999999 0.6479999999999999 0.6859999999999999 0.6426666658653846 0.6900000000000001 0.6346666658653847 0.698 0.6426666658653846 0.7080000000000001
175 0.9560000000000001 0 0.9093333341346154 0.002 0.9493333341346154 0.376 0.9733333341346154 0.984 0.9973333341346154 0.984 1 0.491 1 0 0.9560000000000001 0
1027 0.7626666658653847 0.246 0.7573333341346153 0.22 0.7386666658653845 0.206 0.7386666658653845 0.148 0.736 0.20400000000000001 0.728 0.214 0.7146666658653846 0.232 0.7146666658653846 0.24800000000000003 0.736 0.258 0.7626666658653847 0.246
174 0.6613333341346154 0.7579999999999999 0.6613333341346154 0.77 0.672 0.784 0.6986666658653846 0.782 0.7146666658653846 0.766 0.7146666658653846 0.75 0.712 0.73 0.6933333341346154 0.7240000000000001 0.6799999999999999 0.7260000000000001 0.6746666658653846 0.734 0.6613333341346154 0.7579999999999999