174 0.296 0.7253333341346154 0.314 0.7253333341346154 0.34199999999999997 0.712 0.34400000000000003 0.6666666658653846 0.34400000000000003 0.6293333341346153 0.33 0.5760000000000001 0.296 0.5733333341346154 0.268 0.5786666658653846 0.266 0.6026666658653845 0.26 0.6426666658653846 0.262 0.6586666658653846 0.272 0.7173333341346153 0.296 0.7253333341346154
402 0.004 0 0.004 0.3973333341346154 0.41600000000000004 0.45866666586538457 0.42600000000000005 0.4453333341346154 0.452 0.43466666586538466 0.482 0.424 0.506 0.424 0.55 0.4373333341346154 0.5559999999999999 0.4533333341346154 1 0.35776382692307696 1 0.17733333413461538 0.9980296298076923 0 0.004 0
1885 0.42 0.4986666658653846 0.43 0.5093333341346153 0.5559999999999999 0.504 0.5559999999999999 0.4533333341346154 0.55 0.4373333341346154 0.52 0.424 0.492 0.4213333341346154 0.46 0.4293333341346154 0.438 0.43466666586538466 0.42 0.4453333341346154 0.42 0.4986666658653846
1885 1 0.35510911778846155 0.5559999999999999 0.4533333341346154 0.5579999999999999 0.48800000000000004 0.7080000000000001 0.49600000000000005 1 0.512 1 0.35510911778846155
1885 0.41800000000000004 0.49600000000000005 0.41800000000000004 0.45866666586538457 0.004 0.3946666658653846 0.004 0.512 0.002 0.536 0.066 0.5306666658653846 0.24000000000000002 0.5066666658653847 0.41800000000000004 0.49600000000000005
1286 0.106 0.52 0.1 0.512 0.098 0.5013333341346153 0.092 0.48800000000000004 0.08600000000000001 0.48800000000000004 0.08600000000000001 0.48000000000000004 0.078 0.48000000000000004 0.078 0.4826666658653846 0.08 0.48800000000000004 0.084 0.4906666658653846 0.084 0.5013333341346153 0.082 0.52 0.08600000000000001 0.5093333341346153 0.088 0.512 0.09 0.52 0.106 0.52
175 1 0.51190346875 0.56 0.4906666658653846 0.5579999999999999 0.4986666658653846 0.5399999999999999 0.5093333341346153 0.998 0.7973333341346154 1 0.6546666658653847 1 0.51190346875
175 1 0.7960865817307692 0.5399999999999999 0.5093333341346153 0.49600000000000005 0.5093333341346153 0.562 0.6319999999999999 0.566 0.64 0.5700000000000001 0.6426666658653846 0.5780000000000001 0.6479999999999999 0.5760000000000001 0.6613333341346154 0.584 0.6613333341346154 0.59 0.6693333341346153 0.5940000000000001 0.6826666658653846 0.604 0.6853333341346153 0.608 0.704 0.614 0.7173333341346153 0.626 0.7226666658653845 0.63 0.7386666658653845 0.6340000000000001 0.752 0.636 0.7653333341346154 0.644 0.7653333341346154 0.652 0.7706666658653846 0.658 0.7866666658653846 0.66 0.8106666658653846 0.66 0.8293333341346153 0.6799999999999999 0.8293333341346153 0.6940000000000001 0.8293333341346153 0.698 0.8533333341346154 0.704 0.8826666658653846 0.7080000000000001 0.912 0.712 0.9386666658653847 0.718 0.9359999999999999 0.738 0.9359999999999999 0.748 0.9359999999999999 0.754 0.952 0.772 0.9946666658653847 1 0.9973101442307691 1 0.7960865817307692
175 0.338 0.9440000000000001 0.33199999999999996 0.9466666658653846 0.32399999999999995 0.9653333341346154 0.322 0.9946666658653847 0.772 0.9946666658653847 0.748 0.9386666658653847 0.732 0.9359999999999999 0.712 0.9359999999999999 0.7060000000000001 0.8773333341346153 0.696 0.8320000000000001 0.6880000000000001 0.8320000000000001 0.66 0.8266666658653846 0.66 0.8053333341346154 0.654 0.7733333341346154 0.644 0.768 0.636 0.7626666658653847 0.63 0.7413333341346154 0.626 0.7253333341346154 0.6180000000000001 0.7173333341346153 0.612 0.712 0.61 0.7013333341346153 0.604 0.6853333341346153 0.5940000000000001 0.6826666658653846 0.592 0.6773333341346154 0.582 0.6639999999999999 0.5760000000000001 0.6586666658653846 0.5760000000000001 0.6479999999999999 0.566 0.64 0.5 0.512 0.462 0.5093333341346153 0.42600000000000005 0.6453333341346154 0.424 0.6453333341346154 0.422 0.6639999999999999 0.41800000000000004 0.6693333341346153 0.41600000000000004 0.6799999999999999 0.41600000000000004 0.6906666658653846 0.41000000000000003 0.696 0.41000000000000003 0.7066666658653846 0.412 0.7226666658653845 0.40399999999999997 0.7253333341346154 0.4 0.7333333341346153 0.398 0.7466666658653847 0.39599999999999996 0.768 0.38799999999999996 0.768 0.384 0.7759999999999999 0.382 0.7919999999999999 0.378 0.8079999999999999 0.378 0.8266666658653846 0.378 0.84 0.37 0.84 0.366 0.84 0.36200000000000004 0.856 0.358 0.8826666658653846 0.356 0.9173333341346154 0.35400000000000004 0.9440000000000001 0.338 0.9440000000000001
175 0.008 0.6880000000000001 0.40599999999999997 0.49600000000000005 0.004 0.5333333341346154 0.006 0.5680000000000001 0.008 0.6880000000000001
175 0.004 0.984 0.004 0.9946666658653847 0.02 0.9760000000000001 0.046 0.9493333341346154 0.068 0.9226666658653847 0.084 0.8666666658653847 0.096 0.88 0.116 0.8773333341346153 0.13 0.8533333341346154 0.128 0.8320000000000001 0.13 0.8 0.132 0.8160000000000001 0.148 0.8213333341346154 0.15799999999999997 0.8213333341346154 0.168 0.8026666658653846 0.168 0.7759999999999999 0.17200000000000001 0.7866666658653846 0.18 0.7893333341346154 0.192 0.7786666658653847 0.196 0.76 0.19799999999999998 0.7386666658653845 0.20400000000000001 0.7573333341346153 0.212 0.76 0.222 0.7333333341346153 0.222 0.7146666658653846 0.228 0.7333333341346153 0.23399999999999999 0.736 0.24400000000000002 0.7226666658653845 0.246 0.696 0.256 0.7093333341346154 0.268 0.6986666658653846 0.254 0.64 0.26 0.6293333341346153 0.254 0.6186666658653847 0.216 0.608 0.19 0.608 0.16599999999999998 0.6133333341346154 0.006 0.6880000000000001 0.004 0.9733333341346154 0.004 0.984
175 0.33999999999999997 0.6 0.348 0.6213333341346154 0.41800000000000004 0.544 0.432 0.512 0.42 0.4933333341346154 0.40800000000000003 0.49600000000000005 0.2 0.6 0.20400000000000001 0.6053333341346154 0.24000000000000002 0.6159999999999999 0.262 0.624 0.264 0.6053333341346154 0.268 0.5786666658653846 0.29 0.5706666658653846 0.312 0.5706666658653846 0.33199999999999996 0.5733333341346154 0.33999999999999997 0.6
1027 0.5940000000000001 0.09866666586538461 0.59 0.04266666586538462 0.5579999999999999 0.05066666586538461 0.56 0.1013333341346154 0.5680000000000001 0.10933333413461538 0.582 0.10933333413461538 0.592 0.10400000000000001 0.5940000000000001 0.09866666586538461
1027 0.5680000000000001 0.18666666586538463 0.564 0.128 0.5399999999999999 0.1333333341346154 0.538 0.18933333413461537 0.5579999999999999 0.192 0.5680000000000001 0.18666666586538463
1027 0.55 0.24000000000000002 0.55 0.2133333341346154 0.528 0.2186666658653846 0.528 0.2426666658653846 0.542 0.2426666658653846 0.55 0.24000000000000002
1027 0.20199999999999999 0.2026666658653846 0.218 0.20800000000000002 0.23 0.2026666658653846 0.23 0.152 0.20199999999999999 0.1493333341346154 0.20199999999999999 0.2026666658653846
1027 0.26 0.256 0.27399999999999997 0.2533333341346154 0.27799999999999997 0.2506666658653846 0.276 0.2106666658653846 0.252 0.2133333341346154 0.254 0.2506666658653846 0.26 0.256
1027 0.7939999999999999 0.192 0.796 0.23733333413461538 0.8200000000000001 0.23733333413461538 0.8200000000000001 0.19733333413461537 0.7939999999999999 0.192
1027 0.87 0.128 0.87 0.18666666586538463 0.896 0.18666666586538463 0.8999999999999999 0.128 0.87 0.128
792 0.43400000000000005 0.512 0.004 0.9413333341346154 0.006 0.9920000000000001 0.27399999999999997 0.9973333341346154 0.348 0.9946666658653847 0.462 0.512 0.43400000000000005 0.512
1027 0.516 0.264 0.516 0.2986666658653846 0.534 0.2986666658653846 0.534 0.264 0.516 0.264
501 0.862 0.3813333341346154 0.8680000000000001 0.5626666658653846 0.8840000000000001 0.5653333341346154 0.9380000000000001 0.5573333341346154 0.9359999999999999 0.3733333341346154 0.8819999999999999 0.376 0.862 0.3813333341346154
501 0.7240000000000001 0.41600000000000004 0.7240000000000001 0.5253333341346154 0.736 0.528 0.768 0.5226666658653847 0.764 0.41333333413461537 0.73 0.41600000000000004 0.7240000000000001 0.41600000000000004
501 0.19399999999999998 0.40266666586538463 0.182 0.4 0.128 0.392 0.13 0.6186666658653847 0.186 0.6133333341346154 0.19799999999999998 0.6026666658653845 0.19399999999999998 0.40266666586538463
501 0.29 0.4293333341346154 0.258 0.4293333341346154 0.26 0.5413333341346154 0.296 0.5466666658653846 0.3 0.5413333341346154 0.3 0.432 0.29 0.4293333341346154