174 0.728 0.7173333341346153 0.738 0.6586666658653846 0.74 0.6426666658653846 0.734 0.6026666658653845 0.732 0.5786666658653846 0.704 0.5733333341346154 0.67 0.5760000000000001 0.656 0.6293333341346153 0.656 0.6666666658653846 0.658 0.712 0.6859999999999999 0.7253333341346154 0.704 0.7253333341346154 0.728 0.7173333341346153
402 0.0019703701923076923 0 0 0.17733333413461538 0 0.35776382692307696 0.444 0.4533333341346154 0.44999999999999996 0.4373333341346154 0.494 0.424 0.518 0.424 0.5479999999999999 0.43466666586538466 0.574 0.4453333341346154 0.584 0.45866666586538457 0.996 0.3973333341346154 0.996 0 0.0019703701923076923 0
1885 0.58 0.4453333341346154 0.562 0.43466666586538466 0.5399999999999999 0.4293333341346154 0.508 0.4213333341346154 0.48000000000000004 0.424 0.44999999999999996 0.4373333341346154 0.444 0.4533333341346154 0.444 0.504 0.5700000000000001 0.5093333341346153 0.58 0.4986666658653846 0.58 0.4453333341346154
1885 0 0.512 0.292 0.49600000000000005 0.44200000000000006 0.48800000000000004 0.444 0.4533333341346154 0 0.35510911778846155 0 0.512
1885 0.76 0.5066666658653847 0.9339999999999999 0.5306666658653846 0.998 0.536 0.996 0.512 0.996 0.3946666658653846 0.582 0.45866666586538457 0.582 0.49600000000000005 0.76 0.5066666658653847
1286 0.91 0.52 0.912 0.512 0.9139999999999999 0.5093333341346153 0.9179999999999999 0.52 0.9159999999999999 0.5013333341346153 0.9159999999999999 0.4906666658653846 0.92 0.48800000000000004 0.922 0.4826666658653846 0.922 0.48000000000000004 0.9139999999999999 0.48000000000000004 0.9139999999999999 0.48800000000000004 0.908 0.48800000000000004 0.902 0.5013333341346153 0.8999999999999999 0.512 0.894 0.52 0.91 0.52
175 0 0.6546666658653847 0.002 0.7973333341346154 0.46 0.5093333341346153 0.44200000000000006 0.4986666658653846 0.44 0.4906666658653846 0 0.51190346875 0 0.6546666658653847
175 0 0.9973101442307691 0.228 0.9946666658653847 0.246 0.952 0.252 0.9359999999999999 0.262 0.9359999999999999 0.282 0.9359999999999999 0.28800000000000003 0.9386666658653847 0.292 0.912 0.296 0.8826666658653846 0.302 0.8533333341346154 0.306 0.8293333341346153 0.32 0.8293333341346153 0.33999999999999997 0.8293333341346153 0.33999999999999997 0.8106666658653846 0.34199999999999997 0.7866666658653846 0.348 0.7706666658653846 0.356 0.7653333341346154 0.364 0.7653333341346154 0.366 0.752 0.37 0.7386666658653845 0.374 0.7226666658653845 0.386 0.7173333341346153 0.392 0.704 0.39599999999999996 0.6853333341346153 0.40599999999999997 0.6826666658653846 0.41000000000000003 0.6693333341346153 0.41600000000000004 0.6613333341346154 0.424 0.6613333341346154 0.422 0.6479999999999999 0.43 0.6426666658653846 0.43400000000000005 0.64 0.438 0.6319999999999999 0.504 0.5093333341346153 0.46 0.5093333341346153 0 0.7960865817307692 0 0.9973101442307691
175 0.646 0.9440000000000001 0.644 0.9173333341346154 0.642 0.8826666658653846 0.638 0.856 0.6340000000000001 0.84 0.63 0.84 0.622 0.84 0.622 0.8266666658653846 0.622 0.8079999999999999 0.6180000000000001 0.7919999999999999 0.6159999999999999 0.7759999999999999 0.612 0.768 0.604 0.768 0.602 0.7466666658653847 0.6 0.7333333341346153 0.596 0.7253333341346154 0.588 0.7226666658653845 0.59 0.7066666658653846 0.59 0.696 0.584 0.6906666658653846 0.584 0.6799999999999999 0.582 0.6693333341346153 0.5780000000000001 0.6639999999999999 0.5760000000000001 0.6453333341346154 0.574 0.6453333341346154 0.538 0.5093333341346153 0.5 0.512 0.43400000000000005 0.64 0.424 0.6479999999999999 0.424 0.6586666658653846 0.41800000000000004 0.6639999999999999 0.40800000000000003 0.6773333341346154 0.40599999999999997 0.6826666658653846 0.39599999999999996 0.6853333341346153 0.39 0.7013333341346153 0.38799999999999996 0.712 0.382 0.7173333341346153 0.374 0.7253333341346154 0.37 0.7413333341346154 0.364 0.7626666658653847 0.356 0.768 0.34600000000000003 0.7733333341346154 0.33999999999999997 0.8053333341346154 0.33999999999999997 0.8266666658653846 0.312 0.8320000000000001 0.304 0.8320000000000001 0.294 0.8773333341346153 0.28800000000000003 0.9359999999999999 0.268 0.9359999999999999 0.252 0.9386666658653847 0.228 0.9946666658653847 0.678 0.9946666658653847 0.676 0.9653333341346154 0.6679999999999999 0.9466666658653846 0.662 0.9440000000000001 0.646 0.9440000000000001
175 0.994 0.5680000000000001 0.996 0.5333333341346154 0.5940000000000001 0.49600000000000005 0.9920000000000001 0.6880000000000001 0.994 0.5680000000000001
175 0.996 0.9733333341346154 0.994 0.6880000000000001 0.8340000000000001 0.6133333341346154 0.8099999999999999 0.608 0.784 0.608 0.746 0.6186666658653847 0.74 0.6293333341346153 0.746 0.64 0.732 0.6986666658653846 0.744 0.7093333341346154 0.754 0.696 0.756 0.7226666658653845 0.766 0.736 0.772 0.7333333341346153 0.778 0.7146666658653846 0.778 0.7333333341346153 0.788 0.76 0.796 0.7573333341346153 0.802 0.7386666658653845 0.804 0.76 0.8079999999999999 0.7786666658653847 0.8200000000000001 0.7893333341346154 0.828 0.7866666658653846 0.8320000000000001 0.7759999999999999 0.8320000000000001 0.8026666658653846 0.842 0.8213333341346154 0.8520000000000001 0.8213333341346154 0.8680000000000001 0.8160000000000001 0.87 0.8 0.872 0.8320000000000001 0.87 0.8533333341346154 0.8840000000000001 0.8773333341346153 0.904 0.88 0.9159999999999999 0.8666666658653847 0.9319999999999999 0.9226666658653847 0.954 0.9493333341346154 0.98 0.9760000000000001 0.996 0.9946666658653847 0.996 0.984 0.996 0.9733333341346154
175 0.6679999999999999 0.5733333341346154 0.6880000000000001 0.5706666658653846 0.7100000000000001 0.5706666658653846 0.732 0.5786666658653846 0.736 0.6053333341346154 0.738 0.624 0.76 0.6159999999999999 0.796 0.6053333341346154 0.8 0.6 0.592 0.49600000000000005 0.58 0.4933333341346154 0.5680000000000001 0.512 0.582 0.544 0.652 0.6213333341346154 0.66 0.6 0.6679999999999999 0.5733333341346154
1027 0.40800000000000003 0.10400000000000001 0.41800000000000004 0.10933333413461538 0.432 0.10933333413461538 0.44 0.1013333341346154 0.44200000000000006 0.05066666586538461 0.41000000000000003 0.04266666586538462 0.40599999999999997 0.09866666586538461 0.40800000000000003 0.10400000000000001
1027 0.44200000000000006 0.192 0.462 0.18933333413461537 0.46 0.1333333341346154 0.436 0.128 0.432 0.18666666586538463 0.44200000000000006 0.192
1027 0.45799999999999996 0.2426666658653846 0.47200000000000003 0.2426666658653846 0.47200000000000003 0.2186666658653846 0.44999999999999996 0.2133333341346154 0.44999999999999996 0.24000000000000002 0.45799999999999996 0.2426666658653846
1027 0.798 0.1493333341346154 0.77 0.152 0.77 0.2026666658653846 0.782 0.20800000000000002 0.798 0.2026666658653846 0.798 0.1493333341346154
1027 0.746 0.2506666658653846 0.748 0.2133333341346154 0.7240000000000001 0.2106666658653846 0.722 0.2506666658653846 0.7260000000000001 0.2533333341346154 0.74 0.256 0.746 0.2506666658653846
1027 0.18 0.19733333413461537 0.18 0.23733333413461538 0.20400000000000001 0.23733333413461538 0.206 0.192 0.18 0.19733333413461537
1027 0.1 0.128 0.10400000000000001 0.18666666586538463 0.13 0.18666666586538463 0.13 0.128 0.1 0.128
792 0.538 0.512 0.652 0.9946666658653847 0.7260000000000001 0.9973333341346154 0.994 0.9920000000000001 0.996 0.9413333341346154 0.566 0.512 0.538 0.512
1027 0.46599999999999997 0.264 0.46599999999999997 0.2986666658653846 0.484 0.2986666658653846 0.484 0.264 0.46599999999999997 0.264
501 0.11800000000000001 0.376 0.064 0.3733333341346154 0.062000000000000006 0.5573333341346154 0.116 0.5653333341346154 0.132 0.5626666658653846 0.138 0.3813333341346154 0.11800000000000001 0.376
501 0.26999999999999996 0.41600000000000004 0.23600000000000002 0.41333333413461537 0.232 0.5226666658653847 0.264 0.528 0.276 0.5253333341346154 0.276 0.41600000000000004 0.26999999999999996 0.41600000000000004
501 0.802 0.6026666658653845 0.8140000000000001 0.6133333341346154 0.87 0.6186666658653847 0.872 0.392 0.8180000000000001 0.4 0.8059999999999999 0.40266666586538463 0.802 0.6026666658653845
501 0.7 0.432 0.7 0.5413333341346154 0.704 0.5466666658653846 0.74 0.5413333341346154 0.7420000000000001 0.4293333341346154 0.7100000000000001 0.4293333341346154 0.7 0.432