402 0.09066666586538462 0 0.045333334134615384 0.38 0.09066666586538462 0.378 0.15466666586538463 0.40399999999999997 0.41333333413461537 0.474 0.43466666586538466 0.452 0.4853333341346154 0.438 0.5413333341346154 0.42600000000000005 0.592 0.374 0.5386666658653846 0.34600000000000003 0.5386666658653846 0.312 0.7786666658653847 0.126 0.72 0.106 0.7013333341346153 0.094 0.7413333341346154 0 0.09066666586538462 0
1885 0.3173333341346154 0.508 0.41333333413461537 0.49 0.41333333413461537 0.47200000000000003 0.09066666586538462 0.376 0.04266666586538462 0.38 0.04266666586538462 0.722 0.045333334134615384 0.722 0.3093333341346154 0.7080000000000001 0.3173333341346154 0.508
175 0.5680000000000001 0.6159999999999999 0.552 0.5760000000000001 0.552 0.508 0.56 0.48000000000000004 0.5413333341346154 0.44 0.4666666658653846 0.438 0.4293333341346154 0.44999999999999996 0.41066666586538464 0.464 0.41600000000000004 0.486 0.3173333341346154 0.51 0.3093333341346154 0.7060000000000001 0.32 0.714 0.352 0.714 0.3866666658653846 0.7260000000000001 0.40800000000000003 0.738 0.41866666586538465 0.76 0.44 0.756 0.4613333341346154 0.762 0.4773333341346154 0.754 0.4826666658653846 0.766 0.5093333341346153 0.768 0.5306666658653846 0.746 0.5680000000000001 0.732 0.5760000000000001 0.6859999999999999 0.5680000000000001 0.6159999999999999
175 0.7397777788461538 0 0.704 0.046 0.696 0.07 0.72 0.10400000000000001 0.752 0.12200000000000001 0.7413333341346154 0.14200000000000002 0.5333333341346154 0.326 0.5573333341346154 0.36 0.5973333341346154 0.374 0.5573333341346154 0.4 0.5413333341346154 0.43 0.552 0.44999999999999996 0.5626666658653846 0.486 0.56 0.51 0.552 0.552 0.5493333341346154 0.588 0.5706666658653846 0.624 0.5706666658653846 0.676 0.5760000000000001 0.734 0.512 0.754 0.5146666658653847 0.7899999999999999 0.5413333341346154 0.8180000000000001 0.584 0.8200000000000001 0.6159999999999999 0.846 0.6506666658653846 0.864 0.7253333341346154 0.8840000000000001 0.784 0.886 0.8213333341346154 0.9159999999999999 0.8933333341346154 0.9299999999999999 0.9413333341346154 0.926 0.9920000000000001 0.946 0.9893389591346153 0 0.7397777788461538 0
792 0 0.9920053629807692 0.9920000000000001 0.994 0.9920000000000001 0.946 0.9466666658653846 0.928 0.856 0.92 0.7893333341346154 0.892 0.6746666658653846 0.872 0.592 0.826 0.5333333341346154 0.804 0.512 0.766 0.4693333341346154 0.762 0.4373333341346154 0.762 0.4 0.752 0.3733333341346154 0.7240000000000001 0.3093333341346154 0.702 0.032 0.728 0.026666665865384614 0.988 0 0.9916363629807693 0 0.9920053629807692
1227 0.6693333341346153 0.912 0.744 0.9400000000000001 0.7733333341346154 0.9400000000000001 0.7733333341346154 0.95 0.8986666658653846 0.98 0.968 0.984 0.9493333341346154 0.9339999999999999 0.8906666658653847 0.9339999999999999 0.8213333341346154 0.9179999999999999 0.7866666658653846 0.8999999999999999 0.7306666658653846 0.8840000000000001 0.6613333341346154 0.874 0.5946666658653846 0.8320000000000001 0.5813333341346154 0.822 0.5253333341346154 0.8059999999999999 0.52 0.8680000000000001 0.5626666658653846 0.878 0.5866666658653846 0.886 0.6506666658653846 0.912 0.6693333341346153 0.912
1283 0.2746666658653846 0.766 0.2826666658653846 0.7420000000000001 0.28 0.728 0.2906666658653846 0.72 0.304 0.714 0.2986666658653846 0.714 0.2933333341346154 0.7 0.312 0.6920000000000001 0.312 0.678 0.2986666658653846 0.676 0.2826666658653846 0.6880000000000001 0.26933333413461535 0.698 0.2533333341346154 0.72 0.264 0.7420000000000001 0.2533333341346154 0.77 0.27733333413461536 0.778 0.28533333413461537 0.772 0.2746666658653846 0.766
1283 0.3653333341346154 0.698 0.3573333341346154 0.6900000000000001 0.352 0.6859999999999999 0.352 0.6799999999999999 0.34933333413461537 0.674 0.336 0.678 0.336 0.6859999999999999 0.32 0.7 0.3173333341346154 0.7100000000000001 0.32533333413461535 0.7080000000000001 0.336 0.7260000000000001 0.33866666586538463 0.754 0.35466666586538464 0.786 0.36 0.7420000000000001 0.3573333341346154 0.7080000000000001 0.3653333341346154 0.698
175 0 0 0 0.491 0.002666665865384615 0.984 0.026666665865384614 0.984 0.05066666586538461 0.376 0.09066666586538462 0.002 0.044 0 0 0
1027 0.264 0.258 0.28533333413461537 0.24800000000000003 0.28533333413461537 0.232 0.272 0.214 0.264 0.20400000000000001 0.2613333341346154 0.148 0.2613333341346154 0.206 0.2426666658653846 0.22 0.23733333413461538 0.246 0.264 0.258
174 0.32533333413461535 0.734 0.32 0.7260000000000001 0.3066666658653846 0.7240000000000001 0.28800000000000003 0.73 0.28533333413461537 0.75 0.28533333413461537 0.766 0.3013333341346154 0.782 0.328 0.784 0.33866666586538463 0.77 0.33866666586538463 0.7579999999999999 0.32533333413461535 0.734