402 0.0078125 0 0.0078125 0.3359375 1 0.22310048798076923 1 0 0.0078125 0
1648 0.47265625 0.98828125 0.49609375 0.9921875 0.921875 0.875 0.9296875 0.65234375 0.77734375 0.64453125 0.44921875 0.6953125 0.44921875 0.70703125 0.46484375 0.70703125 0.47265625 0.98828125
1607 0.3359375 0.63671875 0.32421875 0.61328125 0.3125 0.59765625 0.2265625 0.6015625 0.14453125 0.609375 0.09375 0.61328125 0.0703125 0.6171875 0.0546875 0.62890625 0.0625 0.65234375 0.08984375 0.640625 0.125 0.65625 0.16796875 0.64453125 0.19140625 0.65625 0.2109375 0.65625 0.2265625 0.72265625 0.33203125 0.703125 0.3359375 0.63671875
417 0.078125 0.8828125 0.2109375 0.8828125 0.2109375 0.98828125 0.22265625 0.9921875 0.22265625 0.8828125 0.25390625 0.8359375 0.25390625 0.921875 0.26171875 0.921875 0.26953125 0.765625 0.2265625 0.765625 0.22265625 0.66796875 0.19140625 0.65625 0.171875 0.64453125 0.140625 0.65234375 0.11328125 0.6484375 0.0859375 0.64453125 0.0703125 0.65234375 0.05078125 0.65625 0.04296875 0.66796875 0.04296875 0.734375 0.03125 0.7421875 0.04296875 0.76171875 0.0546875 0.8828125 0.0625 0.9453125 0.0625 0.97265625 0.0546875 0.9921875 0.0703125 0.9921875 0.078125 0.8828125
1607 0.26171875 0.76953125 0.2578125 0.84765625 0.26953125 0.875 0.30859375 0.89453125 0.32421875 0.8984375 0.33203125 0.7265625 0.3125 0.7265625 0.265625 0.73828125 0.26171875 0.76953125
649 0.328125 0.359375 0.32421875 0.90234375 0.3125 0.90625 0.3046875 0.9921875 0.48046875 0.9921875 0.484375 0.91796875 0.44921875 0.8984375 0.453125 0.32421875 0.4375 0.30859375 0.37890625 0.30859375 0.359375 0.3203125 0.36328125 0.33984375 0.328125 0.359375
1523 0.546875 0.65234375 0.54296875 0.28125 0.0078125 0.33984375 0.0078125 0.5078125 0.0078125 0.76953125 0.546875 0.65234375
1942 0.546875 0.51953125 0.76171875 0.52734375 0.765625 0.328125 0.5546875 0.34375 0.546875 0.51953125
1523 1 0.28548176923076923 0.76953125 0.3046875 0.765625 0.64453125 0.99609375 0.7421875 1 0.513671875 1 0.28548176923076923
650 0.9296875 0.64453125 0.921875 0.84765625 0.98828125 0.828125 0.98828125 0.7890625 0.98046875 0.78515625 0.9921875 0.3515625 0.84375 0.359375 0.8515625 0.6328125 0.9296875 0.64453125
1885 1 0.2231528076923077 0.54296875 0.28125 0.53515625 0.68359375 1 0.74169921875 1 0.2231528076923077
268 0.65625 0.71875 0.6015625 0.72265625 0.609375 0.80078125 0.6640625 0.796875 0.65625 0.71875
268 0.56640625 0.8046875 0.58203125 0.8046875 0.6015625 0.7890625 0.5859375 0.71875 0.55859375 0.7265625 0.56640625 0.8046875
268 0.6015625 0.94140625 0.640625 0.91796875 0.61328125 0.84375 0.57421875 0.86328125 0.6015625 0.94140625
268 0.57421875 0.51953125 0.625 0.5234375 0.625 0.44921875 0.57421875 0.44921875 0.57421875 0.51953125
279 0.23828125 0.4375 0.17578125 0.43359375 0.17578125 0.4765625 0.23828125 0.47265625 0.23828125 0.4375
279 0.17578125 0.52734375 0.23828125 0.5234375 0.23828125 0.484375 0.17578125 0.48828125 0.17578125 0.52734375
792 0.0078125 0.76953125 0.00390625 0.9921875 0.99609375 0.9921875 0.99609375 0.7421875 0.53515625 0.6796875 0.53125 0.65234375 0.0078125 0.76953125
1027 0.43359375 0.16015625 0.66015625 0.10546875 0.65625 0.10546875 0.52734375 0.078125 0.30859375 0.13671875 0.43359375 0.16015625
1027 0.03125 0.21875 0.12890625 0.23046875 0.24609375 0.19921875 0.13671875 0.1875 0.03125 0.21875
1027 0.23828125 0.28515625 0.3125 0.2890625 0.375 0.27734375 0.328125 0.26953125 0.23828125 0.28515625
1027 1 0.1724232451923077 0.78125 0.203125 0.859375 0.21875 1 0.19594594471153848 1 0.1724232451923077
1027 0.0859375 0.30859375 0.15234375 0.3125 0.1953125 0.296875 0.15234375 0.29296875 0.0859375 0.30859375
1027 0.44921875 0.25 0.5078125 0.2578125 0.65234375 0.23828125 0.578125 0.23046875 0.44921875 0.25