1523 0.4599151514423077 0 0.446 0.4924924927884616 0.996 0.4174174182692308 0.996 0 0.4599151514423077 0
1523 0.5399999999999999 0.6726726730769231 0.5680000000000001 0.6756756754807692 0.566 0.9909909903846154 0.996 0.9969969975961538 0.9920000000000001 0.4174174182692308 0.6180000000000001 0.4714714711538462 0.55 0.4804804807692308 0.5399999999999999 0.6726726730769231
1885 0.44200000000000006 0.48948949038461537 0.436 0.6696696706730769 0.542 0.6756756754807692 0.5479999999999999 0.4864864855769231 0.44200000000000006 0.48948949038461537
1523 0.43400000000000005 0.6696696706730769 0.43 0.9969969975961538 0.566 0.9909909903846154 0.5680000000000001 0.6756756754807692 0.43400000000000005 0.6696696706730769
1523 0.35400000000000004 0.15015014903846155 0.33199999999999996 0.3153153149038461 0.352 0.3273273269230769 0.318 0.7147147139423077 0.30799999999999994 0.7267267259615384 0.31599999999999995 0.9939939951923077 0.43 0.9909909903846154 0.452 0.21921921875 0.35400000000000004 0.15015014903846155
1885 0.11800000000000001 0 0.032 0.9969969975961538 0.31599999999999995 0.9939939951923077 0.306 0.7207207211538461 0.31599999999999995 0.7147147139423077 0.352 0.3273273269230769 0.33 0.31231231249999997 0.352 0.15015014903846155 0.452 0.21921921875 0.459891891826923 0 0.11800000000000001 0
1520 0 0 0 0.9913663653846154 0.030000000000000002 0.9969969975961538 0.116 0 0 0
1315 0.22 0 0.19 0.23123123076923077 0.328 0.3153153149038461 0.364 0.02402402403846154 0.33999999999999997 0 0.22 0
1314 0.176 0.22522522596153843 0.164 0.22822822836538462 0.12000000000000001 0.7087087091346155 0.31599999999999995 0.7177177187499999 0.35 0.32432432451923077 0.176 0.22522522596153843
1120 0.304 0.7267267259615384 0.10400000000000001 0.7207207211538461 0.094 0.9939939951923077 0.31599999999999995 0.9939939951923077 0.304 0.7267267259615384
1285 0.722 0.9849849855769232 0.736 0.9849849855769232 0.7420000000000001 0.9789789783653846 0.734 0.954954954326923 0.7420000000000001 0.9249249254807693 0.752 0.9009009014423076 0.746 0.9459459471153846 0.746 0.9909909903846154 0.84 0.9909909903846154 0.84 0.9669669663461539 0.8520000000000001 0.9219219230769231 0.86 0.8858858870192308 0.8680000000000001 0.8648648653846155 0.858 0.8318318317307691 0.8520000000000001 0.7927927932692308 0.846 0.7807807812499999 0.8320000000000001 0.7687687692307693 0.824 0.7567567572115385 0.826 0.7387387379807693 0.8320000000000001 0.7147147139423077 0.828 0.6966966971153846 0.8160000000000001 0.6756756754807692 0.8 0.6726726730769231 0.7919999999999999 0.6786786778846154 0.7739999999999999 0.6966966971153846 0.77 0.7267267259615384 0.7739999999999999 0.7387387379807693 0.772 0.75075075 0.766 0.7597597596153847 0.754 0.7687687692307693 0.738 0.7957957956730769 0.736 0.8258258269230769 0.736 0.8708708701923077 0.728 0.9009009014423076 0.734 0.9279279278846153 0.728 0.9609609615384616 0.722 0.9849849855769232
279 0.61 0.20720720673076926 0.588 0.21021020913461538 0.588 0.19219219230769233 0.5780000000000001 0.19519519471153846 0.5780000000000001 0.21621621634615387 0.554 0.21921921875 0.5559999999999999 0.20720720673076926 0.528 0.21921921875 0.528 0.23123123076923077 0.508 0.23723723798076923 0.502 0.22822822836538462 0.494 0.23423423317307693 0.492 0.2402402403846154 0.482 0.2402402403846154 0.474 0.23423423317307693 0.46 0.2402402403846154 0.464 0.3393393389423077 0.7260000000000001 0.27027026923076924 0.722 0.1441441442307692 0.614 0.18918918990384614 0.61 0.20720720673076926
279 0.9920000000000001 0.0990990985576923 0.95 0.10510510576923077 0.9380000000000001 0.10210210096153846 0.8500000000000001 0.13813813701923078 0.8500000000000001 0.12312312259615385 0.84 0.126126125 0.838 0.1441441442307692 0.784 0.1471471466346154 0.752 0.1471471466346154 0.7420000000000001 0.14114114182692308 0.746 0.2612612620192308 0.86 0.2402402403846154 0.926 0.22222222115384616 0.9920000000000001 0.21621621634615387 0.9920000000000001 0.0990990985576923
279 0.8680000000000001 0.5525525528846154 0.864 0.4924924927884616 0.78 0.49849849759615383 0.736 0.49849849759615383 0.696 0.4954954951923077 0.7 0.5525525528846154 0.73 0.5525525528846154 0.796 0.5585585576923077 0.8340000000000001 0.5525525528846154 0.8680000000000001 0.5525525528846154
501 0.896 0.46846846875 0.902 0.4654654663461538 0.904 0.43243243269230774 0.8520000000000001 0.43543543509615384 0.8520000000000001 0.45645645673076923 0.8659999999999999 0.47447447355769234 0.878 0.9849849855769232 0.904 0.9909909903846154 0.896 0.46846846875
279 0.696 0.30630630528846153 0.6319999999999999 0.3303303293269231 0.6319999999999999 0.3393393389423077 0.6159999999999999 0.3423423413461538 0.614 0.3303303293269231 0.606 0.3393393389423077 0.606 0.34534534615384616 0.574 0.35435435336538457 0.5760000000000001 0.3423423413461538 0.546 0.35135135096153847 0.542 0.34534534615384616 0.49 0.35735735817307696 0.492 0.3723723725961538 0.462 0.375375375 0.462 0.47447447355769234 0.73 0.4204204206730769 0.722 0.3153153149038461 0.7 0.31831831730769233 0.696 0.30630630528846153
279 0.32 0.6876876875 0.32 0.7897897908653846 0.328 0.8018018028846154 0.428 0.7957957956730769 0.43 0.6756756754807692 0.386 0.6906906899038462 0.32 0.6876876875
279 0.984 0.24924924999999998 0.968 0.25225225240384613 0.9600000000000001 0.27027026923076924 0.8500000000000001 0.28228228125 0.766 0.3003003004807692 0.75 0.30630630528846153 0.754 0.4174174182692308 0.9920000000000001 0.38138138221153844 0.9920000000000001 0.25225225240384613 0.984 0.25225225240384613 0.984 0.24924924999999998
268 0.948 0.2462462451923077 0.8840000000000001 0.25825825721153844 0.8819999999999999 0.2762762764423077 0.948 0.27027026923076924 0.948 0.2462462451923077
279 0.716 0.021021021634615385 0.704 0.02402402403846154 0.704 0.042042040865384614 0.6940000000000001 0.05105105048076923 0.6839999999999999 0.03003002884615385 0.67 0.03003002884615385 0.67 0.04804804807692308 0.66 0.06006006009615385 0.66 0.04804804807692308 0.6499999999999999 0.042042040865384614 0.654 0.06006006009615385 0.638 0.0630630625 0.638 0.05105105048076923 0.626 0.05105105048076923 0.624 0.0630630625 0.6159999999999999 0.06006006009615385 0.5700000000000001 0.0720720721153846 0.5700000000000001 0.09309309375 0.562 0.09309309375 0.562 0.08108108173076924 0.546 0.07507507451923078 0.46599999999999997 0.11711711778846154 0.456 0.2132132139423077 0.72 0.1291291298076923 0.716 0.021021021634615385