1286 0.36222222115384617 0.6967213125 0.4444444447115385 0.7076502740384616 0.4444444447115385 0.7431693990384616 0.47333333413461537 0.6939890721153846 0.5066666658653847 0.6885245913461537 0.5066666658653847 0.6366120216346154 0.508888889423077 0.5792349735576923 0.5155555552884615 0.5437158461538462 0.5222222211538461 0.5546448076923076 0.5355555552884615 0.576502733173077 0.5422222211538462 0.59836065625 0.5422222211538462 0.6256830600961538 0.5488888894230769 0.6366120216346154 0.5555555552884616 0.6612021850961539 0.5666666658653846 0.6748633870192309 0.5844444447115384 0.6775956274038462 0.5866666658653846 0.6612021850961539 0.5977777788461538 0.6448087427884615 0.5888888894230769 0.6229508197115384 0.5755555552884615 0.5901639350961538 0.5622222211538461 0.513661201923077 0.5444444447115384 0.42349726682692307 0.5244444447115385 0.32240437259615384 0.5133333341346155 0.29508196634615386 0.5 0.27868852403846156 0.46444444471153845 0.25956284134615387 0.44 0.2486338798076923 0.44222222115384613 0.22950819711538462 0.4511111105769231 0.22404371634615383 0.45777777884615384 0.20491803365384614 0.46888888942307694 0.15846994471153847 0.4533333341346154 0.12841530048076924 0.43555555528846157 0.10655737740384616 0.40888888942307694 0.09289617548076924 0.38444444471153844 0.10655737740384616 0.3666666658653846 0.13934426201923078 0.36222222115384617 0.17759562740384613 0.3666666658653846 0.20491803365384614 0.3666666658653846 0.22677595673076922 0.3733333341346154 0.2513661201923077 0.3644444447115385 0.2650273221153846 0.3177777788461539 0.2732240432692308 0.2933333341346154 0.29781420673076925 0.28222222115384615 0.33879781490384614 0.2711111105769231 0.40163934375 0.2622222211538462 0.5081967211538462 0.2555555552884615 0.6010928966346154 0.2511111105769231 0.63387978125 0.23333333413461538 0.6584699447115384 0.23555555528846156 0.6830601081730769 0.2511111105769231 0.6912568317307692 0.2666666658653846 0.6857923485576923 0.2711111105769231 0.6967213125 0.27555555528846154 0.6912568317307692 0.27333333413461536 0.66939890625 0.27333333413461536 0.6256830600961538 0.28888888942307694 0.6120218581730769 0.3 0.5737704927884615 0.3111111105769231 0.6147540985576924 0.3155555552884615 0.7240437163461538 0.3155555552884615 0.7349726778846153 0.34222222115384615 0.7377049182692308 0.36222222115384617 0.6967213125
1708 0 0.9945355192307692 0.9977777788461538 0.9945355192307692 0.9955555552884616 0.7322404375 0 0.7104311947115385 0 0.9945355192307692
279 0.16666666586538462 0.9316939879807692 0.20888888942307693 0.879781420673077 0.2 0.8360655745192307 0.10444444471153846 0.8224043725961538 0.042222221153846155 0.9016393437500001 0.04444444471153846 0.964480875 0.15555555528846154 0.9726775961538461 0.16888888942307692 0.9617486346153845 0.16666666586538462 0.9316939879807692
279 0.22222222115384616 0.8579234975961539 0.16666666586538462 0.9316939879807692 0.17111111057692308 0.978142076923077 0.27777777884615384 0.986338798076923 0.30888888942307696 0.9207650264423077 0.30888888942307696 0.8688524591346154 0.22222222115384616 0.8579234975961539
279 0.6177777788461539 0.9918032788461539 0.62 0.9836065576923076 0.62 0.8579234975961539 0.5155555552884615 0.8633879783653846 0.5 0.950819673076923 0.5 0.9918032788461539 0.6177777788461539 0.9918032788461539
279 0.76 0.9918032788461539 0.771111110576923 0.9398907115384615 0.7733333341346154 0.9234972668269231 0.7733333341346154 0.8989071033653846 0.7533333341346153 0.8196721322115385 0.6422222211538462 0.8333333341346154 0.6377777788461538 0.9207650264423077 0.64 0.9945355192307692 0.76 0.9918032788461539
279 0.4488888894230769 0.7595628413461538 0.4511111105769231 0.8169398918269231 0.5777777788461539 0.8196721322115385 0.58 0.7650273221153847 0.5866666658653846 0.6994535528846153 0.4711111105769231 0.6912568317307692 0.4488888894230769 0.7595628413461538
279 0.4711111105769231 0.8196721322115385 0.4711111105769231 0.7841530048076923 0.388888889423077 0.7759562836538462 0.3688888894230769 0.83060109375 0.46222222115384615 0.83060109375 0.4711111105769231 0.8196721322115385
279 0.2066666658653846 0.8688524591346154 0.22222222115384616 0.8579234975961539 0.30888888942307696 0.8688524591346154 0.3111111105769231 0.8852459014423076 0.3355555552884616 0.8251366129807691 0.33111111057692305 0.7650273221153847 0.2466666658653846 0.7650273221153847 0.20444444471153847 0.83060109375 0.2066666658653846 0.8688524591346154
279 0.4311111105769231 0.7786885240384614 0.44222222115384613 0.7486338798076922 0.44222222115384613 0.7076502740384616 0.36222222115384617 0.6967213125 0.3355555552884616 0.7540983605769231 0.33777777884615384 0.8060109278846154 0.3733333341346154 0.8114754086538463 0.3866666658653846 0.7704918028846154 0.4311111105769231 0.7786885240384614
279 0.7355555552884615 0.7950819663461538 0.7333333341346153 0.6994535528846153 0.6133333341346154 0.6939890721153846 0.6066666658653846 0.7568306009615384 0.6066666658653846 0.8169398918269231 0.6422222211538462 0.8224043725961538 0.6466666658653846 0.7950819663461538 0.7355555552884615 0.7950819663461538
279 0.8666666658653847 0.8497267764423077 0.8733333341346154 0.7650273221153847 0.8488888894230769 0.7076502740384616 0.76 0.7076502740384616 0.751111110576923 0.7950819663461538 0.7688888894230769 0.8688524591346154 0.771111110576923 0.8469945360576923 0.8666666658653847 0.8497267764423077
279 0.7644444447115385 0.8715846995192307 0.7755555552884614 0.9071038245192308 0.7733333341346154 0.9426229519230769 0.7822222211538462 0.9918032788461539 0.92 0.9918032788461539 0.9244444447115385 0.9426229519230769 0.891111110576923 0.8469945360576923 0.7755555552884614 0.8497267764423077 0.7644444447115385 0.8715846995192307
279 0.10222222115384616 0.8196721322115385 0.1266666658653846 0.7978142067307693 0.1288888894230769 0.7404371586538462 0.05111111057692308 0.7267759567307692 0.006666665865384615 0.7814207644230768 0.0044444447115384615 0.8087431682692308 0.07333333413461539 0.8224043725961538 0.08444444471153846 0.8415300552884616 0.10222222115384616 0.8196721322115385
279 0 0.9590163942307692 0.017777778846153846 0.9590163942307692 0.042222221153846155 0.9398907115384615 0.04 0.8961748629807692 0.08222222115384616 0.8469945360576923 0.07333333413461539 0.8224043725961538 0.002222221153846154 0.8060109278846154 0 0.8825136610576922 0 0.9590163942307692
279 0.22 0.7950819663461538 0.21777777884615385 0.7759562836538462 0.14888888942307693 0.7704918028846154 0.11111111057692308 0.8224043725961538 0.20222222115384614 0.8333333341346154 0.22 0.7950819663461538
279 0.7422222211538462 0.7295081971153846 0.751111110576923 0.7650273221153847 0.7577777788461538 0.7076502740384616 0.8488888894230769 0.7049180336538462 0.8711111105769231 0.7650273221153847 0.891111110576923 0.7650273221153847 0.891111110576923 0.7131147548076923 0.868888889423077 0.6530054639423077 0.7533333341346153 0.655737704326923 0.7422222211538462 0.7295081971153846
279 0.9955555552884616 0.9945355192307692 0.9933333341346154 0.8224043725961538 0.9311111105769231 0.8196721322115385 0.92 0.9043715841346154 0.9488888894230769 0.986338798076923 0.9955555552884616 0.9945355192307692
279 0.9111111105769231 0.9043715841346154 0.9177777788461537 0.9043715841346154 0.9311111105769231 0.8196721322115385 0.9866666658653845 0.8169398918269231 0.9688888894230769 0.7650273221153847 0.8733333341346154 0.7650273221153847 0.868888889423077 0.8415300552884616 0.891111110576923 0.844262295673077 0.9111111105769231 0.9043715841346154
417 0 0.6760777163461539 0.017777778846153846 0.6857923485576923 0.013333334134615385 0.7185792355769232 0.02 0.7185792355769232 0.026666665865384614 0.6967213125 0.04444444471153846 0.6939890721153846 0.04666666586538462 0.7185792355769232 0.05777777884615384 0.7185792355769232 0.053333334134615384 0.6857923485576923 0.06666666586538461 0.6803278677884615 0.08 0.7240437163461538 0.09111111057692309 0.7240437163461538 0.07777777884615385 0.66939890625 0.1266666658653846 0.6584699447115384 0.1311111105769231 0.6748633870192309 0.14 0.7076502740384616 0.15555555528846154 0.7076502740384616 0.14888888942307693 0.6994535528846153 0.14222222115384617 0.6775956274038462 0.14444444471153847 0.6092896177884616 0.15555555528846154 0.4918032788461538 0.14888888942307693 0.4781420769230769 0.10222222115384616 0.4617486346153846 0.08888888942307692 0.4617486346153846 0.07333333413461539 0.48087431730769226 0.05777777884615384 0.5683060120192308 0.06444444471153846 0.5792349735576923 0.05555555528846154 0.6120218581730769 0 0.6304119375 0 0.6760777163461539
180 0.9022222211538462 0.4972677596153846 0.8977777788461538 0.549180326923077 0.8999999999999999 0.5655737716346154 0.8955555552884615 0.59836065625 0.8977777788461538 0.6120218581730769 0.9044444447115385 0.6147540985576924 0.9888888894230768 0.6256830600961538 0.9977777788461538 0.48633879807692304 0.9066666658653847 0.4781420769230769 0.9022222211538462 0.4972677596153846
180 0.8955555552884615 0.5027322403846154 0.891111110576923 0.4890710384615385 0.8066666658653846 0.4754098365384615 0.7955555552884616 0.513661201923077 0.8022222211538461 0.521857923076923 0.8022222211538461 0.6010928966346154 0.88 0.6065573774038462 0.8933333341346154 0.5191256826923077 0.8955555552884615 0.5027322403846154
180 0.7933333341346154 0.5 0.7822222211538462 0.4781420769230769 0.6933333341346154 0.4726775961538462 0.6911111105769231 0.5 0.6955555552884616 0.5081967211538462 0.6933333341346154 0.56284153125 0.7 0.5956284158653846 0.777777778846154 0.6010928966346154 0.7888888894230769 0.5163934423076924 0.7933333341346154 0.5
180 0.6866666658653846 0.5 0.6022222211538462 0.4945355192307692 0.5866666658653846 0.5300546442307692 0.5933333341346153 0.5437158461538462 0.5866666658653846 0.5901639350961538 0.6777777788461539 0.6010928966346154 0.6844444447115384 0.5300546442307692 0.6911111105769231 0.5081967211538462 0.6866666658653846 0.5
1885 0.0022051298076923077 0 0 0.3524590168269231 0 0.7076990624999999 0.9933333341346154 0.7295081971153846 0.9911194014423077 0 0.0022051298076923077 0