277 0.484375 0.37890625 0.5078125 0.68359375 0.78125 0.7265625 0.9296875 0.6484375 0.92578125 0.36328125 0.61328125 0.34375 0.484375 0.37890625
277 0.4609375 0.09765625 0.0078125 0.1484375 0.0078125 0.57421875 0.42578125 0.62109375 0.48046875 0.62890625 0.4609375 0.09765625
1314 0.08984375 0.13671875 0.19140625 0.125 0.18359375 0.00390625 0.0859375 0.01171875 0.08984375 0.13671875
276 0.08203125 0.953125 0.08203125 0.99609375 0.96875 0.99609375 0.96484375 0.90625 0.66796875 0.66796875 0.21875 0.67578125 0.08203125 0.953125
279 0.80859375 0.8515625 0.86328125 0.90625 0.94921875 0.90625 0.9453125 0.8046875 0.90234375 0.76953125 0.81640625 0.77734375 0.80859375 0.8515625
279 0.72265625 0.84765625 0.71875 0.87109375 0.75 0.9140625 0.84375 0.90625 0.83984375 0.8671875 0.8046875 0.83984375 0.72265625 0.84765625
279 0.609375 0.89453125 0.640625 0.91796875 0.7109375 0.91015625 0.7109375 0.85546875 0.6796875 0.83203125 0.609375 0.83984375 0.609375 0.89453125
279 0.7265625 0.8515625 0.8046875 0.83984375 0.80078125 0.73828125 0.77734375 0.70703125 0.69921875 0.71484375 0.703125 0.83984375 0.7265625 0.8515625
279 0.09765625 0.74609375 0.1015625 0.90234375 0.203125 0.8984375 0.19921875 0.7421875 0.09765625 0.74609375
279 0.09765625 0.90234375 0.1015625 0.9609375 0.20703125 0.95703125 0.2109375 0.93359375 0.20703125 0.88671875 0.1953125 0.8984375 0.09765625 0.90234375
279 0.234375 0.828125 0.23046875 0.87109375 0.23046875 0.94921875 0.3125 0.953125 0.3046875 0.828125 0.234375 0.828125
279 0.30859375 0.875 0.3125 0.953125 0.40234375 0.9453125 0.39453125 0.875 0.3828125 0.81640625 0.3046875 0.82421875 0.30859375 0.875
279 0.35546875 0.13671875 0.359375 0.1875 0.39453125 0.1875 0.390625 0.1328125 0.35546875 0.13671875
268 0.44921875 0.20703125 0.40625 0.203125 0.40234375 0.26171875 0.453125 0.26171875 0.44921875 0.20703125
268 0.33203125 0.35546875 0.375 0.35546875 0.37109375 0.29296875 0.33203125 0.296875 0.33203125 0.35546875
268 0.04296875 0.4765625 0.078125 0.47265625 0.078125 0.43359375 0.046875 0.43359375 0.04296875 0.4765625
268 0.28515625 0.515625 0.33984375 0.515625 0.33984375 0.46484375 0.2890625 0.4609375 0.28515625 0.515625
268 0.328125 0.26171875 0.36328125 0.2578125 0.36328125 0.20703125 0.32421875 0.20703125 0.328125 0.26171875
268 0.7578125 0.41015625 0.72265625 0.41015625 0.72265625 0.46484375 0.75390625 0.46484375 0.7578125 0.41015625
268 0.76171875 0.484375 0.73046875 0.484375 0.73046875 0.53515625 0.76171875 0.53125 0.76171875 0.484375
268 0.63671875 0.40625 0.640625 0.46484375 0.6796875 0.46875 0.6796875 0.40625 0.63671875 0.40625
268 0.8359375 0.40625 0.78125 0.41015625 0.78515625 0.49609375 0.83984375 0.48828125 0.8359375 0.40625
268 0.79296875 0.609375 0.83984375 0.6015625 0.83203125 0.51953125 0.7890625 0.52734375 0.79296875 0.609375
268 0.46875 0.52734375 0.55859375 0.515625 0.53515625 0.4140625 0.44140625 0.42578125 0.46875 0.52734375
279 0.62109375 0.74609375 0.7734375 0.73046875 0.76171875 0.6640625 0.73046875 0.6328125 0.59375 0.6484375 0.59765625 0.72265625 0.62109375 0.74609375
268 0.5859375 0.6640625 0.58203125 0.52734375 0.56640625 0.52734375 0.49609375 0.53515625 0.49609375 0.6640625 0.5859375 0.6640625
279 0.609375 0.51171875 0.58203125 0.52734375 0.62890625 0.625 0.65234375 0.61328125 0.609375 0.51171875
279 0.3828125 0.6875 0.484375 0.67578125 0.46484375 0.5703125 0.421875 0.55078125 0.3671875 0.5625 0.37109375 0.66796875 0.3828125 0.6875
268 0.26171875 0.1484375 0.21875 0.1484375 0.22265625 0.21484375 0.26171875 0.2109375 0.26171875 0.1484375
268 0.15625 0.55078125 0.1953125 0.55078125 0.19140625 0.4765625 0.15625 0.4765625 0.15625 0.55078125
268 0.12109375 0.265625 0.12109375 0.31640625 0.16015625 0.31640625 0.16015625 0.265625 0.12109375 0.265625
268 0.1015625 0.3828125 0.1015625 0.44140625 0.16015625 0.44140625 0.16015625 0.37890625 0.1015625 0.3828125
268 0.7265625 0.546875 0.6953125 0.546875 0.69921875 0.59765625 0.7265625 0.59765625 0.7265625 0.546875
1885 0.65234375 0 0.671875 0.6015625 0.99609375 0.62890625 1 0.3125 1 0 0.65234375 0
1885 0.45712769951923077 0 0.47265625 0.62890625 0.66796875 0.60546875 0.65234375 0 0.45712769951923077 0
1885 0.0078125 0 0.0078125 0.578125 0.47265625 0.62890625 0.453125 0 0.0078125 0
792 1 0.8125 0.99609375 0.62890625 0.671875 0.6015625 0.4765625 0.62890625 0.0078125 0.578125 0.0078125 0.99609375 1 0.99609375 1 0.8125