1523 0.004 0 0.004 0.4174174182692308 0.554 0.4924924927884616 0.5400848485576923 0 0.004 0
1523 0.44999999999999996 0.4804804807692308 0.382 0.4714714711538462 0.008 0.4174174182692308 0.004 0.9969969975961538 0.43400000000000005 0.9909909903846154 0.432 0.6756756754807692 0.46 0.6726726730769231 0.44999999999999996 0.4804804807692308
1885 0.452 0.4864864855769231 0.45799999999999996 0.6756756754807692 0.564 0.6696696706730769 0.5579999999999999 0.48948949038461537 0.452 0.4864864855769231
1523 0.432 0.6756756754807692 0.43400000000000005 0.9909909903846154 0.5700000000000001 0.9969969975961538 0.566 0.6696696706730769 0.432 0.6756756754807692
1523 0.5479999999999999 0.21921921875 0.5700000000000001 0.9909909903846154 0.6839999999999999 0.9939939951923077 0.6920000000000001 0.7267267259615384 0.6819999999999999 0.7147147139423077 0.6479999999999999 0.3273273269230769 0.6679999999999999 0.3153153149038461 0.646 0.15015014903846155 0.5479999999999999 0.21921921875
1885 0.540108108173077 0 0.5479999999999999 0.21921921875 0.6479999999999999 0.15015014903846155 0.67 0.31231231249999997 0.6479999999999999 0.3273273269230769 0.6839999999999999 0.7147147139423077 0.6940000000000001 0.7207207211538461 0.6839999999999999 0.9939939951923077 0.968 0.9969969975961538 0.8819999999999999 0 0.540108108173077 0
1520 0.8840000000000001 0 0.97 0.9969969975961538 1 0.9913663653846154 1 0 0.8840000000000001 0
1315 0.66 0 0.636 0.02402402403846154 0.672 0.3153153149038461 0.8099999999999999 0.23123123076923077 0.78 0 0.66 0
1314 0.6499999999999999 0.32432432451923077 0.6839999999999999 0.7177177187499999 0.88 0.7087087091346155 0.8360000000000001 0.22822822836538462 0.824 0.22522522596153843 0.6499999999999999 0.32432432451923077
1120 0.6839999999999999 0.9939939951923077 0.906 0.9939939951923077 0.896 0.7207207211538461 0.696 0.7267267259615384 0.6839999999999999 0.9939939951923077
1285 0.272 0.9609609615384616 0.266 0.9279279278846153 0.272 0.9009009014423076 0.264 0.8708708701923077 0.264 0.8258258269230769 0.262 0.7957957956730769 0.246 0.7687687692307693 0.23399999999999999 0.7597597596153847 0.228 0.75075075 0.226 0.7387387379807693 0.23 0.7267267259615384 0.226 0.6966966971153846 0.20800000000000002 0.6786786778846154 0.2 0.6726726730769231 0.184 0.6756756754807692 0.17200000000000001 0.6966966971153846 0.168 0.7147147139423077 0.174 0.7387387379807693 0.176 0.7567567572115385 0.168 0.7687687692307693 0.15399999999999997 0.7807807812499999 0.148 0.7927927932692308 0.14200000000000002 0.8318318317307691 0.132 0.8648648653846155 0.14 0.8858858870192308 0.148 0.9219219230769231 0.16 0.9669669663461539 0.16 0.9909909903846154 0.254 0.9909909903846154 0.254 0.9459459471153846 0.24800000000000003 0.9009009014423076 0.258 0.9249249254807693 0.266 0.954954954326923 0.258 0.9789789783653846 0.264 0.9849849855769232 0.27799999999999997 0.9849849855769232 0.272 0.9609609615384616
279 0.386 0.18918918990384614 0.27799999999999997 0.1441441442307692 0.27399999999999997 0.27027026923076924 0.536 0.3393393389423077 0.5399999999999999 0.2402402403846154 0.526 0.23423423317307693 0.518 0.2402402403846154 0.508 0.2402402403846154 0.506 0.23423423317307693 0.498 0.22822822836538462 0.492 0.23723723798076923 0.47200000000000003 0.23123123076923077 0.47200000000000003 0.21921921875 0.444 0.20720720673076926 0.446 0.21921921875 0.422 0.21621621634615387 0.422 0.19519519471153846 0.412 0.19219219230769233 0.412 0.21021020913461538 0.39 0.20720720673076926 0.386 0.18918918990384614
279 0.008 0.21621621634615387 0.074 0.22222222115384616 0.14 0.2402402403846154 0.254 0.2612612620192308 0.258 0.14114114182692308 0.24800000000000003 0.1471471466346154 0.216 0.1471471466346154 0.16199999999999998 0.1441441442307692 0.16 0.126126125 0.15 0.12312312259615385 0.15 0.13813813701923078 0.062000000000000006 0.10210210096153846 0.05 0.10510510576923077 0.008 0.0990990985576923 0.008 0.21621621634615387
279 0.16599999999999998 0.5525525528846154 0.20400000000000001 0.5585585576923077 0.26999999999999996 0.5525525528846154 0.3 0.5525525528846154 0.304 0.4954954951923077 0.264 0.49849849759615383 0.22 0.49849849759615383 0.136 0.4924924927884616 0.132 0.5525525528846154 0.16599999999999998 0.5525525528846154
501 0.096 0.9909909903846154 0.12200000000000001 0.9849849855769232 0.134 0.47447447355769234 0.148 0.45645645673076923 0.148 0.43543543509615384 0.096 0.43243243269230774 0.098 0.4654654663461538 0.10400000000000001 0.46846846875 0.096 0.9909909903846154
279 0.3 0.31831831730769233 0.27799999999999997 0.3153153149038461 0.26999999999999996 0.4204204206730769 0.538 0.47447447355769234 0.538 0.375375375 0.508 0.3723723725961538 0.51 0.35735735817307696 0.45799999999999996 0.34534534615384616 0.454 0.35135135096153847 0.424 0.3423423413461538 0.42600000000000005 0.35435435336538457 0.394 0.34534534615384616 0.394 0.3393393389423077 0.386 0.3303303293269231 0.384 0.3423423413461538 0.368 0.3393393389423077 0.368 0.3303303293269231 0.304 0.30630630528846153 0.3 0.31831831730769233
279 0.614 0.6906906899038462 0.5700000000000001 0.6756756754807692 0.572 0.7957957956730769 0.672 0.8018018028846154 0.6799999999999999 0.7897897908653846 0.6799999999999999 0.6876876875 0.614 0.6906906899038462
279 0.016 0.25225225240384613 0.008 0.25225225240384613 0.008 0.38138138221153844 0.246 0.4174174182692308 0.25 0.30630630528846153 0.23399999999999999 0.3003003004807692 0.15 0.28228228125 0.04 0.27027026923076924 0.032 0.25225225240384613 0.016 0.24924924999999998 0.016 0.25225225240384613
268 0.052000000000000005 0.27027026923076924 0.11800000000000001 0.2762762764423077 0.116 0.25825825721153844 0.052000000000000005 0.2462462451923077 0.052000000000000005 0.27027026923076924
279 0.28 0.1291291298076923 0.544 0.2132132139423077 0.534 0.11711711778846154 0.454 0.07507507451923078 0.438 0.08108108173076924 0.438 0.09309309375 0.43 0.09309309375 0.43 0.0720720721153846 0.384 0.06006006009615385 0.376 0.0630630625 0.374 0.05105105048076923 0.36200000000000004 0.05105105048076923 0.36200000000000004 0.0630630625 0.34600000000000003 0.06006006009615385 0.35 0.042042040865384614 0.33999999999999997 0.04804804807692308 0.33999999999999997 0.06006006009615385 0.33 0.04804804807692308 0.33 0.03003002884615385 0.31599999999999995 0.03003002884615385 0.306 0.05105105048076923 0.296 0.042042040865384614 0.296 0.02402402403846154 0.28400000000000003 0.021021021634615385 0.28 0.1291291298076923