402 0 0 0 0.3683173197115384 0.02791461298076923 0.3725055432692308 0.6568144495192307 0.35476718509615385 0.7701149423076923 0.3481153004807692 0.8341543509615386 0.34589800480769234 0.9573070600961539 0.314855875 0.9573070600961539 0.3015521057692308 0.9967159278846154 0.29711751682692306 0.9950860552884616 0 0 0
1523 0 0.4988913533653846 0.0016420360576923077 0.6297117524038461 0.047619048076923076 0.6097560985576923 0.04105090384615385 0.3702882475961538 0 0.3681562355769231 0 0.4988913533653846
1523 0.047619048076923076 0.5942350336538461 0.1050903125 0.5920177379807693 0.1034482764423077 0.36807095432692305 0.04433497596153846 0.36807095432692305 0.047619048076923076 0.5942350336538461
501 0.16584564903846152 0.2815964519230769 0.14942528846153846 0.2771618629807692 0.09852216826923077 0.2771618629807692 0.1050903125 0.7294900216346154 0.15270936057692308 0.7294900216346154 0.16748768509615383 0.7184035480769231 0.16584564903846152 0.2815964519230769
1523 0.23809523798076923 0.38580931250000006 0.23152709375 0.36585365865384617 0.16748768509615383 0.36585365865384617 0.16912972115384614 0.6829268293269231 0.23973727403846154 0.6829268293269231 0.3596059110576923 0.5698447884615384 0.3596059110576923 0.39911308173076926 0.23809523798076923 0.38580931250000006
1885 0.3596059110576923 0.39689578605769227 0.4794745480769231 0.40354767067307695 0.4811165841346154 0.5609756105769231 0.6436781610576923 0.5587583149038461 0.6469622331730769 0.3569844783653846 0.2298850576923077 0.36585365865384617 0.2331691298076923 0.38359201682692307 0.3596059110576923 0.39689578605769227
1523 0.47783251201923077 0.4013303774038462 0.4384236442307692 0.3946784927884615 0.3612479471153846 0.39911308173076926 0.3596059110576923 0.6829268293269231 0.43349753605769226 0.685144125 0.4811165841346154 0.5498891346153847 0.47783251201923077 0.4013303774038462
1523 0.5533661730769232 0.3946784927884615 0.5402298846153847 0.39911308173076926 0.5369458125000001 0.5454545456730769 0.5467980288461539 0.5853658533653846 0.5500821009615385 0.6829268293269231 0.62068965625 0.6829268293269231 0.62068965625 0.4013303774038462 0.5533661730769232 0.3946784927884615
1523 0.6453201971153846 0.5587583149038461 0.6469622331730769 0.5698447884615384 0.6617405576923077 0.5676274951923077 0.6617405576923077 0.35920177403846154 0.6502463052884615 0.35920177403846154 0.6453201971153846 0.5587583149038461
1523 0.66338259375 0.5742793798076924 0.7224958942307692 0.6585365865384615 0.7257799663461538 0.3769401322115385 0.6683087019230769 0.39689578605769227 0.66338259375 0.5742793798076924
501 0.7257799663461538 0.3037694014423077 0.7241379302884615 0.6563192908653845 0.7339901466346154 0.6651884711538462 0.7701149423076923 0.6629711754807693 0.7668308701923077 0.29268292788461536 0.7356321850961538 0.2949002211538462 0.7257799663461538 0.3037694014423077
501 0.7816091947115384 0.2660753870192308 0.7717569783653846 0.2815964519230769 0.7750410504807692 0.7095343677884615 0.7865353028846154 0.7250554326923078 0.8357963870192309 0.7272727283653846 0.8341543509615386 0.2660753870192308 0.7816091947115384 0.2660753870192308
1885 0.8374384230769232 0.5898004423076924 0.9523809519230769 0.5875831490384615 0.9589490961538462 0.3170731706730769 0.8390804591346155 0.34589800480769234 0.8374384230769232 0.5898004423076924
501 0.9523809519230769 0.64966740625 0.9671592764423077 0.6585365865384615 0.9967159278846154 0.6585365865384615 0.9967159278846154 0.29711751682692306 0.9573070600961539 0.2993348125 0.9523809519230769 0.64966740625
792 0 0.9933517620192307 0.9967159278846154 0.9955654110576924 0.9967159278846154 0.6563192908653845 0.9622331682692308 0.6607538798076923 0.9523809519230769 0.64966740625 0.9523809519230769 0.580931264423077 0.8374384230769232 0.5898004423076924 0.8390804591346155 0.7272727283653846 0.7848932668269231 0.72062084375 0.7766830865384615 0.7073170721153846 0.7717569783653846 0.6651884711538462 0.7339901466346154 0.667405764423077 0.66338259375 0.5698447884615384 0.6436781610576923 0.5698447884615384 0.642036125 0.5609756105769231 0.6223316923076924 0.5609756105769231 0.6190476201923077 0.685144125 0.5484400649038462 0.6807095336538461 0.5451559927884616 0.580931264423077 0.541871920673077 0.5587583149038461 0.4811165841346154 0.5565410192307693 0.43185550000000006 0.685144125 0.3596059110576923 0.6784922403846154 0.3596059110576923 0.5676274951923077 0.23809523798076923 0.6807095336538461 0.16912972115384614 0.6829268293269231 0.16912972115384614 0.716186252403846 0.15270936057692308 0.7339246129807692 0.1034482764423077 0.7317073173076923 0.10180624038461539 0.5920177379807693 0.047619048076923076 0.5920177379807693 0.047619048076923076 0.6097560985576923 0.0016420360576923077 0.6274944567307692 0 0.8104212860576923 0 0.9933517620192307
1027 0.30541871875 0.27937915625 0.31691297115384615 0.2949002211538462 0.37931034375 0.2904656322115385 0.37110016346153846 0.27937915625 0.30541871875 0.27937915625
1027 0.5714285721153846 0.2771618629807692 0.5697865360576922 0.29268292788461536 0.6354679807692307 0.2904656322115385 0.6403940889423076 0.2771618629807692 0.5714285721153846 0.2771618629807692
1027 0.006568144230769231 0.28824833653846155 0.032840723557692304 0.2993348125 0.09359606009615384 0.29711751682692306 0.07060755288461538 0.28603104326923073 0.006568144230769231 0.28824833653846155
1027 0.8768472908653846 0.27494456730769234 0.8604269302884616 0.28603104326923073 0.9096880120192308 0.28824833653846155 0.9441707716346154 0.27494456730769234 0.8768472908653846 0.27494456730769234
891 0.3776683076923077 0.13525498798076924 0.3776683076923077 0.17960088701923077 0.5566502451923078 0.17738359134615383 0.5533661730769232 0.13525498798076924 0.3776683076923077 0.13525498798076924