402 0.006 0 0.006 0.38522427403846154 0.998 0.2559366754807692 1 0.12664907692307692 1 0 0.006 0
1708 1 0.8071446322115385 0.004 0.6860158317307692 0.004 0.9973614783653846 1 0.9947282427884615 1 0.8071446322115385
1818 0.73 0.7625329807692308 0.412 0.7255936682692308 0.13 0.8390501322115385 0.464 0.9023746706730769 0.73 0.7625329807692308
1065 0.41000000000000003 0.8469656995192308 0.414 0.8627968341346153 0.428 0.8680738798076924 0.52 0.8548812668269231 0.52 0.8443271778846154 0.484 0.8232189975961539 0.45799999999999996 0.8258575192307693 0.41800000000000004 0.8390501322115385 0.41000000000000003 0.8469656995192308
1065 0.43400000000000005 0.8100263846153847 0.414 0.8100263846153847 0.374 0.8284960432692308 0.36 0.8443271778846154 0.378 0.8522427451923077 0.39599999999999996 0.8522427451923077 0.41000000000000003 0.8496042211538462 0.43 0.8337730865384615 0.44999999999999996 0.8179419519230768 0.43400000000000005 0.8100263846153847
1068 0.264 0.836411610576923 0.282 0.836411610576923 0.292 0.8443271778846154 0.33199999999999996 0.8469656995192308 0.364 0.8416886538461538 0.374 0.8284960432692308 0.392 0.8153034302884615 0.424 0.8100263846153847 0.44999999999999996 0.8100263846153847 0.45799999999999996 0.8205804759615384 0.474 0.8153034302884615 0.492 0.8205804759615384 0.522 0.8390501322115385 0.532 0.836411610576923 0.562 0.8311345649038462 0.5860000000000001 0.804749341346154 0.602 0.8073878629807693 0.64 0.79419525 0.636 0.7757255937499999 0.654 0.7704485480769231 0.6799999999999999 0.7704485480769231 0.6839999999999999 0.751978891826923 0.67 0.7467018461538462 0.638 0.7493403701923077 0.604 0.7440633245192309 0.588 0.751978891826923 0.562 0.7493403701923077 0.5399999999999999 0.7467018461538462 0.522 0.7414248028846154 0.486 0.7361477572115385 0.444 0.7308707115384615 0.414 0.7308707115384615 0.38799999999999996 0.7361477572115385 0.372 0.7440633245192309 0.338 0.7651715048076924 0.314 0.7651715048076924 0.292 0.7730870721153846 0.28 0.79419525 0.23600000000000002 0.8100263846153847 0.20800000000000002 0.8205804759615384 0.218 0.8258575192307693 0.242 0.836411610576923 0.264 0.836411610576923
1708 1 0.6621208966346154 0.824 0.649076516826923 0.8340000000000001 0.7783641153846154 1 0.7992210072115384 1 0.6621208966346154
1286 0.864 0.5408970985576923 0.864 0.5672823221153845 0.864 0.5910290240384616 0.86 0.6279683365384615 0.864 0.649076516826923 0.92 0.6543535625 0.9179999999999999 0.6174142475961539 0.9299999999999999 0.5989445913461539 0.9299999999999999 0.5883905024038462 0.9380000000000001 0.5831134567307692 0.948 0.5751978894230769 0.95 0.5540897091346154 0.9560000000000001 0.5303430072115385 0.9600000000000001 0.5039577836538461 0.952 0.5013192620192307 0.9380000000000001 0.5277044855769231 0.9359999999999999 0.5145118725961538 0.9299999999999999 0.48548812740384617 0.9339999999999999 0.47757256009615384 0.9440000000000001 0.4696569927884615 0.9440000000000001 0.4485488125 0.9380000000000001 0.43007915625 0.9299999999999999 0.4089709759615384 0.922 0.4089709759615384 0.8979999999999999 0.4221635889423077 0.904 0.4485488125 0.904 0.46437994711538466 0.89 0.48284960336538457 0.87 0.5092348293269231 0.864 0.5408970985576923
1286 0.828 0.6253298149038462 0.8340000000000001 0.6042216370192308 0.8320000000000001 0.5540897091346154 0.8320000000000001 0.49340369471153844 0.84 0.45118733413461537 0.83 0.41688654326923075 0.8140000000000001 0.37467018509615385 0.7919999999999999 0.3456464375 0.778 0.3298153028846154 0.7759999999999999 0.30343007932692306 0.778 0.24802110817307693 0.772 0.22163588461538464 0.77 0.18469656971153844 0.756 0.17941952403846154 0.7260000000000001 0.17941952403846154 0.7 0.18733509134615384 0.6839999999999999 0.20052770432692307 0.674 0.2137203173076923 0.6859999999999999 0.26385224278846153 0.6940000000000001 0.28232189903846155 0.6900000000000001 0.2902374663461539 0.698 0.3060686009615385 0.704 0.3245382596153846 0.7100000000000001 0.3430079158653846 0.73 0.3377308701923077 0.746 0.3667546177884615 0.7420000000000001 0.38522427403846154 0.7240000000000001 0.43535619951923077 0.7100000000000001 0.5224274399038461 0.7080000000000001 0.5804749350961539 0.702 0.6094986802884615 0.72 0.6464379951923077 0.72 0.6807387860576923 0.716 0.6992084423076924 0.7 0.751978891826923 0.718 0.7651715048076924 0.736 0.7730870721153846 0.83 0.7783641153846154 0.828 0.7361477572115385 0.828 0.67282321875 0.822 0.649076516826923 0.828 0.6253298149038462
1286 0.652 0.3007915576923077 0.656 0.3245382596153846 0.674 0.32717678125 0.6819999999999999 0.3482849615384615 0.67 0.3825857524038462 0.662 0.40105540865384615 0.6499999999999999 0.4406332451923077 0.646 0.47493403605769235 0.61 0.4485488125 0.5940000000000001 0.4379947235576923 0.604 0.48548812740384617 0.622 0.5013192620192307 0.638 0.5171503966346154 0.63 0.5672823221153845 0.63 0.6807387860576923 0.6319999999999999 0.7387862788461538 0.644 0.7440633245192309 0.7060000000000001 0.7467018461538462 0.7060000000000001 0.733509235576923 0.722 0.67282321875 0.716 0.6411609495192307 0.704 0.6068601586538461 0.7080000000000001 0.5831134567307692 0.7100000000000001 0.5250659639423076 0.728 0.4327176778846154 0.734 0.39577836298076924 0.746 0.36411609615384616 0.73 0.3430079158653846 0.712 0.3482849615384615 0.702 0.3324538269230769 0.7 0.308707125 0.6900000000000001 0.28759894471153846 0.696 0.2796833774038462 0.6859999999999999 0.26385224278846153 0.672 0.20580475 0.654 0.20316622596153847 0.654 0.2295514519230769 0.656 0.2559366754807692 0.6499999999999999 0.27176781009615386 0.644 0.28759894471153846 0.652 0.2902374663461539 0.652 0.3007915576923077
1286 0.456 0.4221635889423077 0.454 0.4406332451923077 0.44999999999999996 0.4802110817307692 0.454 0.5197889182692308 0.45799999999999996 0.5303430072115385 0.462 0.5171503966346154 0.47000000000000003 0.49340369471153844 0.474 0.4617414254807692 0.482 0.4221635889423077 0.504 0.4142480216346154 0.512 0.39577836298076924 0.506 0.37467018509615385 0.48800000000000004 0.3509234831730769 0.486 0.3298153028846154 0.484 0.308707125 0.486 0.2796833774038462 0.486 0.26385224278846153 0.464 0.2796833774038462 0.462 0.3113456466346154 0.45799999999999996 0.3218997355769231 0.45799999999999996 0.3377308701923077 0.47200000000000003 0.3509234831730769 0.484 0.3588390504807692 0.486 0.3773087067307692 0.47000000000000003 0.3984168870192307 0.456 0.4221635889423077
1286 0.474 0.7282321899038462 0.5940000000000001 0.7387862788461538 0.5940000000000001 0.7150395769230768 0.59 0.6437994711538462 0.596 0.5699208437500001 0.606 0.5092348293269231 0.606 0.48284960336538457 0.596 0.4379947235576923 0.588 0.41160949759615384 0.572 0.3878627956730769 0.564 0.3799472283653846 0.572 0.3509234831730769 0.574 0.3350923485576923 0.564 0.31398416826923076 0.5579999999999999 0.29815303365384616 0.554 0.2691292884615385 0.5579999999999999 0.24802110817307693 0.492 0.23746701923076924 0.48800000000000004 0.26121372115384617 0.48800000000000004 0.29287599038461537 0.48800000000000004 0.3298153028846154 0.506 0.37467018509615385 0.512 0.3984168870192307 0.49600000000000005 0.41688654326923075 0.484 0.41688654326923075 0.46799999999999997 0.48812664903846154 0.45799999999999996 0.5435356201923077 0.448 0.5646438004807692 0.438 0.5831134567307692 0.446 0.6147757259615385 0.44999999999999996 0.6332453822115384 0.47000000000000003 0.6385224278846154 0.484 0.6437994711538462 0.476 0.6543535625 0.474 0.7124010552884615 0.474 0.7282321899038462
1286 0.44999999999999996 0.44591029086538464 0.452 0.4221635889423077 0.446 0.39577836298076924 0.44 0.35620052884615383 0.43 0.3166226923076923 0.42 0.30343007932692306 0.394 0.3007915576923077 0.38799999999999996 0.2849604230769231 0.392 0.2744063317307692 0.398 0.25329815384615384 0.39599999999999996 0.2401055408653846 0.39599999999999996 0.22427440625 0.39599999999999996 0.20316622596153847 0.394 0.18205804807692308 0.38 0.15039577884615385 0.364 0.15303430048076924 0.32 0.19261213701923077 0.328 0.20052770432692307 0.33999999999999997 0.2269129278846154 0.34199999999999997 0.2585751971153846 0.34600000000000003 0.27704485576923077 0.34600000000000003 0.2902374663461539 0.34199999999999997 0.29815303365384616 0.338 0.308707125 0.336 0.3218997355769231 0.33 0.3298153028846154 0.314 0.3298153028846154 0.314 0.3456464375 0.33999999999999997 0.3720316634615385 0.384 0.43007915625 0.402 0.45118733413461537 0.414 0.4802110817307692 0.41800000000000004 0.49868073798076923 0.40599999999999997 0.5092348293269231 0.376 0.5303430072115385 0.376 0.5831134567307692 0.378 0.6886543533653846 0.38 0.7255936682692308 0.398 0.7282321899038462 0.428 0.7282321899038462 0.448 0.7255936682692308 0.448 0.6701846971153846 0.44200000000000006 0.5857519783653846 0.432 0.5382585745192308 0.436 0.5145118725961538 0.436 0.4802110817307692 0.436 0.45646437980769233 0.44999999999999996 0.44591029086538464
1286 0.246 0.3667546177884615 0.24400000000000002 0.40105540865384615 0.24400000000000002 0.43007915625 0.256 0.5171503966346154 0.262 0.5435356201923077 0.26999999999999996 0.5567282331730768 0.272 0.5646438004807692 0.256 0.6121372043269231 0.25 0.6649076514423077 0.256 0.6833773076923078 0.254 0.7203166225961539 0.38 0.7229551442307692 0.382 0.53298153125 0.398 0.5145118725961538 0.42 0.4907651706730769 0.40599999999999997 0.4591029014423077 0.386 0.42744063221153844 0.352 0.38522427403846154 0.318 0.3482849615384615 0.31599999999999995 0.3298153028846154 0.326 0.3298153028846154 0.336 0.3245382596153846 0.33999999999999997 0.3166226923076923 0.34199999999999997 0.3007915576923077 0.34600000000000003 0.28232189903846155 0.34400000000000003 0.26121372115384617 0.33999999999999997 0.23218997355769233 0.33999999999999997 0.20580475 0.33199999999999996 0.20316622596153847 0.318 0.20052770432692307 0.296 0.20052770432692307 0.266 0.20844327163461537 0.262 0.22427440625 0.266 0.2506596298076923 0.268 0.2744063317307692 0.272 0.29815303365384616 0.264 0.3298153028846154 0.26 0.3377308701923077 0.246 0.3667546177884615
1286 0.168 0.3799472283653846 0.152 0.3931398413461539 0.13 0.40369393028846157 0.112 0.4248021105769231 0.106 0.43007915625 0.106 0.4432717668269231 0.098 0.4722955144230769 0.096 0.5039577836538461 0.09 0.5303430072115385 0.094 0.5408970985576923 0.106 0.5514511875 0.106 0.5804749350961539 0.12200000000000001 0.6200527716346154 0.134 0.6596306057692308 0.13 0.6833773076923078 0.13 0.6992084423076924 0.252 0.7097625336538461 0.24800000000000003 0.6622691298076924 0.25 0.6306068605769231 0.264 0.5751978894230769 0.26 0.5593667548076924 0.262 0.5514511875 0.24400000000000002 0.44591029086538464 0.242 0.4221635889423077 0.212 0.40633245432692305 0.21 0.3905013197115385 0.216 0.3825857524038462 0.228 0.3799472283653846 0.228 0.3667546177884615 0.228 0.3535620048076923 0.232 0.3482849615384615 0.232 0.3350923485576923 0.23600000000000002 0.3218997355769231 0.23399999999999999 0.3060686009615385 0.218 0.2691292884615385 0.206 0.2744063317307692 0.18 0.2796833774038462 0.16599999999999998 0.29815303365384616 0.176 0.3482849615384615 0.178 0.3667546177884615 0.168 0.3799472283653846
1885 0.998 0.7994722956730769 0.998 0.2506596298076923 0.008 0.3825857524038462 0.008 0.48812664903846154 0.004 0.678100264423077 0.998 0.7994722956730769
1027 0.294 0.19525065865384614 0.256 0.16094986778846154 0.23 0.15039577884615385 0.276 0.19525065865384614 0.294 0.19525065865384614