1542 0.006048387019230769 0.22311827884615384 0.008064516826923078 0.99462365625 0.5504032259615385 0.9919354831730769 0.6975806442307693 0.5725806442307693 0.7197580649038462 0.4543010745192308 0.6733870961538462 0.28225806490384614 0.45766129086538465 0.24731182692307693 0.006048387019230769 0.22311827884615384
531 0.6975806442307693 0.36559139903846155 0.7217741947115385 0.45698924759615384 0.7016129038461538 0.5483870961538462 0.8669354831730769 0.5618279567307692 0.8810483870192307 0.36559139903846155 0.70362903125 0.35752688221153844 0.6975806442307693 0.36559139903846155
1542 0.8891129038461538 0.29301075240384616 0.8709677427884616 0.5618279567307692 0.9637096778846155 0.5752688173076923 0.9879032259615385 0.2983870961538461 0.8891129038461538 0.29301075240384616
402 0.9959677427884616 0.07795699038461537 0.9979838701923077 0.0026881730769230767 0.35887096875 0.0026881730769230767 0.4596774182692308 0.05913978605769231 0.5866935480769231 0.056451612980769235 0.6068548389423077 0.08333333413461538 0.7056451610576923 0.08333333413461538 0.7056451610576923 0.0698924735576923 0.9959677427884616 0.07795699038461537
1027 0.60887096875 0.018817204326923076 0.6108870961538462 0.03494623557692308 0.6270161298076923 0.03494623557692308 0.625 0.018817204326923076 0.60887096875 0.018817204326923076
340 0.6270161298076923 0.18010752644230768 0.6350806442307693 0.26612903125 0.6774193557692307 0.26612903125 0.6653225817307693 0.17741935576923076 0.6270161298076923 0.18010752644230768
340 0.21572580528846153 0.39784946153846157 0.3125 0.7016129038461538 0.3729838701923077 0.6639784951923077 0.2883064519230769 0.38709677403846154 0.21572580528846153 0.39784946153846157
41 0.8145161298076923 0.1720430096153846 0.8064516129807693 0.17741935576923076 0.8084677427884616 0.28494623557692306 0.8709677427884616 0.2903225817307692 0.8850806442307693 0.20161290384615385 0.8810483870192307 0.18279569951923078 0.8770161298076923 0.18010752644230768 0.8669354831730769 0.19086021394230768 0.8568548389423077 0.1881720432692308 0.8508064519230769 0.18548387019230766 0.8467741947115385 0.17741935576923076 0.8387096778846155 0.17473118269230767 0.8326612908653845 0.18548387019230766 0.8225806442307693 0.18548387019230766 0.8165322572115384 0.1881720432692308 0.8145161298076923 0.1720430096153846
1753 0.6370967740384615 0.0940860216346154 0.6350806442307693 0.12903225721153846 0.9697580649038462 0.14784946153846154 0.9737903221153845 0.10752688221153847 0.6370967740384615 0.0940860216346154
1523 0.32056451682692305 0.23655913942307694 0.3225806442307692 0.10215053846153846 0.23185483894230768 0.06720430048076922 0.17338709615384615 0.07795699038461537 0.16330645192307694 0.22849462259615386 0.32056451682692305 0.23655913942307694
1766 0.18951612980769234 0.0806451610576923 0.18951612980769234 0.11559139903846154 0.20362903125 0.11559139903846154 0.25 0.12903225721153846 0.24395161298076923 0.0913978485576923 0.18951612980769234 0.0806451610576923
1766 0.28225806490384614 0.1586021514423077 0.25201612980769234 0.1586021514423077 0.25 0.1881720432692308 0.28629032211538463 0.1881720432692308 0.28225806490384614 0.1586021514423077
1753 0.26612903125 0 0.4133064519230769 0.0698924735576923 0.4153225817307692 0.03494623557692308 0.3528225817307692 0 0.26612903125 0
1885 0.6129032259615385 0.0860215048076923 0.5866935480769231 0.05913978605769231 0.45362903125 0.05913978605769231 0.45362903125 0.0940860216346154 0.45564516105769226 0.44623656009615387 0.9979838701923077 0.46505376442307694 0.9979838701923077 0.07258064423076924 0.7116935480769231 0.06720430048076922 0.7116935480769231 0.08333333413461538 0.6129032259615385 0.0860215048076923
1885 0.45564516105769226 0.44354838701923077 0.4516129038461539 0.05913978605769231 0.3528225817307692 0.0026881730769230767 0.006048387019230769 0 0.012096774038461537 0.8172043004807693 0.45564516105769226 0.44354838701923077
792 0.012096774038461537 0.8172043004807693 0.004032257211538461 0.9973118269230768 0.9979838701923077 0.9973118269230768 0.9979838701923077 0.46236559134615385 0.4516129038461539 0.44354838701923077 0.012096774038461537 0.8172043004807693
352 0.33266129086538465 0.7795698918269232 0.34274193509615386 0.7822580649038462 0.3608870961538461 0.7822580649038462 0.3770161298076923 0.76612903125 0.3770161298076923 0.75537634375 0.36895161298076923 0.75 0.35685483894230774 0.7473118269230768 0.3366935480769231 0.74462365625 0.33064516105769226 0.76612903125 0.33266129086538465 0.7795698918269232
353 0.44354838701923077 0.8629032259615385 0.44959677403846154 0.8629032259615385 0.4616935480769231 0.8467741947115385 0.4596774182692308 0.8333333341346154 0.43145161298076923 0.8172043004807693 0.4092741947115384 0.8225806442307693 0.40120967788461537 0.8225806442307693 0.38709677403846154 0.8118279567307692 0.3608870961538461 0.8118279567307692 0.34879032211538463 0.8172043004807693 0.33064516105769226 0.8225806442307693 0.30443548317307695 0.8037634399038461 0.2903225817307692 0.8064516129807693 0.2721774182692308 0.8091397860576923 0.26008064423076926 0.7983870961538462 0.23991935576923076 0.7956989254807693 0.2237903221153846 0.7956989254807693 0.22177419471153847 0.8172043004807693 0.20967741826923078 0.8252688173076923 0.19959677403846154 0.8413978485576923 0.20967741826923078 0.8629032259615385 0.17741935576923076 0.8655913990384616 0.15120967788461537 0.8602150528846154 0.13709677403846154 0.8817204302884616 0.13508064423076924 0.9086021514423077 0.1875 0.9301075264423078 0.2883064519230769 0.9327956995192307 0.30645161298076923 0.9327956995192307 0.3366935480769231 0.9381720432692308 0.37096774278846156 0.9543010745192307 0.3991935480769231 0.9462365600961539 0.4233870961538461 0.9220430096153845 0.42943548317307695 0.9032258052884615 0.4354838701923077 0.8924731177884616 0.44354838701923077 0.8629032259615385
1764 0.09274193509615383 0.08870967788461538 0.09072580528846154 0.1505376346153846 0.13911290384615385 0.1586021514423077 0.14112903125 0.0940860216346154 0.09274193509615383 0.08870967788461538
352 0.45564516105769226 0.8225806442307693 0.46774193509615386 0.8225806442307693 0.48185483894230774 0.8118279567307692 0.47983870913461535 0.7930107524038461 0.45766129086538465 0.7849462355769231 0.4395161298076923 0.7849462355769231 0.42943548317307695 0.7956989254807693 0.42943548317307695 0.8064516129807693 0.4375 0.8118279567307692 0.45564516105769226 0.8225806442307693
352 0.49193548317307695 0.7016129038461538 0.5020161298076923 0.7096774182692307 0.5241935480769231 0.7096774182692307 0.5423387091346153 0.6935483870192307 0.5362903221153846 0.6854838701923077 0.5181451610576923 0.6801075264423078 0.5040322572115384 0.6747311826923077 0.49596774278846156 0.6747311826923077 0.4899193557692308 0.6935483870192307 0.49193548317307695 0.7016129038461538