1542 0.2342131658653846 0 0.302 0.954954954326923 0.494 0.9939939951923077 1 0.9939939951923077 1 0 0.2342131658653846 0
41 0.302 0.15915915865384617 0.3 0.1621621610576923 0.294 0.1741741730769231 0.314 0.18018018028846153 0.328 0.18018018028846153 0.352 0.18018018028846153 0.40399999999999997 0.1741741730769231 0.452 0.1711711706730769 0.484 0.1711711706730769 0.528 0.1621621610576923 0.5700000000000001 0.15915915865384617 0.572 0.11411411298076923 0.5680000000000001 0.07807807692307692 0.546 0.07807807692307692 0.516 0.08408408413461539 0.514 0.07507507451923078 0.512 0.06006006009615385 0.486 0.06006006009615385 0.46599999999999997 0.0630630625 0.438 0.07807807692307692 0.422 0.09009008894230769 0.40399999999999997 0.10210210096153846 0.372 0.0990990985576923 0.34600000000000003 0.11111111057692308 0.326 0.126126125 0.328 0.13513513461538462 0.302 0.15015014903846155 0.302 0.15915915865384617
1065 0.352 0.3393393389423077 0.338 0.32432432451923077 0.326 0.3213213221153846 0.302 0.3303303293269231 0.292 0.35135135096153847 0.28400000000000003 0.375375375 0.28400000000000003 0.3963963966346154 0.29 0.4174174182692308 0.302 0.43243243269230774 0.33 0.42942943028846153 0.34400000000000003 0.4144144134615385 0.352 0.3963963966346154 0.35400000000000004 0.3723723725961538 0.356 0.35735735817307696 0.352 0.3393393389423077
1065 0.424 0.35135135096153847 0.41800000000000004 0.3303303293269231 0.41000000000000003 0.33333333413461536 0.398 0.32432432451923077 0.384 0.32432432451923077 0.368 0.3423423413461538 0.36 0.3633633629807692 0.352 0.39939939903846156 0.36 0.4234234230769231 0.378 0.43543543509615384 0.40599999999999997 0.42942943028846153 0.422 0.40540540625 0.42600000000000005 0.3693693701923077 0.424 0.35135135096153847
1065 0.502 0.36036036057692306 0.492 0.34534534615384616 0.474 0.3303303293269231 0.448 0.3273273269230769 0.432 0.34534534615384616 0.42600000000000005 0.3633633629807692 0.424 0.39939939903846156 0.43400000000000005 0.42942943028846153 0.456 0.4384384375 0.486 0.43243243269230774 0.508 0.4114114110576923 0.508 0.38738738701923076 0.502 0.36036036057692306
1065 0.534 0.28228228125 0.528 0.26426426442307693 0.514 0.25525525480769234 0.49600000000000005 0.24924924999999998 0.476 0.2612612620192308 0.462 0.29129129086538463 0.462 0.31831831730769233 0.476 0.33333333413461536 0.502 0.3483483485576923 0.518 0.3483483485576923 0.536 0.3213213221153846 0.534 0.28228228125
1065 0.364 0.59459459375 0.378 0.6156156153846154 0.392 0.6246246249999999 0.42600000000000005 0.6156156153846154 0.43 0.6066066057692308 0.436 0.6036036033653847 0.44200000000000006 0.59459459375 0.444 0.5795795793269231 0.444 0.5555555552884616 0.436 0.5405405408653846 0.41600000000000004 0.5345345336538462 0.39599999999999996 0.5345345336538462 0.378 0.5465465456730769 0.368 0.5705705697115385 0.364 0.59459459375
1065 0.36 0.5915915913461538 0.34400000000000003 0.5915915913461538 0.31 0.6156156153846154 0.304 0.6426426418269231 0.312 0.6606606610576923 0.336 0.6636636634615385 0.36 0.6606606610576923 0.376 0.6486486490384615 0.376 0.6336336346153846 0.372 0.6096096105769231 0.36 0.5915915913461538
1065 0.446 0.5405405408653846 0.444 0.5645645649038461 0.452 0.5855855865384615 0.464 0.6036036033653847 0.48000000000000004 0.6126126129807692 0.5 0.6096096105769231 0.52 0.5975975985576923 0.522 0.5825825817307693 0.522 0.5495495504807693 0.512 0.53153153125 0.5 0.516516516826923 0.47800000000000004 0.5135135144230769 0.462 0.5135135144230769 0.446 0.5405405408653846
1068 0.58 0.5615615625 0.574 0.5435435432692308 0.562 0.53153153125 0.544 0.5285285288461539 0.528 0.5375375384615384 0.524 0.5435435432692308 0.524 0.5675675673076923 0.522 0.5885885889423077 0.502 0.6096096105769231 0.47200000000000003 0.6096096105769231 0.44999999999999996 0.5855855865384615 0.436 0.6126126129807692 0.40399999999999997 0.6246246249999999 0.382 0.6276276274038461 0.376 0.6426426418269231 0.374 0.6606606610576923 0.39 0.6666666658653846 0.438 0.6726726730769231 0.452 0.6606606610576923 0.45799999999999996 0.6726726730769231 0.476 0.6726726730769231 0.504 0.6726726730769231 0.532 0.6636636634615385 0.534 0.6816816826923078 0.542 0.6906906899038462 0.584 0.6906906899038462 0.582 0.5975975985576923 0.58 0.5615615625
1065 0.584 0.9159159158653847 0.588 0.8978978990384616 0.584 0.8468468461538462 0.572 0.8318318317307691 0.562 0.8348348341346153 0.55 0.8348348341346153 0.536 0.8408408413461538 0.524 0.8618618629807693 0.518 0.8858858870192308 0.52 0.9099099110576923 0.534 0.9159159158653847 0.564 0.9219219230769231 0.584 0.9159159158653847
1065 0.46799999999999997 0.8168168173076923 0.484 0.8288288293269231 0.516 0.8228228221153846 0.526 0.7987987980769231 0.532 0.7597597596153847 0.526 0.732732733173077 0.51 0.7237237235576923 0.48000000000000004 0.7207207211538461 0.464 0.7447447451923076 0.46 0.7867867860576924 0.46799999999999997 0.8168168173076923
325 0.75 0.8978978990384616 0.748 0.8798798798076923 0.74 0.8648648653846155 0.7240000000000001 0.8528528533653846 0.716 0.8558558557692308 0.704 0.873873875 0.6940000000000001 0.8618618629807693 0.6859999999999999 0.8498498509615384 0.6679999999999999 0.8498498509615384 0.656 0.8648648653846155 0.6499999999999999 0.8798798798076923 0.6479999999999999 0.8978978990384616 0.6499999999999999 0.9159159158653847 0.644 0.9369369375 0.636 0.9489489495192308 0.64 0.9639639639423077 0.662 0.951951951923077 0.678 0.9579579591346155 0.6940000000000001 0.951951951923077 0.712 0.9669669663461539 0.7240000000000001 0.9639639639423077 0.746 0.9729729735576923 0.75 0.9609609615384616 0.752 0.9249249254807693 0.75 0.8978978990384616
325 0.628 0.7027027019230769 0.63 0.7207207211538461 0.642 0.7297297307692308 0.6679999999999999 0.7387387379807693 0.676 0.732732733173077 0.6799999999999999 0.7267267259615384 0.6839999999999999 0.7147147139423077 0.6839999999999999 0.6996996995192308 0.6839999999999999 0.6786786778846154 0.678 0.6636636634615385 0.658 0.6576576586538461 0.638 0.6636636634615385 0.63 0.6756756754807692 0.628 0.7027027019230769
327 0.658 0.5915915913461538 0.656 0.6126126129807692 0.642 0.6246246249999999 0.6340000000000001 0.6456456466346154 0.638 0.6636636634615385 0.654 0.6576576586538461 0.672 0.6576576586538461 0.6839999999999999 0.6846846850961538 0.6880000000000001 0.7177177187499999 0.6900000000000001 0.7357357355769231 0.702 0.7477477475961538 0.73 0.7417417427884616 0.74 0.7267267259615384 0.75 0.7237237235576923 0.746 0.6216216225961539 0.736 0.6126126129807692 0.734 0.5975975985576923 0.716 0.5855855865384615 0.7080000000000001 0.5855855865384615 0.6920000000000001 0.59459459375 0.678 0.5855855865384615 0.658 0.5915915913461538
352 0.7060000000000001 0.375375375 0.64 0.3633633629807692 0.636 0.4114114110576923 0.63 0.4594594591346154 0.66 0.4654654663461538 0.7100000000000001 0.47447447355769234 0.712 0.4474474471153846 0.7260000000000001 0.38138138221153844 0.7060000000000001 0.375375375
353 0.626 0.11111111057692308 0.62 0.13513513461538462 0.628 0.15315315384615386 0.66 0.15015014903846155 0.7420000000000001 0.1471471466346154 0.744 0.09309309375 0.734 0.08408408413461539 0.722 0.07507507451923078 0.722 0.04804804807692308 0.7100000000000001 0.027027026442307693 0.6859999999999999 0.021021021634615385 0.662 0.0360360360576923 0.656 0.06906906971153846 0.656 0.09609609615384616 0.638 0.09609609615384616 0.626 0.11111111057692308
352 0.886 0.42642642548076926 0.89 0.43543543509615384 0.8840000000000001 0.4474474471153846 0.886 0.46846846875 0.91 0.4774774783653846 0.926 0.4774774783653846 0.9319999999999999 0.4714714711538462 0.9339999999999999 0.4444444447115385 0.924 0.42942943028846153 0.922 0.40240240144230766 0.9179999999999999 0.38738738701923076 0.9179999999999999 0.375375375 0.912 0.36036036057692306 0.904 0.3633633629807692 0.896 0.37837837740384617 0.8979999999999999 0.3903903894230769 0.89 0.40240240144230766 0.886 0.42642642548076926
531 0.464 0.9939939951923077 0.448 0.7657657668269231 0.002 0.6606606610576923 0.004 0.9909909903846154 0.464 0.9939939951923077
1885 0.004009050480769231 0 0.006 0.6606606610576923 0.286 0.7237237235576923 0.23222313942307693 0 0.004009050480769231 0