402 0 0 0 0.12664907692307692 0.002 0.2559366754807692 0.994 0.38522427403846154 0.994 0 0 0
1708 0 0.9947282427884615 0.996 0.9973614783653846 0.996 0.6860158317307692 0 0.8071446322115385 0 0.9947282427884615
1818 0.536 0.9023746706730769 0.87 0.8390501322115385 0.588 0.7255936682692308 0.26999999999999996 0.7625329807692308 0.536 0.9023746706730769
1065 0.582 0.8390501322115385 0.542 0.8258575192307693 0.516 0.8232189975961539 0.48000000000000004 0.8443271778846154 0.48000000000000004 0.8548812668269231 0.572 0.8680738798076924 0.5860000000000001 0.8627968341346153 0.59 0.8469656995192308 0.582 0.8390501322115385
1065 0.55 0.8179419519230768 0.5700000000000001 0.8337730865384615 0.59 0.8496042211538462 0.604 0.8522427451923077 0.622 0.8522427451923077 0.64 0.8443271778846154 0.626 0.8284960432692308 0.5860000000000001 0.8100263846153847 0.566 0.8100263846153847 0.55 0.8179419519230768
1068 0.7579999999999999 0.836411610576923 0.782 0.8258575192307693 0.7919999999999999 0.8205804759615384 0.764 0.8100263846153847 0.72 0.79419525 0.7080000000000001 0.7730870721153846 0.6859999999999999 0.7651715048076924 0.662 0.7651715048076924 0.628 0.7440633245192309 0.612 0.7361477572115385 0.5860000000000001 0.7308707115384615 0.5559999999999999 0.7308707115384615 0.514 0.7361477572115385 0.47800000000000004 0.7414248028846154 0.46 0.7467018461538462 0.438 0.7493403701923077 0.412 0.751978891826923 0.39599999999999996 0.7440633245192309 0.36200000000000004 0.7493403701923077 0.33 0.7467018461538462 0.31599999999999995 0.751978891826923 0.32 0.7704485480769231 0.34600000000000003 0.7704485480769231 0.364 0.7757255937499999 0.36 0.79419525 0.398 0.8073878629807693 0.414 0.804749341346154 0.438 0.8311345649038462 0.46799999999999997 0.836411610576923 0.47800000000000004 0.8390501322115385 0.508 0.8205804759615384 0.526 0.8153034302884615 0.542 0.8205804759615384 0.55 0.8100263846153847 0.5760000000000001 0.8100263846153847 0.608 0.8153034302884615 0.626 0.8284960432692308 0.636 0.8416886538461538 0.6679999999999999 0.8469656995192308 0.7080000000000001 0.8443271778846154 0.718 0.836411610576923 0.736 0.836411610576923 0.7579999999999999 0.836411610576923
1708 0 0.7992210072115384 0.16599999999999998 0.7783641153846154 0.176 0.649076516826923 0 0.6621208966346154 0 0.7992210072115384
1286 0.13 0.5092348293269231 0.11 0.48284960336538457 0.096 0.46437994711538466 0.096 0.4485488125 0.10200000000000001 0.4221635889423077 0.078 0.4089709759615384 0.07 0.4089709759615384 0.062000000000000006 0.43007915625 0.056 0.4485488125 0.056 0.4696569927884615 0.066 0.47757256009615384 0.07 0.48548812740384617 0.064 0.5145118725961538 0.062000000000000006 0.5277044855769231 0.048 0.5013192620192307 0.04 0.5039577836538461 0.044 0.5303430072115385 0.05 0.5540897091346154 0.052000000000000005 0.5751978894230769 0.062000000000000006 0.5831134567307692 0.07 0.5883905024038462 0.07 0.5989445913461539 0.082 0.6174142475961539 0.08 0.6543535625 0.136 0.649076516826923 0.14 0.6279683365384615 0.136 0.5910290240384616 0.136 0.5672823221153845 0.136 0.5408970985576923 0.13 0.5092348293269231
1286 0.178 0.649076516826923 0.17200000000000001 0.67282321875 0.17200000000000001 0.7361477572115385 0.16999999999999998 0.7783641153846154 0.264 0.7730870721153846 0.282 0.7651715048076924 0.3 0.751978891826923 0.28400000000000003 0.6992084423076924 0.28 0.6807387860576923 0.28 0.6464379951923077 0.298 0.6094986802884615 0.292 0.5804749350961539 0.29 0.5224274399038461 0.276 0.43535619951923077 0.258 0.38522427403846154 0.254 0.3667546177884615 0.26999999999999996 0.3377308701923077 0.29 0.3430079158653846 0.296 0.3245382596153846 0.302 0.3060686009615385 0.31 0.2902374663461539 0.306 0.28232189903846155 0.314 0.26385224278846153 0.326 0.2137203173076923 0.31599999999999995 0.20052770432692307 0.3 0.18733509134615384 0.27399999999999997 0.17941952403846154 0.24400000000000002 0.17941952403846154 0.23 0.18469656971153844 0.228 0.22163588461538464 0.222 0.24802110817307693 0.224 0.30343007932692306 0.222 0.3298153028846154 0.20800000000000002 0.3456464375 0.186 0.37467018509615385 0.16999999999999998 0.41688654326923075 0.16 0.45118733413461537 0.168 0.49340369471153844 0.168 0.5540897091346154 0.16599999999999998 0.6042216370192308 0.17200000000000001 0.6253298149038462 0.178 0.649076516826923
1286 0.348 0.2902374663461539 0.356 0.28759894471153846 0.35 0.27176781009615386 0.34400000000000003 0.2559366754807692 0.34600000000000003 0.2295514519230769 0.34600000000000003 0.20316622596153847 0.328 0.20580475 0.314 0.26385224278846153 0.304 0.2796833774038462 0.31 0.28759894471153846 0.3 0.308707125 0.298 0.3324538269230769 0.28800000000000003 0.3482849615384615 0.26999999999999996 0.3430079158653846 0.254 0.36411609615384616 0.266 0.39577836298076924 0.272 0.4327176778846154 0.29 0.5250659639423076 0.292 0.5831134567307692 0.296 0.6068601586538461 0.28400000000000003 0.6411609495192307 0.27799999999999997 0.67282321875 0.294 0.733509235576923 0.294 0.7467018461538462 0.356 0.7440633245192309 0.368 0.7387862788461538 0.37 0.6807387860576923 0.37 0.5672823221153845 0.36200000000000004 0.5171503966346154 0.378 0.5013192620192307 0.39599999999999996 0.48548812740384617 0.40599999999999997 0.4379947235576923 0.39 0.4485488125 0.35400000000000004 0.47493403605769235 0.35 0.4406332451923077 0.338 0.40105540865384615 0.33 0.3825857524038462 0.318 0.3482849615384615 0.326 0.32717678125 0.34400000000000003 0.3245382596153846 0.348 0.3007915576923077 0.348 0.2902374663461539
1286 0.53 0.3984168870192307 0.514 0.3773087067307692 0.516 0.3588390504807692 0.528 0.3509234831730769 0.542 0.3377308701923077 0.542 0.3218997355769231 0.538 0.3113456466346154 0.536 0.2796833774038462 0.514 0.26385224278846153 0.514 0.2796833774038462 0.516 0.308707125 0.514 0.3298153028846154 0.512 0.3509234831730769 0.494 0.37467018509615385 0.48800000000000004 0.39577836298076924 0.49600000000000005 0.4142480216346154 0.518 0.4221635889423077 0.526 0.4617414254807692 0.53 0.49340369471153844 0.538 0.5171503966346154 0.542 0.5303430072115385 0.546 0.5197889182692308 0.55 0.4802110817307692 0.546 0.4406332451923077 0.544 0.4221635889423077 0.53 0.3984168870192307
1286 0.526 0.7124010552884615 0.524 0.6543535625 0.516 0.6437994711538462 0.53 0.6385224278846154 0.55 0.6332453822115384 0.554 0.6147757259615385 0.562 0.5831134567307692 0.552 0.5646438004807692 0.542 0.5435356201923077 0.532 0.48812664903846154 0.516 0.41688654326923075 0.504 0.41688654326923075 0.48800000000000004 0.3984168870192307 0.494 0.37467018509615385 0.512 0.3298153028846154 0.512 0.29287599038461537 0.512 0.26121372115384617 0.508 0.23746701923076924 0.44200000000000006 0.24802110817307693 0.446 0.2691292884615385 0.44200000000000006 0.29815303365384616 0.436 0.31398416826923076 0.42600000000000005 0.3350923485576923 0.428 0.3509234831730769 0.436 0.3799472283653846 0.428 0.3878627956730769 0.412 0.41160949759615384 0.40399999999999997 0.4379947235576923 0.394 0.48284960336538457 0.394 0.5092348293269231 0.40399999999999997 0.5699208437500001 0.41000000000000003 0.6437994711538462 0.40599999999999997 0.7150395769230768 0.40599999999999997 0.7387862788461538 0.526 0.7282321899038462 0.526 0.7124010552884615
1286 0.564 0.45646437980769233 0.564 0.4802110817307692 0.564 0.5145118725961538 0.5680000000000001 0.5382585745192308 0.5579999999999999 0.5857519783653846 0.552 0.6701846971153846 0.552 0.7255936682692308 0.572 0.7282321899038462 0.602 0.7282321899038462 0.62 0.7255936682692308 0.622 0.6886543533653846 0.624 0.5831134567307692 0.624 0.5303430072115385 0.5940000000000001 0.5092348293269231 0.582 0.49868073798076923 0.5860000000000001 0.4802110817307692 0.598 0.45118733413461537 0.6159999999999999 0.43007915625 0.66 0.3720316634615385 0.6859999999999999 0.3456464375 0.6859999999999999 0.3298153028846154 0.67 0.3298153028846154 0.6639999999999999 0.3218997355769231 0.662 0.308707125 0.658 0.29815303365384616 0.654 0.2902374663461539 0.654 0.27704485576923077 0.658 0.2585751971153846 0.66 0.2269129278846154 0.672 0.20052770432692307 0.6799999999999999 0.19261213701923077 0.636 0.15303430048076924 0.62 0.15039577884615385 0.606 0.18205804807692308 0.604 0.20316622596153847 0.604 0.22427440625 0.604 0.2401055408653846 0.602 0.25329815384615384 0.608 0.2744063317307692 0.612 0.2849604230769231 0.606 0.3007915576923077 0.58 0.30343007932692306 0.5700000000000001 0.3166226923076923 0.56 0.35620052884615383 0.554 0.39577836298076924 0.5479999999999999 0.4221635889423077 0.55 0.44591029086538464 0.564 0.45646437980769233
1286 0.74 0.3377308701923077 0.736 0.3298153028846154 0.728 0.29815303365384616 0.732 0.2744063317307692 0.734 0.2506596298076923 0.738 0.22427440625 0.734 0.20844327163461537 0.704 0.20052770432692307 0.6819999999999999 0.20052770432692307 0.6679999999999999 0.20316622596153847 0.66 0.20580475 0.66 0.23218997355769233 0.656 0.26121372115384617 0.654 0.28232189903846155 0.658 0.3007915576923077 0.66 0.3166226923076923 0.6639999999999999 0.3245382596153846 0.674 0.3298153028846154 0.6839999999999999 0.3298153028846154 0.6819999999999999 0.3482849615384615 0.6479999999999999 0.38522427403846154 0.614 0.42744063221153844 0.5940000000000001 0.4591029014423077 0.58 0.4907651706730769 0.602 0.5145118725961538 0.6180000000000001 0.53298153125 0.62 0.7229551442307692 0.746 0.7203166225961539 0.744 0.6833773076923078 0.75 0.6649076514423077 0.744 0.6121372043269231 0.728 0.5646438004807692 0.73 0.5567282331730768 0.738 0.5435356201923077 0.744 0.5171503966346154 0.756 0.43007915625 0.756 0.40105540865384615 0.754 0.3667546177884615 0.74 0.3377308701923077
1286 0.822 0.3667546177884615 0.824 0.3482849615384615 0.8340000000000001 0.29815303365384616 0.8200000000000001 0.2796833774038462 0.7939999999999999 0.2744063317307692 0.782 0.2691292884615385 0.766 0.3060686009615385 0.764 0.3218997355769231 0.768 0.3350923485576923 0.768 0.3482849615384615 0.772 0.3535620048076923 0.772 0.3667546177884615 0.772 0.3799472283653846 0.784 0.3825857524038462 0.7899999999999999 0.3905013197115385 0.788 0.40633245432692305 0.7579999999999999 0.4221635889423077 0.756 0.44591029086538464 0.738 0.5514511875 0.74 0.5593667548076924 0.736 0.5751978894230769 0.75 0.6306068605769231 0.752 0.6622691298076924 0.748 0.7097625336538461 0.87 0.6992084423076924 0.87 0.6833773076923078 0.8659999999999999 0.6596306057692308 0.878 0.6200527716346154 0.894 0.5804749350961539 0.894 0.5514511875 0.906 0.5408970985576923 0.91 0.5303430072115385 0.904 0.5039577836538461 0.902 0.4722955144230769 0.894 0.4432717668269231 0.894 0.43007915625 0.888 0.4248021105769231 0.87 0.40369393028846157 0.848 0.3931398413461539 0.8320000000000001 0.3799472283653846 0.822 0.3667546177884615
1885 0.996 0.678100264423077 0.9920000000000001 0.48812664903846154 0.9920000000000001 0.3825857524038462 0.002 0.2506596298076923 0.002 0.7994722956730769 0.996 0.678100264423077
1027 0.7240000000000001 0.19525065865384614 0.77 0.15039577884615385 0.744 0.16094986778846154 0.7060000000000001 0.19525065865384614 0.7240000000000001 0.19525065865384614