402 0.003125 0 0.003125 0.0625 0.23281249999999998 0.18125000000000002 0.375 0.1833333341346154 0.3890625 0.19374999999999998 1 0.24777848557692309 1 0.10104166586538461 0.9984690649038461 0 0.003125 0
1885 1 0.2456990985576923 0.39531249999999996 0.19374999999999998 0.39375000000000004 0.36250000000000004 1 0.4165274206730769 1 0.2456990985576923
1885 0.4 0.19374999999999998 0.365625 0.1833333341346154 0.3609375 0.39583333413461536 0.39531249999999996 0.39375000000000004 0.4 0.19374999999999998
1885 0.365625 0.18125000000000002 0.23125 0.17708333413461538 0.2296875 0.2375 0.3609375 0.2604166658653846 0.365625 0.18125000000000002
1885 0.2296875 0.23958333413461538 0.2296875 0.17708333413461538 0.003125 0.06041666586538462 0.003125 0.1854166658653846 0.2296875 0.23958333413461538
1885 0.3578125 0.3979166658653846 0.3609375 0.2583333341346154 0.003125 0.1854166658653846 0.003125 0.4645833341346154 0.3578125 0.3979166658653846
312 1 0.4123704663461538 0.3984375 0.36250000000000004 0.3984375 0.3895833341346154 0.003125 0.4645833341346154 0.003125 0.6104166658653847 1 0.7497815600961538 1 0.4123704663461538
1283 0.621875 0.4541666658653846 0.628125 0.44791666586538464 0.6328125 0.47916666586538464 0.6375 0.51875 0.6453125 0.5604166658653846 0.6640625 0.6145833341346154 0.66875 0.6354166658653846 0.659375 0.6791666658653847 0.659375 0.7020833341346153 0.6499999999999999 0.7020833341346153 0.6468750000000001 0.7124999999999999 0.6468750000000001 0.7229166658653846 0.659375 0.7229166658653846 0.6671875 0.7375 0.6828125 0.7354166658653847 0.690625 0.6770833341346154 0.6984375 0.6270833341346154 0.73125 0.6291666658653846 0.7671874999999999 0.6229166658653846 0.7796875000000001 0.6625000000000001 0.784375 0.6520833341346154 0.7718750000000001 0.5645833341346154 0.7437499999999999 0.5791666658653847 0.7171875000000001 0.58125 0.6968749999999999 0.5791666658653847 0.703125 0.5354166658653846 0.7109375 0.4729166658653846 0.7015625000000001 0.44999999999999996 0.7 0.41666666586538464 0.7140625 0.41666666586538464 0.7359374999999999 0.4291666658653846 0.7515624999999999 0.4541666658653846 0.7515624999999999 0.4770833341346154 0.765625 0.50625 0.7703125 0.48124999999999996 0.7593749999999999 0.4354166658653846 0.7328125000000001 0.3916666658653846 0.7109375 0.3791666658653846 0.6890624999999999 0.36458333413461536 0.6875 0.3604166658653846 0.684375 0.3395833341346154 0.6609375 0.3291666658653846 0.6499999999999999 0.3458333341346154 0.6499999999999999 0.3666666658653846 0.6390625000000001 0.38125 0.625 0.3895833341346154 0.6171875 0.4020833341346154 0.6156250000000001 0.4375 0.621875 0.4541666658653846
161 0.6046875 0.6604166658653846 0.625 0.6520833341346154 0.6296875 0.6333333341346153 0.6234375000000001 0.6104166658653847 0.6078125 0.60625 0.596875 0.6125 0.59375 0.6312500000000001 0.5953125 0.6479166658653847 0.6046875 0.6604166658653846
792 0.003125 0.6083333341346153 0.003125 0.9937499999999999 0.9984375000000001 0.9916666658653847 0.9984375000000001 0.7458333341346154 0.003125 0.6083333341346153
1079 0.2609375 0.9770833341346153 0.25 0.9645833341346154 0.22031250000000002 0.83125 0.2140625 0.7395833341346154 0.1375 0.7020833341346153 0.08124999999999999 0.6875 0.03125 0.6937500000000001 0.003125 0.6979166658653846 0.0046875 0.9916666658653847 0.253125 0.9916666658653847 0.2609375 0.9770833341346153
1027 0.5359375 0.1291666658653846 0.55 0.1333333341346154 0.571875 0.14166666586538462 0.56875 0.11458333413461538 0.5359375 0.11666666586538461 0.5359375 0.1291666658653846
1027 0.41874999999999996 0.1833333341346154 0.43437499999999996 0.1833333341346154 0.43437499999999996 0.16875 0.415625 0.15625 0.41874999999999996 0.1833333341346154
1027 0.8078125 0.1958333341346154 0.809375 0.20208333413461538 0.825 0.20625 0.825 0.1875 0.8078125 0.1854166658653846 0.8078125 0.1958333341346154
1572 0.9125000000000001 0.4125 0.859375 0.4041666658653846 0.8609374999999999 0.4375 0.89375 0.4520833341346154 0.9078124999999999 0.4416666658653846 0.9125000000000001 0.4125