402 0.0015309350961538461 0 0 0.10104166586538461 0 0.24777848557692309 0.6109375 0.19374999999999998 0.625 0.1833333341346154 0.7671874999999999 0.18125000000000002 0.996875 0.0625 0.996875 0 0.0015309350961538461 0
1885 0 0.4165274206730769 0.60625 0.36250000000000004 0.6046875 0.19374999999999998 0 0.2456990985576923 0 0.4165274206730769
1885 0.6046875 0.39375000000000004 0.6390625000000001 0.39583333413461536 0.6343749999999999 0.1833333341346154 0.6 0.19374999999999998 0.6046875 0.39375000000000004
1885 0.6390625000000001 0.2604166658653846 0.7703125 0.2375 0.76875 0.17708333413461538 0.6343749999999999 0.18125000000000002 0.6390625000000001 0.2604166658653846
1885 0.996875 0.1854166658653846 0.996875 0.06041666586538462 0.7703125 0.17708333413461538 0.7703125 0.23958333413461538 0.996875 0.1854166658653846
1885 0.996875 0.4645833341346154 0.996875 0.1854166658653846 0.6390625000000001 0.2583333341346154 0.6421874999999999 0.3979166658653846 0.996875 0.4645833341346154
312 0 0.7497815600961538 0.996875 0.6104166658653847 0.996875 0.4645833341346154 0.6015625 0.3895833341346154 0.6015625 0.36250000000000004 0 0.4123704663461538 0 0.7497815600961538
1283 0.384375 0.4375 0.3828125 0.4020833341346154 0.375 0.3895833341346154 0.3609375 0.38125 0.35 0.3666666658653846 0.35 0.3458333341346154 0.33906250000000004 0.3291666658653846 0.31562500000000004 0.3395833341346154 0.3125 0.3604166658653846 0.3109375 0.36458333413461536 0.2890625 0.3791666658653846 0.2671875 0.3916666658653846 0.24062499999999998 0.4354166658653846 0.2296875 0.48124999999999996 0.234375 0.50625 0.24843749999999998 0.4770833341346154 0.24843749999999998 0.4541666658653846 0.2640625 0.4291666658653846 0.2859375 0.41666666586538464 0.3 0.41666666586538464 0.2984375 0.44999999999999996 0.2890625 0.4729166658653846 0.296875 0.5354166658653846 0.303125 0.5791666658653847 0.2828125 0.58125 0.25625 0.5791666658653847 0.22812500000000002 0.5645833341346154 0.215625 0.6520833341346154 0.22031250000000002 0.6625000000000001 0.23281249999999998 0.6229166658653846 0.26875 0.6291666658653846 0.3015625 0.6270833341346154 0.30937499999999996 0.6770833341346154 0.31718749999999996 0.7354166658653847 0.33281249999999996 0.7375 0.34062499999999996 0.7229166658653846 0.353125 0.7229166658653846 0.353125 0.7124999999999999 0.35 0.7020833341346153 0.34062499999999996 0.7020833341346153 0.34062499999999996 0.6791666658653847 0.33125000000000004 0.6354166658653846 0.3359375 0.6145833341346154 0.35468750000000004 0.5604166658653846 0.36250000000000004 0.51875 0.3671875 0.47916666586538464 0.37187499999999996 0.44791666586538464 0.37812500000000004 0.4541666658653846 0.384375 0.4375
161 0.4046875 0.6479166658653847 0.40625 0.6312500000000001 0.40312499999999996 0.6125 0.3921875 0.60625 0.3765625 0.6104166658653847 0.37031250000000004 0.6333333341346153 0.375 0.6520833341346154 0.39531249999999996 0.6604166658653846 0.4046875 0.6479166658653847
792 0.0015625 0.7458333341346154 0.0015625 0.9916666658653847 0.996875 0.9937499999999999 0.996875 0.6083333341346153 0.0015625 0.7458333341346154
1079 0.746875 0.9916666658653847 0.9953125 0.9916666658653847 0.996875 0.6979166658653846 0.96875 0.6937500000000001 0.91875 0.6875 0.8625 0.7020833341346153 0.7859375 0.7395833341346154 0.7796875000000001 0.83125 0.75 0.9645833341346154 0.7390625 0.9770833341346153 0.746875 0.9916666658653847
1027 0.46406250000000004 0.11666666586538461 0.43125 0.11458333413461538 0.428125 0.14166666586538462 0.44999999999999996 0.1333333341346154 0.46406250000000004 0.1291666658653846 0.46406250000000004 0.11666666586538461
1027 0.584375 0.15625 0.565625 0.16875 0.565625 0.1833333341346154 0.58125 0.1833333341346154 0.584375 0.15625
1027 0.1921875 0.1854166658653846 0.175 0.1875 0.175 0.20625 0.190625 0.20208333413461538 0.1921875 0.1958333341346154 0.1921875 0.1854166658653846
1572 0.0921875 0.4416666658653846 0.10625000000000001 0.4520833341346154 0.1390625 0.4375 0.140625 0.4041666658653846 0.0875 0.4125 0.0921875 0.4416666658653846