513 1 0.4603125 0.90625 0.4453125 0.71875 0.47265625 0.47265625 0.52734375 0.01953125 0.6484375 0.390625 0.78515625 0.54296875 0.7265625 0.67578125 0.6875 0.79296875 0.65234375 0.90625 0.60546875 1 0.55078125 1 0.4603125
1219 0.29296875 0.0859375 0.02734375 0.06640625 0.03515625 0.3203125 0.29296875 0.31640625 0.29296875 0.0859375
1219 0.55078125 0.15234375 0.43359375 0.140625 0.4296875 0.28125 0.546875 0.28125 0.55078125 0.15234375
1940 1 0.14092548076923078 0.953125 0.14453125 0.9453125 0.34375 1 0.3473958317307692 1 0.14092548076923078
404 0.57421875 0 0.703125 0.0390625 0.8046875 0.0234375 0.7578125 0 0.57421875 0
418 0.9921875 0.70703125 0.94921875 0.671875 0.84375 0.73046875 0.71875 0.703125 0.67578125 0.70703125 0.66796875 0.8046875 0.60546875 0.82421875 0.453125 0.7734375 0.43359375 0.78125 0.43359375 0.98828125 0.66796875 0.99609375 0.9296875 0.98828125 0.9453125 0.80078125 0.98046875 0.7421875 0.9921875 0.70703125
418 0.296875 0.78515625 0.25390625 0.79296875 0.19921875 0.72265625 0.0078125 0.66015625 0.03125 0.99609375 0.06640625 0.98828125 0.0703125 0.96484375 0.1171875 0.98828125 0.3671875 0.98828125 0.4296875 0.95703125 0.4296875 0.8828125 0.41796875 0.7890625 0.3671875 0.78515625 0.3359375 0.79296875 0.296875 0.78515625
426 0.0078125 0.64453125 0.1484375 0.6015625 0.12109375 0.5390625 0.0078125 0.5546875 0.0078125 0.64453125
426 0.29296875 0.5703125 0.44140625 0.53515625 0.43359375 0.49609375 0.29296875 0.515625 0.27734375 0.53515625 0.29296875 0.5703125
426 0.6328125 0.48828125 0.62109375 0.47265625 0.49609375 0.50390625 0.5078125 0.5234375 0.6328125 0.48828125
426 0.734375 0.44921875 0.68359375 0.44921875 0.6328125 0.46875 0.65234375 0.48828125 0.74609375 0.46875 0.734375 0.44921875
426 0.85546875 0.453125 0.84375 0.42578125 0.7578125 0.4453125 0.765625 0.47265625 0.80859375 0.4609375 0.85546875 0.453125
424 1 0.6028645817307692 0.96875 0.61328125 0.9375 0.62890625 0.9140625 0.62890625 0.88671875 0.62890625 0.85546875 0.640625 0.828125 0.65625 0.78515625 0.67578125 0.76171875 0.68359375 0.73046875 0.69921875 0.83203125 0.71875 0.8671875 0.7265625 0.8984375 0.70703125 0.9375 0.67578125 0.96484375 0.671875 0.99609375 0.69140625 1 0.646484375 1 0.6028645817307692
426 0.734375 0.42578125 0.82421875 0.4296875 0.8359375 0.3984375 0.80078125 0.36328125 0.7734375 0.3671875 0.74609375 0.375 0.734375 0.40234375 0.734375 0.42578125
426 0.65625 0.42578125 0.65234375 0.40234375 0.62890625 0.3828125 0.6015625 0.3828125 0.5859375 0.38671875 0.5703125 0.40625 0.56640625 0.44140625 0.578125 0.45703125 0.58203125 0.453125 0.609375 0.46484375 0.65625 0.453125 0.65625 0.42578125
426 0.51953125 0.47265625 0.53125 0.44921875 0.515625 0.41796875 0.48828125 0.39453125 0.4453125 0.390625 0.42578125 0.4140625 0.421875 0.44921875 0.4296875 0.47265625 0.44140625 0.50390625 0.453125 0.515625 0.5 0.515625 0.5 0.484375 0.51953125 0.47265625
426 0.38671875 0.46484375 0.37890625 0.44140625 0.33984375 0.3984375 0.2890625 0.40234375 0.265625 0.4453125 0.27734375 0.4765625 0.26953125 0.5 0.28515625 0.515625 0.3671875 0.49609375 0.38671875 0.46484375
417 0.23828125 0.49609375 0.26171875 0.46484375 0.21875 0.39453125 0.15234375 0.3984375 0.1171875 0.453125 0.12109375 0.48046875 0.1015625 0.5 0.1328125 0.55859375 0.15625 0.5859375 0.1953125 0.5859375 0.27734375 0.5625 0.265625 0.5234375 0.21484375 0.51953125 0.23828125 0.49609375
424 0.11328125 0.52734375 0.11328125 0.515625 0.03515625 0.5078125 0.0078125 0.46484375 0.0078125 0.54296875 0.03125 0.546875 0.05859375 0.54296875 0.0703125 0.52734375 0.11328125 0.52734375
1349 0.74609375 0.234375 0.71875 0.23828125 0.6875 0.2109375 0.6640625 0.23828125 0.69140625 0.234375 0.671875 0.26171875 0.66796875 0.2890625 0.62109375 0.3046875 0.62109375 0.328125 0.62109375 0.3671875 0.63671875 0.36328125 0.640625 0.37109375 0.64453125 0.38671875 0.6640625 0.40625 0.6796875 0.40234375 0.6875 0.4296875 0.7109375 0.44140625 0.72265625 0.44140625 0.7265625 0.33984375 0.75390625 0.3203125 0.734375 0.30078125 0.75390625 0.28515625 0.7578125 0.2578125 0.74609375 0.234375