1743 0.19140625 0.4765625 0.2578125 0.484375 0.328125 0.47265625 0.33203125 0.33203125 0.265625 0.33203125 0.1640625 0.33203125 0.1640625 0.46484375 0.19140625 0.4765625
1399 0.85546875 0.6953125 0.875 0.66796875 0.875 0.61328125 0.796875 0.59375 0.65234375 0.6171875 0.640625 0.6640625 0.65625 0.6875 0.71875 0.70703125 0.73828125 0.7109375 0.73828125 0.69140625 0.8359375 0.6796875 0.85546875 0.6953125
1612 0.64453125 0.609375 0.66015625 0.5859375 0.640625 0.578125 0.60546875 0.578125 0.5859375 0.59765625 0.5625 0.6171875 0.546875 0.65234375 0.5703125 0.6640625 0.60546875 0.66796875 0.6328125 0.66015625 0.62890625 0.6328125 0.64453125 0.609375
426 0.4609375 0.50390625 0.45703125 0.53515625 0.59375 0.53125 0.59765625 0.46875 0.56640625 0.42578125 0.49609375 0.421875 0.46875 0.45703125 0.4609375 0.50390625
426 0.796875 0.4375 0.76953125 0.47265625 0.75390625 0.52734375 0.734375 0.5625 0.8359375 0.59765625 0.84375 0.57421875 0.86328125 0.52734375 0.859375 0.46484375 0.83984375 0.44140625 0.796875 0.4375
417 0.30859375 0.71484375 0.28515625 0.65625 0.25390625 0.6015625 0.2265625 0.58984375 0.203125 0.5859375 0.1796875 0.58984375 0.17578125 0.63671875 0.19921875 0.7265625 0.2265625 0.796875 0.25 0.98828125 0.36328125 0.9921875 0.61328125 0.98828125 0.59765625 0.94921875 0.41015625 0.8203125 0.34375 0.8203125 0.3203125 0.76953125 0.30859375 0.71484375
417 0.171875 0.671875 0.1484375 0.61328125 0.1328125 0.5546875 0.09765625 0.51953125 0.0703125 0.5234375 0.08203125 0.59375 0.1015625 0.66015625 0.12109375 0.76953125 0.12890625 0.828125 0.1328125 0.88671875 0.05078125 0.9140625 0.0546875 0.9453125 0.078125 0.9453125 0.0859375 0.921875 0.16796875 0.91015625 0.15234375 0.93359375 0.15625 0.97265625 0.19140625 0.96875 0.1796875 0.9453125 0.19140625 0.921875 0.20703125 0.93359375 0.24609375 0.94140625 0.25 0.89453125 0.22265625 0.81640625 0.1953125 0.75 0.171875 0.671875
417 0.09375 0.62890625 0.07421875 0.55859375 0.06640625 0.5078125 0.05078125 0.4921875 0.015625 0.484375 0.0234375 0.55859375 0.046875 0.62109375 0.05078125 0.66796875 0.06640625 0.765625 0.0859375 0.796875 0.11328125 0.796875 0.11328125 0.73828125 0.09375 0.62890625
426 0.109375 0.52734375 0.15234375 0.56640625 0.19921875 0.54296875 0.18359375 0.50390625 0.15625 0.4375 0.1015625 0.4375 0.078125 0.45703125 0.08203125 0.50390625 0.109375 0.52734375
513 1 0.6435185192307693 0.8984375 0.6171875 0.7421875 0.57421875 0.61328125 0.5390625 0.52734375 0.53515625 0.41796875 0.53515625 0.3125 0.54296875 0.19140625 0.55859375 0.1484375 0.5859375 0.16796875 0.609375 0.3203125 0.73046875 0.390625 0.78515625 0.49609375 0.8515625 0.67578125 0.98828125 1 0.9921409951923077 1 0.6435185192307693
1349 0.46875 0.40625 0.4765625 0.43359375 0.4453125 0.453125 0.46484375 0.46484375 0.48828125 0.41796875 0.51171875 0.41796875 0.54296875 0.41796875 0.58984375 0.42578125 0.6015625 0.4296875 0.609375 0.45703125 0.6015625 0.5 0.60546875 0.51953125 0.62890625 0.5390625 0.65625 0.5390625 0.65625 0.51953125 0.65234375 0.49609375 0.65625 0.46484375 0.6640625 0.4375 0.625 0.4375 0.62109375 0.41796875 0.609375 0.390625 0.6328125 0.375 0.6015625 0.375 0.578125 0.3828125 0.5546875 0.37109375 0.53515625 0.390625 0.515625 0.39453125 0.5 0.375 0.4765625 0.37890625 0.46875 0.40625
1349 0.07421875 0.3671875 0.05078125 0.359375 0.02734375 0.34375 0.015625 0.34375 0.00390625 0.3515625 0.00390625 0.54296875 0.015625 0.546875 0.01171875 0.48828125 0.04296875 0.47265625 0.07421875 0.4765625 0.07421875 0.4609375 0.0625 0.44140625 0.046875 0.41796875 0.046875 0.38671875 0.07421875 0.3671875
1748 0.33984375 0.52734375 0.33984375 0.49609375 0.36328125 0.48828125 0.32421875 0.4765625 0.16796875 0.484375 0.1796875 0.546875 0.33984375 0.52734375
402 0.011067706730769232 0 0.0078125 0.01953125 0.70703125 0.0703125 0.99609375 0 0.011067706730769232 0