973 0.4774305552884615 0.17361111057692308 0.4774305552884615 0.26851851923076925 0.5260416658653846 0.2638888894230769 0.5243055552884616 0.17592592548076924 0.4774305552884615 0.17361111057692308
1942 0.8177083341346154 0.29398148076923075 0.8958333341346154 0.2986111105769231 0.8993055552884616 0.002314814903846154 0.826388889423077 0.004629629807692308 0.8177083341346154 0.29398148076923075
1670 0.2986111105769231 0.7337962956730769 0.30034722115384616 0.6458333341346154 0.31770833413461536 0.5833333341346154 0.3125 0.548611110576923 0.13020833413461538 0.5439814807692308 0.12847222115384616 0.5856481490384615 0.06944444471153846 0.638888889423077 0.07118055528846154 0.7337962956730769 0.2986111105769231 0.7337962956730769
1199 0.296875 0.7430555552884616 0.07638888942307692 0.7430555552884616 0.08506944471153846 0.9606481490384616 0.3038194447115385 0.9560185192307693 0.296875 0.7430555552884616
1700 0.6128472211538462 0.3819444447115385 0.6128472211538462 0.4189814807692308 0.654513889423077 0.4143518509615385 0.65625 0.3796296298076923 0.6128472211538462 0.3819444447115385
1564 0.5972222211538462 0.5740740745192308 0.376736110576923 0.5833333341346154 0.3680555552884615 0.6273148149038461 0.6163194447115384 0.6226851850961539 0.5972222211538462 0.5740740745192308
757 0.5538194447115384 0.4375 0.4444444447115385 0.43518518509615384 0.439236110576923 0.5740740745192308 0.5538194447115384 0.5671296298076923 0.5538194447115384 0.4375
679 0.8993055552884616 0.6504629639423077 0.746527778846154 0.6620370360576923 0.748263889423077 0.7569444447115384 0.8993055552884616 0.75 0.8993055552884616 0.6504629639423077
1760 0.296875 0.16435185096153845 0.23263888942307692 0.16203703605769232 0.23090277884615384 0.28009259375 0.3020833341346154 0.27777777884615384 0.296875 0.16435185096153845
1027 0.47916666586538464 0.06481481490384615 0.4375 0.05555555528846154 0.420138889423077 0.1365740745192308 0.46527777884615384 0.15509259375 0.47916666586538464 0.06481481490384615
1198 0.3020833341346154 0.3935185192307692 0.23784722115384616 0.3935185192307692 0.23784722115384616 0.4421296298076923 0.3020833341346154 0.4444444447115385 0.3020833341346154 0.3935185192307692
332 0.949652778846154 0.38425925961538465 0.923611110576923 0.38425925961538465 0.873263889423077 0.9953703701923077 0.9010416658653846 0.9953703701923077 0.949652778846154 0.38425925961538465
1977 0.829861110576923 0.5439814807692308 0.329861110576923 0.5625 0.32291666586538464 0.6481481490384616 0.90625 0.6296296298076923 0.829861110576923 0.5439814807692308
1011 0.36458333413461536 0.6689814807692307 0.37152777884615384 0.9930555552884616 0.894097221153846 0.9953703701923077 0.8975694447115384 0.6342592596153847 0.36458333413461536 0.6689814807692307
1613 0.326388889423077 0.23148148076923075 0.34375 0.22222222115384616 0.34722222115384616 0.20138888942307692 0.34375 0.1805555552884615 0.30902777884615384 0.17592592548076924 0.30902777884615384 0.22453703605769232 0.3125 0.22685185096153845 0.326388889423077 0.23148148076923075
1019 0.5555555552884616 0.7245370360576923 0.5520833341346154 0.7106481490384616 0.5347222211538462 0.7083333341346154 0.5399305552884616 0.7291666658653846 0.545138889423077 0.7407407403846153 0.5555555552884616 0.736111110576923 0.5555555552884616 0.7245370360576923
973 0.5711805552884616 0.16666666586538462 0.576388889423077 0.28472222115384616 0.628472221153846 0.28240740625 0.626736110576923 0.16666666586538462 0.5711805552884616 0.16666666586538462
345 0.736111110576923 0.6689814807692307 0.564236110576923 0.6759259254807692 0.5625 0.9907407403846153 0.7256944447115384 0.9884259254807692 0.736111110576923 0.6689814807692307