973 0.4756944447115385 0.17592592548076924 0.47395833413461536 0.2638888894230769 0.5225694447115384 0.26851851923076925 0.5225694447115384 0.17361111057692308 0.4756944447115385 0.17592592548076924
1942 0.17361111057692308 0.004629629807692308 0.10069444471153846 0.002314814903846154 0.10416666586538462 0.2986111105769231 0.18229166586538462 0.29398148076923075 0.17361111057692308 0.004629629807692308
1670 0.9288194447115384 0.7337962956730769 0.9305555552884616 0.638888889423077 0.871527778846154 0.5856481490384615 0.8697916658653846 0.5439814807692308 0.6875 0.548611110576923 0.6822916658653846 0.5833333341346154 0.699652778846154 0.6458333341346154 0.701388889423077 0.7337962956730769 0.9288194447115384 0.7337962956730769
1199 0.6961805552884616 0.9560185192307693 0.9149305552884616 0.9606481490384616 0.923611110576923 0.7430555552884616 0.703125 0.7430555552884616 0.6961805552884616 0.9560185192307693
1700 0.34375 0.3796296298076923 0.345486110576923 0.4143518509615385 0.38715277884615384 0.4189814807692308 0.38715277884615384 0.3819444447115385 0.34375 0.3796296298076923
1564 0.3836805552884615 0.6226851850961539 0.6319444447115384 0.6273148149038461 0.623263889423077 0.5833333341346154 0.40277777884615384 0.5740740745192308 0.3836805552884615 0.6226851850961539
757 0.4461805552884615 0.5671296298076923 0.560763889423077 0.5740740745192308 0.5555555552884616 0.43518518509615384 0.4461805552884615 0.4375 0.4461805552884615 0.5671296298076923
679 0.10069444471153846 0.75 0.2517361105769231 0.7569444447115384 0.25347222115384616 0.6620370360576923 0.10069444471153846 0.6504629639423077 0.10069444471153846 0.75
1760 0.6979166658653846 0.27777777884615384 0.769097221153846 0.28009259375 0.767361110576923 0.16203703605769232 0.703125 0.16435185096153845 0.6979166658653846 0.27777777884615384
1027 0.5347222211538462 0.15509259375 0.579861110576923 0.1365740745192308 0.5625 0.05555555528846154 0.5208333341346154 0.06481481490384615 0.5347222211538462 0.15509259375
1198 0.6979166658653846 0.4444444447115385 0.762152778846154 0.4421296298076923 0.762152778846154 0.3935185192307692 0.6979166658653846 0.3935185192307692 0.6979166658653846 0.4444444447115385
332 0.09895833413461538 0.9953703701923077 0.12673611057692308 0.9953703701923077 0.07638888942307692 0.38425925961538465 0.050347221153846156 0.38425925961538465 0.09895833413461538 0.9953703701923077
1977 0.09375 0.6296296298076923 0.6770833341346154 0.6481481490384616 0.670138889423077 0.5625 0.17013888942307692 0.5439814807692308 0.09375 0.6296296298076923
1011 0.10243055528846154 0.6342592596153847 0.10590277884615386 0.9953703701923077 0.628472221153846 0.9930555552884616 0.6354166658653846 0.6689814807692307 0.10243055528846154 0.6342592596153847
1613 0.6875 0.22685185096153845 0.690972221153846 0.22453703605769232 0.690972221153846 0.17592592548076924 0.65625 0.1805555552884615 0.652777778846154 0.20138888942307692 0.65625 0.22222222115384616 0.673611110576923 0.23148148076923075 0.6875 0.22685185096153845
1019 0.4444444447115385 0.736111110576923 0.454861110576923 0.7407407403846153 0.4600694447115385 0.7291666658653846 0.46527777884615384 0.7083333341346154 0.44791666586538464 0.7106481490384616 0.4444444447115385 0.7245370360576923 0.4444444447115385 0.736111110576923
973 0.373263889423077 0.16666666586538462 0.37152777884615384 0.28240740625 0.423611110576923 0.28472222115384616 0.4288194447115385 0.16666666586538462 0.373263889423077 0.16666666586538462
345 0.2743055552884615 0.9884259254807692 0.4375 0.9907407403846153 0.435763889423077 0.6759259254807692 0.2638888894230769 0.6689814807692307 0.2743055552884615 0.9884259254807692