402 0 0 0 0.42852128125 0.66 0.41528239182692306 0.995 0.4053156153846154 0.995 0 0 0
1582 0 0.7440100336538461 0.375 0.7176079735576923 0.36250000000000004 0.51162790625 0.35500000000000004 0.51162790625 0 0.5314220673076924 0 0.7440100336538461
1662 0 0.7668881490384615 0.0125 0.7641196009615385 0.025 0.7607973413461538 0.0325 0.7475083052884616 0.0325 0.7408637884615386 0.015000000000000001 0.7408637884615386 0.01 0.7209302331730769 0.015000000000000001 0.7076411971153846 0.0275 0.6976744182692307 0.030000000000000002 0.6843853822115384 0.02 0.6777408629807693 0.02 0.6511627908653845 0.015000000000000001 0.6312292355769231 0 0.6141433317307692 0 0.6578073100961539 0.0025 0.7043189375 0.007500000000000001 0.7009966778846154 0.007500000000000001 0.7475083052884616 0 0.7475083052884616 0 0.7668881490384615
1661 0.06749999999999999 0.7475083052884616 0.08 0.7607973413461538 0.095 0.7607973413461538 0.11249999999999999 0.7574750841346154 0.11 0.7475083052884616 0.095 0.7475083052884616 0.095 0.7009966778846154 0.11249999999999999 0.6976744182692307 0.11249999999999999 0.6744186057692307 0.1075 0.6744186057692307 0.105 0.6411960144230769 0.0975 0.6212624591346153 0.08499999999999999 0.6179401995192308 0.06749999999999999 0.6212624591346153 0.055 0.6378737548076923 0.0575 0.6910299014423077 0.08 0.6943521586538461 0.08499999999999999 0.7176079735576923 0.08499999999999999 0.7408637884615386 0.075 0.7441860456730769 0.06749999999999999 0.7475083052884616
1661 0.1475 0.7408637884615386 0.1475 0.7508305649038461 0.16 0.7574750841346154 0.17750000000000002 0.7574750841346154 0.1875 0.7541528245192308 0.19 0.7408637884615386 0.18 0.7408637884615386 0.17750000000000002 0.6976744182692307 0.185 0.6976744182692307 0.195 0.6877076418269231 0.19749999999999998 0.6677740865384615 0.1925 0.6677740865384615 0.19 0.6279069759615384 0.1825 0.6146179399038462 0.16999999999999998 0.6112956802884615 0.15 0.6146179399038462 0.14 0.6312292355769231 0.145 0.6578073100961539 0.15 0.6710963461538462 0.1475 0.6943521586538461 0.1675 0.6943521586538461 0.16999999999999998 0.7142857139423077 0.1675 0.7375415288461539 0.16 0.7375415288461539 0.1475 0.7408637884615386
1661 0.24000000000000002 0.7541528245192308 0.25 0.7607973413461538 0.2675 0.7607973413461538 0.275 0.7541528245192308 0.2725 0.7408637884615386 0.2625 0.7408637884615386 0.265 0.6910299014423077 0.2825 0.6843853822115384 0.28 0.6677740865384615 0.27749999999999997 0.664451826923077 0.28 0.6345514951923078 0.27749999999999997 0.6146179399038462 0.2625 0.6046511634615385 0.25 0.6046511634615385 0.2375 0.6146179399038462 0.23 0.6378737548076923 0.2375 0.664451826923077 0.23249999999999998 0.664451826923077 0.23 0.6877076418269231 0.2525 0.6877076418269231 0.2525 0.7142857139423077 0.25 0.7408637884615386 0.2425 0.7475083052884616 0.24000000000000002 0.7541528245192308
1661 0.3175 0.7375415288461539 0.3175 0.7441860456730769 0.3275 0.7475083052884616 0.33999999999999997 0.7475083052884616 0.3575 0.7441860456730769 0.3575 0.7342192692307693 0.34500000000000003 0.7308970096153846 0.34500000000000003 0.6810631225961538 0.36250000000000004 0.6810631225961538 0.36250000000000004 0.6611295673076923 0.3575 0.6578073100961539 0.365 0.6411960144230769 0.365 0.6212624591346153 0.35500000000000004 0.6046511634615385 0.35 0.5980066442307692 0.335 0.5980066442307692 0.32499999999999996 0.6046511634615385 0.315 0.62458471875 0.3175 0.6578073100961539 0.31 0.6578073100961539 0.315 0.6810631225961538 0.33249999999999996 0.6810631225961538 0.335 0.7009966778846154 0.335 0.7308970096153846 0.3275 0.7342192692307693 0.3175 0.7375415288461539
1584 0 0.5281230408653846 0.35500000000000004 0.51162790625 0.35500000000000004 0.48837209375 0.3225 0.49169435096153846 0.3225 0.4784053149038462 0.3175 0.4750830552884615 0.315 0.4485049831730769 0.16 0.4584717596153846 0.1475 0.45514950240384616 0.15 0.4219269110576923 0 0.42519470673076926 0 0.5281230408653846
1494 0.20249999999999999 0.40199335576923073 0.1525 0.40199335576923073 0.1525 0.4518272427884616 0.20249999999999999 0.4518272427884616 0.20249999999999999 0.40199335576923073
1584 0.5125 0.46843853846153843 0.5325 0.4750830552884615 0.5325 0.4485049831730769 0.6925 0.4418604639423077 0.6925 0.4584717596153846 0.7075 0.4750830552884615 0.7375 0.47176079807692306 0.7325 0.4385382067307692 0.3975 0.4485049831730769 0.335 0.4518272427884616 0.32 0.4518272427884616 0.32 0.4750830552884615 0.3225 0.4784053149038462 0.3225 0.48837209375 0.3575 0.48837209375 0.37 0.51162790625 0.3925 0.5847176081730769 0.4925 0.5747508317307692 0.495 0.4784053149038462 0.5125 0.46843853846153843
1289 0.4325 0.504983389423077 0.4275 0.504983389423077 0.4275 0.49501661057692303 0.4225 0.49501661057692303 0.415 0.5016611298076923 0.42 0.5083056490384615 0.415 0.5215946850961538 0.40750000000000003 0.5315614615384615 0.40499999999999997 0.5481727572115385 0.4125 0.5548172764423077 0.40249999999999997 0.5614617932692307 0.41000000000000003 0.5813953485576924 0.4125 0.5946843846153846 0.40499999999999997 0.5980066442307692 0.41750000000000004 0.6013289038461539 0.42500000000000004 0.5980066442307692 0.41750000000000004 0.5681063125 0.435 0.5614617932692307 0.435 0.5149501658653846 0.4325 0.504983389423077
1294 0.4475 0.6710963461538462 0.4525 0.6810631225961538 0.46 0.6810631225961538 0.46 0.6710963461538462 0.455 0.6279069759615384 0.46 0.607973423076923 0.46499999999999997 0.6411960144230769 0.46499999999999997 0.6744186057692307 0.46499999999999997 0.6843853822115384 0.4775 0.6810631225961538 0.4775 0.6744186057692307 0.47000000000000003 0.6710963461538462 0.4775 0.6445182716346154 0.4775 0.607973423076923 0.48000000000000004 0.5880398677884615 0.4825 0.5481727572115385 0.48750000000000004 0.5548172764423077 0.495 0.5581395360576923 0.4975 0.5514950168269231 0.4925 0.5415282403846153 0.475 0.5149501658653846 0.46749999999999997 0.49833887019230766 0.46749999999999997 0.48172757451923076 0.46749999999999997 0.4750830552884615 0.45749999999999996 0.4750830552884615 0.4475 0.4784053149038462 0.4475 0.48837209375 0.4525 0.49833887019230766 0.44 0.504983389423077 0.435 0.51162790625 0.4375 0.5348837211538462 0.4375 0.5647840528846154 0.4425 0.5980066442307692 0.4475 0.6312292355769231 0.4475 0.6578073100961539 0.4475 0.6710963461538462
1582 0.6775 0.6112956802884615 0.6925 0.5581395360576923 0.7075 0.5514950168269231 0.705 0.4750830552884615 0.6950000000000001 0.46179401923076924 0.6925 0.4418604639423077 0.5325 0.4485049831730769 0.53 0.4750830552884615 0.515 0.46843853846153843 0.495 0.4784053149038462 0.49 0.5614617932692307 0.4825 0.5514950168269231 0.485 0.6777408629807693 0.51 0.7142857139423077 0.675 0.6943521586538461 0.675 0.6212624591346153 0.6775 0.6112956802884615
1294 0.61 0.7043189375 0.61 0.7242524927884616 0.6224999999999999 0.7342192692307693 0.6325000000000001 0.7308970096153846 0.635 0.7209302331730769 0.6224999999999999 0.7142857139423077 0.635 0.6411960144230769 0.6475000000000001 0.6179401995192308 0.645 0.5847176081730769 0.64 0.5614617932692307 0.64 0.5481727572115385 0.635 0.5282392019230769 0.64 0.51162790625 0.64 0.5016611298076923 0.635 0.49833887019230766 0.62 0.49833887019230766 0.615 0.5083056490384615 0.615 0.5249169447115385 0.615 0.5348837211538462 0.6 0.5415282403846153 0.5975 0.5581395360576923 0.5925 0.5813953485576924 0.6 0.5946843846153846 0.6 0.6478405312500001 0.605 0.6777408629807693 0.61 0.7043189375
1661 0.5399999999999999 0.7242524927884616 0.55 0.7308970096153846 0.5625 0.7308970096153846 0.575 0.7275747499999999 0.575 0.7176079735576923 0.5675 0.7142857139423077 0.565 0.664451826923077 0.5775 0.664451826923077 0.59 0.6578073100961539 0.59 0.6378737548076923 0.59 0.6046511634615385 0.5850000000000001 0.5913621274038461 0.5700000000000001 0.5880398677884615 0.5525 0.5913621274038461 0.5475 0.6146179399038462 0.5425 0.6411960144230769 0.535 0.6445182716346154 0.545 0.6611295673076923 0.5549999999999999 0.6611295673076923 0.5549999999999999 0.6877076418269231 0.5525 0.7142857139423077 0.545 0.7176079735576923 0.5399999999999999 0.7242524927884616
1582 0.6900000000000001 0.5548172764423077 0.675 0.62458471875 0.6775 0.7508305649038461 0.855 0.8837209302884615 0.855 0.8372093028846154 0.8374999999999999 0.8205980072115384 0.8374999999999999 0.8039867115384615 0.9624999999999999 0.7807308966346154 0.9825 0.47176079807692306 0.9600000000000001 0.46843853846153843 0.9475 0.46511627884615386 0.9325 0.46511627884615386 0.9125000000000001 0.4518272427884616 0.905 0.46843853846153843 0.905 0.49169435096153846 0.8674999999999999 0.48172757451923076 0.8674999999999999 0.46511627884615386 0.86 0.45514950240384616 0.845 0.4584717596153846 0.8325 0.46511627884615386 0.8275 0.45514950240384616 0.8075 0.45514950240384616 0.7975 0.47176079807692306 0.7899999999999999 0.46179401923076924 0.77 0.45514950240384616 0.755 0.47176079807692306 0.7100000000000001 0.4784053149038462 0.7075 0.5514950168269231 0.6900000000000001 0.5548172764423077
1291 0.745 0.7109634543269231 0.75 0.7375415288461539 0.75 0.7807308966346154 0.7525000000000001 0.7873754158653846 0.7875000000000001 0.7873754158653846 0.825 0.8006644519230769 0.8350000000000001 0.7906976754807692 0.84 0.7375415288461539 0.8225 0.7308970096153846 0.8075 0.7109634543269231 0.7899999999999999 0.6877076418269231 0.8175 0.6910299014423077 0.8350000000000001 0.6910299014423077 0.855 0.6877076418269231 0.875 0.6777408629807693 0.885 0.664451826923077 0.885 0.6578073100961539 0.8775000000000001 0.6544850504807692 0.865 0.664451826923077 0.8475 0.6677740865384615 0.8200000000000001 0.6677740865384615 0.7925 0.6511627908653845 0.7749999999999999 0.6411960144230769 0.7725000000000001 0.6345514951923078 0.7725000000000001 0.6146179399038462 0.7749999999999999 0.6046511634615385 0.77 0.5946843846153846 0.7625 0.5747508317307692 0.7525000000000001 0.5747508317307692 0.7375 0.5813953485576924 0.7325 0.5946843846153846 0.7325 0.6146179399038462 0.745 0.6279069759615384 0.7375 0.6345514951923078 0.7175 0.6611295673076923 0.715 0.6810631225961538 0.73 0.6910299014423077 0.745 0.7109634543269231
1661 0.7025 0.857142858173077 0.7025 0.8704318942307693 0.7250000000000001 0.880398670673077 0.7424999999999999 0.8770764110576923 0.745 0.863787375 0.7325 0.863787375 0.735 0.8139534879807692 0.755 0.8139534879807692 0.7749999999999999 0.8106312283653847 0.7749999999999999 0.7873754158653846 0.75 0.7807308966346154 0.7474999999999999 0.7641196009615385 0.745 0.7176079735576923 0.735 0.6976744182692307 0.72 0.6810631225961538 0.7075 0.6810631225961538 0.715 0.7807308966346154 0.72 0.7807308966346154 0.72 0.8205980072115384 0.7175 0.8471760793269231 0.7100000000000001 0.857142858173077 0.7025 0.857142858173077
1661 0.75 0.9069767451923076 0.765 0.9169435216346155 0.78 0.9169435216346155 0.795 0.9169435216346155 0.7975 0.9069767451923076 0.785 0.9069767451923076 0.785 0.857142858173077 0.8200000000000001 0.8538205985576923 0.8275 0.8438538197115384 0.825 0.8239202668269231 0.8125 0.8172757475961538 0.8150000000000001 0.7940199326923078 0.8125 0.7607973413461538 0.8025 0.7242524927884616 0.785 0.7043189375 0.77 0.7043189375 0.7749999999999999 0.7774086370192308 0.7749999999999999 0.8106312283653847 0.7675 0.8172757475961538 0.7725000000000001 0.8737541538461537 0.7675 0.8970099663461538 0.75 0.9003322259615385 0.75 0.9069767451923076
853 0.8374999999999999 0.8172757475961538 0.855 0.8338870432692308 0.8575 0.8737541538461537 0.8625 0.8737541538461537 0.8575 0.9933554807692307 0.995 0.9933554807692307 0.995 0.7707641201923077 0.9600000000000001 0.7774086370192308 0.8374999999999999 0.8039867115384615 0.8374999999999999 0.8172757475961538
787 0.9450000000000001 0.5980066442307692 0.9425 0.6511627908653845 0.9325 0.6744186057692307 0.905 0.7043189375 0.9075 0.7142857139423077 0.9375 0.7142857139423077 0.95 0.664451826923077 0.9774999999999999 0.6378737548076923 0.9974999999999999 0.6312292355769231 0.995 0.43521594711538464 0.9725 0.3588039855769231 0.9624999999999999 0.3322259134615385 0.9725 0.38538206009615383 0.97 0.4186046514423077 0.95 0.5249169447115385 0.9450000000000001 0.5980066442307692
1349 0.97 0.6445182716346154 0.9525 0.6578073100961539 0.9450000000000001 0.6810631225961538 0.9325 0.7076411971153846 0.9075 0.7076411971153846 0.8925 0.7275747499999999 0.8825000000000001 0.7408637884615386 0.8775000000000001 0.7607973413461538 0.8674999999999999 0.7807308966346154 0.885 0.7740863798076922 0.89 0.7740863798076922 0.9075 0.7807308966346154 0.9175 0.7574750841346154 0.9349999999999999 0.7375415288461539 0.965 0.7342192692307693 0.9624999999999999 0.7475083052884616 0.9624999999999999 0.7641196009615385 0.9600000000000001 0.7873754158653846 0.9475 0.8239202668269231 0.9375 0.8471760793269231 0.9525 0.8338870432692308 0.98 0.8006644519230769 0.995 0.7774086370192308 0.9924999999999999 0.6279069759615384 0.97 0.6445182716346154
792 0.675 0.7475083052884616 0.675 0.6943521586538461 0.51 0.7142857139423077 0.485 0.6744186057692307 0.4825 0.5813953485576924 0.39 0.5813953485576924 0.3575 0.49501661057692303 0.3575 0.51162790625 0.36 0.51162790625 0.3775 0.7176079735576923 0.0025 0.7408637884615386 0.0025 0.9966777403846153 0.8575 0.9933554807692307 0.86 0.880398670673077 0.675 0.7475083052884616
1885 0.20249999999999999 0.4518272427884616 0.7325 0.43521594711538464 0.74 0.46843853846153843 0.7375 0.4850498341346154 0.9974999999999999 0.504983389423077 0.9974999999999999 0.41528239182692306 0.995 0.40199335576923073 0.7225 0.4119601322115385 0.20249999999999999 0.4219269110576923 0.20249999999999999 0.4518272427884616
1027 0.5575 0.09966777403846153 0.5475 0.08970099759615385 0.5375 0.09634551442307693 0.545 0.10299003365384615 0.5575 0.09966777403846153
1027 0.29250000000000004 0.08305647836538463 0.2825 0.0930232548076923 0.29250000000000004 0.09966777403846153 0.3025 0.0930232548076923 0.29250000000000004 0.08305647836538463
1027 0.28500000000000003 0.1495016610576923 0.275 0.15614618028846156 0.2825 0.1594684375 0.29250000000000004 0.1594684375 0.28500000000000003 0.1495016610576923
1027 0.4975 0.1495016610576923 0.48750000000000004 0.15614618028846156 0.4975 0.1627906971153846 0.505 0.15614618028846156 0.4975 0.1495016610576923
1027 0.84 0.10299003365384615 0.83 0.10963455048076923 0.8374999999999999 0.11295681009615384 0.845 0.10631229326923078 0.84 0.10299003365384615
1027 0 0.10315614663461538 0.0975 0.23920265865384616 0.12000000000000001 0.23920265865384616 0.0025 0.06312292307692308 0 0.0813953485576923 0 0.10315614663461538
1027 0.16 0.31893687740384613 0.17750000000000002 0.31561461778846156 0.13 0.2524916947115385 0.12000000000000001 0.25913621153846156 0.16 0.31893687740384613