1583 0.1 0.5891472860576923 0.1075 0.9922480625 0.8625 0.98837209375 0.86 0.6744186057692307 0.86 0.6162790697115385 0.855 0.6162790697115385 0.8500000000000001 0.5697674423076923 0.8425 0.5736434110576923 0.83 0.5620155048076924 0.8125 0.5697674423076923 0.8049999999999999 0.5968992259615384 0.7975 0.6007751947115385 0.795 0.6162790697115385 0.28500000000000003 0.5348837211538462 0.255 0.5813953485576924 0.2525 0.5968992259615384 0.2075 0.5852713173076923 0.20249999999999999 0.5155038750000001 0.195 0.5193798461538461 0.18 0.47286821634615384 0.1675 0.48837209375 0.1575 0.46511627884615386 0.14 0.47674418509615385 0.14 0.49612403125 0.1275 0.5 0.125 0.5271317836538462 0.115 0.5736434110576923 0.1 0.5891472860576923
1584 1 0.6317829447115385 0.9974999999999999 0.31782945673076923 0.8 0.2984496129807692 0.7975 0.3100775192307692 0.78 0.30620155048076925 0.78 0.36434108413461536 0.7525000000000001 0.36434108413461536 0.7525000000000001 0.2868217043269231 0.6375 0.27519379807692307 0.6275000000000001 0.2868217043269231 0.6224999999999999 0.34496124038461534 0.5475 0.33720930288461537 0.545 0.49612403125 0.5525 0.50387596875 0.545 0.5232558149038462 0.545 0.5697674423076923 0.7975 0.6085271322115384 0.8 0.5968992259615384 0.8075 0.5930232548076924 0.8099999999999999 0.5813953485576924 0.8125 0.5620155048076924 0.8200000000000001 0.5620155048076924 0.8325 0.5581395360576923 0.8425 0.5736434110576923 0.8500000000000001 0.5697674423076923 0.855 0.6124031009615385 0.8625 0.6124031009615385 0.8625 0.9379844951923076 1 0.9455980072115384 1 0.6317829447115385
1584 1 0.08500090384615386 0.895 0.07364341105769232 0.895 0.13178294471153845 0.8625 0.12790697596153847 0.8625 0.0658914735576923 0.855 0.05426356490384616 0.8524999999999999 0.023255814903846154 0.845 0.027131783653846157 0.84 0.011627906249999998 0.8275 0.015503875 0.825 0.027131783653846157 0.8225 0.03875968990384615 0.8175 0.04263565865384615 0.8075 0.07364341105769232 0.8049999999999999 0.09689922596153845 0.7925 0.30620155048076925 0.7975 0.30620155048076925 0.7975 0.2984496129807692 1 0.31759311538461543 1 0.08500090384615386
1662 1 0.9263565889423078 0.9924999999999999 0.9263565889423078 0.9924999999999999 0.8798449615384616 0.98 0.8798449615384616 0.9375 0.8449612403846154 0.8925 0.8372093028846154 0.87 0.8410852716346154 0.865 0.8488372091346155 0.8625 0.9922480625 0.9974999999999999 0.9922480625 1 0.9593023245192308 1 0.9263565889423078
856 0.4375 0.3410852716346154 0.40499999999999997 0.3217054254807692 0.35500000000000004 0.3100775192307692 0.3 0.30620155048076925 0.29250000000000004 0.30620155048076925 0.27749999999999997 0.30620155048076925 0.21 0.30620155048076925 0.16999999999999998 0.31782945673076923 0.185 0.3410852716346154 0.12000000000000001 0.39922480528846155 0.0475 0.39534883653846153 0.030000000000000002 0.44573643509615385 0.045 0.48062015384615386 0.07 0.49612403125 0.10250000000000001 0.49612403125 0.23 0.49612403125 0.3375 0.47286821634615384 0.44 0.35271317788461537 0.4375 0.3410852716346154
1291 0.1 0.2635658918269231 0.0875 0.2829457355769231 0.08 0.3255813942307692 0.06749999999999999 0.37984496153846153 0.07 0.3914728677884615 0.09 0.39534883653846153 0.125 0.39534883653846153 0.125 0.37984496153846153 0.13499999999999998 0.38372093028846155 0.155 0.38372093028846155 0.16 0.38372093028846155 0.1825 0.3720930240384615 0.1875 0.3759689927884615 0.19749999999999998 0.3720930240384615 0.20249999999999999 0.36434108413461536 0.2 0.3565891466346154 0.1925 0.35271317788461537 0.1825 0.33720930288461537 0.165 0.3139534879807692 0.145 0.2674418605769231 0.14250000000000002 0.2519379855769231 0.15 0.23255813942307693 0.1525 0.2170542644230769 0.1525 0.20542635576923077 0.14250000000000002 0.18992248076923077 0.125 0.17829457451923075 0.11249999999999999 0.20155038701923075 0.11 0.22093023317307692 0.11249999999999999 0.24031007692307693 0.1 0.2635658918269231
423 0.055 0.3100775192307692 0.0475 0.3217054254807692 0.04 0.3565891466346154 0.0375 0.3914728677884615 0.045 0.3914728677884615 0.065 0.3914728677884615 0.07 0.3914728677884615 0.08 0.3255813942307692 0.0775 0.30620155048076925 0.06749999999999999 0.30620155048076925 0.055 0.3100775192307692
1296 0.0825 0.19379844951923075 0.075 0.22093023317307692 0.075 0.2519379855769231 0.06749999999999999 0.27519379807692307 0.06749999999999999 0.29457364423076926 0.075 0.30232558173076923 0.08 0.31782945673076923 0.0875 0.2790697668269231 0.11249999999999999 0.24031007692307693 0.11 0.21317829567307692 0.115 0.18992248076923077 0.125 0.17829457451923075 0.1375 0.18604651201923075 0.145 0.18992248076923077 0.145 0.18217054326923077 0.13499999999999998 0.1550387596153846 0.13499999999999998 0.15116279086538462 0.14250000000000002 0.12403100721153847 0.14250000000000002 0.10077519471153845 0.13499999999999998 0.0813953485576923 0.12000000000000001 0.0697674423076923 0.105 0.0852713173076923 0.1 0.12403100721153847 0.105 0.14341085336538462 0.095 0.17441860576923077 0.0825 0.19379844951923075
423 0.2725 0.30620155048076925 0.35 0.3100775192307692 0.34750000000000003 0.2984496129807692 0.34249999999999997 0.2674418605769231 0.3275 0.24806201442307693 0.315 0.24418604567307692 0.3 0.24806201442307693 0.28500000000000003 0.25968992307692307 0.2725 0.2868217043269231 0.2725 0.30620155048076925
423 0.435 0.33720930288461537 0.4375 0.3217054254807692 0.435 0.30620155048076925 0.4325 0.2829457355769231 0.42500000000000004 0.2674418605769231 0.40499999999999997 0.25968992307692307 0.39 0.25968992307692307 0.3775 0.2635658918269231 0.3675 0.2829457355769231 0.36250000000000004 0.3100775192307692 0.365 0.3139534879807692 0.40249999999999997 0.31782945673076923 0.4275 0.32945736538461534 0.435 0.33720930288461537
423 0.48000000000000004 0.4224806201923077 0.485 0.4224806201923077 0.505 0.41472868269230767 0.5075000000000001 0.36046511538461534 0.51 0.3139534879807692 0.5075000000000001 0.29457364423076926 0.49 0.2829457355769231 0.48000000000000004 0.2829457355769231 0.46749999999999997 0.2984496129807692 0.4525 0.34883720913461536 0.45749999999999996 0.33720930288461537 0.47250000000000003 0.3217054254807692 0.48750000000000004 0.32945736538461534 0.48000000000000004 0.3914728677884615 0.48000000000000004 0.4224806201923077
423 0.4325 0.5193798461538461 0.4325 0.5503875961538461 0.4425 0.5465116274038462 0.44 0.5077519375 0.45749999999999996 0.49224806249999997 0.47250000000000003 0.47286821634615384 0.485 0.46124031009615385 0.4825 0.4418604639423077 0.4775 0.4341085264423077 0.48000000000000004 0.4069767451923077 0.48750000000000004 0.34883720913461536 0.48750000000000004 0.33333333413461536 0.48000000000000004 0.3255813942307692 0.455 0.34496124038461534 0.44999999999999996 0.36434108413461536 0.44 0.4031007740384615 0.44 0.4379844951923077 0.4375 0.46124031009615385 0.43 0.47674418509615385 0.43 0.50387596875 0.4325 0.5193798461538461
423 0.4125 0.3682170552884615 0.40249999999999997 0.39922480528846155 0.39499999999999996 0.4418604639423077 0.3975 0.48062015384615386 0.4125 0.48837209375 0.42 0.49612403125 0.42500000000000004 0.49224806249999997 0.43 0.48062015384615386 0.4375 0.45736434134615384 0.44 0.4069767451923077 0.44999999999999996 0.36434108413461536 0.4425 0.3565891466346154 0.42500000000000004 0.3565891466346154 0.4125 0.3682170552884615
423 0.3675 0.39922480528846155 0.35 0.43023255769230767 0.34500000000000003 0.47286821634615384 0.34500000000000003 0.50387596875 0.3375 0.5232558149038462 0.3375 0.5348837211538462 0.34249999999999997 0.5426356586538461 0.35500000000000004 0.5426356586538461 0.375 0.5426356586538461 0.39499999999999996 0.5426356586538461 0.40499999999999997 0.5387596899038462 0.40499999999999997 0.5193798461538461 0.40249999999999997 0.49612403125 0.3925 0.50387596875 0.39499999999999996 0.47286821634615384 0.4 0.4186046514423077 0.39499999999999996 0.3875968990384615 0.38 0.3875968990384615 0.3675 0.39922480528846155
423 0.26 0.4379844951923077 0.245 0.46124031009615385 0.24000000000000002 0.5 0.2375 0.5387596899038462 0.2425 0.5542635649038462 0.23 0.5542635649038462 0.2175 0.5542635649038462 0.2175 0.5697674423076923 0.2275 0.5852713173076923 0.2425 0.5891472860576923 0.2525 0.5891472860576923 0.2625 0.5620155048076924 0.2675 0.5542635649038462 0.2875 0.5348837211538462 0.315 0.5387596899038462 0.33 0.5348837211538462 0.33 0.47286821634615384 0.32499999999999996 0.4379844951923077 0.3125 0.42635658894230766 0.2825 0.43023255769230767 0.26 0.4379844951923077
423 0.0875 0.5193798461538461 0.075 0.5503875961538461 0.0625 0.5813953485576924 0.0625 0.6085271322115384 0.065 0.6279069759615384 0.06749999999999999 0.6356589158653846 0.075 0.6279069759615384 0.0825 0.6124031009615385 0.0925 0.5968992259615384 0.105 0.5775193798076923 0.11249999999999999 0.5736434110576923 0.1225 0.5232558149038462 0.115 0.5155038750000001 0.0975 0.5155038750000001 0.0875 0.5193798461538461
423 0.145 0.43023255769230767 0.11 0.42635658894230766 0.1 0.4341085264423077 0.0875 0.46511627884615386 0.09 0.5 0.09 0.51162790625 0.0975 0.51162790625 0.115 0.5155038750000001 0.1225 0.5193798461538461 0.1275 0.5 0.1375 0.49224806249999997 0.14250000000000002 0.47674418509615385 0.155 0.46511627884615386 0.165 0.484496125 0.17750000000000002 0.47286821634615384 0.17750000000000002 0.45736434134615384 0.16249999999999998 0.4341085264423077 0.145 0.43023255769230767
423 0.060000000000000005 0.4379844951923077 0.045 0.4186046514423077 0.025 0.4031007740384615 0.005 0.39922480528846155 0.0025 0.51162790625 0.0125 0.5387596899038462 0.015000000000000001 0.5658914735576923 0.030000000000000002 0.5813953485576924 0.0325 0.5930232548076924 0.055 0.5968992259615384 0.0575 0.5852713173076923 0.0725 0.5542635649038462 0.0825 0.5232558149038462 0.055 0.5348837211538462 0.06749999999999999 0.5232558149038462 0.06749999999999999 0.50387596875 0.06749999999999999 0.47286821634615384 0.060000000000000005 0.4379844951923077
857 0.05 0.5930232548076924 0.0275 0.5813953485576924 0.005 0.5736434110576923 0.0025 0.6550387596153846 0.0025 0.7015503870192308 0.015000000000000001 0.6666666658653846 0.02 0.6434108533653846 0.045 0.6317829447115385 0.0625 0.6201550384615384 0.0625 0.6162790697115385 0.05 0.5930232548076924
423 0.055 0.8333333341346154 0.0625 0.8217054254807692 0.1 0.8333333341346154 0.065 0.8100775192307693 0.0575 0.7906976754807692 0.075 0.7906976754807692 0.0975 0.7713178293269232 0.105 0.7596899230769231 0.1 0.5891472860576923 0.0825 0.6162790697115385 0.06749999999999999 0.6511627908653845 0.06749999999999999 0.6899224807692307 0.06749999999999999 0.717054264423077 0.065 0.717054264423077 0.060000000000000005 0.7635658918269231 0.0575 0.7868217043269231 0.055 0.8023255817307693 0.055 0.8333333341346154
423 0.01 0.8255813942307693 0.0275 0.8139534879807692 0.0375 0.7906976754807692 0.035 0.8914728677884616 0.0475 0.8837209302884615 0.0725 0.8914728677884616 0.08499999999999999 0.9186046514423077 0.095 0.9224806201923077 0.095 0.9069767451923076 0.0775 0.8759689927884615 0.042499999999999996 0.8527131778846153 0.04 0.8294573653846153 0.0525 0.8139534879807692 0.0575 0.7868217043269231 0.0575 0.7674418605769231 0.065 0.7131782956730769 0.06749999999999999 0.6395348846153847 0.0575 0.6279069759615384 0.0375 0.6356589158653846 0.015000000000000001 0.6511627908653845 0.005 0.6937984495192308 0.0025 0.8255813942307693 0.01 0.8255813942307693
856 0.40249999999999997 0.24418604567307692 0.475 0.25581395432692305 0.5549999999999999 0.2674418605769231 0.6675 0.24418604567307692 0.7274999999999999 0.18217054326923077 0.7375 0.14728682211538463 0.7175 0.12403100721153847 0.655 0.10852713221153845 0.5825 0.10465116346153845 0.5375 0.10852713221153845 0.5075000000000001 0.10852713221153845 0.5 0.12790697596153847 0.5549999999999999 0.14341085336538462 0.5175 0.18217054326923077 0.40750000000000003 0.17829457451923075 0.4 0.21317829567307692 0.40249999999999997 0.24418604567307692
423 0.6174999999999999 0.10852713221153845 0.615 0.0891472860576923 0.61 0.0658914735576923 0.5925 0.05426356490384616 0.5700000000000001 0.05426356490384616 0.5549999999999999 0.06201550480769231 0.5475 0.0852713173076923 0.545 0.10852713221153845 0.5825 0.10465116346153845 0.6075 0.10465116346153845 0.6174999999999999 0.10852713221153845
423 0.7025 0.11627906971153847 0.7 0.10852713221153845 0.7025 0.0852713173076923 0.6950000000000001 0.0697674423076923 0.6825 0.0581395360576923 0.6625000000000001 0.0581395360576923 0.645 0.0697674423076923 0.6325000000000001 0.09689922596153845 0.63 0.10077519471153845 0.7025 0.11627906971153847
423 0.7675 0.0852713173076923 0.7474999999999999 0.07364341105769232 0.7325 0.0930232548076923 0.7225 0.11627906971153847 0.7325 0.12403100721153847 0.735 0.13178294471153845 0.74 0.14341085336538462 0.755 0.14341085336538462 0.7625 0.12403100721153847 0.7725000000000001 0.10852713221153845 0.7775 0.10077519471153845 0.7675 0.0852713173076923
423 0.7525000000000001 0.24418604567307692 0.755 0.2519379855769231 0.7749999999999999 0.22868217067307692 0.7725000000000001 0.20542635576923077 0.7775 0.1627906971153846 0.78 0.13565891586538462 0.78 0.12403100721153847 0.7725000000000001 0.11627906971153847 0.76 0.13565891586538462 0.7575000000000001 0.14728682211538463 0.765 0.15116279086538462 0.7575000000000001 0.18604651201923075 0.7525000000000001 0.22480620192307693 0.7525000000000001 0.24418604567307692
423 0.7325 0.24806201442307693 0.7325 0.2829457355769231 0.7424999999999999 0.2790697668269231 0.755 0.27131782932692305 0.755 0.24806201442307693 0.755 0.20542635576923077 0.7625 0.1705426346153846 0.7625 0.15116279086538462 0.7525000000000001 0.14728682211538463 0.7325 0.1550387596153846 0.73 0.1627906971153846 0.74 0.17441860576923077 0.735 0.20155038701923075 0.7325 0.24806201442307693
423 0.74 0.17441860576923077 0.73 0.16666666586538462 0.7175 0.17441860576923077 0.7025 0.18992248076923077 0.6925 0.20930232451923075 0.6900000000000001 0.23255813942307693 0.6900000000000001 0.2635658918269231 0.6925 0.2790697668269231 0.73 0.2790697668269231 0.73 0.25581395432692305 0.735 0.20155038701923075 0.74 0.17441860576923077
423 0.5825 0.2790697668269231 0.5875 0.30620155048076925 0.56 0.30620155048076925 0.55 0.33720930288461537 0.6224999999999999 0.3410852716346154 0.6275000000000001 0.2868217043269231 0.64 0.27131782932692305 0.6625000000000001 0.27519379807692307 0.6625000000000001 0.22868217067307692 0.6575 0.20930232451923075 0.645 0.20155038701923075 0.625 0.20155038701923075 0.595 0.21317829567307692 0.5850000000000001 0.2519379855769231 0.5825 0.2790697668269231
423 0.5075000000000001 0.30620155048076925 0.505 0.3682170552884615 0.5175 0.3682170552884615 0.5325 0.36046511538461534 0.545 0.34883720913461536 0.55 0.32945736538461534 0.55 0.31782945673076923 0.5375 0.3100775192307692 0.5225000000000001 0.3100775192307692 0.53 0.2829457355769231 0.53 0.24806201442307693 0.5225000000000001 0.21317829567307692 0.5025 0.20155038701923075 0.475 0.19767441826923077 0.46 0.19767441826923077 0.4475 0.2170542644230769 0.445 0.2519379855769231 0.455 0.30232558173076923 0.46 0.3100775192307692 0.475 0.2868217043269231 0.49 0.2790697668269231 0.5075000000000001 0.29069767548076925 0.5075000000000001 0.30620155048076925
423 0.435 0.18992248076923077 0.4125 0.19379844951923075 0.3925 0.19379844951923075 0.38 0.22093023317307692 0.3775 0.24031007692307693 0.3775 0.2635658918269231 0.38749999999999996 0.25968992307692307 0.40249999999999997 0.25968992307692307 0.4325 0.2790697668269231 0.4375 0.3100775192307692 0.44 0.32945736538461534 0.4525 0.33720930288461537 0.455 0.3100775192307692 0.44999999999999996 0.2829457355769231 0.44999999999999996 0.2170542644230769 0.44999999999999996 0.20155038701923075 0.435 0.18992248076923077
1291 0.44999999999999996 0 0.4425 0.023255814903846154 0.4425 0.04263565865384615 0.435 0.0581395360576923 0.42500000000000004 0.0775193798076923 0.4125 0.11240310096153847 0.40499999999999997 0.15891472836538462 0.40750000000000003 0.17441860576923077 0.4625 0.17829457451923075 0.46499999999999997 0.1705426346153846 0.4825 0.1705426346153846 0.505 0.1705426346153846 0.51 0.1627906971153846 0.525 0.15891472836538462 0.5325 0.1550387596153846 0.5375 0.14728682211538463 0.5275 0.13565891586538462 0.515 0.13565891586538462 0.5 0.12790697596153847 0.4825 0.11627906971153847 0.475 0.0891472860576923 0.46499999999999997 0.0658914735576923 0.47250000000000003 0.06201550480769231 0.47250000000000003 0.05426356490384616 0.475 0.04651162740384615 0.4775 0.03488372115384615 0.475 0.023255814903846154 0.475 0.0077519375 0.47000000000000003 0 0.44999999999999996 0
423 0.39 0.12015503846153847 0.38749999999999996 0.14728682211538463 0.38749999999999996 0.1705426346153846 0.375 0.19767441826923077 0.38 0.20930232451923075 0.3925 0.19379844951923075 0.40499999999999997 0.19379844951923075 0.40750000000000003 0.17441860576923077 0.40499999999999997 0.14728682211538463 0.4125 0.10465116346153845 0.40249999999999997 0.10852713221153845 0.39 0.12015503846153847
792 0.005 0 0.005 0.9922480625 0.1075 0.9922480625 0.1 0.6550387596153846 0.20500000000000002 0.5813953485576924 0.2475 0.5891472860576923 0.2875 0.5348837211538462 0.55 0.5697674423076923 0.5475 0.5193798461538461 0.5525 0.50387596875 0.545 0.49612403125 0.5475 0.33720930288461537 0.6125 0.34496124038461534 0.7775 0.3682170552884615 0.7825 0.3100775192307692 0.7925 0.30620155048076925 0.8 0.14341085336538462 0.8925 0.13178294471153845 0.8925 0.07364341105769232 0.9974999999999999 0.0813953485576923 1 0.03875968990384615 1 0 0.005 0
1286 0.08375 0 0.0825 0.00387596875 0.0825 0.03875968990384615 0.0825 0.0775193798076923 0.08499999999999999 0.12015503846153847 0.08499999999999999 0.1627906971153846 0.0825 0.18604651201923075 0.0925 0.17441860576923077 0.10250000000000001 0.15116279086538462 0.10250000000000001 0.12790697596153847 0.10250000000000001 0.0852713173076923 0.115 0.07364341105769232 0.1275 0.0697674423076923 0.14 0.0813953485576923 0.145 0.10852713221153845 0.1475 0.0852713173076923 0.1525 0.03488372115384615 0.1475 0.015503875 0.145 0 0.08375 0
1702 0.20249999999999999 0 0.22 0.05038759615384615 0.23 0.0658914735576923 0.23249999999999998 0.0852713173076923 0.24000000000000002 0.10852713221153845 0.2525 0.11627906971153847 0.2525 0.14341085336538462 0.215 0.17441860576923077 0.215 0.18992248076923077 0.22499999999999998 0.18992248076923077 0.22499999999999998 0.17829457451923075 0.255 0.1550387596153846 0.2625 0.18217054326923077 0.2625 0.1627906971153846 0.275 0.17829457451923075 0.2725 0.18217054326923077 0.2825 0.19379844951923075 0.2825 0.17441860576923077 0.27749999999999997 0.1627906971153846 0.2975 0.16666666586538462 0.3 0.18217054326923077 0.305 0.18604651201923075 0.3075 0.1705426346153846 0.3025 0.1550387596153846 0.28 0.14341085336538462 0.2625 0.14341085336538462 0.2625 0.10852713221153845 0.26999999999999996 0.10852713221153845 0.29250000000000004 0.0891472860576923 0.3025 0.0775193798076923 0.29250000000000004 0.05426356490384616 0.2675 0.04651162740384615 0.2475 0.04651162740384615 0.24519230769230768 0 0.20249999999999999 0
857 0.6950000000000001 0 0.675 0.0077519375 0.675 0.03488372115384615 0.88 0.0697674423076923 0.9125000000000001 0.05426356490384616 0.9450000000000001 0 0.6950000000000001 0