402 0.005 0 0.005 0.4053156153846154 0.33999999999999997 0.41528239182692306 1 0.42852128125 1 0 0.005 0
1582 1 0.5314220673076924 0.645 0.51162790625 0.6375 0.51162790625 0.625 0.7176079735576923 1 0.7440100336538461 1 0.5314220673076924
1662 1 0.6141433317307692 0.985 0.6312292355769231 0.98 0.6511627908653845 0.98 0.6777408629807693 0.97 0.6843853822115384 0.9725 0.6976744182692307 0.985 0.7076411971153846 0.99 0.7209302331730769 0.985 0.7408637884615386 0.9675 0.7408637884615386 0.9675 0.7475083052884616 0.9750000000000001 0.7607973413461538 0.9875 0.7641196009615385 1 0.7668881490384615 1 0.7475083052884616 0.9924999999999999 0.7475083052884616 0.9924999999999999 0.7009966778846154 0.9974999999999999 0.7043189375 1 0.6578073100961539 1 0.6141433317307692
1661 0.925 0.7441860456730769 0.9149999999999999 0.7408637884615386 0.9149999999999999 0.7176079735576923 0.92 0.6943521586538461 0.9425 0.6910299014423077 0.9450000000000001 0.6378737548076923 0.9325 0.6212624591346153 0.9149999999999999 0.6179401995192308 0.9025 0.6212624591346153 0.895 0.6411960144230769 0.8925 0.6744186057692307 0.8875 0.6744186057692307 0.8875 0.6976744182692307 0.905 0.7009966778846154 0.905 0.7475083052884616 0.89 0.7475083052884616 0.8875 0.7574750841346154 0.905 0.7607973413461538 0.92 0.7607973413461538 0.9325 0.7475083052884616 0.925 0.7441860456730769
1661 0.84 0.7375415288461539 0.8325 0.7375415288461539 0.83 0.7142857139423077 0.8325 0.6943521586538461 0.8524999999999999 0.6943521586538461 0.8500000000000001 0.6710963461538462 0.855 0.6578073100961539 0.86 0.6312292355769231 0.8500000000000001 0.6146179399038462 0.83 0.6112956802884615 0.8175 0.6146179399038462 0.8099999999999999 0.6279069759615384 0.8075 0.6677740865384615 0.8025 0.6677740865384615 0.8049999999999999 0.6877076418269231 0.8150000000000001 0.6976744182692307 0.8225 0.6976744182692307 0.8200000000000001 0.7408637884615386 0.8099999999999999 0.7408637884615386 0.8125 0.7541528245192308 0.8225 0.7574750841346154 0.84 0.7574750841346154 0.8524999999999999 0.7508305649038461 0.8524999999999999 0.7408637884615386 0.84 0.7375415288461539
1661 0.7575000000000001 0.7475083052884616 0.75 0.7408637884615386 0.7474999999999999 0.7142857139423077 0.7474999999999999 0.6877076418269231 0.77 0.6877076418269231 0.7675 0.664451826923077 0.7625 0.664451826923077 0.77 0.6378737548076923 0.7625 0.6146179399038462 0.75 0.6046511634615385 0.7375 0.6046511634615385 0.7225 0.6146179399038462 0.72 0.6345514951923078 0.7225 0.664451826923077 0.72 0.6677740865384615 0.7175 0.6843853822115384 0.735 0.6910299014423077 0.7375 0.7408637884615386 0.7274999999999999 0.7408637884615386 0.7250000000000001 0.7541528245192308 0.7325 0.7607973413461538 0.75 0.7607973413461538 0.76 0.7541528245192308 0.7575000000000001 0.7475083052884616
1661 0.6725 0.7342192692307693 0.6649999999999999 0.7308970096153846 0.6649999999999999 0.7009966778846154 0.6675 0.6810631225961538 0.6849999999999999 0.6810631225961538 0.6900000000000001 0.6578073100961539 0.6825 0.6578073100961539 0.6849999999999999 0.62458471875 0.675 0.6046511634615385 0.6649999999999999 0.5980066442307692 0.6499999999999999 0.5980066442307692 0.645 0.6046511634615385 0.635 0.6212624591346153 0.635 0.6411960144230769 0.6425 0.6578073100961539 0.6375 0.6611295673076923 0.6375 0.6810631225961538 0.655 0.6810631225961538 0.655 0.7308970096153846 0.6425 0.7342192692307693 0.6425 0.7441860456730769 0.66 0.7475083052884616 0.6725 0.7475083052884616 0.6825 0.7441860456730769 0.6825 0.7375415288461539 0.6725 0.7342192692307693
1584 1 0.42519470673076926 0.8500000000000001 0.4219269110576923 0.8524999999999999 0.45514950240384616 0.84 0.4584717596153846 0.6849999999999999 0.4485049831730769 0.6825 0.4750830552884615 0.6775 0.4784053149038462 0.6775 0.49169435096153846 0.645 0.48837209375 0.645 0.51162790625 1 0.5281230408653846 1 0.42519470673076926
1494 0.7975 0.4518272427884616 0.8475 0.4518272427884616 0.8475 0.40199335576923073 0.7975 0.40199335576923073 0.7975 0.4518272427884616
1584 0.505 0.4784053149038462 0.5075000000000001 0.5747508317307692 0.6075 0.5847176081730769 0.63 0.51162790625 0.6425 0.48837209375 0.6775 0.48837209375 0.6775 0.4784053149038462 0.6799999999999999 0.4750830552884615 0.6799999999999999 0.4518272427884616 0.6649999999999999 0.4518272427884616 0.6024999999999999 0.4485049831730769 0.2675 0.4385382067307692 0.2625 0.47176079807692306 0.29250000000000004 0.4750830552884615 0.3075 0.4584717596153846 0.3075 0.4418604639423077 0.46749999999999997 0.4485049831730769 0.46749999999999997 0.4750830552884615 0.48750000000000004 0.46843853846153843 0.505 0.4784053149038462
1289 0.565 0.5149501658653846 0.565 0.5614617932692307 0.5825 0.5681063125 0.575 0.5980066442307692 0.5825 0.6013289038461539 0.595 0.5980066442307692 0.5875 0.5946843846153846 0.59 0.5813953485576924 0.5975 0.5614617932692307 0.5875 0.5548172764423077 0.595 0.5481727572115385 0.5925 0.5315614615384615 0.5850000000000001 0.5215946850961538 0.58 0.5083056490384615 0.5850000000000001 0.5016611298076923 0.5775 0.49501661057692303 0.5725 0.49501661057692303 0.5725 0.504983389423077 0.5675 0.504983389423077 0.565 0.5149501658653846
1294 0.5525 0.6578073100961539 0.5525 0.6312292355769231 0.5575 0.5980066442307692 0.5625 0.5647840528846154 0.5625 0.5348837211538462 0.565 0.51162790625 0.56 0.504983389423077 0.5475 0.49833887019230766 0.5525 0.48837209375 0.5525 0.4784053149038462 0.5425 0.4750830552884615 0.5325 0.4750830552884615 0.5325 0.48172757451923076 0.5325 0.49833887019230766 0.525 0.5149501658653846 0.5075000000000001 0.5415282403846153 0.5025 0.5514950168269231 0.505 0.5581395360576923 0.5125 0.5548172764423077 0.5175 0.5481727572115385 0.52 0.5880398677884615 0.5225000000000001 0.607973423076923 0.5225000000000001 0.6445182716346154 0.53 0.6710963461538462 0.5225000000000001 0.6744186057692307 0.5225000000000001 0.6810631225961538 0.535 0.6843853822115384 0.535 0.6744186057692307 0.535 0.6411960144230769 0.5399999999999999 0.607973423076923 0.545 0.6279069759615384 0.5399999999999999 0.6710963461538462 0.5399999999999999 0.6810631225961538 0.5475 0.6810631225961538 0.5525 0.6710963461538462 0.5525 0.6578073100961539
1582 0.32499999999999996 0.6212624591346153 0.32499999999999996 0.6943521586538461 0.49 0.7142857139423077 0.515 0.6777408629807693 0.5175 0.5514950168269231 0.51 0.5614617932692307 0.505 0.4784053149038462 0.485 0.46843853846153843 0.47000000000000003 0.4750830552884615 0.46749999999999997 0.4485049831730769 0.3075 0.4418604639423077 0.305 0.46179401923076924 0.295 0.4750830552884615 0.29250000000000004 0.5514950168269231 0.3075 0.5581395360576923 0.3225 0.6112956802884615 0.32499999999999996 0.6212624591346153
1294 0.39499999999999996 0.6777408629807693 0.4 0.6478405312500001 0.4 0.5946843846153846 0.40750000000000003 0.5813953485576924 0.40249999999999997 0.5581395360576923 0.4 0.5415282403846153 0.385 0.5348837211538462 0.385 0.5249169447115385 0.385 0.5083056490384615 0.38 0.49833887019230766 0.365 0.49833887019230766 0.36 0.5016611298076923 0.36 0.51162790625 0.365 0.5282392019230769 0.36 0.5481727572115385 0.36 0.5614617932692307 0.35500000000000004 0.5847176081730769 0.3525 0.6179401995192308 0.365 0.6411960144230769 0.3775 0.7142857139423077 0.365 0.7209302331730769 0.3675 0.7308970096153846 0.3775 0.7342192692307693 0.39 0.7242524927884616 0.39 0.7043189375 0.39499999999999996 0.6777408629807693
1661 0.455 0.7176079735576923 0.4475 0.7142857139423077 0.445 0.6877076418269231 0.445 0.6611295673076923 0.455 0.6611295673076923 0.46499999999999997 0.6445182716346154 0.45749999999999996 0.6411960144230769 0.4525 0.6146179399038462 0.4475 0.5913621274038461 0.43 0.5880398677884615 0.415 0.5913621274038461 0.41000000000000003 0.6046511634615385 0.41000000000000003 0.6378737548076923 0.41000000000000003 0.6578073100961539 0.4225 0.664451826923077 0.435 0.664451826923077 0.4325 0.7142857139423077 0.42500000000000004 0.7176079735576923 0.42500000000000004 0.7275747499999999 0.4375 0.7308970096153846 0.44999999999999996 0.7308970096153846 0.46 0.7242524927884616 0.455 0.7176079735576923
1582 0.29250000000000004 0.5514950168269231 0.29 0.4784053149038462 0.245 0.47176079807692306 0.23 0.45514950240384616 0.21 0.46179401923076924 0.20249999999999999 0.47176079807692306 0.1925 0.45514950240384616 0.17250000000000001 0.45514950240384616 0.1675 0.46511627884615386 0.155 0.4584717596153846 0.14 0.45514950240384616 0.1325 0.46511627884615386 0.1325 0.48172757451923076 0.095 0.49169435096153846 0.095 0.46843853846153843 0.0875 0.4518272427884616 0.06749999999999999 0.46511627884615386 0.0525 0.46511627884615386 0.04 0.46843853846153843 0.0175 0.47176079807692306 0.0375 0.7807308966346154 0.16249999999999998 0.8039867115384615 0.16249999999999998 0.8205980072115384 0.145 0.8372093028846154 0.145 0.8837209302884615 0.3225 0.7508305649038461 0.32499999999999996 0.62458471875 0.31 0.5548172764423077 0.29250000000000004 0.5514950168269231
1291 0.26999999999999996 0.6910299014423077 0.28500000000000003 0.6810631225961538 0.2825 0.6611295673076923 0.2625 0.6345514951923078 0.255 0.6279069759615384 0.2675 0.6146179399038462 0.2675 0.5946843846153846 0.2625 0.5813953485576924 0.2475 0.5747508317307692 0.2375 0.5747508317307692 0.23 0.5946843846153846 0.22499999999999998 0.6046511634615385 0.2275 0.6146179399038462 0.2275 0.6345514951923078 0.22499999999999998 0.6411960144230769 0.2075 0.6511627908653845 0.18 0.6677740865384615 0.1525 0.6677740865384615 0.13499999999999998 0.664451826923077 0.1225 0.6544850504807692 0.115 0.6578073100961539 0.115 0.664451826923077 0.125 0.6777408629807693 0.145 0.6877076418269231 0.165 0.6910299014423077 0.1825 0.6910299014423077 0.21 0.6877076418269231 0.1925 0.7109634543269231 0.17750000000000002 0.7308970096153846 0.16 0.7375415288461539 0.165 0.7906976754807692 0.175 0.8006644519230769 0.21250000000000002 0.7873754158653846 0.2475 0.7873754158653846 0.25 0.7807308966346154 0.25 0.7375415288461539 0.255 0.7109634543269231 0.26999999999999996 0.6910299014423077
1661 0.29 0.857142858173077 0.2825 0.8471760793269231 0.28 0.8205980072115384 0.28 0.7807308966346154 0.28500000000000003 0.7807308966346154 0.29250000000000004 0.6810631225961538 0.28 0.6810631225961538 0.265 0.6976744182692307 0.255 0.7176079735576923 0.2525 0.7641196009615385 0.25 0.7807308966346154 0.22499999999999998 0.7873754158653846 0.22499999999999998 0.8106312283653847 0.245 0.8139534879807692 0.265 0.8139534879807692 0.2675 0.863787375 0.255 0.863787375 0.2575 0.8770764110576923 0.275 0.880398670673077 0.2975 0.8704318942307693 0.2975 0.857142858173077 0.29 0.857142858173077
1661 0.25 0.9003322259615385 0.23249999999999998 0.8970099663461538 0.2275 0.8737541538461537 0.23249999999999998 0.8172757475961538 0.22499999999999998 0.8106312283653847 0.22499999999999998 0.7774086370192308 0.23 0.7043189375 0.215 0.7043189375 0.19749999999999998 0.7242524927884616 0.1875 0.7607973413461538 0.185 0.7940199326923078 0.1875 0.8172757475961538 0.175 0.8239202668269231 0.17250000000000001 0.8438538197115384 0.18 0.8538205985576923 0.215 0.857142858173077 0.215 0.9069767451923076 0.20249999999999999 0.9069767451923076 0.20500000000000002 0.9169435216346155 0.22 0.9169435216346155 0.23500000000000001 0.9169435216346155 0.25 0.9069767451923076 0.25 0.9003322259615385
853 0.16249999999999998 0.8039867115384615 0.04 0.7774086370192308 0.005 0.7707641201923077 0.005 0.9933554807692307 0.14250000000000002 0.9933554807692307 0.1375 0.8737541538461537 0.14250000000000002 0.8737541538461537 0.145 0.8338870432692308 0.16249999999999998 0.8172757475961538 0.16249999999999998 0.8039867115384615
787 0.05 0.5249169447115385 0.030000000000000002 0.4186046514423077 0.0275 0.38538206009615383 0.0375 0.3322259134615385 0.0275 0.3588039855769231 0.005 0.43521594711538464 0.0025 0.6312292355769231 0.0225 0.6378737548076923 0.05 0.664451826923077 0.0625 0.7142857139423077 0.0925 0.7142857139423077 0.095 0.7043189375 0.06749999999999999 0.6744186057692307 0.0575 0.6511627908653845 0.055 0.5980066442307692 0.05 0.5249169447115385
1349 0.007500000000000001 0.6279069759615384 0.005 0.7774086370192308 0.02 0.8006644519230769 0.0475 0.8338870432692308 0.0625 0.8471760793269231 0.0525 0.8239202668269231 0.04 0.7873754158653846 0.0375 0.7641196009615385 0.0375 0.7475083052884616 0.035 0.7342192692307693 0.065 0.7375415288461539 0.0825 0.7574750841346154 0.0925 0.7807308966346154 0.11 0.7740863798076922 0.115 0.7740863798076922 0.1325 0.7807308966346154 0.1225 0.7607973413461538 0.11750000000000001 0.7408637884615386 0.1075 0.7275747499999999 0.0925 0.7076411971153846 0.06749999999999999 0.7076411971153846 0.055 0.6810631225961538 0.0475 0.6578073100961539 0.030000000000000002 0.6445182716346154 0.007500000000000001 0.6279069759615384
792 0.14 0.880398670673077 0.14250000000000002 0.9933554807692307 0.9974999999999999 0.9966777403846153 0.9974999999999999 0.7408637884615386 0.6224999999999999 0.7176079735576923 0.64 0.51162790625 0.6425 0.51162790625 0.6425 0.49501661057692303 0.61 0.5813953485576924 0.5175 0.5813953485576924 0.515 0.6744186057692307 0.49 0.7142857139423077 0.32499999999999996 0.6943521586538461 0.32499999999999996 0.7475083052884616 0.14 0.880398670673077
1885 0.7975 0.4219269110576923 0.27749999999999997 0.4119601322115385 0.005 0.40199335576923073 0.0025 0.41528239182692306 0.0025 0.504983389423077 0.2625 0.4850498341346154 0.26 0.46843853846153843 0.2675 0.43521594711538464 0.7975 0.4518272427884616 0.7975 0.4219269110576923
1027 0.455 0.10299003365384615 0.4625 0.09634551442307693 0.4525 0.08970099759615385 0.4425 0.09966777403846153 0.455 0.10299003365384615
1027 0.6975 0.0930232548076923 0.7075 0.09966777403846153 0.7175 0.0930232548076923 0.7075 0.08305647836538463 0.6975 0.0930232548076923
1027 0.7075 0.1594684375 0.7175 0.1594684375 0.7250000000000001 0.15614618028846156 0.715 0.1495016610576923 0.7075 0.1594684375
1027 0.495 0.15614618028846156 0.5025 0.1627906971153846 0.5125 0.15614618028846156 0.5025 0.1495016610576923 0.495 0.15614618028846156
1027 0.155 0.10631229326923078 0.16249999999999998 0.11295681009615384 0.16999999999999998 0.10963455048076923 0.16 0.10299003365384615 0.155 0.10631229326923078
1027 1 0.0813953485576923 0.9974999999999999 0.06312292307692308 0.88 0.23920265865384616 0.9025 0.23920265865384616 1 0.10315614663461538 1 0.0813953485576923
1027 0.88 0.25913621153846156 0.87 0.2524916947115385 0.8225 0.31561461778846156 0.84 0.31893687740384613 0.88 0.25913621153846156