402 0.006875 0 0.005 0.01 0.455 0.060000000000000005 0.40750000000000003 0.08 0.35500000000000004 0.09333333413461539 0.33 0.09666666586538461 0.295 0.10333333413461537 0.2475 0.13 0.19749999999999998 0.13666666586538462 0.14 0.16 0.005 0.19666666586538462 0.005 0.3066666658653846 0.475 0.3166666658653846 0.9974999999999999 0.2533333341346154 0.9974999999999999 0 0.006875 0
1422 0.445 0.056666665865384616 0.15 0.026666665865384614 0.16249999999999998 0.04666666586538462 0.165 0.08 0.16249999999999998 0.1266666658653846 0.13499999999999998 0.1333333341346154 0.1325 0.16 0.17250000000000001 0.14 0.20500000000000002 0.13666666586538462 0.2575 0.12000000000000001 0.2975 0.1 0.3525 0.09 0.43 0.06666666586538461 0.445 0.056666665865384616
1027 0.16249999999999998 0.04333333413461538 0.1475 0.026666665865384614 0.007500000000000001 0.006666665865384615 0.005 0.04333333413461538 0.005 0.19 0.025 0.19333333413461537 0.0325 0.2033333341346154 0.045 0.2066666658653846 0.042499999999999996 0.23 0.0625 0.23666666586538462 0.0725 0.22333333413461537 0.0775 0.21 0.0825 0.2066666658653846 0.1 0.19333333413461537 0.1 0.18 0.12000000000000001 0.17333333413461538 0.11750000000000001 0.16999999999999998 0.1325 0.1533333341346154 0.13499999999999998 0.13 0.16 0.1266666658653846 0.16249999999999998 0.11333333413461538 0.165 0.06333333413461538 0.16249999999999998 0.04333333413461538
1494 0.8999999999999999 0.2866666658653846 0.8999999999999999 0.35333333413461543 0.98 0.34666666586538464 0.98 0.2866666658653846 0.8999999999999999 0.2866666658653846
1708 1 0.6783333341346154 0.9974999999999999 0.6466666658653846 0.9349999999999999 0.64 0.8049999999999999 0.6233333341346154 0.76 0.62 0.6725 0.6266666658653846 0.61 0.6333333341346153 0.5875 0.6466666658653846 0.905 0.7133333341346154 1 0.7100854711538461 1 0.6783333341346154
423 0.645 0.6066666658653846 0.64 0.6 0.6224999999999999 0.5933333341346153 0.61 0.6066666658653846 0.61 0.63 0.66 0.6233333341346154 0.655 0.61 0.645 0.6066666658653846
423 0.5375 0.6533333341346155 0.5399999999999999 0.6766666658653846 0.5475 0.7433333341346154 0.56 0.7666666658653847 0.5625 0.7899999999999999 0.545 0.8733333341346154 0.5525 0.8766666658653846 0.5700000000000001 0.78 0.575 0.7833333341346154 0.5575 0.91 0.565 0.91 0.59 0.7866666658653846 0.605 0.7866666658653846 0.615 0.77 0.605 0.6866666658653846 0.5925 0.6666666658653846 0.5875 0.6533333341346155 0.5825 0.64 0.5725 0.6333333341346153 0.5575 0.63 0.545 0.63 0.5375 0.6366666658653847 0.5375 0.6533333341346155
423 0.6849999999999999 0.9166666658653846 0.7025 0.91 0.705 0.7933333341346154 0.6975 0.7366666658653845 0.6825 0.7066666658653846 0.675 0.6833333341346154 0.6625000000000001 0.6666666658653846 0.645 0.6533333341346155 0.625 0.6533333341346155 0.61 0.6566666658653847 0.605 0.6633333341346154 0.605 0.6900000000000001 0.61 0.7733333341346154 0.615 0.8033333341346154 0.6325000000000001 0.8066666658653846 0.6275000000000001 0.8500000000000001 0.6174999999999999 0.9466666658653846 0.6224999999999999 0.95 0.63 0.9066666658653847 0.6775 0.9133333341346154 0.675 0.9833333341346153 0.6825 0.98 0.6849999999999999 0.9166666658653846
423 0.7825 0.8033333341346154 0.78 0.7633333341346155 0.78 0.73 0.7725000000000001 0.7066666658653846 0.765 0.6900000000000001 0.7575000000000001 0.6799999999999999 0.7424999999999999 0.67 0.735 0.6566666658653847 0.7225 0.6533333341346155 0.705 0.6533333341346155 0.6975 0.66 0.6975 0.6966666658653846 0.7 0.73 0.7100000000000001 0.8066666658653846 0.7175 0.8233333341346154 0.7100000000000001 0.9833333341346153 0.7225 0.9833333341346153 0.7274999999999999 0.9400000000000001 0.7675 0.95 0.7725000000000001 0.9933333341346154 0.7899999999999999 0.99 0.7899999999999999 0.9299999999999999 0.7875000000000001 0.8533333341346154 0.7825 0.8033333341346154
423 0.8975000000000001 0.8666666658653847 0.8975000000000001 0.8233333341346154 0.8999999999999999 0.76 0.885 0.7433333341346154 0.87 0.7100000000000001 0.86 0.6966666658653846 0.8500000000000001 0.6833333341346154 0.8225 0.6733333341346154 0.8049999999999999 0.6733333341346154 0.785 0.6766666658653846 0.78 0.6966666658653846 0.78 0.7466666658653847 0.7875000000000001 0.8333333341346154 0.7899999999999999 0.8533333341346154 0.795 0.9366666658653846 0.795 0.9933333341346154 0.895 0.99 0.8925 0.92 0.8975000000000001 0.8666666658653847
419 1 0.716 0.99 0.7133333341346154 0.9725 0.6966666658653846 0.9425 0.6933333341346154 0.9175 0.6933333341346154 0.9075 0.7 0.9025 0.7266666658653846 0.8999999999999999 0.75 0.8999999999999999 0.8766666658653846 0.895 0.9433333341346154 0.895 0.9966666658653847 0.9974999999999999 0.9966666658653847 1 0.865 1 0.716
858 0.2075 0.78 0.34750000000000003 0.8200000000000001 0.5225000000000001 0.7933333341346154 0.525 0.6333333341346153 0.53 0.5666666658653846 0.42500000000000004 0.5566666658653846 0.38749999999999996 0.56 0.3775 0.5700000000000001 0.3375 0.5666666658653846 0.28500000000000003 0.5733333341346154 0.23500000000000001 0.5733333341346154 0.2075 0.5733333341346154 0.20249999999999999 0.5866666658653846 0.2075 0.78
417 0.3525 0.7166666658653846 0.36250000000000004 0.7066666658653846 0.3575 0.6900000000000001 0.34249999999999997 0.66 0.33249999999999996 0.6366666658653847 0.32 0.6166666658653847 0.31 0.6066666658653846 0.29250000000000004 0.59 0.28 0.5966666658653846 0.275 0.61 0.27749999999999997 0.66 0.2875 0.6933333341346154 0.29250000000000004 0.7066666658653846 0.295 0.7899999999999999 0.2975 0.8200000000000001 0.31 0.8166666658653846 0.3075 0.7866666658653846 0.3275 0.7866666658653846 0.32499999999999996 0.8233333341346154 0.3375 0.8200000000000001 0.335 0.7933333341346154 0.34750000000000003 0.7899999999999999 0.35 0.7566666658653846 0.3525 0.7166666658653846
423 0.275 0.6233333341346154 0.275 0.6033333341346154 0.2575 0.5866666658653846 0.245 0.5866666658653846 0.245 0.6066666658653846 0.2475 0.6433333341346154 0.255 0.6866666658653846 0.2575 0.6966666658653846 0.26 0.7133333341346154 0.2575 0.7899999999999999 0.29 0.7966666658653847 0.29250000000000004 0.7100000000000001 0.2825 0.6799999999999999 0.275 0.6566666658653847 0.275 0.6233333341346154
423 0.2525 0.6466666658653846 0.245 0.6233333341346154 0.2275 0.5933333341346153 0.2175 0.5866666658653846 0.2 0.58 0.19749999999999998 0.6066666658653846 0.20249999999999999 0.6466666658653846 0.2075 0.6766666658653846 0.2225 0.6933333341346154 0.22499999999999998 0.73 0.22 0.78 0.23 0.7833333341346154 0.23500000000000001 0.7566666658653846 0.2525 0.7633333341346155 0.2525 0.7899999999999999 0.2575 0.7899999999999999 0.2575 0.6966666658653846 0.2525 0.6466666658653846
1298 0.095 0.6433333341346154 0.095 0.6166666658653847 0.0975 0.5566666658653846 0.09 0.5066666658653847 0.0875 0.48000000000000004 0.0725 0.46 0.0575 0.4566666658653846 0.0575 0.4433333341346154 0.0575 0.4233333341346154 0.045 0.40333333413461536 0.035 0.40333333413461536 0.0275 0.41000000000000003 0.025 0.4333333341346154 0.030000000000000002 0.4566666658653846 0.0175 0.4666666658653846 0.005 0.6 0.007500000000000001 0.64 0.007500000000000001 0.6966666658653846 0.005 0.7366666658653845 0.0125 0.7466666658653847 0.0125 0.7966666658653847 0.005 0.8266666658653846 0.0225 0.83 0.0225 0.7966666658653847 0.0325 0.74 0.04 0.7233333341346154 0.045 0.7333333341346153 0.05 0.8033333341346154 0.045 0.83 0.060000000000000005 0.84 0.0775 0.8333333341346154 0.08 0.8200000000000001 0.06749999999999999 0.8 0.06749999999999999 0.7633333341346155 0.075 0.7133333341346154 0.095 0.6433333341346154
1027 0.29 0.2633333341346154 0.3075 0.2633333341346154 0.3075 0.23666666586538462 0.20249999999999999 0.24000000000000002 0.19749999999999998 0.2633333341346154 0.215 0.2566666658653846 0.21250000000000002 0.2866666658653846 0.23 0.2866666658653846 0.2275 0.3 0.2375 0.3 0.2375 0.3066666658653846 0.2425 0.3033333341346154 0.2425 0.32 0.2575 0.32 0.26 0.3033333341346154 0.2675 0.3033333341346154 0.2675 0.2933333341346154 0.27749999999999997 0.2933333341346154 0.27749999999999997 0.2866666658653846 0.2875 0.2866666658653846 0.29 0.2633333341346154
1027 0.0775 0.3033333341346154 0.09 0.3033333341346154 0.09 0.2866666658653846 0.007500000000000001 0.2866666658653846 0.007500000000000001 0.3066666658653846 0.0175 0.3066666658653846 0.0175 0.3166666658653846 0.030000000000000002 0.32 0.030000000000000002 0.33 0.0375 0.33333333413461536 0.0375 0.33666666586538463 0.045 0.33666666586538463 0.045 0.34666666586538464 0.055 0.34666666586538464 0.0575 0.33666666586538463 0.0625 0.33666666586538463 0.0625 0.3266666658653846 0.06749999999999999 0.3266666658653846 0.06749999999999999 0.3166666658653846 0.0775 0.3166666658653846 0.0775 0.3033333341346154