1839 0.7887500000000001 0.385 0.6950000000000001 0.3866666658653846 0.6950000000000001 0.48000000000000004 0.7675 0.4916666658653846 0.78125 0.4883333341346154 0.7887500000000001 0.385
1708 0.6812499999999999 0.5466666658653846 0.6950000000000001 0.5466666658653846 0.6950000000000001 0.5116666658653846 0.7825 0.5133333341346155 0.785 0.5683333341346154 0.7925 0.5700000000000001 0.8225 0.5549999999999999 0.8187500000000001 0.485 0.79375 0.49 0.6937500000000001 0.485 0.6937500000000001 0.47166666586538464 0.6575 0.48166666586538465 0.6537499999999999 0.5333333341346154 0.6649999999999999 0.5333333341346154 0.6775 0.535 0.6812499999999999 0.5466666658653846
1607 0.4425 0.5683333341346154 0.44625 0.5316666658653847 0.45125 0.53 0.45125 0.5216666658653846 0.4475 0.495 0.45125 0.4833333341346154 0.5712499999999999 0.4883333341346154 0.5675 0.47333333413461537 0.52625 0.46833333413461536 0.5225000000000001 0.4533333341346154 0.5125 0.435 0.37124999999999997 0.46 0.36625 0.47166666586538464 0.37374999999999997 0.495 0.36374999999999996 0.5 0.36875 0.5766666658653846 0.4325 0.5833333341346154 0.4325 0.5700000000000001 0.4425 0.5683333341346154
1607 0.62125 0.505 0.6162500000000001 0.4933333341346154 0.6125 0.4933333341346154 0.45125 0.485 0.4475 0.4916666658653846 0.4475 0.4983333341346154 0.4475 0.5333333341346154 0.44375 0.5333333341346154 0.44375 0.595 0.6787500000000001 0.6333333341346153 0.6787500000000001 0.5366666658653846 0.67375 0.5316666658653847 0.62625 0.5433333341346154 0.62125 0.505
1605 0.99875 0.5 0.985 0.505 0.9575 0.505 0.95 0.5116666658653846 0.9525 0.5266666658653846 0.9025 0.5566666658653846 0.87625 0.5549999999999999 0.8674999999999999 0.565 0.8674999999999999 0.5783333341346154 0.86 0.5833333341346154 0.85875 0.5916666658653846 0.85875 0.6116666658653845 0.865 0.6166666658653847 0.86375 0.6649999999999999 0.87 0.6766666658653846 0.9974999999999999 0.6950000000000001 0.99875 0.5
1942 0.67125 0.08833333413461539 0.5375 0.115 0.5399999999999999 0.4183333341346154 0.67625 0.4233333341346154 0.67125 0.08833333413461539
1942 0.9974999999999999 0.023333334134615382 0.84375 0.056666665865384616 0.8425 0.4283333341346154 0.9974999999999999 0.435 0.9974999999999999 0.023333334134615382
1872 0.18375 0.5516666658653846 0.24375000000000002 0.565 0.29250000000000004 0.5516666658653846 0.2825 0.28166666586538464 0.16375 0.28 0.16125 0.295 0.17250000000000001 0.2983333341346154 0.18375 0.5516666658653846
1872 0.18375 0.55 0.17124999999999999 0.2983333341346154 0.16249999999999998 0.295 0.16249999999999998 0.28 0.0475 0.27833333413461536 0.0625 0.56 0.14625000000000002 0.5433333341346154 0.18375 0.55
1872 0 0.5714379086538461 0.0625 0.56 0.04625 0.27666666586538463 0.00125 0.27666666586538463 0 0.4241666658653846 0 0.5714379086538461
1717 0.36 0.8016666658653846 0.36875 0.8099999999999999 0.375 0.8216666658653846 0.3725 0.8350000000000001 0.365 0.845 0.37374999999999997 0.8683333341346154 0.38375 0.8683333341346154 0.39625 0.865 0.40499999999999997 0.8566666658653846 0.40625 0.8366666658653846 0.4 0.825 0.385 0.8266666658653846 0.37875000000000003 0.8099999999999999 0.385 0.7783333341346155 0.57375 0.6900000000000001 0.57625 0.9600000000000001 0.58375 0.9583333341346154 0.58375 0.6833333341346154 0.67125 0.6433333341346154 0.67375 0.6333333341346153 0.34875 0.5850000000000001 0.3725 0.5733333341346154 0.3675 0.5333333341346154 0.24125 0.565 0.15125 0.5416666658653846 0.00125 0.5733333341346154 0.00125 0.72 0.06125 0.75 0.045 0.9483333341346154 0.0525 0.9566666658653846 0.07 0.7533333341346153 0.26375 0.8383333341346154 0.26875 0.8366666658653846 0.2725 0.995 0.2875 0.9966666658653847 0.27749999999999997 0.8283333341346153 0.35500000000000004 0.7899999999999999 0.36 0.8016666658653846
1885 0 0 0 0.335 0.00125 0.6716666658653847 0.48750000000000004 0.5233333341346154 0.4825 0 0 0
1885 0.48375 0 0.48625 0.5216666658653846 0.99875 0.5633333341346154 0.9975036875 0 0.48375 0
792 0.00125 0.9966666658653847 0.99875 0.9966666658653847 0.9974999999999999 0.5633333341346154 0.48750000000000004 0.5216666658653846 0.00125 0.67 0.00125 0.9966666658653847