1839 0.21875 0.4883333341346154 0.23249999999999998 0.4916666658653846 0.305 0.48000000000000004 0.305 0.3866666658653846 0.21125 0.385 0.21875 0.4883333341346154
1708 0.3225 0.535 0.335 0.5333333341346154 0.34625 0.5333333341346154 0.34249999999999997 0.48166666586538465 0.30625 0.47166666586538464 0.30625 0.485 0.20625 0.49 0.18125000000000002 0.485 0.17750000000000002 0.5549999999999999 0.2075 0.5700000000000001 0.215 0.5683333341346154 0.2175 0.5133333341346155 0.305 0.5116666658653846 0.305 0.5466666658653846 0.31875 0.5466666658653846 0.3225 0.535
1607 0.5675 0.5700000000000001 0.5675 0.5833333341346154 0.6312500000000001 0.5766666658653846 0.63625 0.5 0.62625 0.495 0.6337499999999999 0.47166666586538464 0.62875 0.46 0.48750000000000004 0.435 0.4775 0.4533333341346154 0.47375 0.46833333413461536 0.4325 0.47333333413461537 0.42875 0.4883333341346154 0.54875 0.4833333341346154 0.5525 0.495 0.54875 0.5216666658653846 0.54875 0.53 0.5537500000000001 0.5316666658653847 0.5575 0.5683333341346154 0.5675 0.5700000000000001
1607 0.37374999999999997 0.5433333341346154 0.32625 0.5316666658653847 0.32125 0.5366666658653846 0.32125 0.6333333341346153 0.55625 0.595 0.55625 0.5333333341346154 0.5525 0.5333333341346154 0.5525 0.4983333341346154 0.5525 0.4916666658653846 0.54875 0.485 0.38749999999999996 0.4933333341346154 0.38375 0.4933333341346154 0.37875000000000003 0.505 0.37374999999999997 0.5433333341346154
1605 0.0025 0.6950000000000001 0.13 0.6766666658653846 0.13625 0.6649999999999999 0.13499999999999998 0.6166666658653847 0.14125 0.6116666658653845 0.14125 0.5916666658653846 0.14 0.5833333341346154 0.1325 0.5783333341346154 0.1325 0.565 0.12375 0.5549999999999999 0.0975 0.5566666658653846 0.0475 0.5266666658653846 0.05 0.5116666658653846 0.042499999999999996 0.505 0.015000000000000001 0.505 0.00125 0.5 0.0025 0.6950000000000001
1942 0.32375000000000004 0.4233333341346154 0.46 0.4183333341346154 0.4625 0.115 0.32875 0.08833333413461539 0.32375000000000004 0.4233333341346154
1942 0.0025 0.435 0.1575 0.4283333341346154 0.15625 0.056666665865384616 0.0025 0.023333334134615382 0.0025 0.435
1872 0.8275 0.2983333341346154 0.83875 0.295 0.8362499999999999 0.28 0.7175 0.28166666586538464 0.7075 0.5516666658653846 0.7562500000000001 0.565 0.81625 0.5516666658653846 0.8275 0.2983333341346154
1872 0.85375 0.5433333341346154 0.9375 0.56 0.9525 0.27833333413461536 0.8374999999999999 0.28 0.8374999999999999 0.295 0.82875 0.2983333341346154 0.81625 0.55 0.85375 0.5433333341346154
1872 1 0.4241666658653846 0.99875 0.27666666586538463 0.95375 0.27666666586538463 0.9375 0.56 1 0.5714379086538461 1 0.4241666658653846
1717 0.645 0.7899999999999999 0.7225 0.8283333341346153 0.7124999999999999 0.9966666658653847 0.7274999999999999 0.995 0.73125 0.8366666658653846 0.73625 0.8383333341346154 0.9299999999999999 0.7533333341346153 0.9475 0.9566666658653846 0.955 0.9483333341346154 0.93875 0.75 0.99875 0.72 0.99875 0.5733333341346154 0.84875 0.5416666658653846 0.7587499999999999 0.565 0.6325000000000001 0.5333333341346154 0.6275000000000001 0.5733333341346154 0.65125 0.5850000000000001 0.32625 0.6333333341346153 0.32875 0.6433333341346154 0.41625 0.6833333341346154 0.41625 0.9583333341346154 0.42375 0.9600000000000001 0.42624999999999996 0.6900000000000001 0.615 0.7783333341346155 0.62125 0.8099999999999999 0.615 0.8266666658653846 0.6 0.825 0.59375 0.8366666658653846 0.595 0.8566666658653846 0.60375 0.865 0.6162500000000001 0.8683333341346154 0.62625 0.8683333341346154 0.635 0.845 0.6275000000000001 0.8350000000000001 0.625 0.8216666658653846 0.6312500000000001 0.8099999999999999 0.64 0.8016666658653846 0.645 0.7899999999999999
1885 0.5175 0 0.5125 0.5233333341346154 0.99875 0.6716666658653847 1 0.335 1 0 0.5175 0
1885 0.0024963125 0 0.00125 0.5633333341346154 0.51375 0.5216666658653846 0.51625 0 0.0024963125 0
792 0.99875 0.67 0.5125 0.5216666658653846 0.0025 0.5633333341346154 0.00125 0.9966666658653847 0.99875 0.9966666658653847 0.99875 0.67