564 0.6796875 0.3359375 0.76171875 0.3359375 0.7578125 0.2421875 0.734375 0.1953125 0.609375 0.1875 0.4140625 0.1796875 0.22265625 0.171875 0.2265625 0.31640625 0.26171875 0.3203125 0.30078125 0.3203125 0.3359375 0.3203125 0.375 0.328125 0.41796875 0.328125 0.453125 0.3203125 0.484375 0.31640625 0.5390625 0.328125 0.578125 0.328125 0.62109375 0.328125 0.6796875 0.3359375
345 1 0.16430663942307694 0.87890625 0.171875 0.75390625 0.18359375 0.7578125 0.28515625 0.7578125 0.38671875 0.81640625 0.39453125 1 0.3907063798076923 1 0.16430663942307694
531 1 0.55453125 0.90625 0.55078125 0.78515625 0.5546875 0.67578125 0.57421875 0.55078125 0.578125 0.48828125 0.59765625 0.4765625 0.62890625 0.5234375 0.640625 0.60546875 0.66015625 0.70703125 0.66796875 0.81640625 0.66796875 0.88671875 0.6640625 0.99609375 0.65234375 1 0.603515625 1 0.55453125
531 1 0.51171875 0.765625 0.49609375 0.6484375 0.4921875 0.52734375 0.5 0.41015625 0.5 0.296875 0.5 0.2265625 0.5 0.14453125 0.51953125 0.0625 0.51953125 0.01171875 0.53515625 0.01171875 0.6015625 0.3203125 0.54296875 0.68359375 0.53125 0.76171875 0.52734375 1 0.5350302427884616 1 0.51171875
347 0.0078125 0.9453125 0.1953125 0.859375 0.19921875 0.5703125 0.00390625 0.61328125 0.0078125 0.9453125
347 0.12890625 0.390625 0.2109375 0.38671875 0.21484375 0.140625 0.01171875 0.08984375 0.0078125 0.39453125 0.08203125 0.39453125 0.12890625 0.390625
1362 0.890625 0.5078125 0.92578125 0.5078125 0.9375 0.4765625 0.9375 0.44140625 0.91015625 0.4296875 0.875 0.44140625 0.86328125 0.484375 0.890625 0.5078125
1349 1 0.46223958173076923 0.9921875 0.40234375 0.98046875 0.40625 0.97265625 0.4296875 0.96484375 0.453125 0.953125 0.46875 0.94921875 0.5078125 0.9765625 0.51171875 1 0.49497768028846156 1 0.46223958173076923
1357 0.74609375 0.49609375 0.78125 0.46484375 0.76953125 0.453125 0.74609375 0.43359375 0.71484375 0.42578125 0.68359375 0.42578125 0.640625 0.42578125 0.63671875 0.45703125 0.640625 0.50390625 0.66796875 0.5078125 0.7265625 0.5 0.74609375 0.49609375
347 0.4765625 0.9921875 1 0.98828125 0.99609375 0.65625 0.91796875 0.6640625 0.84765625 0.66796875 0.78125 0.671875 0.66015625 0.6640625 0.55078125 0.6484375 0.5078125 0.640625 0.46875 0.62890625 0.4765625 0.9921875
644 0.1953125 0.8671875 0.30859375 0.8125 0.31640625 0.546875 0.2109375 0.57421875 0.1953125 0.8671875
345 0.4765625 0.60546875 0.52734375 0.58203125 0.52734375 0.5390625 0.33203125 0.546875 0.3125 0.5625 0.30859375 0.62109375 0.30859375 0.796875 0.46875 0.77734375 0.4765625 0.6484375 0.4765625 0.60546875
1564 0.6015625 0.5 0.5703125 0.4921875 0.53125 0.48828125 0.484375 0.48828125 0.4609375 0.49609375 0.4296875 0.49609375 0.3984375 0.5234375 0.46484375 0.5234375 0.49609375 0.5234375 0.5546875 0.5234375 0.59765625 0.515625 0.6015625 0.5
1953 0.69140625 0.421875 0.7265625 0.421875 0.7265625 0.33203125 0.5234375 0.3203125 0.5 0.31640625 0.46875 0.31640625 0.4375 0.3203125 0.40625 0.328125 0.38671875 0.328125 0.35546875 0.32421875 0.31640625 0.3203125 0.28515625 0.3203125 0.2421875 0.3203125 0.21875 0.3203125 0.21875 0.48046875 0.24609375 0.484375 0.359375 0.484375 0.41015625 0.484375 0.47265625 0.484375 0.546875 0.48046875 0.6015625 0.48046875 0.63671875 0.48046875 0.63671875 0.46484375 0.6328125 0.44140625 0.6328125 0.4296875 0.65625 0.421875 0.69140625 0.421875
1565 0.5078125 0.484375 0.53125 0.4765625 0.55859375 0.46875 0.546875 0.46875 0.5234375 0.46875 0.51171875 0.46875 0.49609375 0.4765625 0.46875 0.48828125 0.453125 0.4921875 0.44921875 0.50390625 0.51171875 0.5078125 0.50390625 0.49609375 0.5078125 0.484375
1362 0.8671875 0.4765625 0.87109375 0.453125 0.8671875 0.43359375 0.85546875 0.4375 0.83984375 0.44921875 0.8359375 0.4609375 0.83984375 0.4765625 0.84765625 0.4921875 0.85546875 0.50390625 0.8671875 0.4765625
1349 0.125 0.06640625 0.07421875 0.06640625 0.05078125 0.07421875 0.0390625 0.08984375 0.19921875 0.12890625 0.19140625 0.10546875 0.171875 0.0859375 0.16015625 0.07421875 0.125 0.06640625
1670 1 0.5771949423076923 0.921875 0.55859375 0.69140625 0.5703125 0.671875 0.578125 0.7265625 0.59765625 1 0.5784000889423078 1 0.5771949423076923
1362 0.0625 0.47265625 0.08203125 0.4609375 0.09375 0.4609375 0.08984375 0.44140625 0.078125 0.4296875 0.0390625 0.43359375 0.015625 0.44140625 0.0078125 0.51171875 0.0234375 0.5234375 0.0390625 0.52734375 0.0625 0.52734375 0.05859375 0.50390625 0.0625 0.47265625
299 0.109375 0.52734375 0.125 0.5234375 0.12890625 0.49609375 0.12890625 0.47265625 0.109375 0.46875 0.0859375 0.46484375 0.07421875 0.46875 0.0625 0.48828125 0.0625 0.5078125 0.07421875 0.53125 0.0625 0.54296875 0.07421875 0.54296875 0.10546875 0.54296875 0.1171875 0.53515625 0.109375 0.53515625 0.109375 0.52734375
1382 0.375 0.46484375 0.375 0.48828125 0.3984375 0.4921875 0.40234375 0.46875 0.375 0.46484375
973 0.890625 0.16796875 0.8828125 0.15625 0.87890625 0.1484375 0.8515625 0.1484375 0.84765625 0.15625 0.84375 0.16015625 0.84375 0.16796875 0.890625 0.16796875
402 0.008246526442307693 0 0.01171875 0.03125 0.15234375 0.078125 0.19921875 0.0859375 0.59765625 0.1171875 0.71484375 0.1171875 0.78125 0.1171875 1 0.10546875 1 0 0.008246526442307693 0
792 0.01171875 0.94921875 0.0078125 0.98828125 0.46875 0.98828125 0.47265625 0.78515625 0.328125 0.80078125 0.30078125 0.8125 0.1640625 0.8671875 0.01171875 0.94921875