201 0.78125 0.625 0.81640625 0.578125 0.890625 0.5546875 0.91796875 0.40234375 0.65234375 0.19921875 0.203125 0.26953125 0.19921875 0.4375 0.26171875 0.54296875 0.6875 0.65625 0.78125 0.625
1774 0.88671875 0.8125 0.93359375 0.796875 0.96875 0.71484375 0.9921875 0.703125 0.9921875 0.45703125 0.96484375 0.45703125 0.93359375 0.5390625 0.8359375 0.56640625 0.796875 0.59765625 0.7890625 0.625 0.78125 0.67578125 0.84375 0.71875 0.83984375 0.7890625 0.88671875 0.8125
1469 0.55078125 0.78515625 0.60546875 0.671875 0.58984375 0.65234375 0.3125 0.58203125 0.28125 0.5859375 0.1875 0.6875 0.203125 0.70703125 0.4921875 0.80078125 0.55078125 0.78515625
1564 0 0.9375 0.0390625 0.9140625 0.0234375 0.62109375 0.1171875 0.546875 0.140625 0.4921875 0.08984375 0.44921875 0 0.43050130048076923 0 0.9375
1469 0.12890625 0.9921875 0.91015625 0.9921875 0.76953125 0.8125 0.12890625 0.9921875
1219 0.3046875 0 0.3046875 0.15234375 0.5703125 0.12109375 0.5740966802884615 0 0.3046875 0
1800 0.98046875 0.34765625 0.98828125 0.3671875 0.9921875 0.0703125 0.9609375 0.0625 0.95703125 0.19921875 0.9375 0.3359375 0.98046875 0.34765625
1801 0.40625 0.15625 0.359375 0.14453125 0.34375 0.16015625 0.3359375 0.1796875 0.33203125 0.19921875 0.37890625 0.2109375 0.40625 0.2109375 0.421875 0.1953125 0.42578125 0.171875 0.40625 0.15625
1794 0.9375 0.33984375 0.98046875 0.35546875 0.9921875 0.3671875 0.99609375 0.0703125 0.9609375 0.0625 0.95703125 0.15234375 0.953125 0.2265625 0.9375 0.33984375
1774 0.859375 0.55859375 0.828125 0.57421875 0.796875 0.59765625 0.78125 0.640625 0.78515625 0.671875 0.80078125 0.6953125 0.828125 0.71875 0.84765625 0.72265625 0.8359375 0.78125 0.86328125 0.8046875 0.89453125 0.8046875 0.92578125 0.8046875 0.94140625 0.78125 0.93359375 0.7265625 0.9609375 0.72265625 0.984375 0.703125 0.99609375 0.69140625 0.9921875 0.453125 0.95703125 0.4609375 0.9296875 0.5390625 0.90234375 0.5546875 0.859375 0.55859375
1942 0.6638454831730769 0 0.65625 0.13671875 0.921875 0.30859375 0.933447266826923 0 0.6638454831730769 0
194 0.69921875 0.33203125 0.7265625 0.33203125 0.77734375 0.33203125 0.79296875 0.3125 0.75 0.2734375 0.72265625 0.2734375 0.6953125 0.27734375 0.6796875 0.3125 0.6796875 0.3359375 0.69921875 0.33203125
297 0.875 0.0234375 0.85546875 0.015625 0.85546875 0.05859375 0.828125 0.08984375 0.87109375 0.15625 0.88671875 0.21875 0.87890625 0.3046875 0.8828125 0.34765625 0.9140625 0.35546875 0.93359375 0.0546875 0.91015625 0.07421875 0.875 0.0234375
291 0.81640625 0.21875 0.82421875 0.234375 0.828125 0.265625 0.82421875 0.30078125 0.84765625 0.2890625 0.84765625 0.23046875 0.84375 0.1953125 0.81640625 0.19921875 0.81640625 0.21875
291 0.734375 0.21484375 0.734375 0.234375 0.7578125 0.2421875 0.78125 0.23828125 0.78515625 0.2109375 0.76953125 0.203125 0.7734375 0.18359375 0.74609375 0.18359375 0.75 0.1953125 0.7578125 0.2109375 0.734375 0.21484375