1199 0.45703125 0.69140625 0.61328125 0.69140625 0.6015625 0.42578125 0.41796875 0.43359375 0.40234375 0.453125 0.3984375 0.53125 0.4453125 0.53515625 0.45703125 0.69140625
345 0.6875 0.1328125 0.5390625 0.1484375 0.21484375 0.14453125 0.203125 0.32421875 0.28125 0.33203125 0.421875 0.3359375 0.546875 0.3359375 0.6484375 0.3359375 0.73828125 0.3359375 0.82421875 0.3359375 0.88671875 0.33984375 0.890625 0.1015625 0.8671875 0.1015625 0.828125 0.12890625 0.7421875 0.1328125 0.6875 0.1328125
1116 0.4140625 0.23046875 0.40625 0.3359375 0.6171875 0.33203125 0.61328125 0.2265625 0.4140625 0.23046875
345 0.92578125 0 0.91015625 0.96875 0.93359375 0.9921875 1 0.98828125 1 0 0.92578125 0
345 0.7421875 0.68359375 0.91015625 0.94921875 0.9140625 0.5859375 0.7578125 0.45703125 0.609375 0.45703125 0.60546875 0.6796875 0.7421875 0.68359375
564 0.1328125 0.39453125 0.16796875 0.3984375 0.15625 0.15625 0.0703125 0.15625 0.06640625 0.37890625 0.1328125 0.39453125
1382 0.4375 0.390625 0.4375 0.44921875 0.5078125 0.4453125 0.50390625 0.39453125 0.4375 0.390625
1564 0.91796875 0.5 0.921875 0.48046875 0.8984375 0.46484375 0.78515625 0.47265625 0.85546875 0.5234375 0.8984375 0.515625 0.91796875 0.5
1362 0.6328125 0.42578125 0.6796875 0.43359375 0.69921875 0.4140625 0.6953125 0.375 0.671875 0.35546875 0.640625 0.36328125 0.625 0.39453125 0.6328125 0.42578125
299 0.171875 0.5078125 0.19140625 0.51953125 0.2421875 0.51171875 0.26171875 0.453125 0.2265625 0.4453125 0.1875 0.4453125 0.14453125 0.45703125 0.171875 0.5078125
1349 0.1015625 0.7890625 0.078125 0.76953125 0.046875 0.75390625 0.01953125 0.734375 0.0078125 0.98828125 0.05859375 0.984375 0.06640625 0.9375 0.0703125 0.8984375 0.1171875 0.890625 0.14453125 0.85546875 0.140625 0.80859375 0.1015625 0.7890625
531 0.01953125 0.48046875 0.00390625 0.49609375 0.00390625 0.53515625 0.44140625 0.546875 0.4609375 0.49609375 0.01953125 0.48046875
345 0.203125 0.44140625 0.3046875 0.44140625 0.3046875 0.33203125 0.203125 0.33203125 0.203125 0.44140625
1116 0.421875 0.3203125 0.60546875 0.32421875 0.60546875 0.234375 0.421875 0.234375 0.421875 0.3203125
969 0.44921875 0.96875 0.453125 0.9609375 0.4609375 0.828125 0.46484375 0.5 0.0078125 0.48046875 0.00390625 0.50390625 0.00390625 0.703125 0.01171875 0.72265625 0.03515625 0.73828125 0.0546875 0.73828125 0.0703125 0.7578125 0.08984375 0.77734375 0.125 0.80078125 0.15234375 0.80859375 0.15625 0.828125 0.1328125 0.87109375 0.08984375 0.90625 0.07421875 0.9453125 0.44921875 0.96875
347 0.74609375 0.32421875 0.83984375 0.32421875 0.87890625 0.3359375 0.87890625 0.109375 0.83203125 0.13671875 0.734375 0.1484375 0.2109375 0.15625 0.20703125 0.3203125 0.4140625 0.32421875 0.41796875 0.22265625 0.6171875 0.22265625 0.6171875 0.32421875 0.74609375 0.32421875
345 0.94921875 0 0.9296875 0.03515625 0.921875 0.96484375 0.95703125 0.9921875 1 0.9921875 1 0 0.94921875 0
345 0.74609375 0.46484375 0.61328125 0.46484375 0.6171875 0.6640625 0.7421875 0.66796875 0.91796875 0.9453125 0.92578125 0.59765625 0.74609375 0.46484375
1199 0.4609375 0.67578125 0.60546875 0.68359375 0.60546875 0.484375 0.4140625 0.484375 0.41015625 0.5 0.45703125 0.5 0.46875 0.5078125 0.46875 0.51953125 0.46484375 0.53515625 0.4609375 0.67578125
1670 0.4140625 0.44921875 0.4140625 0.4765625 0.6015625 0.4765625 0.60546875 0.44921875 0.60546875 0.4296875 0.42578125 0.4296875 0.4140625 0.44921875
988 0.59375 0.4140625 0.59375 0.40234375 0.57421875 0.39453125 0.5546875 0.390625 0.54296875 0.390625 0.52734375 0.40234375 0.5234375 0.4140625 0.53125 0.4296875 0.53515625 0.4453125 0.55859375 0.44921875 0.57421875 0.4453125 0.58203125 0.42578125 0.59375 0.4140625
1382 0.48828125 0.44921875 0.5 0.44140625 0.5 0.4140625 0.5 0.40234375 0.48828125 0.390625 0.46484375 0.390625 0.4453125 0.39453125 0.4453125 0.4375 0.45703125 0.4453125 0.47265625 0.44921875 0.48828125 0.44921875
1942 0.88671875 0.33984375 0.9296875 0.33984375 0.921875 0.08203125 0.88671875 0.1171875 0.88671875 0.33984375
1942 0.03125 0.32421875 0.06640625 0.36328125 0.0703125 0.1640625 0.0078125 0.16015625 0.0078125 0.3203125 0.01171875 0.32421875 0.03125 0.32421875
1027 0.015625 0.3828125 0.015625 0.37109375 0.0546875 0.36328125 0.0234375 0.328125 0.00390625 0.328125 0.0078125 0.46484375 0.01171875 0.46875 0.02734375 0.453125 0.01171875 0.42578125 0.03125 0.390625 0.015625 0.3828125
291 0.0625 0.5234375 0.06640625 0.4609375 0.05859375 0.453125 0.05859375 0.42578125 0.05859375 0.3984375 0.04296875 0.40234375 0.03515625 0.42578125 0.03515625 0.453125 0.02734375 0.4609375 0.03125 0.5234375 0.0625 0.5234375
291 0.37109375 0.43359375 0.37890625 0.4296875 0.3828125 0.421875 0.375 0.41796875 0.375 0.40234375 0.36328125 0.40234375 0.36328125 0.4140625 0.359375 0.4296875 0.37109375 0.43359375
291 0.35546875 0.41796875 0.3515625 0.4140625 0.34765625 0.40625 0.33984375 0.40625 0.33984375 0.41796875 0.328125 0.41796875 0.3359375 0.4296875 0.3515625 0.43359375 0.35546875 0.41796875
180 0.828125 0.3828125 0.8203125 0.3984375 0.81640625 0.41796875 0.8125 0.42578125 0.8125 0.44140625 0.83984375 0.4453125 0.83984375 0.46484375 0.859375 0.4609375 0.859375 0.44921875 0.89453125 0.4453125 0.8984375 0.45703125 0.91796875 0.4609375 0.91796875 0.44140625 0.9140625 0.4296875 0.91015625 0.4375 0.90234375 0.44140625 0.890625 0.4375 0.88671875 0.43359375 0.8515625 0.43359375 0.83203125 0.42578125 0.83203125 0.40234375 0.84375 0.3828125 0.86328125 0.40234375 0.87109375 0.3828125 0.85546875 0.37109375 0.83984375 0.375 0.828125 0.3828125
552 0.8125 0.46484375 0.83203125 0.46484375 0.8359375 0.44921875 0.8125 0.44921875 0.8125 0.46484375
1565 0.90234375 0.42578125 0.92578125 0.44140625 0.92578125 0.41796875 0.91015625 0.41796875 0.89453125 0.41796875 0.90234375 0.42578125
552 0.87109375 0.46484375 0.89453125 0.46484375 0.890625 0.44921875 0.87109375 0.44921875 0.87109375 0.46484375
552 0.30078125 0.51171875 0.328125 0.515625 0.33203125 0.48828125 0.3203125 0.48828125 0.3046875 0.48828125 0.30078125 0.51171875
552 0.26171875 0.51171875 0.28515625 0.51953125 0.28515625 0.49609375 0.265625 0.5 0.26171875 0.51171875
531 0.3046875 0.4296875 0.296875 0.44921875 0.3984375 0.45703125 0.41015625 0.4375 0.3046875 0.4296875
531 0.8515625 0.453125 0.77734375 0.44140625 0.76171875 0.44140625 0.61328125 0.44140625 0.61328125 0.47265625 0.7578125 0.46875 0.92578125 0.58984375 0.92578125 0.46875 0.8515625 0.453125
402 0.0078125 0 0.0078125 0.10546875 0.859375 0.09375 0.87109375 0.08203125 0.92578125 0.05859375 0.921875 0 0.0078125 0
1469 0.6328125 0.84375 0.8125 0.84765625 0.77734375 0.74609375 0.6328125 0.7421875 0.6328125 0.84375
1854 0.18359375 0.4453125 0.17578125 0.4453125 0.15625 0.421875 0.1484375 0.41015625 0.13671875 0.4140625 0.140625 0.42578125 0.15625 0.4453125 0.171875 0.45703125 0.19921875 0.45703125 0.1875 0.4296875 0.18359375 0.421875 0.18359375 0.4140625 0.17578125 0.41015625 0.16796875 0.421875 0.17578125 0.43359375 0.18359375 0.4453125
347 0.44140625 0.96484375 0.44921875 0.953125 0.4609375 0.81640625 0.4609375 0.5078125 0.453125 0.51171875 0.4375 0.55078125 0.0078125 0.5390625 0.0078125 0.6875 0.015625 0.70703125 0.03125 0.7265625 0.046875 0.73046875 0.0859375 0.76171875 0.1171875 0.79296875 0.13671875 0.79296875 0.15234375 0.81640625 0.15234375 0.84375 0.1328125 0.8828125 0.109375 0.8984375 0.08203125 0.921875 0.07421875 0.95703125 0.44140625 0.96484375