345 0.01171875 0.31640625 0.4140625 0.328125 0.515625 0.328125 0.51171875 0.00390625 0.0078125 0 0.01171875 0.31640625
345 1 0.1330330168269231 0.51953125 0.16015625 0.515625 0.16796875 0.51171875 0.30859375 0.484375 0.328125 0.484375 0.35546875 0.87890625 0.35546875 0.87890625 0.3125 1 0.31628418028846156 1 0.1330330168269231
347 1 0.4880873245192308 0.453125 0.4609375 0.4453125 0.59375 0.58203125 0.60546875 0.58203125 0.62890625 0.58203125 0.671875 0.58203125 0.68359375 1 0.7421875 1 0.4880873245192308
531 0.01171875 0.6328125 0.41015625 0.67578125 0.57421875 0.6015625 0.015625 0.546875 0.01171875 0.6328125
531 0.0078125 0.484375 0.01171875 0.52734375 0.421875 0.45703125 0.24609375 0.44921875 0.0078125 0.484375
1564 0.01171875 0.48828125 0.125 0.5078125 0.26953125 0.47265625 0.1875 0.4609375 0.125 0.46875 0.0546875 0.4765625 0.01171875 0.48828125
347 0.57421875 0.984375 0.57421875 0.61328125 0.42578125 0.671875 0.0078125 0.63671875 0.01171875 0.9921875 0.359375 0.9921875 0.57421875 0.984375
1152 0.26171875 0.625 0.2890625 0.6171875 0.27734375 0.6015625 0.27734375 0.5546875 0.25390625 0.55859375 0.23046875 0.5625 0.23046875 0.5859375 0.21875 0.609375 0.23046875 0.62109375 0.26171875 0.625
1219 0.30078125 0.328125 0.29296875 0.43359375 0.38671875 0.43359375 0.39453125 0.328125 0.30078125 0.328125
1362 0.8046875 0.45703125 0.8203125 0.43359375 0.8203125 0.3984375 0.796875 0.37890625 0.765625 0.3828125 0.73828125 0.4140625 0.74609375 0.4453125 0.77734375 0.46875 0.8046875 0.45703125
417 0.78125 0.890625 0.79296875 0.89453125 0.796875 0.609375 0.67578125 0.578125 0.6640625 0.6171875 0.66015625 0.67578125 0.578125 0.6953125 0.578125 0.90234375 0.640625 0.921875 0.78125 0.890625
1942 0.1171875 0.453125 0.23828125 0.44921875 0.23046875 0.32421875 0.125 0.3203125 0.1171875 0.453125
1942 0.0078125 0.47265625 0.09375 0.4609375 0.08984375 0.3203125 0.00390625 0.32421875 0.0078125 0.47265625
153 0.625 0.921875 0.62109375 0.98828125 0.8359375 0.9921875 0.828125 0.91796875 0.8125 0.90234375 0.77734375 0.8984375 0.7578125 0.87890625 0.72265625 0.890625 0.6875 0.9140625 0.625 0.921875
1469 1 0.80859375 0.5859375 0.75 0.58203125 0.8828125 0.58984375 0.89453125 0.96484375 0.9453125 1 0.8890625000000001 1 0.80859375
1254 0.28515625 0.60546875 0.32421875 0.62109375 0.3671875 0.640625 0.5078125 0.60546875 0.46484375 0.58984375 0.41796875 0.57421875 0.3046875 0.57421875 0.28125 0.5859375 0.28515625 0.60546875
297 0.54296875 0.4609375 0.58203125 0.45703125 0.625 0.4453125 0.62109375 0.39453125 0.6015625 0.38671875 0.55859375 0.37890625 0.51171875 0.38671875 0.48828125 0.40625 0.484375 0.44140625 0.51171875 0.4609375 0.54296875 0.4609375
347 1 0.14078125 0.515625 0.16015625 0.51171875 0.3203125 0.48828125 0.32421875 0.484375 0.33984375 0.85546875 0.34765625 0.875 0.34375 0.875 0.3046875 1 0.3008996201923077 1 0.14078125
345 0.05859375 0 0.0078125 0.00390625 0.0078125 0.31640625 0.40234375 0.3203125 0.4296875 0.3203125 0.5078125 0.3203125 0.515625 0.30859375 0.515625 0.01171875 0.521484375 0 0.05859375 0
1469 1 0.7766927067307693 0.58203125 0.70703125 0.58203125 0.8828125 1 0.9679542812499999 1 0.7766927067307693
345 0.0078125 0.54296875 0.421875 0.58203125 0.421875 0.46484375 0.0078125 0.53125 0.0078125 0.54296875
402 0.5296875 0 0.5234375 0.015625 0.5234375 0.08203125 1 0.046875 1 0 0.5296875 0
1565 0.109375 0.4375 0.1015625 0.42578125 0.078125 0.43359375 0.07421875 0.46875 0.06640625 0.4765625 0.08984375 0.4765625 0.09765625 0.46875 0.11328125 0.45703125 0.1484375 0.4296875 0.16015625 0.43359375 0.1640625 0.421875 0.1484375 0.41796875 0.109375 0.4375
973 0.24609375 0.41796875 0.2421875 0.4140625 0.2265625 0.41796875 0.22265625 0.42578125 0.21875 0.4375 0.22265625 0.44921875 0.22265625 0.45703125 0.22265625 0.46875 0.25 0.46484375 0.24609375 0.45703125 0.24609375 0.43359375 0.24609375 0.41796875
973 0.296875 0.390625 0.29296875 0.38671875 0.29296875 0.37890625 0.27734375 0.37890625 0.27734375 0.38671875 0.265625 0.39453125 0.2578125 0.40234375 0.25390625 0.41015625 0.25390625 0.421875 0.25390625 0.4375 0.25390625 0.45703125 0.26171875 0.46484375 0.2890625 0.46484375 0.30859375 0.4609375 0.31640625 0.4375 0.3125 0.41796875 0.3046875 0.40234375 0.296875 0.390625
1239 0.75390625 0.8671875 0.69140625 0.91796875 0.79296875 0.91015625 0.7734375 0.87890625 0.765625 0.87890625 0.75390625 0.8671875
1269 0.41015625 0.60546875 0.41796875 0.61328125 0.4296875 0.58984375 0.41796875 0.58984375 0.41015625 0.60546875
330 0.625 0.98828125 0.83203125 0.9921875 0.828125 0.9140625 0.81640625 0.90625 0.78515625 0.90625 0.79296875 0.91796875 0.69140625 0.92578125 0.6796875 0.91796875 0.62890625 0.91796875 0.625 0.98828125
1861 0.921875 0.4296875 0.91015625 0.4296875 0.890625 0.43359375 0.88671875 0.453125 0.88671875 0.46484375 0.9140625 0.46875 0.9296875 0.45703125 0.93359375 0.44140625 0.921875 0.4296875