792 0.5850000000000001 0.6766666658653846 0.5850000000000001 0.7133333341346154 0.40249999999999997 0.73 0.315 0.7333333341346153 0.295 0.75 0.2625 0.9933333341346154 0.8 0.9966666658653847 0.6275000000000001 0.6733333341346154 0.5850000000000001 0.6766666658653846
792 0.8524999999999999 0.7666666658653847 0.8225 0.7633333341346155 0.6799999999999999 0.5866666658653846 0.6799999999999999 0.53 0.66 0.5066666658653847 0.565 0.52 0.5625 0.56 0.6174999999999999 0.5666666658653846 0.6325000000000001 0.5933333341346153 0.6275000000000001 0.6133333341346154 0.8524999999999999 0.9933333341346154 0.9974999999999999 0.9933333341346154 0.995 0.8866666658653847 0.905 0.78 0.8999999999999999 0.7899999999999999 0.8524999999999999 0.7666666658653847
1885 0.6 0.6166666658653847 0.625 0.6733333341346154 0.8 0.9966666658653847 0.8150000000000001 0.9966666658653847 0.8500000000000001 0.9933333341346154 0.6275000000000001 0.6133333341346154 0.62 0.6033333341346154 0.6 0.6166666658653847
1885 0.2975 0.6033333341346154 0.21 0.9966666658653847 0.26 0.9933333341346154 0.3 0.6933333341346154 0.3025 0.6266666658653846 0.2975 0.6033333341346154
1885 0.40249999999999997 0.7266666658653846 0.35 0.6933333341346154 0.3 0.6966666658653846 0.295 0.75 0.3125 0.7333333341346153 0.40249999999999997 0.7266666658653846
1648 0.8500000000000001 0.7633333341346155 0.8999999999999999 0.7899999999999999 0.8999999999999999 0.7733333341346154 0.8275 0.6933333341346154 0.6825 0.5266666658653846 0.6825 0.5833333341346154 0.8225 0.76 0.8500000000000001 0.7633333341346155
1535 0.655 0.39333333413461535 0.6925 0.39333333413461535 0.6900000000000001 0.42 0.785 0.48000000000000004 0.785 0.4933333341346154 0.8275 0.5233333341346154 0.895 0.4933333341346154 0.925 0.5033333341346153 0.9225 0.5433333341346154 0.9400000000000001 0.5533333341346154 0.9400000000000001 0.62 0.9675 0.6366666658653847 0.995 0.6333333341346153 0.995 0.4466666658653846 0.6575 0.3033333341346154 0.655 0.39333333413461535
1885 0.6174999999999999 0.3033333341346154 0.6575 0.31 0.6575 0.3033333341346154 0.995 0.4466666658653846 0.995 0.39666666586538457 0.995 0.34333333413461536 0.6174999999999999 0.2433333341346154 0.6174999999999999 0.2633333341346154 0.6174999999999999 0.3033333341346154
737 0.29250000000000004 0.1 0.5850000000000001 0.3133333341346154 0.6024999999999999 0.3133333341346154 0.6174999999999999 0.3066666658653846 0.6174999999999999 0.24000000000000002 0.5850000000000001 0.2166666658653846 0.3175 0.023333334134615382 0.2725 0.030000000000000002 0.26 0.03666666586538461 0.2675 0.07 0.29250000000000004 0.1
737 0.6499999999999999 0.4933333341346154 0.6125 0.42666666586538465 0.615 0.40333333413461536 0.575 0.39666666586538457 0.34249999999999997 0.22666666586538461 0.26999999999999996 0.22333333413461537 0.255 0.22666666586538461 0.255 0.3133333341346154 0.26999999999999996 0.31 0.33249999999999996 0.32333333413461535 0.5625 0.4766666658653846 0.5825 0.49666666586538466 0.6499999999999999 0.4933333341346154
737 0.6125 0.67 0.6 0.62 0.6174999999999999 0.6033333341346154 0.63 0.6066666658653846 0.62 0.5666666658653846 0.58 0.5666666658653846 0.34750000000000003 0.41000000000000003 0.28 0.41000000000000003 0.2625 0.51 0.34249999999999997 0.5166666658653847 0.5549999999999999 0.6566666658653847 0.5850000000000001 0.6666666658653846 0.6125 0.67
737 0.3025 0.6933333341346154 0.35 0.6900000000000001 0.55 0.8166666658653846 0.5875 0.8133333341346154 0.5850000000000001 0.7833333341346154 0.5850000000000001 0.7433333341346154 0.5625 0.73 0.34750000000000003 0.5833333341346154 0.3 0.58 0.2975 0.6 0.3 0.6166666658653847 0.3025 0.6933333341346154
1539 0.163875 0 0.2375 0.06333333413461538 0.265 0.06333333413461538 0.2625 0.03333333413461538 0.3175 0.023333334134615382 0.38 0.06333333413461538 0.605 0.06333333413461538 0.6950000000000001 0.030000000000000002 0.66125 0 0.163875 0
1885 0.03583333173076923 0 0.24000000000000002 0.11666666586538461 0.6075 0.1266666658653846 0.74 0.07333333413461539 0.6950000000000001 0.030000000000000002 0.6024999999999999 0.06333333413461538 0.2375 0.06333333413461538 0.163875 0 0.03583333173076923 0
402 0 0 0 0.031666665865384615 0.0025 0.06666666586538461 0.2375 0.13 0.32499999999999996 0.13 0.3175 0.12000000000000001 0.2375 0.11666666586538461 0.03576388942307692 0 0 0
1539 0 0.3256444423076923 0.185 0.25 0.25 0.2433333341346154 0.255 0.22666666586538461 0.34500000000000003 0.22333333413461537 0.38 0.2533333341346154 0.485 0.2466666658653846 0.33249999999999996 0.13 0.2375 0.1333333341346154 0.0025 0.06333333413461538 0 0.195 0 0.3256444423076923
1422 0.0025 0.3033333341346154 0.0025 0.40666666586538464 0.2525 0.26999999999999996 0.2475 0.22333333413461537 0.0025 0.3033333341346154
1885 0 0.5278964399038462 0.255 0.3133333341346154 0.255 0.26999999999999996 0 0.4086407764423077 0 0.5278964399038462
1885 0.5825 0.3133333341346154 0.485 0.2466666658653846 0.3825 0.2533333341346154 0.575 0.39333333413461535 0.61 0.4 0.6375 0.39666666586538457 0.655 0.39333333413461535 0.655 0.31 0.62 0.3066666658653846 0.5825 0.3133333341346154
1539 0 0.732945735576923 0.21250000000000002 0.41666666586538464 0.2375 0.41666666586538464 0.2525 0.41333333413461537 0.2625 0.39666666586538457 0.3975 0.4 0.39499999999999996 0.3666666658653846 0.33 0.32333333413461535 0.26999999999999996 0.31 0.255 0.3133333341346154 0.0025 0.53 0 0.53 0 0.732945735576923
792 0 0.8648333341346154 0.0975 0.9233333341346154 0.2625 0.5033333341346153 0.27749999999999997 0.41000000000000003 0.34750000000000003 0.40666666586538464 0.46499999999999997 0.4833333341346154 0.565 0.4833333341346154 0.3975 0.37 0.4 0.4 0.26 0.39666666586538457 0.25 0.41333333413461537 0.21250000000000002 0.41333333413461537 0 0.7329069759615384 0 0.8648333341346154
792 0.26 0.51 0.0975 0.9233333341346154 0.18 0.9766666658653846 0.21 0.9933333341346154 0.315 0.5133333341346155 0.26 0.51
1885 0.55 0.6533333341346155 0.33999999999999997 0.5166666658653847 0.3125 0.5166666658653847 0.3025 0.5766666658653846 0.34750000000000003 0.5833333341346154 0.545 0.7100000000000001 0.5825 0.7066666658653846 0.5850000000000001 0.67 0.605 0.67 0.55 0.6533333341346155
1422 0.275 0.42 0.2675 0.42 0.045 0.8866666658653847 0.095 0.9166666658653846 0.2625 0.5033333341346153 0.275 0.42
1539 0.46499999999999997 0.12333333413461538 0.6174999999999999 0.23666666586538462 0.9924999999999999 0.33999999999999997 0.995 0.3 0.99 0.2933333341346154 0.8425 0.14666666586538463 0.7375 0.07333333413461539 0.6075 0.1266666658653846 0.46499999999999997 0.12333333413461538
792 0.9400000000000001 0.5533333341346154 0.9225 0.5433333341346154 0.9225 0.5033333341346153 0.895 0.4933333341346154 0.8275 0.5233333341346154 0.785 0.49666666586538466 0.7825 0.48000000000000004 0.6875 0.41666666586538464 0.6900000000000001 0.39333333413461535 0.6174999999999999 0.4 0.6125 0.4233333341346154 0.6499999999999999 0.49 0.6799999999999999 0.5266666658653846 0.995 0.8866666658653847 0.9974999999999999 0.6866666658653846 0.995 0.63 0.9675 0.6333333341346153 0.9400000000000001 0.62 0.9400000000000001 0.5533333341346154
1885 0.4625 0.4833333341346154 0.5625 0.55 0.5675 0.52 0.655 0.52 0.6525 0.4933333341346154 0.58 0.49666666586538466 0.565 0.4833333341346154 0.4625 0.4833333341346154
1422 0.9924999999999999 0.7266666658653846 0.6224999999999999 0.4 0.62 0.42666666586538465 0.99 0.83 0.9924999999999999 0.7266666658653846
1298 0.8925 0.84 0.89 0.83 0.885 0.83 0.8825000000000001 0.8366666658653846 0.88 0.8466666658653845 0.88 0.8500000000000001 0.8724999999999999 0.8533333341346154 0.8724999999999999 0.87 0.875 0.8733333341346154 0.8775000000000001 0.8999999999999999 0.875 0.92 0.875 0.9333333341346154 0.8724999999999999 0.9400000000000001 0.8775000000000001 0.9466666658653846 0.885 0.9366666658653846 0.885 0.9133333341346154 0.8875 0.8966666658653846 0.8975000000000001 0.88 0.895 0.8633333341346153 0.895 0.8500000000000001 0.8875 0.8500000000000001 0.8925 0.84
1298 0.25 0.5633333341346154 0.245 0.5666666658653846 0.245 0.5733333341346154 0.2475 0.5733333341346154 0.245 0.58 0.245 0.5966666658653846 0.245 0.61 0.245 0.63 0.2475 0.6166666658653847 0.2525 0.6133333341346154 0.255 0.6266666658653846 0.255 0.6133333341346154 0.255 0.5933333341346153 0.2525 0.5766666658653846 0.25 0.5733333341346154 0.2525 0.5700000000000001 0.25 0.5633333341346154
1298 0.16 0.8233333341346154 0.155 0.8133333341346154 0.15 0.8166666658653846 0.15 0.8266666658653846 0.1525 0.83 0.145 0.8366666658653846 0.145 0.86 0.145 0.87 0.15 0.88 0.1525 0.8999999999999999 0.1475 0.9033333341346155 0.1575 0.91 0.16 0.9166666658653846 0.16249999999999998 0.8999999999999999 0.1675 0.8966666658653846 0.16249999999999998 0.8733333341346154 0.16249999999999998 0.8566666658653846 0.1675 0.8433333341346153 0.165 0.8333333341346154 0.1575 0.83 0.16 0.8233333341346154
1283 0.32499999999999996 0.8633333341346153 0.33 0.8666666658653847 0.3275 0.8633333341346153 0.3275 0.8566666658653846 0.3275 0.84 0.33 0.8266666658653846 0.335 0.8266666658653846 0.33249999999999996 0.8200000000000001 0.32499999999999996 0.8099999999999999 0.3275 0.8 0.3225 0.7966666658653847 0.32 0.8 0.32 0.8099999999999999 0.3175 0.8166666658653846 0.3175 0.8333333341346154 0.3225 0.8533333341346154 0.32 0.8633333341346153 0.32499999999999996 0.8633333341346153
171 0.67 0.8133333341346154 0.6675 0.78 0.6475000000000001 0.7566666658653846 0.64 0.7433333341346154 0.6275000000000001 0.7433333341346154 0.6174999999999999 0.7333333341346153 0.6 0.73 0.595 0.7033333341346153 0.5875 0.6933333341346154 0.56 0.72 0.5875 0.7466666658653847 0.59 0.8033333341346154 0.61 0.8999999999999999 0.6174999999999999 0.8999999999999999 0.6475000000000001 0.8966666658653846 0.6900000000000001 0.8566666658653846 0.6825 0.8200000000000001 0.67 0.8133333341346154
1648 0.5525 0.8166666658653846 0.40750000000000003 0.73 0.335 0.7333333341346153 0.335 0.7833333341346154 0.335 0.9533333341346153 0.4825 0.9366666658653846 0.4825 0.99 0.625 0.9833333341346153 0.61 0.9266666658653846 0.6075 0.89 0.5875 0.8133333341346154 0.5525 0.8166666658653846
1885 0.6658333317307693 0 0.7424999999999999 0.0766666658653846 0.84 0.14 0.9974999999999999 0.3 0.995 0 0.6658333317307693 0
738 0.0025 0.9966666658653847 0.2075 0.9933333341346154 0.0025 0.8633333341346153 0.0025 0.9966666658653847