792 0.3725 0.6733333341346154 0.2 0.9966666658653847 0.7375 0.9933333341346154 0.705 0.75 0.6849999999999999 0.7333333341346153 0.5975 0.73 0.415 0.7133333341346154 0.415 0.6766666658653846 0.3725 0.6733333341346154
792 0.1 0.7899999999999999 0.095 0.78 0.005 0.8866666658653847 0.0025 0.9933333341346154 0.1475 0.9933333341346154 0.3725 0.6133333341346154 0.3675 0.5933333341346153 0.3825 0.5666666658653846 0.4375 0.56 0.435 0.52 0.33999999999999997 0.5066666658653847 0.32 0.53 0.32 0.5866666658653846 0.17750000000000002 0.7633333341346155 0.1475 0.7666666658653847 0.1 0.7899999999999999
1885 0.38 0.6033333341346154 0.3725 0.6133333341346154 0.15 0.9933333341346154 0.185 0.9966666658653847 0.2 0.9966666658653847 0.375 0.6733333341346154 0.4 0.6166666658653847 0.38 0.6033333341346154
1885 0.6975 0.6266666658653846 0.7 0.6933333341346154 0.74 0.9933333341346154 0.7899999999999999 0.9966666658653847 0.7025 0.6033333341346154 0.6975 0.6266666658653846
1885 0.6875 0.7333333341346153 0.705 0.75 0.7 0.6966666658653846 0.6499999999999999 0.6933333341346154 0.5975 0.7266666658653846 0.6875 0.7333333341346153
1648 0.17750000000000002 0.76 0.3175 0.5833333341346154 0.3175 0.5266666658653846 0.17250000000000001 0.6933333341346154 0.1 0.7733333341346154 0.1 0.7899999999999999 0.15 0.7633333341346155 0.17750000000000002 0.76
1535 0.34249999999999997 0.3033333341346154 0.005 0.4466666658653846 0.005 0.6333333341346153 0.0325 0.6366666658653847 0.060000000000000005 0.62 0.060000000000000005 0.5533333341346154 0.0775 0.5433333341346154 0.075 0.5033333341346153 0.105 0.4933333341346154 0.17250000000000001 0.5233333341346154 0.215 0.4933333341346154 0.215 0.48000000000000004 0.31 0.42 0.3075 0.39333333413461535 0.34500000000000003 0.39333333413461535 0.34249999999999997 0.3033333341346154
1885 0.3825 0.2633333341346154 0.3825 0.2433333341346154 0.005 0.34333333413461536 0.005 0.39666666586538457 0.005 0.4466666658653846 0.34249999999999997 0.3033333341346154 0.34249999999999997 0.31 0.3825 0.3033333341346154 0.3825 0.2633333341346154
737 0.7325 0.07 0.74 0.03666666586538461 0.7274999999999999 0.030000000000000002 0.6825 0.023333334134615382 0.415 0.2166666658653846 0.3825 0.24000000000000002 0.3825 0.3066666658653846 0.3975 0.3133333341346154 0.415 0.3133333341346154 0.7075 0.1 0.7325 0.07
737 0.41750000000000004 0.49666666586538466 0.4375 0.4766666658653846 0.6675 0.32333333413461535 0.73 0.31 0.745 0.3133333341346154 0.745 0.22666666586538461 0.73 0.22333333413461537 0.6575 0.22666666586538461 0.42500000000000004 0.39666666586538457 0.385 0.40333333413461536 0.38749999999999996 0.42666666586538465 0.35 0.4933333341346154 0.41750000000000004 0.49666666586538466
737 0.415 0.6666666658653846 0.445 0.6566666658653847 0.6575 0.5166666658653847 0.7375 0.51 0.72 0.41000000000000003 0.6525 0.41000000000000003 0.42 0.5666666658653846 0.38 0.5666666658653846 0.37 0.6066666658653846 0.3825 0.6033333341346154 0.4 0.62 0.38749999999999996 0.67 0.415 0.6666666658653846
737 0.7 0.6166666658653847 0.7025 0.6 0.7 0.58 0.6525 0.5833333341346154 0.4375 0.73 0.415 0.7433333341346154 0.415 0.7833333341346154 0.4125 0.8133333341346154 0.44999999999999996 0.8166666658653846 0.6499999999999999 0.6900000000000001 0.6975 0.6933333341346154 0.7 0.6166666658653847
1539 0.33875 0 0.305 0.030000000000000002 0.39499999999999996 0.06333333413461538 0.62 0.06333333413461538 0.6825 0.023333334134615382 0.7375 0.03333333413461538 0.735 0.06333333413461538 0.7625 0.06333333413461538 0.8361249999999999 0 0.33875 0
1885 0.8361249999999999 0 0.7625 0.06333333413461538 0.3975 0.06333333413461538 0.305 0.030000000000000002 0.26 0.07333333413461539 0.3925 0.1266666658653846 0.76 0.11666666586538461 0.9641666682692308 0 0.8361249999999999 0
402 0.9642361105769232 0 0.7625 0.11666666586538461 0.6825 0.12000000000000001 0.675 0.13 0.7625 0.13 0.9974999999999999 0.06666666586538461 1 0.031666665865384615 1 0 0.9642361105769232 0
1539 1 0.195 0.9974999999999999 0.06333333413461538 0.7625 0.1333333341346154 0.6675 0.13 0.515 0.2466666658653846 0.62 0.2533333341346154 0.655 0.22333333413461537 0.745 0.22666666586538461 0.75 0.2433333341346154 0.8150000000000001 0.25 1 0.3256444423076923 1 0.195
1422 0.7525000000000001 0.22333333413461537 0.7474999999999999 0.26999999999999996 0.9974999999999999 0.40666666586538464 0.9974999999999999 0.3033333341346154 0.7525000000000001 0.22333333413461537
1885 1 0.4086407764423077 0.745 0.26999999999999996 0.745 0.3133333341346154 1 0.5278964399038462 1 0.4086407764423077
1885 0.38 0.3066666658653846 0.34500000000000003 0.31 0.34500000000000003 0.39333333413461535 0.36250000000000004 0.39666666586538457 0.39 0.4 0.42500000000000004 0.39333333413461535 0.6174999999999999 0.2533333341346154 0.515 0.2466666658653846 0.41750000000000004 0.3133333341346154 0.38 0.3066666658653846
1539 1 0.53 0.9974999999999999 0.53 0.745 0.3133333341346154 0.73 0.31 0.67 0.32333333413461535 0.605 0.3666666658653846 0.6024999999999999 0.4 0.7375 0.39666666586538457 0.7474999999999999 0.41333333413461537 0.7625 0.41666666586538464 0.7875000000000001 0.41666666586538464 1 0.732945735576923 1 0.53
792 1 0.7329069759615384 0.7875000000000001 0.41333333413461537 0.75 0.41333333413461537 0.74 0.39666666586538457 0.6 0.4 0.6024999999999999 0.37 0.435 0.4833333341346154 0.535 0.4833333341346154 0.6525 0.40666666586538464 0.7225 0.41000000000000003 0.7375 0.5033333341346153 0.9025 0.9233333341346154 1 0.8648333341346154 1 0.7329069759615384
792 0.6849999999999999 0.5133333341346155 0.7899999999999999 0.9933333341346154 0.8200000000000001 0.9766666658653846 0.9025 0.9233333341346154 0.74 0.51 0.6849999999999999 0.5133333341346155
1885 0.39499999999999996 0.67 0.415 0.67 0.41750000000000004 0.7066666658653846 0.455 0.7100000000000001 0.6525 0.5833333341346154 0.6975 0.5766666658653846 0.6875 0.5166666658653847 0.66 0.5166666658653847 0.44999999999999996 0.6533333341346155 0.39499999999999996 0.67
1422 0.7375 0.5033333341346153 0.905 0.9166666658653846 0.955 0.8866666658653847 0.7325 0.42 0.7250000000000001 0.42 0.7375 0.5033333341346153
1539 0.3925 0.1266666658653846 0.2625 0.07333333413461539 0.1575 0.14666666586538463 0.01 0.2933333341346154 0.005 0.3 0.007500000000000001 0.33999999999999997 0.3825 0.23666666586538462 0.535 0.12333333413461538 0.3925 0.1266666658653846
792 0.060000000000000005 0.62 0.0325 0.6333333341346153 0.005 0.63 0.0025 0.6866666658653846 0.005 0.8866666658653847 0.32 0.5266666658653846 0.35 0.49 0.38749999999999996 0.4233333341346154 0.3825 0.4 0.31 0.39333333413461535 0.3125 0.41666666586538464 0.2175 0.48000000000000004 0.215 0.49666666586538466 0.17250000000000001 0.5233333341346154 0.105 0.4933333341346154 0.0775 0.5033333341346153 0.0775 0.5433333341346154 0.060000000000000005 0.5533333341346154 0.060000000000000005 0.62
1885 0.435 0.4833333341346154 0.42 0.49666666586538466 0.34750000000000003 0.4933333341346154 0.34500000000000003 0.52 0.4325 0.52 0.4375 0.55 0.5375 0.4833333341346154 0.435 0.4833333341346154
1422 0.01 0.83 0.38 0.42666666586538465 0.3775 0.4 0.007500000000000001 0.7266666658653846 0.01 0.83
1298 0.11249999999999999 0.8500000000000001 0.105 0.8500000000000001 0.105 0.8633333341346153 0.10250000000000001 0.88 0.11249999999999999 0.8966666658653846 0.115 0.9133333341346154 0.115 0.9366666658653846 0.1225 0.9466666658653846 0.1275 0.9400000000000001 0.125 0.9333333341346154 0.125 0.92 0.1225 0.8999999999999999 0.125 0.8733333341346154 0.1275 0.87 0.1275 0.8533333341346154 0.12000000000000001 0.8500000000000001 0.12000000000000001 0.8466666658653845 0.11750000000000001 0.8366666658653846 0.115 0.83 0.11 0.83 0.1075 0.84 0.11249999999999999 0.8500000000000001
1298 0.7474999999999999 0.5700000000000001 0.75 0.5733333341346154 0.7474999999999999 0.5766666658653846 0.745 0.5933333341346153 0.745 0.6133333341346154 0.745 0.6266666658653846 0.7474999999999999 0.6133333341346154 0.7525000000000001 0.6166666658653847 0.755 0.63 0.755 0.61 0.755 0.5966666658653846 0.755 0.58 0.7525000000000001 0.5733333341346154 0.755 0.5733333341346154 0.755 0.5666666658653846 0.75 0.5633333341346154 0.7474999999999999 0.5700000000000001
1298 0.8425 0.83 0.8350000000000001 0.8333333341346154 0.8325 0.8433333341346153 0.8374999999999999 0.8566666658653846 0.8374999999999999 0.8733333341346154 0.8325 0.8966666658653846 0.8374999999999999 0.8999999999999999 0.84 0.9166666658653846 0.8425 0.91 0.8524999999999999 0.9033333341346155 0.8475 0.8999999999999999 0.8500000000000001 0.88 0.855 0.87 0.855 0.86 0.855 0.8366666658653846 0.8475 0.83 0.8500000000000001 0.8266666658653846 0.8500000000000001 0.8166666658653846 0.845 0.8133333341346154 0.84 0.8233333341346154 0.8425 0.83
1283 0.6799999999999999 0.8633333341346153 0.6775 0.8533333341346154 0.6825 0.8333333341346154 0.6825 0.8166666658653846 0.6799999999999999 0.8099999999999999 0.6799999999999999 0.8 0.6775 0.7966666658653847 0.6725 0.8 0.675 0.8099999999999999 0.6675 0.8200000000000001 0.6649999999999999 0.8266666658653846 0.67 0.8266666658653846 0.6725 0.84 0.6725 0.8566666658653846 0.6725 0.8633333341346153 0.67 0.8666666658653847 0.675 0.8633333341346153 0.6799999999999999 0.8633333341346153
171 0.3175 0.8200000000000001 0.31 0.8566666658653846 0.3525 0.8966666658653846 0.3825 0.8999999999999999 0.39 0.8999999999999999 0.41000000000000003 0.8033333341346154 0.4125 0.7466666658653847 0.44 0.72 0.4125 0.6933333341346154 0.40499999999999997 0.7033333341346153 0.4 0.73 0.3825 0.7333333341346153 0.3725 0.7433333341346154 0.36 0.7433333341346154 0.3525 0.7566666658653846 0.33249999999999996 0.78 0.33 0.8133333341346154 0.3175 0.8200000000000001
1648 0.4125 0.8133333341346154 0.3925 0.89 0.39 0.9266666658653846 0.375 0.9833333341346153 0.5175 0.99 0.5175 0.9366666658653846 0.6649999999999999 0.9533333341346153 0.6649999999999999 0.7833333341346154 0.6649999999999999 0.7333333341346153 0.5925 0.73 0.4475 0.8166666658653846 0.4125 0.8133333341346154
1885 0.005 0 0.0025 0.3 0.16 0.14 0.2575 0.0766666658653846 0.33416666826923075 0 0.005 0
738 0.9974999999999999 0.8633333341346153 0.7925 0.9933333341346154 0.9974999999999999 0.9966666658653847 0.9974999999999999 0.8633333341346153