227 0.0078125 0.45703125 0.00390625 0.84765625 0.51953125 0.83984375 0.640625 0.6953125 0.640625 0.57421875 0.6171875 0.56640625 0.61328125 0.546875 0.62109375 0.51953125 0.0078125 0.45703125
228 0.22265625 0.75 0.08203125 0.75390625 0.0078125 0.79296875 0.0078125 0.9921875 0.171875 0.99609375 0.2578125 0.91796875 0.23828125 0.890625 0.21484375 0.87890625 0.19140625 0.84375 0.19140625 0.81640625 0.2109375 0.78515625 0.21484375 0.76953125 0.2265625 0.76171875 0.22265625 0.75
227 0.640625 0.5703125 0.640625 0.64453125 0.76171875 0.6484375 0.7734375 0.4453125 0.01171875 0.421875 0.01171875 0.453125 0.6171875 0.51953125 0.62109375 0.56640625 0.640625 0.5703125
760 0.7109375 0.515625 0.640625 0.58984375 0.64453125 0.84765625 0.66796875 0.84375 0.75390625 0.671875 0.73828125 0.51953125 0.7109375 0.515625
760 0.44140625 0.75390625 0.17578125 0.9921875 0.4921875 0.9921875 0.49609375 0.74609375 0.44140625 0.75390625
675 1 0.24225983894230768 0.79296875 0.24609375 0.79296875 0.6328125 1 0.625 1 0.24225983894230768
170 1 0.609375 0.984375 0.609375 0.953125 0.60546875 0.875 0.61328125 0.81640625 0.625 0.8046875 0.65234375 0.8046875 0.7109375 0.81640625 0.76953125 0.84375 0.80859375 0.890625 0.8359375 0.890625 0.87890625 0.8828125 0.890625 0.875 0.92578125 0.91015625 0.9375 0.9765625 0.9375 1 0.9274553557692309 1 0.9114583317307693 0.9921875 0.8828125 0.9921875 0.8515625 1 0.8411458317307693 1 0.609375
806 0.9140625 0.625 0.91796875 0.6015625 0.9375 0.59375 0.94140625 0.56640625 0.9296875 0.5390625 0.921875 0.52734375 0.91015625 0.51171875 0.890625 0.50390625 0.87109375 0.50390625 0.85546875 0.51171875 0.8359375 0.515625 0.8125 0.54296875 0.80078125 0.5703125 0.7734375 0.59375 0.75 0.62109375 0.73828125 0.64453125 0.76171875 0.64453125 0.77734375 0.66015625 0.79296875 0.63671875 0.8125 0.62109375 0.83203125 0.60546875 0.84765625 0.6171875 0.875 0.6171875 0.890625 0.61328125 0.9140625 0.625
1942 1 0.1298828125 0.97265625 0.109375 0.94140625 0.09765625 0.9140625 0.09765625 0.890625 0.1015625 0.8671875 0.10546875 0.8359375 0.125 0.80859375 0.16015625 0.79296875 0.2109375 0.99609375 0.2109375 1 0.171875 1 0.1298828125
1643 0.33203125 0.18359375 0.15234375 0.046875 0.0078125 0.03515625 0.01171875 0.1875 0.125 0.19140625 0.2109375 0.2578125 0.2890625 0.32421875 0.4609375 0.43359375 0.7265625 0.4453125 0.43359375 0.26171875 0.33203125 0.18359375
1947 0.07818161298076923 0 0.08203125 0.265625 0.28125 0.265625 0.2850996370192308 0 0.07818161298076923 0
1901 0.00390625 0 0.0078125 0.578125 0.99609375 0.66015625 1 0.328125 1 0 0.00390625 0
792 1 0.80859375 0.99609375 0.625 0.0078125 0.578125 0.01171875 0.98828125 1 0.9921721201923077 1 0.80859375