227 0.37890625 0.51953125 0.38671875 0.546875 0.3828125 0.56640625 0.359375 0.57421875 0.359375 0.6953125 0.48046875 0.83984375 0.99609375 0.84765625 0.9921875 0.45703125 0.37890625 0.51953125
228 0.7734375 0.76171875 0.78515625 0.76953125 0.7890625 0.78515625 0.80859375 0.81640625 0.80859375 0.84375 0.78515625 0.87890625 0.76171875 0.890625 0.7421875 0.91796875 0.828125 0.99609375 0.9921875 0.9921875 0.9921875 0.79296875 0.91796875 0.75390625 0.77734375 0.75 0.7734375 0.76171875
227 0.37890625 0.56640625 0.3828125 0.51953125 0.98828125 0.453125 0.98828125 0.421875 0.2265625 0.4453125 0.23828125 0.6484375 0.359375 0.64453125 0.359375 0.5703125 0.37890625 0.56640625
760 0.26171875 0.51953125 0.24609375 0.671875 0.33203125 0.84375 0.35546875 0.84765625 0.359375 0.58984375 0.2890625 0.515625 0.26171875 0.51953125
760 0.50390625 0.74609375 0.5078125 0.9921875 0.82421875 0.9921875 0.55859375 0.75390625 0.50390625 0.74609375
675 0 0.625 0.20703125 0.6328125 0.20703125 0.24609375 0 0.24225983894230768 0 0.625
170 0 0.9274553557692309 0.0234375 0.9375 0.08984375 0.9375 0.125 0.92578125 0.1171875 0.890625 0.109375 0.87890625 0.109375 0.8359375 0.15625 0.80859375 0.18359375 0.76953125 0.1953125 0.7109375 0.1953125 0.65234375 0.18359375 0.625 0.125 0.61328125 0.046875 0.60546875 0.015625 0.609375 0 0.609375 0 0.8411458317307693 0.0078125 0.8515625 0.0078125 0.8828125 0 0.9114583317307693 0 0.9274553557692309
806 0.109375 0.61328125 0.125 0.6171875 0.15234375 0.6171875 0.16796875 0.60546875 0.1875 0.62109375 0.20703125 0.63671875 0.22265625 0.66015625 0.23828125 0.64453125 0.26171875 0.64453125 0.25 0.62109375 0.2265625 0.59375 0.19921875 0.5703125 0.1875 0.54296875 0.1640625 0.515625 0.14453125 0.51171875 0.12890625 0.50390625 0.109375 0.50390625 0.08984375 0.51171875 0.078125 0.52734375 0.0703125 0.5390625 0.05859375 0.56640625 0.0625 0.59375 0.08203125 0.6015625 0.0859375 0.625 0.109375 0.61328125
1942 0 0.171875 0.00390625 0.2109375 0.20703125 0.2109375 0.19140625 0.16015625 0.1640625 0.125 0.1328125 0.10546875 0.109375 0.1015625 0.0859375 0.09765625 0.05859375 0.09765625 0.02734375 0.109375 0 0.1298828125 0 0.171875
1643 0.56640625 0.26171875 0.2734375 0.4453125 0.5390625 0.43359375 0.7109375 0.32421875 0.7890625 0.2578125 0.875 0.19140625 0.98828125 0.1875 0.9921875 0.03515625 0.84765625 0.046875 0.66796875 0.18359375 0.56640625 0.26171875
1947 0.7149003629807692 0 0.71875 0.265625 0.91796875 0.265625 0.9218183870192308 0 0.7149003629807692 0
1901 0 0 0 0.328125 0.00390625 0.66015625 0.9921875 0.578125 0.99609375 0 0 0
792 0 0.9921721201923077 0.98828125 0.98828125 0.9921875 0.578125 0.00390625 0.625 0 0.80859375 0 0.9921721201923077