941 0.8212890625 0.9140625 0.8388671875 0.9348958341346154 0.841796875 0.9283854158653846 0.8349609375 0.9114583341346154 0.8369140625 0.8932291658653846 0.8408203125 0.8723958341346154 0.8271484375 0.87890625 0.826171875 0.8919270841346154 0.8095703125 0.8919270841346154 0.7705078125 0.8932291658653846 0.740234375 0.88671875 0.712890625 0.8658854158653846 0.6884765625 0.8502604158653846 0.658203125 0.8372395841346154 0.634765625 0.8190104158653846 0.6171875 0.8190104158653846 0.6318359375 0.8307291658653846 0.6640625 0.8502604158653846 0.6826171875 0.8580729158653846 0.6845703125 0.87109375 0.6728515625 0.8802083341346154 0.6455078125 0.87890625 0.6259765625 0.89453125 0.599609375 0.921875 0.623046875 0.9479166658653846 0.6484375 0.9518229158653846 0.66015625 0.9674479158653846 0.68359375 0.96875 0.7021484375 0.9518229158653846 0.7236328125 0.9309895841346154 0.734375 0.9114583341346154 0.7626953125 0.91796875 0.8037109375 0.9114583341346154 0.8212890625 0.9140625
1314 0.0556640625 0.2721354158653846 0.208984375 0.2734375 0.2060546875 0.13411458413461538 0.0537109375 0.1171875 0.0556640625 0.2721354158653846
1456 0.68359375 0 0.6796875 0.203125 0.6826171875 0.20703125 0.681640625 0.21223958413461538 0.6865234375 0.21614583413461538 0.6845703125 0.22265625 0.9375 0.20572916586538462 0.9384765625 0.20182291586538462 0.9365234375 0 0.68359375 0
1314 0.9990234375 0.2981770841346154 0.9990234375 0.20182291586538462 0.9404296875 0.20182291586538462 0.9404296875 0.2981770841346154 0.9990234375 0.2981770841346154
1314 0.998046875 0.30989583413461536 0.955078125 0.30989583413461536 0.9521484375 0.44921875 0.9990234375 0.45182291586538464 0.998046875 0.30989583413461536
256 0.904296875 0.39583333413461536 0.8955078125 0.39713541586538464 0.89453125 0.41666666586538464 0.9033203125 0.41536458413461536 0.904296875 0.39583333413461536
256 0.90234375 0.41796875 0.8955078125 0.41666666586538464 0.89453125 0.4375 0.90234375 0.43619791586538464 0.90234375 0.41796875
256 0.892578125 0.43229166586538464 0.89453125 0.4140625 0.88671875 0.4140625 0.884765625 0.4296875 0.892578125 0.43229166586538464
256 0.90234375 0.4375 0.8955078125 0.43880208413461536 0.89453125 0.45833333413461536 0.90234375 0.45703125 0.90234375 0.4375
256 0.892578125 0.453125 0.89453125 0.43359375 0.884765625 0.43229166586538464 0.8828125 0.45052083413461536 0.892578125 0.453125
256 0.880859375 0.453125 0.8837890625 0.43619791586538464 0.8720703125 0.43489583413461536 0.8681640625 0.45182291586538464 0.880859375 0.453125
256 0.90234375 0.45833333413461536 0.89453125 0.45833333413461536 0.892578125 0.47786458413461536 0.90234375 0.47786458413461536 0.90234375 0.45833333413461536
257 0.892578125 0.47395833413461536 0.892578125 0.45572916586538464 0.8798828125 0.45442708413461536 0.87890625 0.47526041586538464 0.892578125 0.47395833413461536
256 0.876953125 0.47395833413461536 0.87890625 0.45442708413461536 0.865234375 0.45442708413461536 0.8642578125 0.47265625 0.8759765625 0.47395833413461536 0.876953125 0.47395833413461536
256 0.8564453125 0.47395833413461536 0.86328125 0.47395833413461536 0.8642578125 0.453125 0.849609375 0.453125 0.8486328125 0.4609375 0.849609375 0.46223958413461536 0.853515625 0.46223958413461536 0.857421875 0.46614583413461536 0.8564453125 0.47395833413461536
1404 0.8505859375 0.36197916586538464 0.8486328125 0.35416666586538464 0.8427734375 0.34375 0.8291015625 0.34375 0.8291015625 0.35416666586538464 0.8232421875 0.35416666586538464 0.8212890625 0.36588541586538464 0.8232421875 0.3671875 0.818359375 0.37239583413461536 0.8212890625 0.38151041586538464 0.822265625 0.44401041586538464 0.822265625 0.44791666586538464 0.8212890625 0.453125 0.8212890625 0.45833333413461536 0.822265625 0.46875 0.8408203125 0.47395833413461536 0.8427734375 0.46614583413461536 0.8427734375 0.453125 0.8427734375 0.42838541586538464 0.8447265625 0.42708333413461536 0.845703125 0.38411458413461536 0.849609375 0.38151041586538464 0.8447265625 0.37239583413461536 0.8505859375 0.36848958413461536 0.8505859375 0.36197916586538464
1404 0.783203125 0.36328125 0.783203125 0.35546875 0.7734375 0.34375 0.7646484375 0.34635416586538464 0.759765625 0.359375 0.76171875 0.36197916586538464 0.763671875 0.36588541586538464 0.7568359375 0.37890625 0.7607421875 0.39192708413461536 0.759765625 0.39973958413461536 0.7587890625 0.44401041586538464 0.7568359375 0.44921875 0.7587890625 0.46744791586538464 0.77734375 0.46875 0.779296875 0.44791666586538464 0.7841796875 0.37760416586538464 0.7900390625 0.375 0.783203125 0.36328125
1404 0.736328125 0.35677083413461536 0.732421875 0.34635416586538464 0.724609375 0.33854166586538464 0.7119140625 0.35807291586538464 0.720703125 0.36458333413461536 0.716796875 0.37109375 0.716796875 0.37630208413461536 0.7197265625 0.37760416586538464 0.72265625 0.37630208413461536 0.7197265625 0.40755208413461536 0.71875 0.44401041586538464 0.7197265625 0.46223958413461536 0.73828125 0.46223958413461536 0.740234375 0.44661458413461536 0.7421875 0.37239583413461536 0.736328125 0.35677083413461536
1942 0.91796875 0.49348958413461536 0.92578125 0.20703125 0.6904296875 0.22526041586538462 0.6884765625 0.47005208413461536 0.91796875 0.49348958413461536
904 0.958984375 0.5455729158653846 0.96484375 0.546875 0.9638671875 0.55859375 0.958984375 0.5846354158653846 0.962890625 0.5885416658653846 0.96484375 0.5872395841346154 0.970703125 0.5494791658653846 0.978515625 0.55078125 0.9794921875 0.5481770841346154 0.9755859375 0.5364583341346154 0.9609375 0.5338541658653846 0.958984375 0.5455729158653846
1974 0.9482421875 0.60546875 0.9609375 0.61328125 0.9970703125 0.6145833341346154 0.998046875 0.5494791658653846 0.9970703125 0.5455729158653846 0.9892578125 0.5455729158653846 0.986328125 0.5494791658653846 0.9833984375 0.5325520841346154 0.9794921875 0.5325520841346154 0.978515625 0.5338541658653846 0.9794921875 0.55078125 0.9609375 0.5481770841346154 0.9482421875 0.5481770841346154 0.947265625 0.5455729158653846 0.939453125 0.5455729158653846 0.9384765625 0.5911458341346154 0.931640625 0.59765625 0.9306640625 0.6041666658653846 0.9482421875 0.60546875
1687 0.6083984375 0.07942708413461538 0.6103515625 0.04557291586538462 0.59375 0.03255208413461538 0.5791015625 0.03645833413461538 0.58203125 0.06640625 0.5888671875 0.06640625 0.5859375 0.07942708413461538 0.6083984375 0.07942708413461538
1687 0.57421875 0.03776041586538462 0.5751953125 0.028645834134615387 0.57421875 0.01171875 0.5625 0.0013020841346153846 0.5478515625 0 0.5380859375 0.013020834134615385 0.5400390625 0.03776041586538462 0.5380859375 0.06510416586538462 0.5322265625 0.07291666586538462 0.529296875 0.08463541586538462 0.5810546875 0.08072916586538462 0.58203125 0.078125 0.58203125 0.0703125 0.5791015625 0.06380208413461538 0.5771484375 0.05338541586538462 0.57421875 0.03776041586538462
1687 0.583984375 0.12239583413461538 0.5810546875 0.13020833413461538 0.580078125 0.140625 0.5810546875 0.15755208413461538 0.6083984375 0.15625 0.609375 0.1171875 0.6064453125 0.11458333413461538 0.5986328125 0.1171875 0.5927734375 0.1171875 0.58984375 0.10677083413461538 0.5859375 0.10807291586538462 0.5830078125 0.11458333413461538 0.583984375 0.12239583413461538
1687 0.5751953125 0.12630208413461538 0.5615234375 0.1171875 0.5498046875 0.10286458413461538 0.533203125 0.1015625 0.529296875 0.109375 0.5302734375 0.1171875 0.529296875 0.1328125 0.537109375 0.14453125 0.537109375 0.1484375 0.5341796875 0.15885416586538462 0.5546875 0.16015625 0.568359375 0.15755208413461538 0.5771484375 0.15755208413461538 0.578125 0.15625 0.5791015625 0.15625 0.5791015625 0.13151041586538462 0.5751953125 0.12630208413461538
279 0.5830078125 0.234375 0.6083984375 0.23307291586538462 0.609375 0.1875 0.5791015625 0.18880208413461538 0.5830078125 0.234375
118 0.576171875 0.21744791586538462 0.572265625 0.22135416586538462 0.572265625 0.22786458413461538 0.57421875 0.234375 0.5810546875 0.23567708413461538 0.5830078125 0.234375 0.58203125 0.23046875 0.58203125 0.2265625 0.5810546875 0.21614583413461538 0.5791015625 0.21614583413461538 0.576171875 0.21744791586538462
1687 0.5419921875 0.19921875 0.5380859375 0.20703125 0.529296875 0.23567708413461538 0.5498046875 0.234375 0.5634765625 0.23567708413461538 0.5625 0.22916666586538462 0.5634765625 0.21614583413461538 0.5634765625 0.2109375 0.5673828125 0.20442708413461538 0.568359375 0.18880208413461538 0.5634765625 0.17838541586538462 0.5576171875 0.171875 0.5478515625 0.17057291586538462 0.541015625 0.1796875 0.53515625 0.18880208413461538 0.537109375 0.19661458413461538 0.5419921875 0.19921875
1687 0.6015625 0.28125 0.6015625 0.2721354158653846 0.59765625 0.2734375 0.5888671875 0.26953125 0.587890625 0.2838541658653846 0.5771484375 0.3033854158653846 0.5791015625 0.30989583413461536 0.5869140625 0.30989583413461536 0.6083984375 0.30989583413461536 0.607421875 0.30859375 0.607421875 0.2942708341346154 0.6044921875 0.2903645841346154 0.6005859375 0.28515625 0.6015625 0.28125
1687 0.5712890625 0.2864583341346154 0.5673828125 0.2669270841346154 0.560546875 0.2630208341346154 0.5498046875 0.2682291658653846 0.54296875 0.2825520841346154 0.53515625 0.30859375 0.5380859375 0.3125 0.55078125 0.31119791586538464 0.5537109375 0.3059895841346154 0.55859375 0.30989583413461536 0.5634765625 0.30989583413461536 0.568359375 0.30989583413461536 0.5712890625 0.3046875 0.5751953125 0.3020833341346154 0.5712890625 0.2864583341346154
1804 0.5029296875 0.18880208413461538 0.5 0.1875 0.498046875 0.16666666586538462 0.4794921875 0.14583333413461538 0.46875 0.15234375 0.46875 0.16015625 0.466796875 0.16145833413461538 0.462890625 0.16927083413461538 0.4638671875 0.17057291586538462 0.4638671875 0.17708333413461538 0.466796875 0.18229166586538462 0.4736328125 0.17317708413461538 0.4794921875 0.1796875 0.474609375 0.18619791586538462 0.47265625 0.19661458413461538 0.470703125 0.21744791586538462 0.462890625 0.21354166586538462 0.4619140625 0.22265625 0.4697265625 0.22916666586538462 0.4736328125 0.23697916586538462 0.4833984375 0.23567708413461538 0.4833984375 0.24479166586538462 0.484375 0.2565104158653846 0.494140625 0.2565104158653846 0.4951171875 0.25390625 0.4951171875 0.23958333413461538 0.5029296875 0.23567708413461538 0.513671875 0.23567708413461538 0.513671875 0.234375 0.5146484375 0.18880208413461538 0.5107421875 0.18880208413461538 0.5029296875 0.18880208413461538
1687 0.4794921875 0.3125 0.4921875 0.30859375 0.4970703125 0.30078125 0.494140625 0.2890625 0.4892578125 0.2916666658653846 0.482421875 0.2942708341346154 0.482421875 0.2903645841346154 0.4853515625 0.2890625 0.4873046875 0.2877604158653846 0.4873046875 0.28125 0.48828125 0.2747395841346154 0.48828125 0.2721354158653846 0.4853515625 0.2669270841346154 0.4833984375 0.2669270841346154 0.484375 0.2578125 0.4814453125 0.2513020841346154 0.4765625 0.25 0.47265625 0.2526041658653846 0.462890625 0.2526041658653846 0.4619140625 0.28125 0.4638671875 0.30989583413461536 0.4794921875 0.3125
1687 0.4326171875 0.21223958413461538 0.431640625 0.20442708413461538 0.4248046875 0.18489583413461538 0.4296875 0.17447916586538462 0.42578125 0.171875 0.41796875 0.17708333413461538 0.4169921875 0.17447916586538462 0.4111328125 0.17317708413461538 0.408203125 0.171875 0.3974609375 0.1796875 0.392578125 0.17447916586538462 0.3916015625 0.17578125 0.3896484375 0.18359375 0.3896484375 0.1875 0.3896484375 0.19140625 0.3916015625 0.1953125 0.3935546875 0.20052083413461538 0.3935546875 0.21354166586538462 0.3935546875 0.22135416586538462 0.39453125 0.2265625 0.3984375 0.23046875 0.4072265625 0.23177083413461538 0.4228515625 0.23177083413461538 0.427734375 0.23046875 0.4296875 0.22395833413461538 0.4326171875 0.21223958413461538
654 0.373046875 0.20572916586538462 0.375 0.19791666586538462 0.37109375 0.18880208413461538 0.3642578125 0.18619791586538462 0.3583984375 0.19010416586538462 0.357421875 0.19401041586538462 0.357421875 0.20572916586538462 0.3525390625 0.21614583413461538 0.3525390625 0.22135416586538462 0.361328125 0.23046875 0.3798828125 0.22916666586538462 0.3779296875 0.22395833413461538 0.37890625 0.22135416586538462 0.3720703125 0.20833333413461538 0.373046875 0.20572916586538462
654 0.341796875 0.19921875 0.337890625 0.19270833413461538 0.3291015625 0.18229166586538462 0.318359375 0.16015625 0.322265625 0.1796875 0.3173828125 0.22005208413461538 0.3095703125 0.22786458413461538 0.30859375 0.23046875 0.3095703125 0.24348958413461538 0.3154296875 0.24348958413461538 0.318359375 0.24739583413461538 0.3115234375 0.2747395841346154 0.31640625 0.2864583341346154 0.3203125 0.2864583341346154 0.32421875 0.2825520841346154 0.3291015625 0.2916666658653846 0.337890625 0.2760416658653846 0.337890625 0.2526041658653846 0.3408203125 0.2552083341346154 0.3427734375 0.25390625 0.3447265625 0.2513020841346154 0.3447265625 0.24609375 0.3447265625 0.23697916586538462 0.341796875 0.23177083413461538 0.33984375 0.22395833413461538 0.33984375 0.21744791586538462 0.341796875 0.19921875
268 0.4423828125 0.27734375 0.443359375 0.2708333341346154 0.4404296875 0.2708333341346154 0.404296875 0.2682291658653846 0.4013671875 0.2916666658653846 0.412109375 0.2981770841346154 0.4169921875 0.3072916658653846 0.416015625 0.30989583413461536 0.443359375 0.30989583413461536 0.4423828125 0.27734375
1687 0.3447265625 0.2877604158653846 0.3408203125 0.2955729158653846 0.34375 0.30989583413461536 0.3681640625 0.30859375 0.37109375 0.30989583413461536 0.37109375 0.3072916658653846 0.37109375 0.30078125 0.373046875 0.29296875 0.3759765625 0.2903645841346154 0.3740234375 0.2825520841346154 0.3671875 0.28515625 0.36328125 0.28125 0.3564453125 0.2786458341346154 0.3515625 0.28125 0.3447265625 0.2877604158653846
1687 0.392578125 0.2526041658653846 0.38671875 0.24869791586538462 0.380859375 0.24479166586538462 0.369140625 0.25 0.3623046875 0.2552083341346154 0.361328125 0.2604166658653846 0.3603515625 0.2643229158653846 0.3603515625 0.26953125 0.3623046875 0.2760416658653846 0.365234375 0.28125 0.375 0.28125 0.376953125 0.2864583341346154 0.3720703125 0.3072916658653846 0.376953125 0.3059895841346154 0.3779296875 0.30989583413461536 0.412109375 0.30989583413461536 0.4169921875 0.30989583413461536 0.4150390625 0.3020833341346154 0.400390625 0.2916666658653846 0.39453125 0.2916666658653846 0.39453125 0.28515625 0.3984375 0.27734375 0.3984375 0.2682291658653846 0.396484375 0.2604166658653846 0.392578125 0.2526041658653846
1244 0.3125 0.13802083413461538 0.3193359375 0.1328125 0.3173828125 0.12369791586538462 0.3310546875 0.10546875 0.30078125 0.10807291586538462 0.2890625 0.1015625 0.2646484375 0.0859375 0.2490234375 0.08854166586538462 0.2548828125 0.10286458413461538 0.271484375 0.12760416586538462 0.2734375 0.16927083413461538 0.2783203125 0.16666666586538462 0.275390625 0.12890625 0.3046875 0.12369791586538462 0.3125 0.13802083413461538
954 0.521484375 0.171875 0.6103515625 0.16666666586538462 0.63671875 0.17057291586538462 0.6376953125 0.016927084134615387 0.6103515625 0.009114584134615385 0.607421875 0.07942708413461538 0.53515625 0.08203125 0.5380859375 0.022135415865384613 0.5234375 0.01953125 0.521484375 0.171875
1520 0.5224609375 0.17447916586538462 0.521484375 0.32161458413461536 0.607421875 0.32161458413461536 0.6357421875 0.32161458413461536 0.63671875 0.17057291586538462 0.6103515625 0.16796875 0.6083984375 0.23307291586538462 0.5439453125 0.23567708413461538 0.5439453125 0.17447916586538462 0.5224609375 0.17447916586538462
1520 0.4609375 0.31770833413461536 0.5185546875 0.32161458413461536 0.521484375 0.17057291586538462 0.515625 0.17057291586538462 0.5146484375 0.234375 0.4658203125 0.23307291586538462 0.46484375 0.17057291586538462 0.4599609375 0.16927083413461538 0.4609375 0.31770833413461536
1520 0.32421875 0.15364583413461538 0.2822265625 0.15625 0.2822265625 0.32161458413461536 0.3212890625 0.32161458413461536 0.4599609375 0.32161458413461536 0.4580078125 0.16666666586538462 0.421875 0.16927083413461538 0.4208984375 0.23177083413461538 0.3212890625 0.22786458413461538 0.32421875 0.15364583413461538
1687 0.5869140625 0.43098958413461536 0.580078125 0.41666666586538464 0.5771484375 0.41666666586538464 0.572265625 0.42057291586538464 0.5595703125 0.41796875 0.5576171875 0.41536458413461536 0.5517578125 0.4140625 0.5458984375 0.42317708413461536 0.5458984375 0.4296875 0.548828125 0.43359375 0.5478515625 0.4453125 0.55078125 0.453125 0.5419921875 0.4609375 0.541015625 0.47005208413461536 0.54296875 0.48828125 0.5478515625 0.49479166586538464 0.5498046875 0.49479166586538464 0.5888671875 0.49609375 0.5888671875 0.48697916586538464 0.591796875 0.48307291586538464 0.5810546875 0.45703125 0.576171875 0.45442708413461536 0.5791015625 0.43880208413461536 0.5869140625 0.4375 0.5869140625 0.43098958413461536
1687 0.36328125 0.44270833413461536 0.3564453125 0.44401041586538464 0.3564453125 0.42708333413461536 0.3505859375 0.42317708413461536 0.345703125 0.44010416586538464 0.337890625 0.48828125 0.33984375 0.48828125 0.33984375 0.49609375 0.3427734375 0.5013020841346154 0.3505859375 0.5 0.3505859375 0.49479166586538464 0.3505859375 0.48697916586538464 0.359375 0.47005208413461536 0.36328125 0.46614583413461536 0.365234375 0.45572916586538464 0.3681640625 0.45052083413461536 0.36328125 0.44270833413461536
1810 0.029296875 0.45963541586538464 0.0244140625 0.45833333413461536 0.0234375 0.46354166586538464 0.0009765625 0.45833333413461536 0.0009765625 0.5 0.009765625 0.5052083341346154 0.02734375 0.5052083341346154 0.03125 0.5026041658653846 0.033203125 0.5013020841346154 0.0341796875 0.49869791586538464 0.037109375 0.49739583413461536 0.0390625 0.49739583413461536 0.0400390625 0.49609375 0.041015625 0.48958333413461536 0.0380859375 0.48697916586538464 0.0380859375 0.484375 0.0341796875 0.48307291586538464 0.03515625 0.47916666586538464 0.033203125 0.47135416586538464 0.029296875 0.46484375 0.029296875 0.45963541586538464
1757 0.072265625 0.47786458413461536 0.0673828125 0.4765625 0.0595703125 0.484375 0.0380859375 0.47786458413461536 0.041015625 0.484375 0.0419921875 0.48958333413461536 0.0419921875 0.49739583413461536 0.091796875 0.5052083341346154 0.0927734375 0.5716145841346154 0.1708984375 0.5677083341346154 0.169921875 0.56640625 0.1640625 0.5598958341346154 0.16015625 0.5546875 0.1572265625 0.5481770841346154 0.15234375 0.546875 0.146484375 0.54296875 0.1416015625 0.5390625 0.1416015625 0.53515625 0.1416015625 0.52734375 0.1396484375 0.5169270841346154 0.1357421875 0.51171875 0.1337890625 0.5052083341346154 0.1279296875 0.49479166586538464 0.1259765625 0.49088541586538464 0.126953125 0.48177083413461536 0.126953125 0.47395833413461536 0.125 0.46354166586538464 0.123046875 0.453125 0.1171875 0.44921875 0.0908203125 0.46744791586538464 0.0830078125 0.46614583413461536 0.072265625 0.47786458413461536
124 0.263671875 0.5625 0.1884765625 0.5677083341346154 0.181640625 0.5364583341346154 0.169921875 0.5234375 0.1396484375 0.5221354158653846 0.0634765625 0.4765625 0.0322265625 0.44661458413461536 0.021484375 0.4453125 0.015625 0.44661458413461536 0.00390625 0.45572916586538464 0.0087890625 0.45833333413461536 0.0205078125 0.45963541586538464 0.0302734375 0.46484375 0.0361328125 0.47916666586538464 0.041015625 0.49609375 0.0908203125 0.5052083341346154 0.0927734375 0.5729166658653846 0.091796875 0.703125 0.103515625 0.7018229158653846 0.1044921875 0.6432291658653846 0.10546875 0.6432291658653846 0.13671875 0.6354166658653846 0.138671875 0.6315104158653846 0.1328125 0.6223958341346154 0.1376953125 0.6197916658653846 0.2001953125 0.5950520841346154 0.2158203125 0.5963541658653846 0.2197265625 0.5911458341346154 0.2392578125 0.5911458341346154 0.2412109375 0.5807291658653846 0.2744140625 0.5807291658653846 0.263671875 0.5625
880 0.267578125 0.43880208413461536 0.2607421875 0.42578125 0.2470703125 0.4140625 0.244140625 0.42057291586538464 0.2392578125 0.42057291586538464 0.2236328125 0.41927083413461536 0.2109375 0.42578125 0.203125 0.43229166586538464 0.1953125 0.44270833413461536 0.19140625 0.45052083413461536 0.1904296875 0.49348958413461536 0.1943359375 0.50390625 0.205078125 0.5208333341346154 0.208984375 0.52734375 0.208984375 0.53515625 0.2177734375 0.5390625 0.2265625 0.5403645841346154 0.2255859375 0.5572916658653846 0.21875 0.5598958341346154 0.2177734375 0.5638020841346154 0.2421875 0.5625 0.2421875 0.5611979158653846 0.234375 0.5533854158653846 0.234375 0.5377604158653846 0.2470703125 0.53515625 0.2685546875 0.5143229158653846 0.2763671875 0.4921875 0.275390625 0.4609375 0.267578125 0.43880208413461536
462 0.3046875 0.51953125 0.3076171875 0.5403645841346154 0.3076171875 0.5455729158653846 0.3173828125 0.5572916658653846 0.3173828125 0.5611979158653846 0.3271484375 0.5638020841346154 0.341796875 0.5572916658653846 0.3447265625 0.55859375 0.349609375 0.55859375 0.349609375 0.5546875 0.349609375 0.5442708341346154 0.3515625 0.5338541658653846 0.34765625 0.51953125 0.341796875 0.5104166658653846 0.3271484375 0.49869791586538464 0.3232421875 0.49739583413461536 0.322265625 0.49348958413461536 0.3193359375 0.49348958413461536 0.31640625 0.49479166586538464 0.3134765625 0.50390625 0.306640625 0.51171875 0.3046875 0.51953125
279 0.333984375 0.5013020841346154 0.3349609375 0.49869791586538464 0.3447265625 0.44010416586538464 0.296875 0.43229166586538464 0.2939453125 0.44401041586538464 0.28515625 0.44270833413461536 0.2841796875 0.44661458413461536 0.2763671875 0.44661458413461536 0.2744140625 0.453125 0.27734375 0.46614583413461536 0.27734375 0.4921875 0.2646484375 0.51953125 0.248046875 0.5364583341346154 0.2353515625 0.5377604158653846 0.2353515625 0.5533854158653846 0.2451171875 0.5611979158653846 0.271484375 0.5638020841346154 0.2734375 0.5611979158653846 0.2744140625 0.5559895841346154 0.30859375 0.55078125 0.306640625 0.5455729158653846 0.3037109375 0.515625 0.310546875 0.5026041658653846 0.3154296875 0.4921875 0.3232421875 0.49348958413461536 0.333984375 0.5013020841346154
1802 0.3466796875 0.390625 0.3427734375 0.390625 0.3359375 0.39192708413461536 0.3330078125 0.40494791586538464 0.3271484375 0.43489583413461536 0.34375 0.4375 0.349609375 0.421875 0.349609375 0.4140625 0.349609375 0.40625 0.3427734375 0.40364583413461536 0.3466796875 0.40234375 0.3466796875 0.39713541586538464 0.3466796875 0.390625
1979 0.396484375 0.60546875 0.4384765625 0.6041666658653846 0.439453125 0.58984375 0.43359375 0.5755208341346154 0.4296875 0.57421875 0.318359375 0.5807291658653846 0.318359375 0.5846354158653846 0.3798828125 0.5859375 0.396484375 0.5924479158653846 0.3984375 0.59765625 0.396484375 0.60546875
894 0.3193359375 0.6171875 0.34375 0.6171875 0.388671875 0.62109375 0.39453125 0.6171875 0.396484375 0.5950520841346154 0.380859375 0.5859375 0.36328125 0.5859375 0.3173828125 0.5833333341346154 0.310546875 0.5833333341346154 0.2421875 0.58203125 0.2412109375 0.5911458341346154 0.2998046875 0.6002604158653846 0.3046875 0.6106770841346154 0.314453125 0.6106770841346154 0.3193359375 0.6171875
942 0.2890625 0.6106770841346154 0.2880859375 0.62109375 0.296875 0.6223958341346154 0.2978515625 0.6302083341346154 0.314453125 0.62890625 0.31640625 0.6263020841346154 0.3154296875 0.625 0.318359375 0.6223958341346154 0.3193359375 0.6197916658653846 0.3193359375 0.61328125 0.32421875 0.6119791658653846 0.3251953125 0.6080729158653846 0.322265625 0.6041666658653846 0.318359375 0.6002604158653846 0.3134765625 0.6028645841346154 0.306640625 0.6028645841346154 0.3037109375 0.6028645841346154 0.3017578125 0.609375 0.2958984375 0.6145833341346154 0.2890625 0.6106770841346154
1802 0.19921875 0.59375 0.140625 0.6197916658653846 0.13671875 0.64453125 0.162109375 0.6484375 0.1728515625 0.6458333341346154 0.17578125 0.6484375 0.1826171875 0.6458333341346154 0.1884765625 0.640625 0.197265625 0.6354166658653846 0.2021484375 0.6276041658653846 0.203125 0.6106770841346154 0.212890625 0.59765625 0.19921875 0.59375
1305 0.2548828125 0.6458333341346154 0.2685546875 0.6432291658653846 0.2734375 0.6419270841346154 0.2841796875 0.6341145841346154 0.283203125 0.6171875 0.26953125 0.6067708341346154 0.24609375 0.5950520841346154 0.2431640625 0.5924479158653846 0.2353515625 0.5924479158653846 0.220703125 0.5950520841346154 0.205078125 0.609375 0.2021484375 0.61328125 0.2021484375 0.6263020841346154 0.1904296875 0.6432291658653846 0.193359375 0.6471354158653846 0.201171875 0.6419270841346154 0.2080078125 0.64453125 0.2548828125 0.6458333341346154
1765 0.2822265625 0.70703125 0.2451171875 0.71875 0.244140625 0.7513020841346154 0.3173828125 0.7643229158653846 0.35546875 0.7486979158653846 0.35546875 0.7200520841346154 0.2822265625 0.70703125
1654 0.0927734375 0.9674479158653846 0.0791015625 0.9791666658653846 0.0751953125 0.984375 0.076171875 0.99609375 0.158203125 0.9986979158653846 0.1640625 0.99609375 0.1650390625 0.9908854158653846 0.1640625 0.9817708341346154 0.1640625 0.9765625 0.162109375 0.9713541658653846 0.15625 0.9635416658653846 0.14453125 0.9609375 0.12890625 0.9596354158653846 0.11328125 0.9609375 0.0927734375 0.9674479158653846
1802 0.3583984375 0.73828125 0.396484375 0.7369791658653846 0.4072265625 0.7252604158653846 0.40625 0.6328125 0.341796875 0.6484375 0.33984375 0.7135416658653846 0.35546875 0.7161458341346154 0.3583984375 0.73828125
730 0.2685546875 0.5638020841346154 0.275390625 0.5807291658653846 0.3857421875 0.5729166658653846 0.38671875 0.5559895841346154 0.3525390625 0.5494791658653846 0.30859375 0.55078125 0.2119140625 0.5572916658653846 0.189453125 0.55859375 0.1904296875 0.5651041658653846 0.265625 0.5611979158653846 0.2685546875 0.5638020841346154
692 0.08984375 0.5052083341346154 0.0390625 0.49739583413461536 0.0009765625 0.49609375 0.0009765625 0.9934895841346154 0.087890625 0.9544270841346154 0.08984375 0.703125 0.08984375 0.5052083341346154
1329 0.4970703125 0.46744791586538464 0.5087890625 0.45963541586538464 0.5302734375 0.44791666586538464 0.529296875 0.44140625 0.51171875 0.42578125 0.501953125 0.42057291586538464 0.46875 0.41927083413461536 0.458984375 0.41796875 0.4140625 0.43098958413461536 0.396484375 0.44140625 0.37890625 0.44791666586538464 0.36328125 0.45703125 0.36328125 0.4609375 0.369140625 0.47395833413461536 0.3779296875 0.47916666586538464 0.3876953125 0.48307291586538464 0.404296875 0.4765625 0.412109375 0.47916666586538464 0.4326171875 0.484375 0.4501953125 0.47526041586538464 0.470703125 0.47135416586538464 0.4873046875 0.47005208413461536 0.4970703125 0.46744791586538464
504 0.740234375 0.6393229158653846 0.748046875 0.6080729158653846 0.767578125 0.5690104158653846 0.8447265625 0.54296875 0.84375 0.51953125 0.7470703125 0.49739583413461536 0.59375 0.49479166586538464 0.58984375 0.49609375 0.5478515625 0.49609375 0.5419921875 0.48697916586538464 0.5380859375 0.46354166586538464 0.5263671875 0.453125 0.4970703125 0.47005208413461536 0.4794921875 0.47135416586538464 0.453125 0.47526041586538464 0.4296875 0.48697916586538464 0.404296875 0.47786458413461536 0.38671875 0.484375 0.3671875 0.51171875 0.359375 0.5221354158653846 0.353515625 0.5455729158653846 0.388671875 0.5559895841346154 0.3876953125 0.5729166658653846 0.4345703125 0.5716145841346154 0.4404296875 0.59375 0.474609375 0.5989583341346154 0.4736328125 0.6145833341346154 0.5048828125 0.6171875 0.619140625 0.6315104158653846 0.7265625 0.6432291658653846 0.740234375 0.6393229158653846
207 0.8212890625 0.47265625 0.8037109375 0.47395833413461536 0.7890625 0.48046875 0.591796875 0.47135416586538464 0.5419921875 0.46223958413461536 0.4892578125 0.44401041586538464 0.3623046875 0.46614583413461536 0.3583984375 0.4453125 0.3505859375 0.40494791586538464 0.3310546875 0.40494791586538464 0.3349609375 0.5026041658653846 0.34765625 0.5169270841346154 0.3515625 0.53125 0.3505859375 0.5481770841346154 0.3857421875 0.55859375 0.38671875 0.5729166658653846 0.4326171875 0.5716145841346154 0.44140625 0.5950520841346154 0.47265625 0.6002604158653846 0.4736328125 0.6796875 0.69921875 0.7135416658653846 0.740234375 0.6927083341346154 0.8232421875 0.65234375 0.8232421875 0.6484375 0.8212890625 0.6315104158653846 0.8408203125 0.6223958341346154 0.8427734375 0.63671875 0.845703125 0.6354166658653846 0.8603515625 0.6002604158653846 0.859375 0.484375 0.857421875 0.47916666586538464 0.857421875 0.4765625 0.857421875 0.47135416586538464 0.857421875 0.46614583413461536 0.8544921875 0.46354166586538464 0.849609375 0.46354166586538464 0.8466796875 0.46484375 0.841796875 0.47395833413461536 0.8212890625 0.47265625
357 0.9794921875 0.6302083341346154 0.970703125 0.6302083341346154 0.955078125 0.6419270841346154 0.9580078125 0.67578125 0.998046875 0.6796875 0.9970703125 0.6458333341346154 0.994140625 0.6341145841346154 0.9873046875 0.6341145841346154 0.9794921875 0.6302083341346154
257 0.9296875 0.6041666658653846 0.921875 0.60546875 0.9189453125 0.6119791658653846 0.9189453125 0.6197916658653846 0.9013671875 0.6236979158653846 0.9013671875 0.6328125 0.9150390625 0.640625 0.919921875 0.6510416658653846 0.9541015625 0.65234375 0.95703125 0.6380208341346154 0.96484375 0.6315104158653846 0.962890625 0.6171875 0.9501953125 0.60546875 0.94140625 0.6041666658653846 0.9296875 0.6041666658653846
107 0.91796875 0.6510416658653846 0.9140625 0.6419270841346154 0.9013671875 0.6328125 0.8681640625 0.6223958341346154 0.86328125 0.609375 0.876953125 0.6106770841346154 0.8779296875 0.60546875 0.8720703125 0.5989583341346154 0.869140625 0.5989583341346154 0.8681640625 0.5989583341346154 0.857421875 0.6002604158653846 0.8525390625 0.59765625 0.84765625 0.59765625 0.8447265625 0.6015625 0.8232421875 0.6041666658653846 0.8232421875 0.6106770841346154 0.8466796875 0.6119791658653846 0.8505859375 0.63671875 0.8466796875 0.63671875 0.8388671875 0.6354166658653846 0.8330078125 0.6393229158653846 0.833984375 0.64453125 0.845703125 0.6549479158653846 0.85546875 0.6549479158653846 0.8603515625 0.6666666658653846 0.8525390625 0.6666666658653846 0.8095703125 0.66796875 0.8095703125 0.6731770841346154 0.8173828125 0.6770833341346154 0.8388671875 0.6770833341346154 0.8388671875 0.6796875 0.8359375 0.69140625 0.841796875 0.6979166658653846 0.845703125 0.6940104158653846 0.8525390625 0.6927083341346154 0.8544921875 0.6861979158653846 0.86328125 0.6848958341346154 0.859375 0.6770833341346154 0.869140625 0.6770833341346154 0.88671875 0.6822916658653846 0.888671875 0.703125 0.890625 0.70703125 0.896484375 0.7083333341346154 0.9091796875 0.7096354158653846 0.9140625 0.7057291658653846 0.9130859375 0.6901041658653846 0.91015625 0.6809895841346154 0.919921875 0.6705729158653846 0.9306640625 0.6666666658653846 0.927734375 0.66015625 0.9208984375 0.66015625 0.91796875 0.6510416658653846
1810 0.83984375 0.7395833341346154 0.8505859375 0.7408854158653846 0.8623046875 0.7356770841346154 0.873046875 0.7278645841346154 0.873046875 0.7239583341346154 0.873046875 0.7161458341346154 0.873046875 0.7109375 0.8720703125 0.7083333341346154 0.8701171875 0.7044270841346154 0.8681640625 0.7005208341346154 0.865234375 0.6966145841346154 0.865234375 0.6901041658653846 0.865234375 0.6848958341346154 0.8583984375 0.6848958341346154 0.85546875 0.6875 0.8525390625 0.6927083341346154 0.8486328125 0.6953125 0.845703125 0.6966145841346154 0.8388671875 0.69921875 0.8388671875 0.7018229158653846 0.8359375 0.70703125 0.8291015625 0.7109375 0.828125 0.7174479158653846 0.826171875 0.7317708341346154 0.82421875 0.7317708341346154 0.82421875 0.7278645841346154 0.82421875 0.7161458341346154 0.8154296875 0.7135416658653846 0.802734375 0.7161458341346154 0.802734375 0.7291666658653846 0.7958984375 0.7291666658653846 0.7919921875 0.7356770841346154 0.791015625 0.7109375 0.794921875 0.70703125 0.794921875 0.6979166658653846 0.775390625 0.6966145841346154 0.7734375 0.69921875 0.771484375 0.7174479158653846 0.7568359375 0.7161458341346154 0.7568359375 0.7096354158653846 0.7509765625 0.7096354158653846 0.7509765625 0.7174479158653846 0.7470703125 0.7174479158653846 0.74609375 0.71484375 0.74609375 0.6979166658653846 0.740234375 0.6966145841346154 0.73828125 0.7005208341346154 0.73828125 0.7161458341346154 0.7353515625 0.7161458341346154 0.7333984375 0.7356770841346154 0.7275390625 0.73828125 0.7216796875 0.7395833341346154 0.7216796875 0.7434895841346154 0.7294921875 0.7434895841346154 0.7333984375 0.7486979158653846 0.736328125 0.7513020841346154 0.7412109375 0.7526041658653846 0.74609375 0.7513020841346154 0.7490234375 0.7486979158653846 0.7607421875 0.75 0.76171875 0.7513020841346154 0.7626953125 0.7526041658653846 0.76953125 0.7526041658653846 0.7734375 0.75390625 0.7734375 0.7486979158653846 0.7783203125 0.7473958341346154 0.78125 0.7526041658653846 0.787109375 0.7526041658653846 0.791015625 0.75 0.798828125 0.7526041658653846 0.80859375 0.74609375 0.8125 0.75 0.8212890625 0.7513020841346154 0.82421875 0.74609375 0.8291015625 0.74609375 0.8359375 0.7473958341346154 0.83984375 0.7395833341346154
1329 0.9970703125 0.9609375 0.9970703125 0.9075520841346154 0.966796875 0.9466145841346154 0.990234375 0.9609375 0.9970703125 0.9661458341346154 0.9970703125 0.9635416658653846 0.9970703125 0.9609375
730 0.8779296875 0.9596354158653846 0.615234375 0.9049479158653846 0.5244140625 0.97265625 0.5244140625 0.9986979158653846 0.876953125 0.9986979158653846 0.876953125 0.9973958341346154 0.8779296875 0.9596354158653846
1708 0.947265625 0.8984375 0.9482421875 0.8984375 0.990234375 0.8528645841346154 0.998046875 0.8541666658653846 0.9990234375 0.6171875 0.904296875 0.609375 0.833984375 0.6471354158653846 0.5634765625 0.7734375 0.5625 0.8971354158653846 0.8798828125 0.9609375 0.939453125 0.9739583341346154 0.9462890625 0.96875 0.947265625 0.8984375
1669 0.103515625 0.9388020841346154 0.13671875 0.9583333341346154 0.224609375 0.98828125 0.4755859375 0.8645833341346154 0.4716796875 0.6002604158653846 0.3857421875 0.57421875 0.1357421875 0.6354166658653846 0.10546875 0.64453125 0.103515625 0.9388020841346154
1665 0.3251953125 0.7864583341346154 0.3505859375 0.7903645841346154 0.3525390625 0.8815104158653846 0.4501953125 0.8372395841346154 0.4501953125 0.7513020841346154 0.4296875 0.7447916658653846 0.3251953125 0.7864583341346154
1665 0.322265625 0.7864583341346154 0.2421875 0.8151041658653846 0.2421875 0.828125 0.2431640625 0.9322916658653846 0.3515625 0.8841145841346154 0.3486328125 0.7916666658653846 0.322265625 0.7864583341346154
1661 0.1962890625 0.98828125 0.2060546875 0.9973958341346154 0.2197265625 0.9934895841346154 0.2177734375 0.78125 0.21875 0.7395833341346154 0.2158203125 0.7330729158653846 0.1962890625 0.7213541658653846 0.109375 0.7044270841346154 0.0986328125 0.703125 0.0888671875 0.7044270841346154 0.0029296875 0.7252604158653846 0.0009765625 0.9440104158653846 0.07421875 0.9700520841346154 0.07421875 0.9973958341346154 0.0966796875 0.99609375 0.1005859375 0.9635416658653846 0.1943359375 0.9296875 0.1962890625 0.98828125
1885 0.0009765625 0 0.0009765625 0.45703125 0.0498046875 0.45703125 0.0654296875 0.47526041586538464 0.0830078125 0.46354166586538464 0.0927734375 0.46354166586538464 0.1162109375 0.44401041586538464 0.1279296875 0.45703125 0.1298828125 0.48828125 0.138671875 0.5104166658653846 0.1416015625 0.5221354158653846 0.1748046875 0.5221354158653846 0.1826171875 0.5325520841346154 0.1904296875 0.5546875 0.212890625 0.5533854158653846 0.205078125 0.5325520841346154 0.203125 0.51953125 0.1875 0.49479166586538464 0.1884765625 0.44661458413461536 0.2177734375 0.41666666586538464 0.2255859375 0.4140625 0.2392578125 0.4140625 0.2470703125 0.41145833413461536 0.2568359375 0.41666666586538464 0.2763671875 0.44140625 0.291015625 0.43880208413461536 0.296875 0.42838541586538464 0.3232421875 0.43359375 0.3330078125 0.38802083413461536 0.3466796875 0.38671875 0.35546875 0.40885416586538464 0.359375 0.43880208413461536 0.3671875 0.44270833413461536 0.369140625 0.44791666586538464 0.412109375 0.42838541586538464 0.455078125 0.41536458413461536 0.50390625 0.41536458413461536 0.53125 0.43489583413461536 0.5322265625 0.45182291586538464 0.5419921875 0.45833333413461536 0.5478515625 0.45182291586538464 0.5439453125 0.4375 0.541015625 0.42447916586538464 0.5458984375 0.41666666586538464 0.5517578125 0.41015625 0.560546875 0.41145833413461536 0.5673828125 0.41666666586538464 0.5732421875 0.4140625 0.578125 0.41276041586538464 0.5869140625 0.41536458413461536 0.5888671875 0.43098958413461536 0.587890625 0.44010416586538464 0.5810546875 0.44140625 0.580078125 0.45182291586538464 0.5908203125 0.46744791586538464 0.6875 0.47005208413461536 0.6875 0.2265625 0.6806640625 0.22265625 0.6826171875 0.21875 0.677734375 0.20963541586538462 0.6767578125 0.20182291586538462 0.6806390216346153 0 0.0009765625 0
1885 0.9384765625 0 0.939453125 0.20833333413461538 0.9287109375 0.20833333413461538 0.919921875 0.49609375 0.8623046875 0.4921875 0.86328125 0.59765625 0.87109375 0.62109375 0.87890625 0.62109375 0.9052734375 0.60546875 0.9169921875 0.6067708341346154 0.9267578125 0.6028645841346154 0.927734375 0.59375 0.9365234375 0.5885416658653846 0.9384765625 0.5403645841346154 0.947265625 0.5403645841346154 0.9501953125 0.5455729158653846 0.998046875 0.5442708341346154 0.9990234375 0 0.9384765625 0
792 0.1689453125 0.9700520841346154 0.0595703125 0.96875 0 0.9973958341346154 0.435546875 1 0.5205078125 0.9986979158653846 0.521484375 0.9713541658653846 0.6044921875 0.9088541658653846 0.560546875 0.8997395841346154 0.5615234375 0.7708333341346154 0.681640625 0.7161458341346154 0.4755859375 0.68359375 0.4765625 0.8645833341346154 0.2236328125 0.9908854158653846 0.1689453125 0.9700520841346154
792 0.9423828125 0.97265625 0.8828125 0.9609375 0.8798828125 0.9986979158653846 0.998046875 0.9973958341346154 0.9990234375 0.8541666658653846 0.994140625 0.8528645841346154 0.953125 0.8958333341346154 0.9501953125 0.9661458341346154 0.9423828125 0.97265625
1469 0.671875 0.7161458341346154 0.4775390625 0.6848958341346154 0.478515625 0.8658854158653846 0.51953125 0.8723958341346154 0.5576171875 0.8815104158653846 0.55859375 0.7682291658653846 0.671875 0.7161458341346154