402 0.0019522115384615383 0 0 0.22729540865384615 0 0.30348661057692305 0.8653594759615384 0.42714570913461536 0.9928104567307692 0.2904191610576923 0.9967320264423076 0.001996007211538462 0.3335511971153846 0 0.0019522115384615383 0
402 0.25620915144230766 0.45209580769230767 0.23137254807692306 0.43712574759615386 0.20457516346153845 0.43712574759615386 0.17254901923076923 0.45309381249999997 0.14836601201923078 0.4720558894230769 0.12549019711538462 0.5019960072115385 0.11111111057692308 0.5179640721153846 0.11241830048076923 0.5429141706730769 0.11830065384615383 0.5499001995192307 0.32091503365384616 0.5608782427884615 0.3241830072115385 0.5359281442307693 0.2967320264423077 0.48802395192307696 0.25620915144230766 0.45209580769230767
1942 0.17516339903846154 0.589820358173077 0.1732026153846154 0.7185628749999999 0.2169934639423077 0.7185628749999999 0.21895424759615387 0.5908183629807693 0.17516339903846154 0.589820358173077
1942 0.23333333413461538 0.7165668653846153 0.2705882355769231 0.7165668653846153 0.2679738557692308 0.593812375 0.23333333413461538 0.5918163677884615 0.23333333413461538 0.7165668653846153
1195 0.36470588221153843 0.5009980048076923 0.37581699278846153 0.5239520961538461 0.3869281057692308 0.550898204326923 0.39215686298076924 0.5698602788461539 0.39934640625 0.5489021947115384 0.40849673317307694 0.5209580841346153 0.42614379086538456 0.48602794471153843 0.4228758173076923 0.402195608173077 0.42810457451923073 0.40019960096153845 0.42810457451923073 0.3892215576923077 0.35490196153846154 0.3812375240384615 0.34509803846153847 0.38223552884615386 0.3464052283653846 0.4041916177884615 0.35228758173076924 0.41117764423076925 0.35555555528846156 0.4870259471153846 0.36470588221153843 0.5009980048076923
1312 0.19607843028846156 0.8003992019230769 0.1967320264423077 0.7594810384615385 0.1771241826923077 0.7465069855769231 0.1424836610576923 0.7524950096153845 0.14117647115384616 0.7674650697115385 0.13267973798076924 0.7674650697115385 0.13267973798076924 0.7844311370192307 0.1424836610576923 0.7994011971153847 0.1424836610576923 0.855289420673077 0.15294117548076921 0.8562874254807693 0.15359477163461538 0.8083832331730769 0.19607843028846156 0.8003992019230769
1664 0.13529411778846154 0.8582834326923077 0.1339869278846154 0.8253493004807692 0.1366013076923077 0.8083832331730769 0.12810457451923077 0.7994011971153847 0.10261437980769231 0.8003992019230769 0.10196078365384616 0.8153692620192309 0.10718954326923077 0.8253493004807692 0.10980392067307693 0.8542914182692307 0.10915032692307693 0.8263473052884615 0.13267973798076924 0.8293413173076923 0.13529411778846154 0.8582834326923077
1075 0.06732026201923078 0.48003992067307694 0.03267973798076923 0.47704590865384616 0.026797384615384615 0.4830339326923077 0.02810457451923077 0.5568862283653846 0.060130718750000006 0.5588822355769231 0.06535947596153846 0.5538922163461538 0.06732026201923078 0.48003992067307694
1075 0.6503267980769232 0.5139720552884616 0.6326797379807693 0.5139720552884616 0.6215686274038461 0.5169660673076923 0.6254901971153846 0.5688622764423077 0.6411764711538462 0.5728542908653846 0.6522875817307692 0.5648702596153846 0.6503267980769232 0.5139720552884616
423 0.5503267980769231 0.7524950096153845 0.5692810456730769 0.7544910168269231 0.5705882355769231 0.68762475 0.5653594759615385 0.6776447115384615 0.5562091514423076 0.6776447115384615 0.5483660120192307 0.6796407187500001 0.5392156850961538 0.6906187620192308 0.5385620913461538 0.7624750504807692 0.540522875 0.7764471057692308 0.5496732019230769 0.7774451105769231 0.5503267980769231 0.7524950096153845
1942 0.6607843149038461 0.4211576850961538 0.6627450985576923 0.5059880240384615 0.7575163389423077 0.50798403125 0.7529411754807692 0.4341317355769231 0.6607843149038461 0.4211576850961538
1942 0.8333333341346154 0.5119760480769231 0.8437908485576924 0.6956087812499999 0.8633986923076923 0.6916167668269231 0.8522875817307691 0.5139720552884616 0.8457516346153846 0.4870259471153846 0.8333333341346154 0.5119760480769231
1942 0.9431372548076923 0.4990019951923077 0.9535947716346154 0.6886227548076923 0.9941176466346153 0.6866267475961538 0.9771241826923076 0.49401197596153845 0.9562091514423077 0.46806387259615384 0.9431372548076923 0.4990019951923077
655 0.7261437908653845 0.6506986033653847 0.7019607836538462 0.6497005985576922 0.7111111105769231 0.8033932139423077 0.7352941177884615 0.7994011971153847 0.7261437908653845 0.6506986033653847
1648 0.5065359471153846 0.6726546899038461 0.4823529423076923 0.6726546899038461 0.4692810456730769 0.68762475 0.4692810456730769 0.6946107788461539 0.4790849663461539 0.6926147716346154 0.4816993461538462 0.7924151706730769 0.5013071899038462 0.7914171658653846 0.49934640625 0.68762475 0.5065359471153846 0.6726546899038461
1648 0.5660130721153845 0.6986027932692308 0.5679738557692308 0.8033932139423077 0.5862745096153846 0.8043912187500001 0.6339869278846154 0.7844311370192307 0.6261437908653846 0.6776447115384615 0.5816993461538462 0.6816367259615385 0.5673202620192308 0.6866267475961538 0.5660130721153845 0.6986027932692308
806 0.46013071875 0.6956087812499999 0.45816993509615384 0.68762475 0.4627450985576923 0.6766467067307692 0.46078431490384614 0.6696606778846154 0.45359477163461537 0.6546906177884615 0.44575163461538464 0.6437125745192307 0.43594771153846157 0.6556886225961538 0.4392156850961539 0.6626746514423077 0.4267973846153846 0.6696606778846154 0.4228758173076923 0.6846307379807691 0.42875817067307687 0.6916167668269231 0.42614379086538456 0.7035928149038462 0.4326797379807692 0.7035928149038462 0.42810457451923073 0.7185628749999999 0.43071895432692303 0.7205588822115385 0.43137254807692305 0.7295409182692307 0.43137254807692305 0.7365269471153847 0.44640522836538465 0.7475049903846155 0.4549019615384615 0.7335329350961538 0.46209150240384617 0.7205588822115385 0.4633986923076923 0.7075848293269231 0.46013071875 0.6956087812499999
806 0.6261437908653846 0.6866267475961538 0.6267973846153846 0.7015968052884615 0.6366013076923077 0.7205588822115385 0.6431372548076923 0.7175648701923076 0.6496732019230769 0.7075848293269231 0.6549019615384615 0.68762475 0.6549019615384615 0.6706586826923077 0.6450980384615386 0.6536926153846154 0.640522875 0.6407185625 0.6339869278846154 0.6367265480769231 0.6254901971153846 0.6407185625 0.6235294110576923 0.6616766466346153 0.6235294110576923 0.6706586826923077 0.6261437908653846 0.6866267475961538
429 0.08431372596153845 0.85129740625 0.07320261538461538 0.8113772451923077 0.059477125000000006 0.7964071850961538 0.06601307211538462 0.8483033942307692 0.06535947596153846 0.8792415168269231 0.12418300721153847 0.8752495 0.10392156971153846 0.8493013966346153 0.08431372596153845 0.85129740625
1312 0.22287581730769232 0.8263473052884615 0.22418300721153847 0.7934131730769232 0.25620915144230766 0.7924151706730769 0.2790849663461538 0.7914171658653846 0.29150326682692307 0.7914171658653846 0.3084967331730769 0.7914171658653846 0.3215686274038462 0.7914171658653846 0.3287581706730769 0.7954091826923076 0.33398692788461537 0.8403193605769231 0.3392156850961538 0.7574850288461538 0.27777777884615384 0.7504990024038461 0.21960784375 0.761477045673077 0.22287581730769232 0.8263473052884615
1885 0.10849673317307693 0.5239520961538461 0.11176470673076923 0.5059880240384615 0.16209150240384615 0.4570858293269231 0.2124183004807692 0.4311377235576923 0.2437908485576923 0.4391217572115385 0.3 0.4900199591346154 0.3392156850961538 0.5678642716346154 0.34248366105769235 0.8443113774038462 0.35555555528846156 0.8662674639423076 0.4333333341346154 0.8662674639423076 0.42875817067307687 0.5918163677884615 0.4294117644230769 0.5568862283653846 0.45098039182692307 0.5119760480769231 0.4758169927884615 0.4710578846153846 0.5013071899038462 0.4580838317307692 0.5352941177884616 0.4570858293269231 0.5581699350961539 0.47704590865384616 0.5830065360576924 0.5089820360576923 0.59934640625 0.5399201586538461 0.6098039206730769 0.5728542908653846 0.6281045745192307 0.8283433125 0.8790849663461539 0.8193612764423077 0.8653594759615384 0.42614770432692306 0.00065359375 0.3013972067307692 0.00065359375 0.36127744471153844 0.00065359375 0.8782435120192308 0.11372549038461538 0.8622754495192309 0.10849673317307693 0.5239520961538461
792 0.11568627403846153 0.8183632740384615 0.11437908413461538 0.8632734519230769 0.11437908413461538 0.8742514975961538 0.30718954326923076 0.8812375240384616 0.3535947716346154 0.8842315360576923 0.3411764711538462 0.8433133725961538 0.3379084975961538 0.8143712572115385 0.3189542475961539 0.8133732524038462 0.11568627403846153 0.8183632740384615
1885 0.33594771153846154 0.5678642716346154 0.3254901971153846 0.5419161682692308 0.31960784375 0.5588822355769231 0.11111111057692308 0.5459081826923077 0.11241830048076923 0.5698602788461539 0.11241830048076923 0.8183632740384615 0.33856209134615384 0.8133732524038462 0.33594771153846154 0.5678642716346154
1885 0.6098039206730769 0.5838323341346153 0.5928104567307693 0.5249501009615385 0.5575163389423077 0.48003992067307694 0.5450980384615385 0.46806387259615384 0.5464052283653846 0.4900199591346154 0.5522875817307692 0.7694610769230769 0.6228758173076923 0.7924151706730769 0.6163398701923076 0.7225548894230769 0.6098039206730769 0.5838323341346153
1885 0.48888888942307696 0.46906187740384614 0.47450980288461536 0.47904191586538464 0.45816993509615384 0.5029940120192308 0.4366013076923077 0.5439121754807692 0.42810457451923073 0.5658682644230769 0.43594771153846157 0.7844311370192307 0.5254901971153847 0.7724550889423077 0.5503267980769231 0.7704590817307693 0.5424836610576923 0.46906187740384614 0.5261437908653847 0.4600798413461539 0.48888888942307696 0.46906187740384614
792 0.6215686274038461 0.7934131730769232 0.5503267980769231 0.7674650697115385 0.4326797379807692 0.7814371250000001 0.4326797379807692 0.8213572860576923 0.46013071875 0.8183632740384615 0.4941176466346154 0.8193612764423077 0.559477125 0.8063872259615384 0.6215686274038461 0.7934131730769232
760 0 0.8976333052884615 0.003921569711538462 0.9660678653846154 0.22810457451923077 0.9461077836538462 0.22810457451923077 0.9111776442307692 0.22810457451923077 0.8952095817307693 0.29215686298076926 0.8782435120192308 0.2901960793269231 0.8153692620192309 0.18954248317307693 0.8343313365384616 0.19215686298076923 0.8642714567307692 0.11830065384615383 0.8732534927884615 0 0.8861562596153847 0 0.8976333052884615
760 0.5705882355769231 0.8622754495192309 0.7065359471153846 0.8173652692307692 0.7084967331730769 0.7624750504807692 0.6745098028846154 0.761477045673077 0.6973856201923077 0.7624750504807692 0.6960784302884615 0.7674650697115385 0.6790849663461539 0.7774451105769231 0.6549019615384615 0.7804391225961538 0.611111110576923 0.7924151706730769 0.49869281009615385 0.8103792403846154 0.43529411778846155 0.8103792403846154 0.36732026201923074 0.8113772451923077 0.36535947596153845 0.8792415168269231 0.39607843028846157 0.8792415168269231 0.4725490192307692 0.8732534927884615 0.5705882355769231 0.8622754495192309
227 0 0.993014625 0.9967320264423076 0.9940119759615385 0.9967320264423076 0.7375249495192308 0.9849673197115384 0.7255489014423078 0.9718954254807692 0.7485029951923077 0.9575163389423077 0.7514970048076923 0.9509803918269231 0.7395209591346154 0.9450980384615384 0.7355289423076923 0.9366013076923078 0.7225548894230769 0.9313725480769232 0.7185628749999999 0.928758170673077 0.7355289423076923 0.9235294110576924 0.7465069855769231 0.9117647067307693 0.7504990024038461 0.9045751634615384 0.7504990024038461 0.9019607836538461 0.7724550889423077 0.8947712427884615 0.7704590817307693 0.8947712427884615 0.7405189615384615 0.8928104567307693 0.7265469062500001 0.8895424831730769 0.7285429134615384 0.8862745096153847 0.7445109783653846 0.8699346394230769 0.7485029951923077 0.8633986923076923 0.7574850288461538 0.859477125 0.7734530937499999 0.8261437908653846 0.7814371250000001 0.8183006538461538 0.7694610769230769 0.8058823533653846 0.7824351298076924 0.7071895432692308 0.8063872259615384 0.5790849663461539 0.8333333341346154 0.5411764711538462 0.8562874254807693 0.4039215697115385 0.8782435120192308 0.30196078365384615 0.8852295408653846 0.26274509855769235 0.8852295408653846 0.23856209134615383 0.8822355288461539 0.23529411778846152 0.9111776442307692 0.04640522836538462 0.9271457091346154 0.04640522836538462 0.9071856298076924 0.03333333413461538 0.9051896201923076 0.02941176442307692 0.9251496995192308 0.026797384615384615 0.9481037932692308 0 0.9520007596153846 0 0.993014625
1027 0.5431372548076923 0.32235528846153844 0.5503267980769231 0.32634730528846156 0.5647058822115384 0.32235528846153844 0.5699346394230769 0.3163672644230769 0.5777777788461539 0.30538922115384615 0.5732026153846154 0.27544910096153846 0.5522875817307692 0.18263473076923079 0.5385620913461538 0.2744510985576923 0.5366013076923077 0.2864271466346154 0.5379084975961539 0.3073852283653846 0.5431372548076923 0.32235528846153844
1027 0.22810457451923077 0.25948103846153847 0.2424836610576923 0.2604790408653846 0.25620915144230766 0.2485029951923077 0.2575163389423077 0.22554890144230771 0.2575163389423077 0.2085828341346154 0.23529411778846152 0.09481037980769232 0.2098039206730769 0.1976047908653846 0.2098039206730769 0.23652694711538463 0.21895424759615387 0.2514970048076923 0.22810457451923077 0.25948103846153847
1027 0.7843137259615385 0.37025948076923076 0.790196079326923 0.3562874254807692 0.7921568629807693 0.3403193605769231 0.7673202620192308 0.2534930144230769 0.7535947716346154 0.33532934134615383 0.7555555552884615 0.35728543028846155 0.769281045673077 0.37225548798076924 0.7843137259615385 0.37025948076923076
1027 0.8281045745192308 0.15169660576923077 0.8464052283653847 0.14870259375 0.8601307187499999 0.1337325360576923 0.8660130721153846 0.11576846394230769 0.8653594759615384 0.09081836298076923 0.840522875 0 0.8163398701923076 0.001996007211538462 0.8137254903846153 0.014970060096153846 0.8039215697115385 0.09980039903846152 0.8039215697115385 0.1247505 0.811111110576923 0.1397205576923077 0.8281045745192308 0.15169660576923077
754 0.8725490192307692 0.14770459134615385 0.8385620913461539 0.17365269471153846 0.840522875 0.1806387235576923 0.8660130721153846 0.15668662740384615 0.8601307187499999 0.1806387235576923 0.8627450985576922 0.18562874278846156 0.8790849663461539 0.15169660576923077 0.8895424831730769 0.15469061778846155 0.9117647067307693 0.16766467067307692 0.91960784375 0.15568862259615385 0.8960784302884615 0.14471057932692308 0.9326797379807693 0.1247505 0.9261437908653847 0.11377245432692308 0.8928104567307693 0.13572854326923076 0.8843137259615385 0.12674650721153846 0.88039215625 0.09081836298076923 0.88039215625 0.13273453125 0.8581699350961538 0.13572854326923076 0.859477125 0.1417165673076923 0.8725490192307692 0.14770459134615385
754 0.6450980384615386 0.04091816346153846 0.6483660120192307 0.039920158653846155 0.6562091514423076 0.043912175480769235 0.6562091514423076 0.05089820432692308 0.6529411754807692 0.05189620673076923 0.6529411754807692 0.08483033894230768 0.66013071875 0.08483033894230768 0.6660130721153846 0.0778443125 0.6627450985576923 0.0469061875 0.6633986923076923 0.043912175480769235 0.6725490192307693 0.03493013942307693 0.7241830072115385 0.04091816346153846 0.7281045745192307 0.032934132211538465 0.7254901971153846 0.02495010096153846 0.6830065360576923 0.02794411057692308 0.6777777788461539 0.02994012019230769 0.6751633990384616 0.017964072115384616 0.6692810456730769 0.014970060096153846 0.6679738557692307 0.002994012019230769 0.6549019615384615 0 0.6535947716346153 0.018962076923076922 0.6437908485576924 0.018962076923076922 0.6431372548076923 0.03493013942307693 0.5947712427884615 0.04790419230769231 0.5960784302884615 0.05988024038461538 0.6450980384615386 0.04091816346153846
1027 0.91960784375 0.40119760576923075 0.9294117644230769 0.3962075841346154 0.9366013076923078 0.3812375240384615 0.9156862740384616 0.2974051899038461 0.9058823533653846 0.37225548798076924 0.9065359471153845 0.39021956009615383 0.909150326923077 0.39421157692307696 0.91960784375 0.40119760576923075