364 0.38749999999999996 0.7166666658653846 0.3984375 0.7229166658653846 0.428125 0.7145833341346154 0.428125 0.6333333341346153 0.40625 0.6291666658653846 0.384375 0.6375 0.38749999999999996 0.7166666658653846
1329 0.7562500000000001 0.5166666658653847 0.70625 0.6479166658653847 0.8859375 0.7104166658653847 0.9265625 0.5854166658653847 0.784375 0.5416666658653846 0.7562500000000001 0.5166666658653847
1329 0.5953125 0.5208333341346154 0.59375 0.6166666658653847 0.6828125 0.6166666658653847 0.6875 0.5270833341346154 0.653125 0.5375 0.628125 0.5375 0.5953125 0.5208333341346154
417 0.1515625 0.525 0.08906249999999999 0.50625 0.0765625 0.3791666658653846 0.020312499999999997 0.3895833341346154 0.0359375 0.54375 0.0359375 0.6458333341346154 0.0359375 0.6583333341346154 0.045312500000000006 0.6666666658653846 0.053125000000000006 0.5666666658653846 0.078125 0.5625 0.075 0.65625 0.0859375 0.6604166658653846 0.0859375 0.5645833341346154 0.1078125 0.5645833341346154 0.1171875 0.6875 0.1234375 0.6895833341346154 0.1234375 0.5666666658653846 0.1484375 0.5520833341346154 0.1515625 0.525
1314 0.6546875000000001 0.2625 0.7703125 0.2645833341346154 0.7749999999999999 0.05833333413461539 0.6546875000000001 0.0875 0.6546875000000001 0.2625
1027 0.575 0.12291666586538462 0.5734375 0.1 0.5765625 0.08958333413461537 0.5625 0.056249999999999994 0.54375 0.056249999999999994 0.54375 0.09791666586538463 0.54375 0.12083333413461537 0.55625 0.14166666586538462 0.5640625 0.1375 0.575 0.12291666586538462
1861 0.4765625 0.6708333341346153 0.4828125 0.5854166658653847 0.44843750000000004 0.5895833341346154 0.46562499999999996 0.7 0.4765625 0.6708333341346153
806 0.41718750000000004 0.53125 0.42656249999999996 0.5541666658653847 0.44375 0.5541666658653847 0.453125 0.5833333341346154 0.478125 0.5833333341346154 0.5125 0.5020833341346154 0.5296875 0.4916666658653846 0.540625 0.475 0.534375 0.45833333413461536 0.47968750000000004 0.44375 0.47187500000000004 0.44791666586538464 0.47187500000000004 0.44375 0.453125 0.4354166658653846 0.44218749999999996 0.4375 0.42656249999999996 0.4520833341346154 0.41718750000000004 0.4333333341346154 0.39531249999999996 0.44791666586538464 0.384375 0.47916666586538464 0.41874999999999996 0.5083333341346153 0.40156250000000004 0.53125 0.41718750000000004 0.53125
133 0.9875 0.2645833341346154 0.9875 0 0.8640625 0.029166665865384616 0.8640625 0.2666666658653846 0.9875 0.2645833341346154
406 0.328125 0.027083334134615385 0.34687500000000004 0.022916665865384617 0.35 0.0125 0.33125000000000004 0.014583334134615385 0.328125 0.027083334134615385
1953 0.0015625 0.020833334134615387 0.003125 0.3583333341346154 0.41093749999999996 0.3354166658653846 0.4046875 0.0625 0.0015625 0.020833334134615387
1349 0.4203125 0.2666666658653846 0.39375000000000004 0.3 0.4125 0.42500000000000004 0.5359375 0.45625000000000004 0.5421875 0.4645833341346154 0.565625 0.45625000000000004 0.5609375 0.42708333413461536 0.58125 0.4395833341346154 0.6015625 0.42708333413461536 0.60625 0.39375000000000004 0.5984375 0.3666666658653846 0.625 0.3583333341346154 0.6328125 0.3395833341346154 0.6375 0.2895833341346154 0.6203125 0.2416666658653846 0.5890625 0.22916666586538462 0.603125 0.20208333413461538 0.55625 0.1791666658653846 0.559375 0.14583333413461538 0.5453125 0.13125 0.540625 0.1645833341346154 0.521875 0.1333333341346154 0.5234375 0.1791666658653846 0.49375 0.15625 0.4984375 0.16875 0.47187500000000004 0.18125000000000002 0.45625000000000004 0.2104166658653846 0.44843750000000004 0.1833333341346154 0.428125 0.1916666658653846 0.4203125 0.2666666658653846
863 0.515625 0.625 0.5109375 0.5958333341346154 0.525 0.58125 0.509375 0.56875 0.4984375 0.5833333341346154 0.5078125 0.6812499999999999 0.528125 0.6729166658653847 0.534375 0.6354166658653846 0.515625 0.625