1564 0.4296875 0.875 0.37968749999999996 0.825 0.278125 0.8145833341346154 0.17031249999999998 0.8374999999999999 0.1015625 0.9229166658653847 0.08906249999999999 0.9979166658653846 0.3578125 0.9979166658653846 0.4234375 0.9291666658653847 0.4296875 0.875
757 0.19687500000000002 0.7979166658653847 0.1953125 0.7875000000000001 0.21250000000000002 0.7833333341346154 0.20937499999999998 0.7645833341346153 0.18906250000000002 0.75 0.1375 0.75 0.1265625 0.8166666658653846 0.1484375 0.83125 0.190625 0.8145833341346154 0.19687500000000002 0.7979166658653847
758 0.1078125 0.8458333341346154 0.109375 0.8 0.09375 0.7729166658653847 0.0640625 0.7770833341346154 0.0578125 0.8500000000000001 0.075 0.8666666658653847 0.103125 0.85625 0.1078125 0.8458333341346154
1794 0.5390625 0.83125 0.534375 0.9458333341346153 0.5640625 0.9354166658653846 0.55625 0.8208333341346153 0.5484375 0.7166666658653846 0.528125 0.6729166658653847 0.3765625 0.6645833341346153 0.3609375 0.6875 0.36875 0.7479166658653846 0.38593750000000004 0.7562500000000001 0.5328125 0.7541666658653846 0.5390625 0.83125
1774 0.5609375 0.95625 0.5640625 0.9645833341346154 0.5765625 0.9958333341346154 0.603125 0.9979166658653846 0.85625 0.9979166658653846 0.840625 0.96875 0.8171875 0.9395833341346154 0.7765625 0.9166666658653846 0.6765625 0.8854166658653846 0.6609375 0.8999999999999999 0.640625 0.8895833341346153 0.6484375 0.7416666658653847 0.6468750000000001 0.7145833341346154 0.6515625 0.7250000000000001 0.653125 0.7166666658653846 0.653125 0.6979166658653846 0.6499999999999999 0.675 0.6375 0.6625000000000001 0.6 0.64375 0.540625 0.6833333341346154 0.5359375 0.9541666658653847 0.55 0.95625 0.5609375 0.95625
1439 0.115625 0.4916666658653846 0.11406250000000001 0.2625 0.028124999999999997 0.2625 0.0296875 0.49375 0.06875 0.4854166658653846 0.115625 0.4916666658653846
1175 0.6171875 0.5833333341346154 0.6187499999999999 0.5145833341346153 0.5078125 0.5354166658653846 0.49531250000000004 0.6229166658653846 0.5296875 0.6354166658653846 0.6171875 0.5833333341346154
1120 0.0015625 0.7291666658653846 0.6484375 0.4645833341346154 0.6656249999999999 0.0020833341346153844 0.0015625 0 0.0015625 0.7291666658653846
1439 0.21250000000000002 0.20208333413461538 0.23593750000000002 0.2875 0.25 0.1791666658653846 0.278125 0.16666666586538462 0.290625 0.2604166658653846 0.3203125 0.2145833341346154 0.31562500000000004 0.0041666658653846155 0.20937499999999998 0.008333334134615384 0.21250000000000002 0.20208333413461538
907 0.1453125 0.5375 0.1328125 0.2583333341346154 0.0421875 0.26875 0.065625 0.55625 0.1453125 0.5375
1440 0.009375 0.2645833341346154 0.003125 0.2895833341346154 0.1375 0.275 0.2109375 0.2604166658653846 0.20156249999999998 0.2458333341346154 0.1875 0.2458333341346154 0.009375 0.2645833341346154
676 0.8296874999999999 0.8500000000000001 0.8234375 0.8458333341346154 0.815625 0.8458333341346154 0.8062499999999999 0.8500000000000001 0.8140624999999999 0.8645833341346154 0.8265625000000001 0.8666666658653847 0.8343750000000001 0.85625 0.8296874999999999 0.8500000000000001
1860 0.47343749999999996 0.9979166658653846 0.490625 0.9708333341346154 0.5296875 0.9020833341346154 0.5359375 0.7958333341346153 0.5296875 0.6958333341346153 0.7234375 0.5604166658653846 0.653125 0.5354166658653846 0.6421874999999999 0.48124999999999996 0.045312500000000006 0.7458333341346154 0.0015625 0.7604166658653846 0.0046875 0.9979166658653846 0.47343749999999996 0.9979166658653846
1599 0.4359375 0.7291666658653846 0.4375 0.7166666658653846 0.44375 0.7 0.44375 0.6625000000000001 0.3890625 0.65625 0.384375 0.6979166658653846 0.390625 0.7166666658653846 0.3921875 0.7250000000000001 0.4359375 0.7291666658653846
1547 0.9953125 0.0020833341346153844 0.6828125 0.008333334134615384 0.6468750000000001 0.8645833341346154 0.8999999999999999 0.9979166658653846 0.9984375000000001 0.9979166658653846 0.9953125 0.0020833341346153844
758 0.22031250000000002 0.7916666658653846 0.234375 0.7854166658653846 0.2390625 0.76875 0.2375 0.7604166658653846 0.2296875 0.7583333341346153 0.2296875 0.7437499999999999 0.2375 0.7458333341346154 0.246875 0.7375 0.246875 0.7291666658653846 0.24062499999999998 0.7250000000000001 0.22499999999999998 0.7104166658653847 0.21250000000000002 0.6979166658653846 0.2 0.70625 0.1921875 0.7729166658653847 0.19687500000000002 0.7854166658653846 0.2078125 0.7916666658653846 0.22031250000000002 0.7916666658653846
1438 0.7859375 0.7291666658653846 0.7859375 0.8 0.7828124999999999 0.8229166658653846 0.784375 0.85625 0.7875000000000001 0.8895833341346153 0.79375 0.9041666658653846 0.8328125 0.9208333341346153 0.8640625 0.9375 0.89375 0.9541666658653847 0.921875 0.9416666658653846 0.953125 0.7208333341346154 0.9171875 0.7020833341346153 0.871875 0.6916666658653846 0.8609374999999999 0.6916666658653846 0.8500000000000001 0.7124999999999999 0.8328125 0.6916666658653846 0.8453124999999999 0.5708333341346153 0.8515625 0.55 0.846875 0.5354166658653846 0.8328125 0.53125 0.8125 0.53125 0.79375 0.5354166658653846 0.778125 0.5395833341346153 0.7593749999999999 0.55 0.7515624999999999 0.5520833341346154 0.7328125000000001 0.5520833341346154 0.7265625 0.7083333341346154 0.7593749999999999 0.71875 0.778125 0.71875 0.7859375 0.7291666658653846
1548 0.940625 0.4770833341346154 0.9390624999999999 0.49375 0.9578125 0.5020833341346154 0.971875 0.4854166658653846 0.9781249999999999 0.4625 0.9593750000000001 0.4625 0.940625 0.4770833341346154
1441 0.575 0.49375 0.6 0.47916666586538464 0.6 0.36250000000000004 0.59375 0.33333333413461536 0.596875 0.21875 0.56875 0.21875 0.571875 0.33333333413461536 0.5609375 0.3666666658653846 0.5640625 0.4916666658653846 0.575 0.49375
1863 0.64375 0.5666666658653846 0.6625000000000001 0.5666666658653846 0.6781250000000001 0.5604166658653846 0.690625 0.38541666586538464 0.6828125 0.3583333341346154 0.6890624999999999 0.23125 0.6640625 0.22916666586538462 0.6578124999999999 0.34375 0.64375 0.38125 0.6343749999999999 0.5479166658653847 0.64375 0.5666666658653846
1551 0.46875 0.3020833341346154 0.46406250000000004 0.2729166658653846 0.453125 0.2666666658653846 0.44218749999999996 0.28125 0.446875 0.3104166658653846 0.453125 0.3166666658653846 0.46875 0.3166666658653846 0.46875 0.3020833341346154
1551 0.5109375 0.2979166658653846 0.5140625 0.28125 0.49687499999999996 0.2708333341346154 0.4859375 0.2708333341346154 0.4828125 0.2895833341346154 0.5 0.30625 0.509375 0.3166666658653846 0.5109375 0.2979166658653846
1760 0.4390625 0.13958333413461538 0.37187499999999996 0.14583333413461538 0.37031250000000004 0.2270833341346154 0.44218749999999996 0.22499999999999998 0.4390625 0.13958333413461538
1760 0.2984375 0.33125000000000004 0.3734375 0.3166666658653846 0.37031250000000004 0.2229166658653846 0.29375 0.23958333413461538 0.2984375 0.33125000000000004