1316 0.5859375 0.3354166658653846 0.5859375 0.55 0.715625 0.5854166658653847 0.7234375 0.3375 0.5859375 0.3354166658653846
1316 0.8875 0.3395833341346154 0.7250000000000001 0.3354166658653846 0.721875 0.56875 0.875 0.5958333341346154 0.8875 0.3395833341346154
1316 0.7390625 0.06041666586538462 0.734375 0.3020833341346154 0.8812500000000001 0.3020833341346154 0.8859375 0.04166666586538462 0.7390625 0.06041666586538462
110 0.7171875000000001 0.6479166658653847 0.7171875000000001 0.6395833341346153 0.71875 0.6333333341346153 0.6640625 0.6229166658653846 0.6468750000000001 0.6354166658653846 0.6499999999999999 0.65625 0.6968749999999999 0.6666666658653846 0.7171875000000001 0.6479166658653847
569 0.265625 0.09791666586538463 0.2671875 0.5958333341346154 0.4359375 0.5666666658653846 0.4375 0.11666666586538461 0.265625 0.09791666586538463
268 0.234375 0.6479166658653847 0.20625 0.6416666658653847 0.21718749999999998 0.6312500000000001 0.09375 0.6395833341346153 0.053125000000000006 0.6583333341346154 0.053125000000000006 0.7020833341346153 0.09062500000000001 0.7270833341346153 0.22812500000000002 0.7041666658653847 0.234375 0.6479166658653847
1839 0.056249999999999994 0.6041666658653846 0.0015625 0.6187499999999999 0.0015625 0.9937499999999999 0.24062499999999998 0.9916666658653847 0.22812500000000002 0.7020833341346153 0.056249999999999994 0.6041666658653846
207 0.8265625000000001 0.9541666658653847 0.83125 0.7958333341346153 0.5390625 0.6791666658653847 0.23593750000000002 0.7666666658653847 0.246875 0.9937499999999999 0.7828124999999999 0.9958333341346154 0.8265625000000001 0.9541666658653847
275 0.421875 0.6 0.44375 0.6145833341346154 0.50625 0.5979166658653846 0.5046875 0.55 0.4828125 0.5458333341346153 0.4828125 0.5333333341346154 0.453125 0.5354166658653846 0.45625000000000004 0.5 0.428125 0.5083333341346153 0.428125 0.56875 0.37812500000000004 0.5791666658653847 0.365625 0.5958333341346154 0.421875 0.6
570 0.6625000000000001 0.8062499999999999 0.6968749999999999 0.8145833341346154 0.7281249999999999 0.8104166658653846 0.7296875 0.7749999999999999 0.7593749999999999 0.7708333341346154 0.7921875 0.7416666658653847 0.78125 0.7229166658653846 0.7046874999999999 0.6833333341346154 0.6515625 0.6958333341346153 0.6125 0.7124999999999999 0.596875 0.7625 0.6203125 0.7895833341346153 0.6625000000000001 0.8062499999999999
570 0.5609375 0.7479166658653846 0.5828125 0.7166666658653846 0.571875 0.6916666658653846 0.49375 0.6666666658653846 0.46406250000000004 0.7041666658653847 0.4859375 0.7291666658653846 0.5265625 0.7479166658653846 0.5609375 0.7479166658653846
1314 0.7515624999999999 0.38541666586538464 0.7484375000000001 0.5208333341346154 0.8515625 0.53125 0.8515625 0.38125 0.7515624999999999 0.38541666586538464
1314 0.596875 0.35416666586538464 0.5984375 0.5375 0.70625 0.56875 0.7 0.3604166658653846 0.596875 0.35416666586538464
1314 0.7671874999999999 0.09166666586538462 0.7640625000000001 0.2583333341346154 0.84375 0.2541666658653846 0.846875 0.0875 0.7671874999999999 0.09166666586538462
1942 0.26875 0.1645833341346154 0.003125 0.1375 0.0015625 0.5708333341346153 0.2671875 0.5395833341346153 0.26875 0.1645833341346154
682 0.8374999999999999 0.7354166658653847 0.8328125 0.95 0.9937499999999999 0.98125 0.9937499999999999 0.7645833341346153 0.8374999999999999 0.7354166658653847
1740 0.7640625000000001 0.6270833341346154 0.7359374999999999 0.6375 0.7328125000000001 0.6729166658653847 0.7875000000000001 0.6854166658653846 0.8140624999999999 0.6666666658653846 0.7640625000000001 0.6270833341346154
1322 0.5625 0.6125 0.565625 0.5604166658653846 0.5015625 0.5479166658653847 0.4984375 0.6020833341346153 0.5625 0.6125
1027 0.5890625 0.6333333341346153 0.6046875 0.6270833341346154 0.596875 0.6145833341346154 0.5953125 0.55625 0.596875 0.54375 0.590625 0.5208333341346154 0.56875 0.5291666658653846 0.575 0.5604166658653846 0.5765625 0.6125 0.56875 0.625 0.5890625 0.6333333341346153
1447 0.9046875000000001 0.7354166658653847 0.9437500000000001 0.7124999999999999 0.9234374999999999 0.7 0.8828125 0.7208333341346154 0.9046875000000001 0.7354166658653847
1885 0.996875 0 0.41874999999999996 0.08124999999999999 0.415625 0.5604166658653846 0.9937499999999999 0.7083333341346154 0.996875 0