1564 0.5765625 0.9291666658653847 0.6421874999999999 0.9979166658653846 0.9109375 0.9979166658653846 0.8984375 0.9229166658653847 0.8296874999999999 0.8374999999999999 0.721875 0.8145833341346154 0.6203125 0.825 0.5703125 0.875 0.5765625 0.9291666658653847
757 0.809375 0.8145833341346154 0.8515625 0.83125 0.8734375000000001 0.8166666658653846 0.8625 0.75 0.8109375000000001 0.75 0.7906249999999999 0.7645833341346153 0.7875000000000001 0.7833333341346154 0.8046875 0.7875000000000001 0.8031250000000001 0.7979166658653847 0.809375 0.8145833341346154
758 0.8968750000000001 0.85625 0.925 0.8666666658653847 0.9421875 0.8500000000000001 0.9359375000000001 0.7770833341346154 0.90625 0.7729166658653847 0.890625 0.8 0.8921874999999999 0.8458333341346154 0.8968750000000001 0.85625
1794 0.4671875 0.7541666658653846 0.6140625 0.7562500000000001 0.6312500000000001 0.7479166658653846 0.6390625000000001 0.6875 0.6234375000000001 0.6645833341346153 0.47187500000000004 0.6729166658653847 0.4515625 0.7166666658653846 0.44375 0.8208333341346153 0.4359375 0.9354166658653846 0.46562499999999996 0.9458333341346153 0.4609375 0.83125 0.4671875 0.7541666658653846
1774 0.44999999999999996 0.95625 0.46406250000000004 0.9541666658653847 0.459375 0.6833333341346154 0.4 0.64375 0.36250000000000004 0.6625000000000001 0.35 0.675 0.34687500000000004 0.6979166658653846 0.34687500000000004 0.7166666658653846 0.34843749999999996 0.7250000000000001 0.353125 0.7145833341346154 0.3515625 0.7416666658653847 0.359375 0.8895833341346153 0.33906250000000004 0.8999999999999999 0.32343750000000004 0.8854166658653846 0.2234375 0.9166666658653846 0.1828125 0.9395833341346154 0.159375 0.96875 0.14375 0.9979166658653846 0.396875 0.9979166658653846 0.4234375 0.9958333341346154 0.4359375 0.9645833341346154 0.4390625 0.95625 0.44999999999999996 0.95625
1439 0.9312499999999999 0.4854166658653846 0.9703124999999999 0.49375 0.971875 0.2625 0.8859375 0.2625 0.8843749999999999 0.4916666658653846 0.9312499999999999 0.4854166658653846
1175 0.4703125 0.6354166658653846 0.5046875 0.6229166658653846 0.4921875 0.5354166658653846 0.38125 0.5145833341346153 0.3828125 0.5833333341346154 0.4703125 0.6354166658653846
1120 0.9984375000000001 0 0.334375 0.0020833341346153844 0.3515625 0.4645833341346154 0.9984375000000001 0.7291666658653846 0.9984375000000001 0
1439 0.7906249999999999 0.008333334134615384 0.684375 0.0041666658653846155 0.6796875 0.2145833341346154 0.7093750000000001 0.2604166658653846 0.721875 0.16666666586538462 0.75 0.1791666658653846 0.7640625000000001 0.2875 0.7875000000000001 0.20208333413461538 0.7906249999999999 0.008333334134615384
907 0.934375 0.55625 0.9578125 0.26875 0.8671875 0.2583333341346154 0.8546875 0.5375 0.934375 0.55625
1440 0.8125 0.2458333341346154 0.7984374999999999 0.2458333341346154 0.7890625 0.2604166658653846 0.8625 0.275 0.996875 0.2895833341346154 0.9906250000000001 0.2645833341346154 0.8125 0.2458333341346154
676 0.16562500000000002 0.85625 0.17343750000000002 0.8666666658653847 0.18593749999999998 0.8645833341346154 0.19374999999999998 0.8500000000000001 0.184375 0.8458333341346154 0.1765625 0.8458333341346154 0.17031249999999998 0.8500000000000001 0.16562500000000002 0.85625
1860 0.9953125 0.9979166658653846 0.9984375000000001 0.7604166658653846 0.9546874999999999 0.7458333341346154 0.3578125 0.48124999999999996 0.34687500000000004 0.5354166658653846 0.2765625 0.5604166658653846 0.4703125 0.6958333341346153 0.46406250000000004 0.7958333341346153 0.4703125 0.9020833341346154 0.509375 0.9708333341346154 0.5265625 0.9979166658653846 0.9953125 0.9979166658653846
1599 0.6078125 0.7250000000000001 0.609375 0.7166666658653846 0.6156250000000001 0.6979166658653846 0.6109375 0.65625 0.55625 0.6625000000000001 0.55625 0.7 0.5625 0.7166666658653846 0.5640625 0.7291666658653846 0.6078125 0.7250000000000001
1547 0.0015625 0.9979166658653846 0.1 0.9979166658653846 0.353125 0.8645833341346154 0.31718749999999996 0.008333334134615384 0.0046875 0.0020833341346153844 0.0015625 0.9979166658653846
758 0.7921875 0.7916666658653846 0.8031250000000001 0.7854166658653846 0.8078125 0.7729166658653847 0.8 0.70625 0.7875000000000001 0.6979166658653846 0.7749999999999999 0.7104166658653847 0.7593749999999999 0.7250000000000001 0.753125 0.7291666658653846 0.753125 0.7375 0.7625 0.7458333341346154 0.7703125 0.7437499999999999 0.7703125 0.7583333341346153 0.7625 0.7604166658653846 0.7609375 0.76875 0.765625 0.7854166658653846 0.7796875000000001 0.7916666658653846 0.7921875 0.7916666658653846
1438 0.221875 0.71875 0.24062499999999998 0.71875 0.2734375 0.7083333341346154 0.2671875 0.5520833341346154 0.24843749999999998 0.5520833341346154 0.24062499999999998 0.55 0.221875 0.5395833341346153 0.20625 0.5354166658653846 0.1875 0.53125 0.1671875 0.53125 0.153125 0.5354166658653846 0.1484375 0.55 0.15468749999999998 0.5708333341346153 0.1671875 0.6916666658653846 0.15 0.7124999999999999 0.1390625 0.6916666658653846 0.128125 0.6916666658653846 0.08281250000000001 0.7020833341346153 0.046875 0.7208333341346154 0.078125 0.9416666658653846 0.10625000000000001 0.9541666658653847 0.1359375 0.9375 0.1671875 0.9208333341346153 0.20625 0.9041666658653846 0.21250000000000002 0.8895833341346153 0.215625 0.85625 0.21718749999999998 0.8229166658653846 0.2140625 0.8 0.2140625 0.7291666658653846 0.221875 0.71875
1548 0.040624999999999994 0.4625 0.021875 0.4625 0.028124999999999997 0.4854166658653846 0.0421875 0.5020833341346154 0.060937500000000006 0.49375 0.059375 0.4770833341346154 0.040624999999999994 0.4625
1441 0.4359375 0.4916666658653846 0.4390625 0.3666666658653846 0.428125 0.33333333413461536 0.43125 0.21875 0.40312499999999996 0.21875 0.40625 0.33333333413461536 0.4 0.36250000000000004 0.4 0.47916666586538464 0.42500000000000004 0.49375 0.4359375 0.4916666658653846
1863 0.365625 0.5479166658653847 0.35624999999999996 0.38125 0.3421875 0.34375 0.3359375 0.22916666586538462 0.3109375 0.23125 0.31718749999999996 0.3583333341346154 0.30937499999999996 0.38541666586538464 0.321875 0.5604166658653846 0.3375 0.5666666658653846 0.35624999999999996 0.5666666658653846 0.365625 0.5479166658653847
1551 0.53125 0.3166666658653846 0.546875 0.3166666658653846 0.553125 0.3104166658653846 0.5578125 0.28125 0.546875 0.2666666658653846 0.5359375 0.2729166658653846 0.53125 0.3020833341346154 0.53125 0.3166666658653846
1551 0.490625 0.3166666658653846 0.5 0.30625 0.5171875 0.2895833341346154 0.5140625 0.2708333341346154 0.503125 0.2708333341346154 0.4859375 0.28125 0.48906249999999996 0.2979166658653846 0.490625 0.3166666658653846
1760 0.5578125 0.22499999999999998 0.6296875 0.2270833341346154 0.628125 0.14583333413461538 0.5609375 0.13958333413461538 0.5578125 0.22499999999999998
1760 0.70625 0.23958333413461538 0.6296875 0.2229166658653846 0.6265624999999999 0.3166666658653846 0.7015625000000001 0.33125000000000004 0.70625 0.23958333413461538