1316 0.2765625 0.3375 0.284375 0.5854166658653847 0.4140625 0.55 0.4140625 0.3354166658653846 0.2765625 0.3375
1316 0.125 0.5958333341346154 0.278125 0.56875 0.275 0.3354166658653846 0.11249999999999999 0.3395833341346154 0.125 0.5958333341346154
1316 0.11406250000000001 0.04166666586538462 0.11875 0.3020833341346154 0.265625 0.3020833341346154 0.2609375 0.06041666586538462 0.11406250000000001 0.04166666586538462
110 0.303125 0.6666666658653846 0.35 0.65625 0.353125 0.6354166658653846 0.3359375 0.6229166658653846 0.28125 0.6333333341346153 0.2828125 0.6395833341346153 0.2828125 0.6479166658653847 0.303125 0.6666666658653846
569 0.5625 0.11666666586538461 0.5640625 0.5666666658653846 0.7328125000000001 0.5958333341346154 0.734375 0.09791666586538463 0.5625 0.11666666586538461
268 0.7718750000000001 0.7041666658653847 0.909375 0.7270833341346153 0.9468749999999999 0.7020833341346153 0.9468749999999999 0.6583333341346154 0.90625 0.6395833341346153 0.7828124999999999 0.6312500000000001 0.79375 0.6416666658653847 0.765625 0.6479166658653847 0.7718750000000001 0.7041666658653847
1839 0.7718750000000001 0.7020833341346153 0.7593749999999999 0.9916666658653847 0.9984375000000001 0.9937499999999999 0.9984375000000001 0.6187499999999999 0.9437500000000001 0.6041666658653846 0.7718750000000001 0.7020833341346153
207 0.21718749999999998 0.9958333341346154 0.753125 0.9937499999999999 0.7640625000000001 0.7666666658653847 0.4609375 0.6791666658653847 0.16875 0.7958333341346153 0.17343750000000002 0.9541666658653847 0.21718749999999998 0.9958333341346154
275 0.6343749999999999 0.5958333341346154 0.621875 0.5791666658653847 0.571875 0.56875 0.571875 0.5083333341346153 0.54375 0.5 0.546875 0.5354166658653846 0.5171875 0.5333333341346154 0.5171875 0.5458333341346153 0.49531250000000004 0.55 0.49375 0.5979166658653846 0.55625 0.6145833341346154 0.578125 0.6 0.6343749999999999 0.5958333341346154
570 0.37968749999999996 0.7895833341346153 0.40312499999999996 0.7625 0.38749999999999996 0.7124999999999999 0.34843749999999996 0.6958333341346153 0.2953125 0.6833333341346154 0.21875 0.7229166658653846 0.2078125 0.7416666658653847 0.24062499999999998 0.7708333341346154 0.2703125 0.7749999999999999 0.271875 0.8104166658653846 0.303125 0.8145833341346154 0.3375 0.8062499999999999 0.37968749999999996 0.7895833341346153
570 0.47343749999999996 0.7479166658653846 0.5140625 0.7291666658653846 0.5359375 0.7041666658653847 0.50625 0.6666666658653846 0.428125 0.6916666658653846 0.41718750000000004 0.7166666658653846 0.4390625 0.7479166658653846 0.47343749999999996 0.7479166658653846
1314 0.1484375 0.38125 0.1484375 0.53125 0.2515625 0.5208333341346154 0.24843749999999998 0.38541666586538464 0.1484375 0.38125
1314 0.3 0.3604166658653846 0.29375 0.56875 0.40156250000000004 0.5375 0.40312499999999996 0.35416666586538464 0.3 0.3604166658653846
1314 0.153125 0.0875 0.15625 0.2541666658653846 0.23593750000000002 0.2583333341346154 0.23281249999999998 0.09166666586538462 0.153125 0.0875
1942 0.7328125000000001 0.5395833341346153 0.9984375000000001 0.5708333341346153 0.996875 0.1375 0.73125 0.1645833341346154 0.7328125000000001 0.5395833341346153
682 0.00625 0.7645833341346153 0.00625 0.98125 0.1671875 0.95 0.16249999999999998 0.7354166658653847 0.00625 0.7645833341346153
1740 0.18593749999999998 0.6666666658653846 0.21250000000000002 0.6854166658653846 0.2671875 0.6729166658653847 0.2640625 0.6375 0.23593750000000002 0.6270833341346154 0.18593749999999998 0.6666666658653846
1322 0.5015625 0.6020833341346153 0.4984375 0.5479166658653847 0.43437499999999996 0.5604166658653846 0.4375 0.6125 0.5015625 0.6020833341346153
1027 0.43125 0.625 0.4234375 0.6125 0.42500000000000004 0.5604166658653846 0.43125 0.5291666658653846 0.40937500000000004 0.5208333341346154 0.40312499999999996 0.54375 0.4046875 0.55625 0.40312499999999996 0.6145833341346154 0.39531249999999996 0.6270833341346154 0.41093749999999996 0.6333333341346153 0.43125 0.625
1447 0.1171875 0.7208333341346154 0.0765625 0.7 0.056249999999999994 0.7124999999999999 0.0953125 0.7354166658653847 0.1171875 0.7208333341346154
1885 0.00625 0.7083333341346154 0.584375 0.5604166658653846 0.58125 0.08124999999999999 0.003125 0 0.00625 0.7083333341346154