364 0.6156250000000001 0.6375 0.59375 0.6291666658653846 0.571875 0.6333333341346153 0.571875 0.7145833341346154 0.6015625 0.7229166658653846 0.6125 0.7166666658653846 0.6156250000000001 0.6375
1329 0.215625 0.5416666658653846 0.0734375 0.5854166658653847 0.11406250000000001 0.7104166658653847 0.29375 0.6479166658653847 0.24375000000000002 0.5166666658653847 0.215625 0.5416666658653846
1329 0.37187499999999996 0.5375 0.34687500000000004 0.5375 0.3125 0.5270833341346154 0.31718749999999996 0.6166666658653847 0.40625 0.6166666658653847 0.4046875 0.5208333341346154 0.37187499999999996 0.5375
417 0.8515625 0.5520833341346154 0.8765624999999999 0.5666666658653846 0.8765624999999999 0.6895833341346154 0.8828125 0.6875 0.8921874999999999 0.5645833341346154 0.9140625 0.5645833341346154 0.9140625 0.6604166658653846 0.925 0.65625 0.921875 0.5625 0.9468749999999999 0.5666666658653846 0.9546874999999999 0.6666666658653846 0.9640625 0.6583333341346154 0.9640625 0.6458333341346154 0.9640625 0.54375 0.9796875 0.3895833341346154 0.9234374999999999 0.3791666658653846 0.9109375 0.50625 0.8484375 0.525 0.8515625 0.5520833341346154
1314 0.3453125 0.0875 0.22499999999999998 0.05833333413461539 0.2296875 0.2645833341346154 0.3453125 0.2625 0.3453125 0.0875
1027 0.4359375 0.1375 0.44375 0.14166666586538462 0.45625000000000004 0.12083333413461537 0.45625000000000004 0.09791666586538463 0.45625000000000004 0.056249999999999994 0.4375 0.056249999999999994 0.4234375 0.08958333413461537 0.42656249999999996 0.1 0.42500000000000004 0.12291666586538462 0.4359375 0.1375
1861 0.534375 0.7 0.5515625 0.5895833341346154 0.5171875 0.5854166658653847 0.5234375 0.6708333341346153 0.534375 0.7
806 0.5984375 0.53125 0.58125 0.5083333341346153 0.6156250000000001 0.47916666586538464 0.6046875 0.44791666586538464 0.5828125 0.4333333341346154 0.5734375 0.4520833341346154 0.5578125 0.4375 0.546875 0.4354166658653846 0.528125 0.44375 0.528125 0.44791666586538464 0.5203125 0.44375 0.46562499999999996 0.45833333413461536 0.459375 0.475 0.4703125 0.4916666658653846 0.48750000000000004 0.5020833341346154 0.521875 0.5833333341346154 0.546875 0.5833333341346154 0.55625 0.5541666658653847 0.5734375 0.5541666658653847 0.5828125 0.53125 0.5984375 0.53125
133 0.1359375 0.2666666658653846 0.1359375 0.029166665865384616 0.0125 0 0.0125 0.2645833341346154 0.1359375 0.2666666658653846
406 0.66875 0.014583334134615385 0.6499999999999999 0.0125 0.653125 0.022916665865384617 0.671875 0.027083334134615385 0.66875 0.014583334134615385
1953 0.5953125 0.0625 0.5890625 0.3354166658653846 0.996875 0.3583333341346154 0.9984375000000001 0.020833334134615387 0.5953125 0.0625
1349 0.571875 0.1916666658653846 0.5515625 0.1833333341346154 0.54375 0.2104166658653846 0.528125 0.18125000000000002 0.5015625 0.16875 0.50625 0.15625 0.4765625 0.1791666658653846 0.478125 0.1333333341346154 0.459375 0.1645833341346154 0.4546875 0.13125 0.44062500000000004 0.14583333413461538 0.44375 0.1791666658653846 0.396875 0.20208333413461538 0.41093749999999996 0.22916666586538462 0.37968749999999996 0.2416666658653846 0.36250000000000004 0.2895833341346154 0.3671875 0.3395833341346154 0.375 0.3583333341346154 0.40156250000000004 0.3666666658653846 0.39375000000000004 0.39375000000000004 0.3984375 0.42708333413461536 0.41874999999999996 0.4395833341346154 0.4390625 0.42708333413461536 0.43437499999999996 0.45625000000000004 0.45781249999999996 0.4645833341346154 0.46406250000000004 0.45625000000000004 0.5875 0.42500000000000004 0.60625 0.3 0.5796875 0.2666666658653846 0.571875 0.1916666658653846
863 0.46562499999999996 0.6354166658653846 0.47187500000000004 0.6729166658653847 0.4921875 0.6812499999999999 0.5015625 0.5833333341346154 0.490625 0.56875 0.475 0.58125 0.48906249999999996 0.5958333341346154 0.484375 0.625 0.46562499999999996 0.6354166658653846