1942 0.0025 0.49666666586538466 0.1825 0.46 0.18 0.12333333413461538 0.005 0.09666666586538461 0.0025 0.49666666586538466
663 0.3 0.40333333413461536 0.3775 0.3833333341346154 0.3725 0.15 0.2975 0.1333333341346154 0.3 0.40333333413461536
1802 0.415 0.6366666658653847 0.4275 0.6499999999999999 0.445 0.6366666658653847 0.4375 0.3866666658653846 0.385 0.3833333341346154 0.2575 0.40333333413461536 0.2675 0.6933333341346154 0.33 0.6799999999999999 0.415 0.6366666658653847
1523 0.46749999999999997 0.6666666658653846 0.38749999999999996 0.6333333341346153 0.1225 0.8099999999999999 0.1275 0.9966666658653847 0.365 0.9966666658653847 0.47000000000000003 0.89 0.46749999999999997 0.6666666658653846
1523 0.47250000000000003 0.6666666658653846 0.47250000000000003 0.89 0.8350000000000001 0.9866666658653845 0.855 0.91 0.865 0.6933333341346154 0.5075000000000001 0.6333333341346153 0.47250000000000003 0.6666666658653846
1802 0.5375 0.63 0.535 0.6633333341346154 0.6425 0.6933333341346154 0.6799999999999999 0.67 0.675 0.6266666658653846 0.6475000000000001 0.6 0.615 0.59 0.5725 0.5966666658653846 0.5375 0.63
1802 0.675 0.6933333341346154 0.705 0.7 0.7100000000000001 0.6900000000000001 0.8225 0.7100000000000001 0.84 0.7 0.8425 0.6799999999999999 0.83 0.6766666658653846 0.785 0.6666666658653846 0.7025 0.6533333341346155 0.675 0.6933333341346154
1806 0.7474999999999999 0.8 0.7474999999999999 0.83 0.7975 0.8433333341346153 0.8099999999999999 0.8366666658653846 0.8125 0.8233333341346154 0.8200000000000001 0.7866666658653846 0.8200000000000001 0.7733333341346154 0.8225 0.77 0.8350000000000001 0.76 0.83 0.7533333341346153 0.8075 0.75 0.8 0.74 0.7825 0.7366666658653845 0.77 0.7266666658653846 0.7625 0.7366666658653845 0.7625 0.7533333341346153 0.755 0.7666666658653847 0.7575000000000001 0.7866666658653846 0.7474999999999999 0.8
1806 0.64 0.7666666658653847 0.6525 0.7833333341346154 0.6499999999999999 0.7966666658653847 0.7124999999999999 0.8166666658653846 0.735 0.8033333341346154 0.7375 0.7533333341346153 0.7250000000000001 0.7433333341346154 0.7075 0.74 0.6975 0.73 0.6825 0.7233333341346154 0.6675 0.7333333341346153 0.6649999999999999 0.75 0.64 0.7666666658653847
1806 0.7100000000000001 0.8733333341346154 0.7124999999999999 0.8866666658653847 0.7124999999999999 0.9133333341346154 0.8025 0.9366666658653846 0.8125 0.9133333341346154 0.8125 0.8966666658653846 0.8150000000000001 0.8833333341346153 0.8225 0.8866666658653847 0.8374999999999999 0.8766666658653846 0.8275 0.8733333341346154 0.8099999999999999 0.87 0.7899999999999999 0.8533333341346154 0.765 0.8533333341346154 0.7474999999999999 0.8466666658653845 0.74 0.8566666658653846 0.72 0.8500000000000001 0.7100000000000001 0.8733333341346154
1806 0.4825 0.7466666658653847 0.49 0.77 0.53 0.7866666658653846 0.5549999999999999 0.7433333341346154 0.5549999999999999 0.7266666658653846 0.5125 0.7066666658653846 0.4825 0.7466666658653847
1802 0.5525 0.87 0.5575 0.8766666658653846 0.575 0.89 0.61 0.89 0.62 0.89 0.625 0.89 0.6375 0.89 0.64 0.8533333341346154 0.63 0.8433333341346153 0.6075 0.84 0.5725 0.8333333341346154 0.5525 0.8433333341346153 0.5525 0.87
1806 0.3275 0.86 0.36250000000000004 0.8366666658653846 0.38 0.8099999999999999 0.3825 0.7633333341346155 0.365 0.76 0.35500000000000004 0.7566666658653846 0.335 0.7733333341346154 0.32499999999999996 0.78 0.3175 0.7833333341346154 0.31 0.7899999999999999 0.2975 0.7933333341346154 0.3025 0.8733333341346154 0.3175 0.8666666658653847 0.3275 0.86
1806 0.4125 0.8266666658653846 0.365 0.87 0.3725 0.9433333341346154 0.3825 0.9366666658653846 0.385 0.9233333341346154 0.4 0.9133333341346154 0.415 0.8966666658653846 0.4225 0.8833333341346153 0.435 0.8666666658653847 0.435 0.8333333341346154 0.42500000000000004 0.8266666658653846 0.4125 0.8266666658653846
1379 0.4325 0.4233333341346154 0.8325 0.4633333341346154 0.8500000000000001 0.1266666658653846 0.43 0.14666666586538463 0.4325 0.4233333341346154
1309 0.745 0.47000000000000003 0.7424999999999999 0.5366666658653846 0.8225 0.55 0.8225 0.4766666658653846 0.745 0.47000000000000003
1309 0.7274999999999999 0.47000000000000003 0.675 0.4633333341346154 0.67 0.5700000000000001 0.7225 0.5700000000000001 0.7274999999999999 0.47000000000000003
1309 0.5925 0.4533333341346154 0.5925 0.5233333341346154 0.6625000000000001 0.53 0.6649999999999999 0.46 0.5925 0.4533333341346154
1309 0.5875 0.44999999999999996 0.5375 0.4466666658653846 0.535 0.5466666658653846 0.5825 0.5533333341346154 0.5875 0.44999999999999996
1309 0.53 0.5133333341346155 0.5325 0.4466666658653846 0.47000000000000003 0.4366666658653846 0.46499999999999997 0.5033333341346153 0.53 0.5133333341346155
655 1 0.11666666586538461 0.99 0.11666666586538461 0.9525 0.7366666658653845 0.9675 0.7366666658653845 1 0.715 1 0.11666666586538461
1309 0.9225 0.12000000000000001 0.855 0.1266666658653846 0.8524999999999999 0.2433333341346154 0.9175 0.2466666658653846 0.9225 0.12000000000000001
128 0.9725 0.3666666658653846 0.9450000000000001 0.3633333341346154 0.8999999999999999 0.35666666586538465 0.8625 0.35333333413461543 0.8425 0.35666666586538465 0.84 0.3666666658653846 0.8500000000000001 0.3833333341346154 0.855 0.43 0.845 0.4533333341346154 0.87 0.4666666658653846 0.895 0.48000000000000004 0.92 0.48000000000000004 0.9624999999999999 0.4766666658653846 0.9725 0.3666666658653846
97 0.1675 0.6933333341346154 0.175 0.8033333341346154 0.16249999999999998 0.8133333341346154 0.18 0.8200000000000001 0.275 0.7533333341346153 0.265 0.7466666658653847 0.2625 0.64 0.255 0.64 0.255 0.6633333341346154 0.1825 0.7066666658653846 0.1825 0.6866666658653846 0.16999999999999998 0.6833333341346154 0.1675 0.6933333341346154
1802 0.365 0.6533333341346155 0.35500000000000004 0.6633333341346154 0.35500000000000004 0.6766666658653846 0.4 0.6933333341346154 0.44999999999999996 0.6633333341346154 0.42 0.6433333341346154 0.40750000000000003 0.64 0.4 0.6433333341346154 0.38749999999999996 0.64 0.38 0.6433333341346154 0.375 0.6466666658653846 0.365 0.6533333341346155
1885 0.0025 0 0.0025 0.83 0.3975 0.6333333341346153 0.38749999999999996 0 0.0025 0
852 0.8325 0.6033333341346154 0.8875 0.61 0.9450000000000001 0.62 0.9575 0.5 0.965 0.4866666658653846 0.9425 0.48000000000000004 0.8825000000000001 0.47000000000000003 0.8575 0.4633333341346154 0.8374999999999999 0.4566666658653846 0.8325 0.6033333341346154
1885 0.855 0.13 0.8350000000000001 0.53 0.9600000000000001 0.55 0.9875 0.11666666586538461 0.855 0.13
1885 0.3900793653846154 0 0.40499999999999997 0.6266666658653846 0.8225 0.7166666658653846 0.8500000000000001 0.13 0.9924999999999999 0.11 1 0.11 1 0 0.3900793653846154 0
792 1 0.7148888894230769 0.965 0.7366666658653845 0.9525 0.7366666658653845 0.9600000000000001 0.55 0.8350000000000001 0.53 0.8200000000000001 0.7166666658653846 0.40249999999999997 0.6266666658653846 0.005 0.83 0.005 0.9933333341346154 1 0.9933333341346154 1 0.7148888894230769
564 0.18 0.26 0.17250000000000001 0.10333333413461537 0.045 0.08666666586538462 0.0925 0.1633333341346154 0.11249999999999999 0.19333333413461537 0.1325 0.22 0.16999999999999998 0.2666666658653846 0.16249999999999998 0.29 0.16 0.35666666586538465 0.16249999999999998 0.39333333413461535 0.1675 0.5 0.16 0.5466666658653846 0.18 0.5533333341346154 0.1825 0.56 0.19 0.56 0.20500000000000002 0.5633333341346154 0.2 0.5233333341346154 0.19749999999999998 0.47333333413461537 0.19749999999999998 0.44 0.1825 0.27333333413461536 0.18 0.26
564 0.29 0.16999999999999998 0.31 0.1533333341346154 0.315 0.12000000000000001 0.21250000000000002 0.09333333413461539 0.2175 0.23333333413461538 0.2175 0.2666666658653846 0.21 0.27333333413461536 0.2 0.3066666658653846 0.19749999999999998 0.3633333341346154 0.21 0.38 0.2275 0.39333333413461535 0.2425 0.3766666658653846 0.25 0.3633333341346154 0.2375 0.31 0.2275 0.28 0.2425 0.2566666658653846 0.2725 0.2 0.29 0.16999999999999998
1524 0.005 0.8733333341346154 0.0975 0.8233333341346154 0.08 0.52 0.030000000000000002 0.5033333341346153 0.005 0.51 0.005 0.8733333341346154