402 0 0 0 0.035562500000000004 0.484375 0.0859375 0.9921875 0.0625 0.9958639687499999 0 0 0
1027 0.36653645673076923 0 0.4609375 0.01953125 0.51171875 0.01171875 0.470703125 0 0.36653645673076923 0
1027 0.52734375 0.04296875 0.48828125 0.05078125 0.58203125 0.06640625 0.6328125 0.05859375 0.52734375 0.04296875
1027 0.7734375 0.0234375 0.7265625 0.03125 0.8125 0.0546875 0.86328125 0.046875 0.7734375 0.0234375
1027 0.3671875 0.05078125 0.31640625 0.05859375 0.4296875 0.0703125 0.47265625 0.0625 0.3671875 0.05078125
17 0.78125 0.29296875 0.78125 0.3671875 0.80859375 0.3671875 0.84375 0.359375 0.83984375 0.2890625 0.8046875 0.2890625 0.78125 0.29296875
506 0.7421875 0.296875 0.69140625 0.296875 0.6875 0.34765625 0.71875 0.35546875 0.75 0.3515625 0.7421875 0.296875
506 0.66015625 0.3046875 0.65234375 0.3046875 0.65234375 0.28515625 0.59375 0.2890625 0.59375 0.33984375 0.6484375 0.34375 0.66015625 0.3359375 0.66015625 0.3046875
17 0.58203125 0.3515625 0.58984375 0.28515625 0.57421875 0.28125 0.53515625 0.28125 0.53515625 0.3515625 0.5625 0.35546875 0.58203125 0.3515625
506 0.07421875 0.3203125 0.078125 0.34765625 0.05078125 0.3671875 0.05859375 0.39453125 0.09375 0.38671875 0.15625 0.38671875 0.14453125 0.31640625 0.07421875 0.3203125
17 0.1640625 0.38671875 0.21875 0.39453125 0.24609375 0.38671875 0.24609375 0.30859375 0.15234375 0.30859375 0.1640625 0.38671875
17 0.3046875 0.29296875 0.3046875 0.36328125 0.36328125 0.37109375 0.3828125 0.3671875 0.38671875 0.296875 0.3046875 0.29296875
605 0.53515625 0.3359375 0.515625 0.35546875 0.51953125 0.35546875 0.51953125 0.40234375 0.546875 0.40625 0.546875 0.36328125 0.81640625 0.38671875 0.8125 0.421875 0.8359375 0.42578125 0.86328125 0.421875 0.85546875 0.37109375 0.8671875 0.37109375 0.8671875 0.359375 0.53515625 0.3359375
423 0.75 0.41796875 0.7421875 0.39453125 0.71484375 0.390625 0.7109375 0.37109375 0.70703125 0.34765625 0.69140625 0.34765625 0.66796875 0.34765625 0.6640625 0.37109375 0.6640625 0.3984375 0.6640625 0.4140625 0.70703125 0.421875 0.75 0.41796875
605 0.46484375 0.34375 0.0390625 0.38671875 0.10546875 0.421875 0.125 0.421875 0.46875 0.37890625 0.46875 0.39453125 0.5 0.3984375 0.5 0.36328125 0.515625 0.359375 0.51171875 0.34765625 0.46484375 0.34375
605 0.21875 0.4296875 0.22265625 0.453125 0.2421875 0.453125 0.23828125 0.4375 0.46875 0.45703125 0.46484375 0.484375 0.515625 0.484375 0.51953125 0.4609375 0.84765625 0.48828125 0.84375 0.5234375 0.90234375 0.5234375 0.8984375 0.484375 0.9453125 0.4921875 0.9921875 0.49609375 0.99609375 0.44140625 0.3046875 0.38671875 0.20703125 0.40625 0.20703125 0.42578125 0.21875 0.4296875
655 0.99609375 0.203125 0.90625 0.203125 0.8984375 0.42578125 0.9921875 0.44140625 0.99609375 0.203125
615 0 0.5121951201923077 0.15625 0.53125 0.1640625 0.58984375 0.20703125 0.59375 0.20703125 0.5390625 0.609375 0.59765625 0.60546875 0.66796875 0.66015625 0.6796875 0.6640625 0.609375 0.9921875 0.65234375 0.99609375 0.5390625 0.01171875 0.4375 0 0.4375 0 0.5121951201923077
423 0.58203125 0.4921875 0.69921875 0.5 0.6875 0.484375 0.66015625 0.47265625 0.65625 0.453125 0.64453125 0.43359375 0.61328125 0.42578125 0.578125 0.42578125 0.57421875 0.45703125 0.57421875 0.47265625 0.58203125 0.4921875
423 0.9921875 0.64453125 0.95703125 0.64453125 0.9375 0.640625 0.921875 0.6015625 0.90625 0.58984375 0.84375 0.58203125 0.7890625 0.578125 0.78125 0.59765625 0.77734375 0.62109375 0.796875 0.66015625 0.796875 0.69140625 0.9609375 0.7265625 0.98046875 0.703125 0.9921875 0.64453125
615 0.38671875 0.83984375 0.3828125 0.98046875 0.44921875 0.9921875 0.4453125 0.8515625 0.99609375 0.984375 0.9921875 0.734375 0.00390625 0.5625 0.00390625 0.7421875 0.38671875 0.83984375
1082 0 0.9960455240384616 0.3125 0.9921875 0.3515625 0.953125 0.33984375 0.9375 0.34765625 0.90625 0.3359375 0.90234375 0.37890625 0.8671875 0.36328125 0.85546875 0.375 0.84765625 0.3671875 0.82421875 0.37890625 0.8125 0.19921875 0.734375 0.00390625 0.81640625 0 0.90625 0 0.9960455240384616
1885 0 0.115234375 0.00390625 0.19140625 0.00390625 0.55859375 0.484375 0.45703125 0.4921875 0.0859375 0 0.03943159375 0 0.115234375
1885 0.9921875 0.5078125 0.99609375 0.1328125 0.9921875 0.05859375 0.4921875 0.0859375 0.484375 0.45703125 0.9921875 0.5078125
792 0 0.99609375 0.94140625 0.99609375 0.9921875 0.9921875 0.9921875 0.5078125 0.48046875 0.45703125 0.00390625 0.55859375 0 0.77734375 0 0.99609375