1942 0.995 0.09666666586538461 0.8200000000000001 0.12333333413461538 0.8175 0.46 0.9974999999999999 0.49666666586538466 0.995 0.09666666586538461
663 0.7025 0.1333333341346154 0.6275000000000001 0.15 0.6224999999999999 0.3833333341346154 0.7 0.40333333413461536 0.7025 0.1333333341346154
1802 0.67 0.6799999999999999 0.7325 0.6933333341346154 0.7424999999999999 0.40333333413461536 0.615 0.3833333341346154 0.5625 0.3866666658653846 0.5549999999999999 0.6366666658653847 0.5725 0.6499999999999999 0.5850000000000001 0.6366666658653847 0.67 0.6799999999999999
1523 0.53 0.89 0.635 0.9966666658653847 0.8724999999999999 0.9966666658653847 0.8775000000000001 0.8099999999999999 0.6125 0.6333333341346153 0.5325 0.6666666658653846 0.53 0.89
1523 0.4925 0.6333333341346153 0.13499999999999998 0.6933333341346154 0.145 0.91 0.165 0.9866666658653845 0.5275 0.89 0.5275 0.6666666658653846 0.4925 0.6333333341346153
1802 0.4275 0.5966666658653846 0.385 0.59 0.3525 0.6 0.32499999999999996 0.6266666658653846 0.32 0.67 0.3575 0.6933333341346154 0.46499999999999997 0.6633333341346154 0.4625 0.63 0.4275 0.5966666658653846
1802 0.2975 0.6533333341346155 0.215 0.6666666658653846 0.16999999999999998 0.6766666658653846 0.1575 0.6799999999999999 0.16 0.7 0.17750000000000002 0.7100000000000001 0.29 0.6900000000000001 0.295 0.7 0.32499999999999996 0.6933333341346154 0.2975 0.6533333341346155
1806 0.2425 0.7866666658653846 0.245 0.7666666658653847 0.2375 0.7533333341346153 0.2375 0.7366666658653845 0.23 0.7266666658653846 0.2175 0.7366666658653845 0.2 0.74 0.1925 0.75 0.16999999999999998 0.7533333341346153 0.165 0.76 0.17750000000000002 0.77 0.18 0.7733333341346154 0.18 0.7866666658653846 0.1875 0.8233333341346154 0.19 0.8366666658653846 0.20249999999999999 0.8433333341346153 0.2525 0.83 0.2525 0.8 0.2425 0.7866666658653846
1806 0.335 0.75 0.33249999999999996 0.7333333341346153 0.3175 0.7233333341346154 0.3025 0.73 0.29250000000000004 0.74 0.275 0.7433333341346154 0.2625 0.7533333341346153 0.265 0.8033333341346154 0.2875 0.8166666658653846 0.35 0.7966666658653847 0.34750000000000003 0.7833333341346154 0.36 0.7666666658653847 0.335 0.75
1806 0.28 0.8500000000000001 0.26 0.8566666658653846 0.2525 0.8466666658653845 0.23500000000000001 0.8533333341346154 0.21 0.8533333341346154 0.19 0.87 0.17250000000000001 0.8733333341346154 0.16249999999999998 0.8766666658653846 0.17750000000000002 0.8866666658653847 0.185 0.8833333341346153 0.1875 0.8966666658653846 0.1875 0.9133333341346154 0.19749999999999998 0.9366666658653846 0.2875 0.9133333341346154 0.2875 0.8866666658653847 0.29 0.8733333341346154 0.28 0.8500000000000001
1806 0.48750000000000004 0.7066666658653846 0.445 0.7266666658653846 0.445 0.7433333341346154 0.47000000000000003 0.7866666658653846 0.51 0.77 0.5175 0.7466666658653847 0.48750000000000004 0.7066666658653846
1802 0.4475 0.8433333341346153 0.4275 0.8333333341346154 0.3925 0.84 0.37 0.8433333341346153 0.36 0.8533333341346154 0.36250000000000004 0.89 0.375 0.89 0.38 0.89 0.39 0.89 0.42500000000000004 0.89 0.4425 0.8766666658653846 0.4475 0.87 0.4475 0.8433333341346153
1806 0.6825 0.8666666658653847 0.6975 0.8733333341346154 0.7025 0.7933333341346154 0.6900000000000001 0.7899999999999999 0.6825 0.7833333341346154 0.675 0.78 0.6649999999999999 0.7733333341346154 0.645 0.7566666658653846 0.635 0.76 0.6174999999999999 0.7633333341346155 0.62 0.8099999999999999 0.6375 0.8366666658653846 0.6725 0.86 0.6825 0.8666666658653847
1806 0.575 0.8266666658653846 0.565 0.8333333341346154 0.565 0.8666666658653847 0.5775 0.8833333341346153 0.5850000000000001 0.8966666658653846 0.6 0.9133333341346154 0.615 0.9233333341346154 0.6174999999999999 0.9366666658653846 0.6275000000000001 0.9433333341346154 0.635 0.87 0.5875 0.8266666658653846 0.575 0.8266666658653846
1379 0.5700000000000001 0.14666666586538463 0.15 0.1266666658653846 0.1675 0.4633333341346154 0.5675 0.4233333341346154 0.5700000000000001 0.14666666586538463
1309 0.17750000000000002 0.4766666658653846 0.17750000000000002 0.55 0.2575 0.5366666658653846 0.255 0.47000000000000003 0.17750000000000002 0.4766666658653846
1309 0.27749999999999997 0.5700000000000001 0.33 0.5700000000000001 0.32499999999999996 0.4633333341346154 0.2725 0.47000000000000003 0.27749999999999997 0.5700000000000001
1309 0.335 0.46 0.3375 0.53 0.40750000000000003 0.5233333341346154 0.40750000000000003 0.4533333341346154 0.335 0.46
1309 0.41750000000000004 0.5533333341346154 0.46499999999999997 0.5466666658653846 0.4625 0.4466666658653846 0.4125 0.44999999999999996 0.41750000000000004 0.5533333341346154
1309 0.535 0.5033333341346153 0.53 0.4366666658653846 0.46749999999999997 0.4466666658653846 0.47000000000000003 0.5133333341346155 0.535 0.5033333341346153
655 0 0.715 0.0325 0.7366666658653845 0.0475 0.7366666658653845 0.01 0.11666666586538461 0 0.11666666586538461 0 0.715
1309 0.0825 0.2466666658653846 0.1475 0.2433333341346154 0.145 0.1266666658653846 0.0775 0.12000000000000001 0.0825 0.2466666658653846
128 0.0375 0.4766666658653846 0.08 0.48000000000000004 0.105 0.48000000000000004 0.13 0.4666666658653846 0.155 0.4533333341346154 0.145 0.43 0.15 0.3833333341346154 0.16 0.3666666658653846 0.1575 0.35666666586538465 0.1375 0.35333333413461543 0.1 0.35666666586538465 0.055 0.3633333341346154 0.0275 0.3666666658653846 0.0375 0.4766666658653846
97 0.83 0.6833333341346154 0.8175 0.6866666658653846 0.8175 0.7066666658653846 0.745 0.6633333341346154 0.745 0.64 0.7375 0.64 0.735 0.7466666658653847 0.7250000000000001 0.7533333341346153 0.8200000000000001 0.8200000000000001 0.8374999999999999 0.8133333341346154 0.825 0.8033333341346154 0.8325 0.6933333341346154 0.83 0.6833333341346154
1802 0.625 0.6466666658653846 0.62 0.6433333341346154 0.6125 0.64 0.6 0.6433333341346154 0.5925 0.64 0.58 0.6433333341346154 0.55 0.6633333341346154 0.6 0.6933333341346154 0.645 0.6766666658653846 0.645 0.6633333341346154 0.635 0.6533333341346155 0.625 0.6466666658653846
1885 0.6125 0 0.6024999999999999 0.6333333341346153 0.9974999999999999 0.83 0.9974999999999999 0 0.6125 0
852 0.16249999999999998 0.4566666658653846 0.14250000000000002 0.4633333341346154 0.11750000000000001 0.47000000000000003 0.0575 0.48000000000000004 0.035 0.4866666658653846 0.042499999999999996 0.5 0.055 0.62 0.11249999999999999 0.61 0.1675 0.6033333341346154 0.16249999999999998 0.4566666658653846
1885 0.0125 0.11666666586538461 0.04 0.55 0.165 0.53 0.145 0.13 0.0125 0.11666666586538461
1885 0 0 0 0.11 0.007500000000000001 0.11 0.15 0.13 0.17750000000000002 0.7166666658653846 0.595 0.6266666658653846 0.6099206346153846 0 0 0
792 0 0.9933333341346154 0.995 0.9933333341346154 0.995 0.83 0.5975 0.6266666658653846 0.18 0.7166666658653846 0.165 0.53 0.04 0.55 0.0475 0.7366666658653845 0.035 0.7366666658653845 0 0.7148888894230769 0 0.9933333341346154
564 0.8175 0.27333333413461536 0.8025 0.44 0.8025 0.47333333413461537 0.8 0.5233333341346154 0.795 0.5633333341346154 0.8099999999999999 0.56 0.8175 0.56 0.8200000000000001 0.5533333341346154 0.84 0.5466666658653846 0.8325 0.5 0.8374999999999999 0.39333333413461535 0.84 0.35666666586538465 0.8374999999999999 0.29 0.83 0.2666666658653846 0.8674999999999999 0.22 0.8875 0.19333333413461537 0.9075 0.1633333341346154 0.955 0.08666666586538462 0.8275 0.10333333413461537 0.8200000000000001 0.26 0.8175 0.27333333413461536
564 0.7274999999999999 0.2 0.7575000000000001 0.2566666658653846 0.7725000000000001 0.28 0.7625 0.31 0.75 0.3633333341346154 0.7575000000000001 0.3766666658653846 0.7725000000000001 0.39333333413461535 0.7899999999999999 0.38 0.8025 0.3633333341346154 0.8 0.3066666658653846 0.7899999999999999 0.27333333413461536 0.7825 0.2666666658653846 0.7825 0.23333333413461538 0.7875000000000001 0.09333333413461539 0.6849999999999999 0.12000000000000001 0.6900000000000001 0.1533333341346154 0.7100000000000001 0.16999999999999998 0.7274999999999999 0.2
1524 0.995 0.51 0.97 0.5033333341346153 0.92 0.52 0.9025 0.8233333341346154 0.995 0.8733333341346154 0.995 0.51