402 0.001736110576923077 0 0.001736110576923077 0.04817708413461538 0.18229166586538462 0.09895833413461538 0.15972222115384616 0.109375 0.878472221153846 0.03125 0.9444444447115384 0.10286458413461538 0.9444444447115384 0.20833333413461538 0.998263889423077 0.20833333413461538 0.9947916658653846 0 0.001736110576923077 0
837 0 0.9935167091346154 0.24826388942307692 0.9973958341346154 0.265625 0.98828125 0.2256944447115385 0.32161458413461536 0.19791666586538462 0.3125 0.13368055528846154 0.31510416586538464 0.13368055528846154 0.32161458413461536 0.001736110576923077 0.31770833413461536 0 0.6555989591346154 0 0.9935167091346154
558 0 0.3151876346153846 0.13368055528846154 0.32161458413461536 0.13368055528846154 0.31510416586538464 0.14930555528846154 0.31119791586538464 0.14583333413461538 0.22395833413461538 0.14409722115384616 0.10807291586538462 0.1805555552884615 0.09765625 0.001736110576923077 0.04817708413461538 0 0.181640625 0 0.3151876346153846
1235 0.48784722115384616 0.21484375 0.498263889423077 0.21875 0.513888889423077 0.8229166658653846 0.730902778846154 0.84765625 0.746527778846154 0.20052083413461538 0.5052083341346154 0.21354166586538462 0.48784722115384616 0.21484375
655 0.375 0.20442708413461538 0.388888889423077 0.890625 0.40277777884615384 0.890625 0.41666666586538464 0.8971354158653846 0.5069444447115384 0.8489583341346154 0.49652777884615384 0.22135416586538462 0.40277777884615384 0.19791666586538462 0.390625 0.20572916586538462 0.375 0.20442708413461538
1885 0.9635416658653846 0.82421875 0.996527778846154 0.828125 0.996527778846154 0.49739583413461536 0.934027778846154 0.49348958413461536 0.923611110576923 0.5286458341346154 0.972222221153846 0.73828125 0.9635416658653846 0.82421875
1885 0.998263889423077 0.49479166586538464 0.996527778846154 0.2734375 0.996527778846154 0.20833333413461538 0.940972221153846 0.203125 0.939236110576923 0.4921875 0.998263889423077 0.49479166586538464
1885 0.921875 0.5260416658653846 0.939236110576923 0.48828125 0.9444444447115384 0.10026041586538462 0.878472221153846 0.029947915865384613 0.8506944447115384 0.9231770841346154 0.920138889423077 0.8046875 0.9583333341346154 0.80859375 0.972222221153846 0.7317708341346154 0.921875 0.5260416658653846
1885 0.19097222115384616 0.8138020841346154 0.38541666586538464 0.8450520841346154 0.36979166586538464 0.20052083413461538 0.388888889423077 0.203125 0.40625 0.19791666586538462 0.48090277884615384 0.21223958413461538 0.746527778846154 0.19791666586538462 0.732638889423077 0.8997395841346154 0.8489583341346154 0.9231770841346154 0.873263889423077 0.02734375 0.14583333413461538 0.11067708413461538 0.19097222115384616 0.8138020841346154
1700 0.878472221153846 0.43098958413461536 0.876736110576923 0.47005208413461536 0.8993055552884616 0.46223958413461536 0.8975694447115384 0.42708333413461536 0.878472221153846 0.43098958413461536
792 0.918402778846154 0.8046875 0.8506944447115384 0.9231770841346154 0.7239583341346154 0.9036458341346154 0.7291666658653846 0.84765625 0.5104166658653846 0.8216145841346154 0.5104166658653846 0.8489583341346154 0.41840277884615384 0.8971354158653846 0.40104166586538464 0.8893229158653846 0.3836805552884615 0.890625 0.38541666586538464 0.8463541658653846 0.2569444447115385 0.8255208341346154 0.2638888894230769 0.9869791658653846 0.2517361105769231 0.9973958341346154 0.996527778846154 0.9934895841346154 0.9947916658653846 0.8294270841346154 0.9583333341346154 0.8216145841346154 0.9600694447115384 0.8098958341346154 0.918402778846154 0.8046875
1485 0.703125 0.50390625 0.7291666658653846 0.50390625 0.722222221153846 0.49088541586538464 0.6788194447115384 0.47786458413461536 0.6354166658653846 0.4765625 0.595486110576923 0.47786458413461536 0.564236110576923 0.48567708413461536 0.607638889423077 0.5234375 0.6319444447115384 0.5286458341346154 0.6770833341346154 0.5286458341346154 0.703125 0.50390625
1485 0.628472221153846 0.76953125 0.637152778846154 0.7395833341346154 0.6354166658653846 0.7278645841346154 0.621527778846154 0.7122395841346154 0.6041666658653846 0.7096354158653846 0.5815972211538462 0.70703125 0.5729166658653846 0.703125 0.5659722211538462 0.70703125 0.5590277788461538 0.7109375 0.532986110576923 0.71484375 0.5190972211538462 0.73046875 0.5190972211538462 0.7760416658653846 0.5538194447115384 0.78515625 0.579861110576923 0.7864583341346154 0.595486110576923 0.7877604158653846 0.6059027788461538 0.78515625 0.628472221153846 0.76953125
865 0.5347222211538462 0.5364583341346154 0.548611110576923 0.5377604158653846 0.5746527788461538 0.5338541658653846 0.5694444447115384 0.48958333413461536 0.5555555552884616 0.48697916586538464 0.5434027788461538 0.48958333413461536 0.5347222211538462 0.5364583341346154