1235 0.165 0.10158730048076924 0.1675 0.9174603173076924 0.8075 0.9079365072115385 0.8125 0.09841269951923078 0.165 0.10158730048076924
191 0.35500000000000004 0.8603174591346154 0.475 0.8634920625 0.47250000000000003 0.8952380961538461 0.4775 0.8952380961538461 0.4825 0.5587301586538461 0.3575 0.5587301586538461 0.3525 0.8761904759615384 0.34750000000000003 0.9015873004807692 0.3575 0.8984126995192308 0.35500000000000004 0.8603174591346154
191 0.61 0.8825396826923076 0.6075 0.8920634927884615 0.6174999999999999 0.8952380961538461 0.6174999999999999 0.8825396826923076 0.615 0.8730158725961539 0.6125 0.5619047620192308 0.48750000000000004 0.5619047620192308 0.4925 0.8793650793269231 0.48750000000000004 0.8793650793269231 0.485 0.8984126995192308 0.495 0.8984126995192308 0.4925 0.8634920625 0.61 0.857142858173077 0.61 0.8825396826923076
1766 0.47250000000000003 0.5492063485576923 0.47250000000000003 0.47619047596153846 0.41750000000000004 0.47301587259615385 0.415 0.5555555552884616 0.47250000000000003 0.5492063485576923
296 0.3025 0.888888889423077 0.3175 0.8793650793269231 0.3175 0.8634920625 0.3175 0.8349206346153846 0.3075 0.8253968245192307 0.3025 0.815873016826923 0.295 0.8253968245192307 0.29 0.8190476201923077 0.28 0.8285714278846155 0.275 0.8190476201923077 0.26999999999999996 0.8190476201923077 0.26999999999999996 0.8253968245192307 0.2625 0.8222222211538461 0.255 0.8285714278846155 0.24000000000000002 0.8126984134615385 0.23249999999999998 0.815873016826923 0.22499999999999998 0.8222222211538461 0.2225 0.8349206346153846 0.21250000000000002 0.8380952379807692 0.2075 0.8857142860576922 0.2425 0.888888889423077 0.265 0.888888889423077 0.28 0.8857142860576922 0.3025 0.888888889423077
314 0.6825 0.7904761899038462 0.6475000000000001 0.7936507932692307 0.6475000000000001 0.8730158725961539 0.6525 0.8825396826923076 0.6875 0.8825396826923076 0.6875 0.7968253966346153 0.6825 0.7904761899038462
973 0.7749999999999999 0.6984126995192308 0.7675 0.6920634927884616 0.7675 0.6857142860576922 0.76 0.6857142860576922 0.76 0.6952380961538461 0.755 0.7015873004807692 0.7525000000000001 0.7111111105769231 0.7525000000000001 0.720634920673077 0.755 0.7587301586538462 0.785 0.7555555552884615 0.78 0.7333333341346153 0.7775 0.7111111105769231 0.7749999999999999 0.6984126995192308
973 0.7424999999999999 0.6984126995192308 0.74 0.6920634927884616 0.74 0.6825396826923077 0.7274999999999999 0.6825396826923077 0.73 0.688888889423077 0.7250000000000001 0.7047619038461538 0.7250000000000001 0.7238095240384615 0.7225 0.7365079375 0.72 0.7555555552884615 0.7525000000000001 0.7555555552884615 0.75 0.7142857139423077 0.745 0.7079365072115384 0.7424999999999999 0.6984126995192308
291 0.66 0.688888889423077 0.655 0.6730158725961538 0.645 0.6730158725961538 0.645 0.688888889423077 0.6425 0.7047619038461538 0.6425 0.7238095240384615 0.6425 0.7619047620192307 0.6625000000000001 0.7650793653846153 0.6625000000000001 0.7015873004807692 0.66 0.688888889423077
296 0.7 0.6666666658653846 0.6950000000000001 0.6666666658653846 0.6925 0.688888889423077 0.6900000000000001 0.7047619038461538 0.6875 0.6984126995192308 0.6775 0.6793650793269231 0.6775 0.6634920625 0.67 0.6634920625 0.67 0.6857142860576922 0.6675 0.7015873004807692 0.6649999999999999 0.7619047620192307 0.7124999999999999 0.7555555552884615 0.7100000000000001 0.7015873004807692 0.7 0.6857142860576922 0.7 0.6666666658653846
180 0.6625000000000001 0.5809523798076923 0.6224999999999999 0.5841269831730769 0.6275000000000001 0.6349206346153846 0.7274999999999999 0.6380952379807692 0.73 0.5809523798076923 0.6625000000000001 0.5809523798076923
180 0.735 0.6380952379807692 0.7975 0.6380952379807692 0.795 0.5936507932692308 0.7325 0.5936507932692308 0.735 0.6380952379807692
296 0.6849999999999999 0.4539682548076923 0.675 0.4444444447115385 0.675 0.41587301682692307 0.6649999999999999 0.41587301682692307 0.66 0.42857142788461544 0.6625000000000001 0.4539682548076923 0.6575 0.4603174591346154 0.655 0.4253968245192308 0.64 0.4253968245192308 0.64 0.4603174591346154 0.635 0.4539682548076923 0.635 0.43174603125 0.6224999999999999 0.43174603125 0.6224999999999999 0.4539682548076923 0.6125 0.46984126923076924 0.61 0.5174603173076924 0.6375 0.5174603173076924 0.6625000000000001 0.5174603173076924 0.6849999999999999 0.5206349206730769 0.6849999999999999 0.4539682548076923
973 0.73 0.47301587259615385 0.7225 0.47301587259615385 0.7225 0.4825396826923077 0.7175 0.4857142860576923 0.7175 0.5174603173076924 0.74 0.5206349206730769 0.74 0.4857142860576923 0.7325 0.4825396826923077 0.73 0.47301587259615385
180 0.2625 0.5968253966346154 0.265 0.6444444447115385 0.335 0.647619048076923 0.335 0.6 0.2625 0.5968253966346154
291 0.2675 0.46984126923076924 0.2675 0.4380952379807692 0.2575 0.4380952379807692 0.2575 0.47301587259615385 0.2525 0.47619047596153846 0.2525 0.5238095240384616 0.275 0.5238095240384616 0.275 0.46984126923076924 0.2675 0.46984126923076924
291 0.2975 0.4380952379807692 0.29250000000000004 0.4380952379807692 0.29250000000000004 0.4603174591346154 0.2875 0.4634920625 0.29 0.5206349206730769 0.3025 0.5206349206730769 0.3025 0.4603174591346154 0.2975 0.45714285817307687 0.2975 0.4380952379807692
180 0.2575 0.3365079375 0.245 0.33968254086538463 0.2375 0.34920634855769234 0.2275 0.3460317451923077 0.21 0.3365079375 0.195 0.33333333413461536 0.16999999999999998 0.34285714182692306 0.17750000000000002 0.39047618990384614 0.20249999999999999 0.3936507932692308 0.2575 0.39047618990384614 0.2625 0.34285714182692306 0.2575 0.3365079375
314 0.21 0.19047618990384615 0.195 0.19047618990384615 0.19 0.2666666658653846 0.2075 0.2666666658653846 0.2225 0.27301587259615384 0.2275 0.19047618990384615 0.21 0.19047618990384615
314 0.2225 0.26984126923076923 0.26999999999999996 0.26984126923076923 0.2725 0.19047618990384615 0.2275 0.18730158653846155 0.2225 0.26984126923076923
314 0.29250000000000004 0.26984126923076923 0.32499999999999996 0.26984126923076923 0.3225 0.21587301682692306 0.295 0.21587301682692306 0.29250000000000004 0.26984126923076923
314 0.3275 0.26984126923076923 0.3525 0.2666666658653846 0.35 0.21587301682692306 0.32499999999999996 0.21587301682692306 0.3275 0.26984126923076923
1764 0.7749999999999999 0.34920634855769234 0.7749999999999999 0.38730158653846153 0.7975 0.38730158653846153 0.7975 0.34920634855769234 0.7749999999999999 0.34920634855769234
1766 0.735 0.3174603173076923 0.735 0.38730158653846153 0.76 0.384126983173077 0.76 0.3174603173076923 0.735 0.3174603173076923
1766 0.6975 0.38730158653846153 0.7250000000000001 0.39047618990384614 0.72 0.3174603173076923 0.7 0.3174603173076923 0.6975 0.38730158653846153
1766 0.6575 0.38730158653846153 0.6825 0.39047618990384614 0.6799999999999999 0.31428571394230764 0.6575 0.31428571394230764 0.6575 0.38730158653846153
314 0.36250000000000004 0.21269841346153845 0.3675 0.2666666658653846 0.3975 0.2666666658653846 0.39499999999999996 0.20317460336538462 0.3725 0.20634920673076923 0.36250000000000004 0.21269841346153845
291 0.58 0.21587301682692306 0.58 0.2 0.5700000000000001 0.2 0.5700000000000001 0.2190476201923077 0.5675 0.22222222115384616 0.5675 0.2634920625 0.5850000000000001 0.2634920625 0.5850000000000001 0.22222222115384616 0.58 0.21587301682692306
291 0.5975 0.1968253966346154 0.5875 0.1968253966346154 0.5875 0.2190476201923077 0.5850000000000001 0.22539682451923077 0.5875 0.2634920625 0.6024999999999999 0.2634920625 0.6 0.22222222115384616 0.5975 0.21269841346153845 0.5975 0.1968253966346154
1764 0.7325 0.22539682451923077 0.7375 0.2666666658653846 0.7575000000000001 0.2666666658653846 0.755 0.2190476201923077 0.7474999999999999 0.2190476201923077 0.7325 0.22539682451923077
973 0.5925 0.34285714182692306 0.5775 0.34285714182692306 0.5775 0.34920634855769234 0.575 0.3523809519230769 0.575 0.3936507932692308 0.6 0.3936507932692308 0.5975 0.3523809519230769 0.595 0.34920634855769234 0.5925 0.34285714182692306
973 0.6174999999999999 0.34285714182692306 0.605 0.34285714182692306 0.6024999999999999 0.34920634855769234 0.6 0.35555555528846156 0.6 0.39047618990384614 0.6224999999999999 0.39047618990384614 0.6224999999999999 0.3523809519230769 0.6174999999999999 0.34920634855769234 0.6174999999999999 0.34285714182692306
1247 0.26 0.6444444447115385 0.265 0.5523809519230769 0.1675 0.5523809519230769 0.16999999999999998 0.647619048076923 0.26 0.6444444447115385
314 0.3225 0.7682539687500001 0.3225 0.7269841274038461 0.2475 0.7301587307692308 0.245 0.7746031754807692 0.3225 0.7682539687500001
291 0.335 0.6920634927884616 0.3275 0.6920634927884616 0.3275 0.7111111105769231 0.32499999999999996 0.7142857139423077 0.32499999999999996 0.7682539687500001 0.33999999999999997 0.7682539687500001 0.3375 0.7174603173076922 0.335 0.7047619038461538 0.335 0.6920634927884616
321 0.48000000000000004 0.17777777884615384 0.4475 0.1809523798076923 0.42500000000000004 0.1809523798076923 0.3925 0.1809523798076923 0.4 0.26984126923076923 0.535 0.2666666658653846 0.5625 0.2666666658653846 0.56 0.1809523798076923 0.5375 0.17777777884615384 0.48000000000000004 0.17777777884615384
1885 0 0 0 0.9426739927884615 0.1275 0.9333333341346154 0.1225 0.047619048076923076 0.8575 0.04444444471153846 0.8475 0.9301587307692307 0.995 0.9333333341346154 0.9974999999999999 0 0 0
828 0.8099999999999999 0.9079365072115385 0.8225 0.9301587307692307 0.8475 0.9301587307692307 0.8575 0.04444444471153846 0.1225 0.047619048076923076 0.1275 0.9333333341346154 0.155 0.9333333341346154 0.165 0.9174603173076924 0.16249999999999998 0.10158730048076924 0.8099999999999999 0.09841269951923078 0.8099999999999999 0.9079365072115385
792 0 0.9968174423076923 0.995 0.9936507932692307 0.995 0.9365079375 0.8225 0.9301587307692307 0.8075 0.9047619038461538 0.1675 0.9174603173076924 0.1525 0.9333333341346154 0 0.9395801322115385 0 0.9968174423076923