1235 0.1875 0.09841269951923078 0.1925 0.9079365072115385 0.8325 0.9174603173076924 0.8350000000000001 0.10158730048076924 0.1875 0.09841269951923078
191 0.6425 0.8984126995192308 0.6525 0.9015873004807692 0.6475000000000001 0.8761904759615384 0.6425 0.5587301586538461 0.5175 0.5587301586538461 0.5225000000000001 0.8952380961538461 0.5275 0.8952380961538461 0.525 0.8634920625 0.645 0.8603174591346154 0.6425 0.8984126995192308
191 0.39 0.857142858173077 0.5075000000000001 0.8634920625 0.505 0.8984126995192308 0.515 0.8984126995192308 0.5125 0.8793650793269231 0.5075000000000001 0.8793650793269231 0.5125 0.5619047620192308 0.38749999999999996 0.5619047620192308 0.385 0.8730158725961539 0.3825 0.8825396826923076 0.3825 0.8952380961538461 0.3925 0.8920634927884615 0.39 0.8825396826923076 0.39 0.857142858173077
1766 0.5850000000000001 0.5555555552884616 0.5825 0.47301587259615385 0.5275 0.47619047596153846 0.5275 0.5492063485576923 0.5850000000000001 0.5555555552884616
296 0.72 0.8857142860576922 0.735 0.888888889423077 0.7575000000000001 0.888888889423077 0.7925 0.8857142860576922 0.7875000000000001 0.8380952379807692 0.7775 0.8349206346153846 0.7749999999999999 0.8222222211538461 0.7675 0.815873016826923 0.76 0.8126984134615385 0.745 0.8285714278846155 0.7375 0.8222222211538461 0.73 0.8253968245192307 0.73 0.8190476201923077 0.7250000000000001 0.8190476201923077 0.72 0.8285714278846155 0.7100000000000001 0.8190476201923077 0.705 0.8253968245192307 0.6975 0.815873016826923 0.6925 0.8253968245192307 0.6825 0.8349206346153846 0.6825 0.8634920625 0.6825 0.8793650793269231 0.6975 0.888888889423077 0.72 0.8857142860576922
314 0.3125 0.7968253966346153 0.3125 0.8825396826923076 0.34750000000000003 0.8825396826923076 0.3525 0.8730158725961539 0.3525 0.7936507932692307 0.3175 0.7904761899038462 0.3125 0.7968253966346153
973 0.2225 0.7111111105769231 0.22 0.7333333341346153 0.215 0.7555555552884615 0.245 0.7587301586538462 0.2475 0.720634920673077 0.2475 0.7111111105769231 0.245 0.7015873004807692 0.24000000000000002 0.6952380961538461 0.24000000000000002 0.6857142860576922 0.23249999999999998 0.6857142860576922 0.23249999999999998 0.6920634927884616 0.22499999999999998 0.6984126995192308 0.2225 0.7111111105769231
973 0.255 0.7079365072115384 0.25 0.7142857139423077 0.2475 0.7555555552884615 0.28 0.7555555552884615 0.27749999999999997 0.7365079375 0.275 0.7238095240384615 0.275 0.7047619038461538 0.26999999999999996 0.688888889423077 0.2725 0.6825396826923077 0.26 0.6825396826923077 0.26 0.6920634927884616 0.2575 0.6984126995192308 0.255 0.7079365072115384
291 0.3375 0.7015873004807692 0.3375 0.7650793653846153 0.3575 0.7619047620192307 0.3575 0.7238095240384615 0.3575 0.7047619038461538 0.35500000000000004 0.688888889423077 0.35500000000000004 0.6730158725961538 0.34500000000000003 0.6730158725961538 0.33999999999999997 0.688888889423077 0.3375 0.7015873004807692
296 0.3 0.6857142860576922 0.29 0.7015873004807692 0.2875 0.7555555552884615 0.335 0.7619047620192307 0.33249999999999996 0.7015873004807692 0.33 0.6857142860576922 0.33 0.6634920625 0.3225 0.6634920625 0.3225 0.6793650793269231 0.3125 0.6984126995192308 0.31 0.7047619038461538 0.3075 0.688888889423077 0.305 0.6666666658653846 0.3 0.6666666658653846 0.3 0.6857142860576922
180 0.26999999999999996 0.5809523798076923 0.2725 0.6380952379807692 0.3725 0.6349206346153846 0.3775 0.5841269831730769 0.3375 0.5809523798076923 0.26999999999999996 0.5809523798076923
180 0.2675 0.5936507932692308 0.20500000000000002 0.5936507932692308 0.20249999999999999 0.6380952379807692 0.265 0.6380952379807692 0.2675 0.5936507932692308
296 0.315 0.5206349206730769 0.3375 0.5174603173076924 0.36250000000000004 0.5174603173076924 0.39 0.5174603173076924 0.38749999999999996 0.46984126923076924 0.3775 0.4539682548076923 0.3775 0.43174603125 0.365 0.43174603125 0.365 0.4539682548076923 0.36 0.4603174591346154 0.36 0.4253968245192308 0.34500000000000003 0.4253968245192308 0.34249999999999997 0.4603174591346154 0.3375 0.4539682548076923 0.33999999999999997 0.42857142788461544 0.335 0.41587301682692307 0.32499999999999996 0.41587301682692307 0.32499999999999996 0.4444444447115385 0.315 0.4539682548076923 0.315 0.5206349206730769
973 0.2675 0.4825396826923077 0.26 0.4857142860576923 0.26 0.5206349206730769 0.2825 0.5174603173076924 0.2825 0.4857142860576923 0.27749999999999997 0.4825396826923077 0.27749999999999997 0.47301587259615385 0.26999999999999996 0.47301587259615385 0.2675 0.4825396826923077
180 0.6649999999999999 0.6 0.6649999999999999 0.647619048076923 0.735 0.6444444447115385 0.7375 0.5968253966346154 0.6649999999999999 0.6
291 0.7250000000000001 0.46984126923076924 0.7250000000000001 0.5238095240384616 0.7474999999999999 0.5238095240384616 0.7474999999999999 0.47619047596153846 0.7424999999999999 0.47301587259615385 0.7424999999999999 0.4380952379807692 0.7325 0.4380952379807692 0.7325 0.46984126923076924 0.7250000000000001 0.46984126923076924
291 0.7025 0.45714285817307687 0.6975 0.4603174591346154 0.6975 0.5206349206730769 0.7100000000000001 0.5206349206730769 0.7124999999999999 0.4634920625 0.7075 0.4603174591346154 0.7075 0.4380952379807692 0.7025 0.4380952379807692 0.7025 0.45714285817307687
180 0.7375 0.34285714182692306 0.7424999999999999 0.39047618990384614 0.7975 0.3936507932692308 0.8225 0.39047618990384614 0.83 0.34285714182692306 0.8049999999999999 0.33333333413461536 0.7899999999999999 0.3365079375 0.7725000000000001 0.3460317451923077 0.7625 0.34920634855769234 0.755 0.33968254086538463 0.7424999999999999 0.3365079375 0.7375 0.34285714182692306
314 0.7725000000000001 0.19047618990384615 0.7775 0.27301587259615384 0.7925 0.2666666658653846 0.8099999999999999 0.2666666658653846 0.8049999999999999 0.19047618990384615 0.7899999999999999 0.19047618990384615 0.7725000000000001 0.19047618990384615
314 0.7725000000000001 0.18730158653846155 0.7274999999999999 0.19047618990384615 0.73 0.26984126923076923 0.7775 0.26984126923076923 0.7725000000000001 0.18730158653846155
314 0.705 0.21587301682692306 0.6775 0.21587301682692306 0.675 0.26984126923076923 0.7075 0.26984126923076923 0.705 0.21587301682692306
314 0.675 0.21587301682692306 0.6499999999999999 0.21587301682692306 0.6475000000000001 0.2666666658653846 0.6725 0.26984126923076923 0.675 0.21587301682692306
1764 0.20249999999999999 0.34920634855769234 0.20249999999999999 0.38730158653846153 0.22499999999999998 0.38730158653846153 0.22499999999999998 0.34920634855769234 0.20249999999999999 0.34920634855769234
1766 0.24000000000000002 0.3174603173076923 0.24000000000000002 0.384126983173077 0.265 0.38730158653846153 0.265 0.3174603173076923 0.24000000000000002 0.3174603173076923
1766 0.3 0.3174603173076923 0.28 0.3174603173076923 0.275 0.39047618990384614 0.3025 0.38730158653846153 0.3 0.3174603173076923
1766 0.34249999999999997 0.31428571394230764 0.32 0.31428571394230764 0.3175 0.39047618990384614 0.34249999999999997 0.38730158653846153 0.34249999999999997 0.31428571394230764
314 0.6275000000000001 0.20634920673076923 0.605 0.20317460336538462 0.6024999999999999 0.2666666658653846 0.6325000000000001 0.2666666658653846 0.6375 0.21269841346153845 0.6275000000000001 0.20634920673076923
291 0.415 0.22222222115384616 0.415 0.2634920625 0.4325 0.2634920625 0.4325 0.22222222115384616 0.43 0.2190476201923077 0.43 0.2 0.42 0.2 0.42 0.21587301682692306 0.415 0.22222222115384616
291 0.40249999999999997 0.21269841346153845 0.4 0.22222222115384616 0.3975 0.2634920625 0.4125 0.2634920625 0.415 0.22539682451923077 0.4125 0.2190476201923077 0.4125 0.1968253966346154 0.40249999999999997 0.1968253966346154 0.40249999999999997 0.21269841346153845
1764 0.2525 0.2190476201923077 0.245 0.2190476201923077 0.2425 0.2666666658653846 0.2625 0.2666666658653846 0.2675 0.22539682451923077 0.2525 0.2190476201923077
973 0.40499999999999997 0.34920634855769234 0.40249999999999997 0.3523809519230769 0.4 0.3936507932692308 0.42500000000000004 0.3936507932692308 0.42500000000000004 0.3523809519230769 0.4225 0.34920634855769234 0.4225 0.34285714182692306 0.40750000000000003 0.34285714182692306 0.40499999999999997 0.34920634855769234
973 0.3825 0.34920634855769234 0.3775 0.3523809519230769 0.3775 0.39047618990384614 0.4 0.39047618990384614 0.4 0.35555555528846156 0.3975 0.34920634855769234 0.39499999999999996 0.34285714182692306 0.3825 0.34285714182692306 0.3825 0.34920634855769234
1247 0.83 0.647619048076923 0.8325 0.5523809519230769 0.735 0.5523809519230769 0.74 0.6444444447115385 0.83 0.647619048076923
314 0.755 0.7746031754807692 0.7525000000000001 0.7301587307692308 0.6775 0.7269841274038461 0.6775 0.7682539687500001 0.755 0.7746031754807692
291 0.6649999999999999 0.7047619038461538 0.6625000000000001 0.7174603173076922 0.66 0.7682539687500001 0.675 0.7682539687500001 0.675 0.7142857139423077 0.6725 0.7111111105769231 0.6725 0.6920634927884616 0.6649999999999999 0.6920634927884616 0.6649999999999999 0.7047619038461538
321 0.4625 0.17777777884615384 0.44 0.1809523798076923 0.4375 0.2666666658653846 0.46499999999999997 0.2666666658653846 0.6 0.26984126923076923 0.6075 0.1809523798076923 0.575 0.1809523798076923 0.5525 0.1809523798076923 0.52 0.17777777884615384 0.4625 0.17777777884615384
1885 0.0025 0 0.005 0.9333333341346154 0.1525 0.9301587307692307 0.14250000000000002 0.04444444471153846 0.8775000000000001 0.047619048076923076 0.8724999999999999 0.9333333341346154 1 0.9426739927884615 1 0 0.0025 0
828 0.19 0.09841269951923078 0.8374999999999999 0.10158730048076924 0.8350000000000001 0.9174603173076924 0.845 0.9333333341346154 0.8724999999999999 0.9333333341346154 0.8775000000000001 0.047619048076923076 0.14250000000000002 0.04444444471153846 0.1525 0.9301587307692307 0.17750000000000002 0.9301587307692307 0.19 0.9079365072115385 0.19 0.09841269951923078
792 1 0.9395801322115385 0.8475 0.9333333341346154 0.8325 0.9174603173076924 0.1925 0.9047619038461538 0.17750000000000002 0.9301587307692307 0.005 0.9365079375 0.005 0.9936507932692307 1 0.9968174423076923 1 0.9395801322115385