1460 0.45703125 0.1875 0.45703125 0.203125 0.46484375 0.21875 0.484375 0.2265625 0.50390625 0.2265625 0.51171875 0.22265625 0.5234375 0.20703125 0.5234375 0.1953125 0.5234375 0.1796875 0.515625 0.16796875 0.5 0.1640625 0.48046875 0.1640625 0.46875 0.16796875 0.45703125 0.1875
114 0.45703125 0.75390625 0.46484375 0.7734375 0.53125 0.7734375 0.55078125 0.75390625 0.546875 0.6953125 0.59765625 0.69140625 0.59765625 0.66796875 0.39453125 0.671875 0.3984375 0.69921875 0.453125 0.69921875 0.45703125 0.75390625
1885 0.31640625 0.6640625 0.31640625 0.7734375 0.6640625 0.76171875 0.6484375 0.26953125 0.62109375 0.21484375 0.58203125 0.18359375 0.55078125 0.16015625 0.5078125 0.1484375 0.48046875 0.1484375 0.43359375 0.16796875 0.39453125 0.1953125 0.35546875 0.2265625 0.3359375 0.26171875 0.328125 0.28125 0.31640625 0.6640625
1648 0.33984375 0.66796875 0.296875 0.66796875 0.27734375 0.6875 0.27734375 0.76953125 0.296875 0.78125 0.3359375 0.77734375 0.33984375 0.66796875
1942 0.4765625 0.44140625 0.47265625 0.45703125 0.4765625 0.58203125 0.50390625 0.58203125 0.50390625 0.453125 0.5 0.44140625 0.4921875 0.43359375 0.484375 0.43359375 0.4765625 0.44140625
1885 0.0078125 0 0.0078125 0.19140625 0.02734375 0.203125 0.05078125 0.24609375 0.078125 0.32421875 0.078125 0.42578125 0.04296875 0.4453125 0.046875 0.45703125 0.046875 0.48828125 0.0390625 0.7890625 0.21484375 0.78125 0.28125 0.77734375 0.2734375 0 0.0078125 0
1885 0.27738300721153847 0 0.28515625 0.7734375 0.71484375 0.76953125 0.6954111442307693 0 0.27738300721153847 0
1885 0.6954116442307693 0 0.71484375 0.765625 1 0.9197635120192308 1 0 0.6954116442307693 0
1885 0.05078125 0.25 0.03125 0.203125 0.0078125 0.19140625 0.0078125 0.2265625 0.0078125 0.78125 0.03515625 0.78515625 0.046875 0.453125 0.04296875 0.4453125 0.0625 0.4375 0.078125 0.421875 0.078125 0.40234375 0.07421875 0.30859375 0.05078125 0.25
227 1 0.896484375 0.99609375 0.80078125 0.91796875 0.7734375 0.6328125 0.78515625 0.62890625 0.90625 0.6953125 0.99609375 1 0.9922369447115386 1 0.896484375
1656 0.6328125 0.7734375 0.34375 0.7734375 0.33984375 0.890625 0.61328125 0.8828125 0.6328125 0.88671875 0.6328125 0.7734375
227 0.0078125 0.78515625 0.00390625 0.9921875 0.2890625 0.9921875 0.34765625 0.88671875 0.3515625 0.76953125 0.0078125 0.78515625
792 1 0.9158528629807693 0.72265625 0.765625 0.01171875 0.78125 0.0078125 0.9921875 0.26953125 0.9921875 0.37109375 0.9921875 1 0.9883053629807693 1 0.9158528629807693