1460 0.53125 0.16796875 0.51953125 0.1640625 0.5 0.1640625 0.484375 0.16796875 0.4765625 0.1796875 0.4765625 0.1953125 0.4765625 0.20703125 0.48828125 0.22265625 0.49609375 0.2265625 0.515625 0.2265625 0.53515625 0.21875 0.54296875 0.203125 0.54296875 0.1875 0.53125 0.16796875
114 0.546875 0.69921875 0.6015625 0.69921875 0.60546875 0.671875 0.40234375 0.66796875 0.40234375 0.69140625 0.453125 0.6953125 0.44921875 0.75390625 0.46875 0.7734375 0.53515625 0.7734375 0.54296875 0.75390625 0.546875 0.69921875
1885 0.671875 0.28125 0.6640625 0.26171875 0.64453125 0.2265625 0.60546875 0.1953125 0.56640625 0.16796875 0.51953125 0.1484375 0.4921875 0.1484375 0.44921875 0.16015625 0.41796875 0.18359375 0.37890625 0.21484375 0.3515625 0.26953125 0.3359375 0.76171875 0.68359375 0.7734375 0.68359375 0.6640625 0.671875 0.28125
1648 0.6640625 0.77734375 0.703125 0.78125 0.72265625 0.76953125 0.72265625 0.6875 0.703125 0.66796875 0.66015625 0.66796875 0.6640625 0.77734375
1942 0.515625 0.43359375 0.5078125 0.43359375 0.5 0.44140625 0.49609375 0.453125 0.49609375 0.58203125 0.5234375 0.58203125 0.52734375 0.45703125 0.5234375 0.44140625 0.515625 0.43359375
1885 0.7265625 0 0.71875 0.77734375 0.78515625 0.78125 0.9609375 0.7890625 0.953125 0.48828125 0.953125 0.45703125 0.95703125 0.4453125 0.921875 0.42578125 0.921875 0.32421875 0.94921875 0.24609375 0.97265625 0.203125 0.9921875 0.19140625 0.9921875 0 0.7265625 0
1885 0.3045888557692308 0 0.28515625 0.76953125 0.71484375 0.7734375 0.7226169927884616 0 0.3045888557692308 0
1885 0 0 0 0.9197635120192308 0.28515625 0.765625 0.30458835576923077 0 0 0
1885 0.92578125 0.30859375 0.921875 0.40234375 0.921875 0.421875 0.9375 0.4375 0.95703125 0.4453125 0.953125 0.453125 0.96484375 0.78515625 0.9921875 0.78125 0.9921875 0.2265625 0.9921875 0.19140625 0.96875 0.203125 0.94921875 0.25 0.92578125 0.30859375
227 0 0.9922369447115386 0.3046875 0.99609375 0.37109375 0.90625 0.3671875 0.78515625 0.08203125 0.7734375 0.00390625 0.80078125 0 0.896484375 0 0.9922369447115386
1656 0.3671875 0.88671875 0.38671875 0.8828125 0.66015625 0.890625 0.65625 0.7734375 0.3671875 0.7734375 0.3671875 0.88671875
227 0.6484375 0.76953125 0.65234375 0.88671875 0.7109375 0.9921875 0.99609375 0.9921875 0.9921875 0.78515625 0.6484375 0.76953125
792 0 0.9883053629807693 0.62890625 0.9921875 0.73046875 0.9921875 0.9921875 0.9921875 0.98828125 0.78125 0.27734375 0.765625 0 0.9158528629807693 0 0.9883053629807693