402 0.24400000000000002 0 0.29 0.15128205048076923 0.756 0.16153846153846155 0.842 0 0.24400000000000002 0
1047 0.5559999999999999 0.11282051201923077 0.55 0.1025641033653846 0.5399999999999999 0.1 0.526 0.1025641033653846 0.52 0.11282051201923077 0.526 0.12564102644230768 0.542 0.12564102644230768 0.5559999999999999 0.11282051201923077
792 0.8659999999999999 1 0.87 0.8794871802884615 0.844 0.71794871875 0.756 0.6435897427884616 0.348 0.6512820504807693 0.242 1 0.8659999999999999 1
1885 0.04 0 0.04 0.6076923076923078 0.29 0.47948718028846155 0.29 0.15641025721153845 0.24000000000000002 0 0.04 0
1885 0.756 0.16666666586538462 0.7579999999999999 0.47692307692307695 0.998 0.5282051274038462 0.998 0.0025641033653846157 0.846 0 0.756 0.16666666586538462
1885 0.752 0.16410256490384614 0.294 0.15384615384615385 0.294 0.48205128125 0.386 0.4846153846153846 0.756 0.47692307692307695 0.752 0.16410256490384614
417 0.998 1 0.998 0.7333333341346153 0.9299999999999999 0.7153846153846154 0.906 0.6794871802884616 0.886 0.5974358966346154 0.846 0.6538461538461539 0.856 0.7871794879807692 0.874 0.8743589735576923 0.872 1 0.998 1
417 0.7060000000000001 0.5974358966346154 0.626 0.6282051274038462 0.5940000000000001 0.541025641826923 0.538 0.541025641826923 0.5 0.5256410264423077 0.502 0.5769230769230769 0.506 0.6205128197115385 0.506 0.6923076923076923 0.498 0.8256410264423076 0.51 0.8307692307692308 0.512 0.8256410264423076 0.52 0.6948717956730769 0.528 0.6948717956730769 0.5860000000000001 0.7256410264423077 0.592 0.8974358966346153 0.604 0.9051282043269231 0.606 0.7256410264423077 0.6839999999999999 0.6923076923076923 0.696 0.7076923076923076 0.7 0.8487179495192307 0.712 0.8512820504807692 0.7060000000000001 0.5974358966346154
1219 0.04 0 0.042 0.3538461538461538 0.146 0.3692307692307692 0.156 0.09743589663461538 0.064 0 0.04 0
1219 0.242 0.37948718028846157 0.246 0.19230769230769232 0.16999999999999998 0.12051281971153846 0.168 0.37435897355769227 0.242 0.37948718028846157
1219 0.374 0.34871794951923074 0.374 0.2692307692307692 0.30799999999999994 0.2692307692307692 0.306 0.34871794951923074 0.374 0.34871794951923074
1219 0.744 0.38717948798076923 0.744 0.25384615384615383 0.6839999999999999 0.25384615384615383 0.6819999999999999 0.38717948798076923 0.744 0.38717948798076923
1219 0.772 0.3051282043269231 0.804 0.2974358966346154 0.8059999999999999 0.21538461538461537 0.772 0.23076923076923078 0.772 0.3051282043269231
1219 0.768 0.3153846153846154 0.77 0.4 0.8059999999999999 0.3974358966346154 0.8059999999999999 0.3076923076923077 0.768 0.3153846153846154
1942 0.998 0.5230769230769231 0.998 0.005128204326923077 0.972 0.007692307692307693 0.8099999999999999 0.12564102644230768 0.826 0.4846153846153846 0.998 0.5230769230769231
564 0.9760000000000001 0.005128204326923077 0.8140000000000001 0.12051281971153846 0.8180000000000001 0.22051281971153847 0.99 0.13846153846153847 0.998 0.13589743509615385 0.998 0.005128204326923077 0.9760000000000001 0.005128204326923077
564 0.674 0.16153846153846155 0.38799999999999996 0.15128205048076923 0.384 0.23846153846153847 0.67 0.24871794951923076 0.674 0.16153846153846155
1942 0.39 0.15128205048076923 0.39 0.4846153846153846 0.6679999999999999 0.4846153846153846 0.6659999999999999 0.4487179495192307 0.676 0.16153846153846155 0.39 0.15128205048076923
1417 0.214 0.5743589735576923 0.252 0.5461538461538461 0.246 0.46410256490384616 0.152 0.4666666658653846 0.14400000000000002 0.5743589735576923 0.214 0.5743589735576923
1349 0.258 0.47948718028846155 0.262 0.5153846153846154 0.312 0.5102564110576924 0.312 0.47435897355769235 0.33399999999999996 0.4666666658653846 0.348 0.44102564182692305 0.33 0.41794871875 0.31 0.39487179567307695 0.276 0.39487179567307695 0.24400000000000002 0.41282051201923076 0.242 0.4512820504807692 0.258 0.47948718028846155
248 0.314 0.47692307692307695 0.31599999999999995 0.49487179567307693 0.358 0.49230769230769234 0.35400000000000004 0.4333333341346154 0.326 0.4 0.348 0.43846153846153846 0.314 0.47692307692307695
1843 0.39599999999999996 0.4974358966346154 0.49 0.4974358966346154 0.49600000000000005 0.4538461538461539 0.398 0.4512820504807692 0.39599999999999996 0.4974358966346154
314 0.5680000000000001 0.4846153846153846 0.566 0.4564102572115385 0.516 0.4564102572115385 0.516 0.4897435889423077 0.5680000000000001 0.4846153846153846
1396 0.672 0.4538461538461539 0.674 0.49230769230769234 0.7240000000000001 0.49230769230769234 0.76 0.46923076923076923 0.756 0.44102564182692305 0.7060000000000001 0.43846153846153846 0.672 0.4538461538461539
99 0.788 0.46923076923076923 0.7759999999999999 0.4666666658653846 0.7420000000000001 0.4871794879807692 0.76 0.5 0.7919999999999999 0.5 0.788 0.46923076923076923
992 0.748 0.5615384615384615 0.7899999999999999 0.5615384615384615 0.748 0.5384615384615384 0.7080000000000001 0.5512820504807693 0.746 0.5769230769230769 0.748 0.5615384615384615
1132 0.896 0.5153846153846154 0.928 0.4846153846153846 0.9299999999999999 0.4333333341346154 0.87 0.4076923076923077 0.856 0.4025641033653846 0.788 0.4051282043269231 0.7899999999999999 0.49230769230769234 0.8140000000000001 0.5153846153846154 0.8059999999999999 0.5205128197115385 0.83 0.5384615384615384 0.894 0.5282051274038462 0.896 0.5153846153846154
1396 0.998 0.4871794879807692 0.988 0.4871794879807692 0.9600000000000001 0.5230769230769231 0.9560000000000001 0.5871794879807692 0.998 0.5948717956730769 0.998 0.4871794879807692
605 0.674 0.5564102572115385 0.732 0.5923076923076923 0.83 0.5923076923076923 0.998 0.6666666658653846 0.996 0.5282051274038462 0.752 0.4717948725961539 0.36200000000000004 0.48205128125 0.35400000000000004 0.5333333341346154 0.6859999999999999 0.5256410264423077 0.7060000000000001 0.5307692307692308 0.674 0.5564102572115385
347 0.296 0.47948718028846155 0.044 0.605128204326923 0.042 0.7205128197115385 0.004 0.7692307692307693 0.002 0.9948717956730769 0.24000000000000002 0.9948717956730769 0.348 0.6487179495192308 0.34600000000000003 0.4974358966346154 0.34600000000000003 0.4846153846153846 0.296 0.47948718028846155
531 0.044 0.7230769230769231 0.006 0.7717948725961539 0.012 0.81794871875 0.34400000000000003 0.5076923076923077 0.34199999999999997 0.4871794879807692 0.296 0.47948718028846155 0.05 0.6025641033653846 0.044 0.7230769230769231
1500 0.43 0.6948717956730769 0.44200000000000006 0.676923076923077 0.438 0.6282051274038462 0.40599999999999997 0.5794871802884616 0.392 0.5897435889423077 0.38 0.6205128197115385 0.386 0.6564102572115385 0.382 0.6897435889423077 0.43 0.6948717956730769