402 0.15799999999999997 0 0.24400000000000002 0.16153846153846155 0.7100000000000001 0.15128205048076923 0.756 0 0.15799999999999997 0
1047 0.45799999999999996 0.12564102644230768 0.474 0.12564102644230768 0.48000000000000004 0.11282051201923077 0.474 0.1025641033653846 0.46 0.1 0.44999999999999996 0.1025641033653846 0.444 0.11282051201923077 0.45799999999999996 0.12564102644230768
792 0.7579999999999999 1 0.652 0.6512820504807693 0.24400000000000002 0.6435897427884616 0.156 0.71794871875 0.13 0.8794871802884615 0.134 1 0.7579999999999999 1
1885 0.76 0 0.7100000000000001 0.15641025721153845 0.7100000000000001 0.47948718028846155 0.9600000000000001 0.6076923076923078 0.9600000000000001 0 0.76 0
1885 0.15399999999999997 0 0.002 0.0025641033653846157 0.002 0.5282051274038462 0.242 0.47692307692307695 0.24400000000000002 0.16666666586538462 0.15399999999999997 0
1885 0.24400000000000002 0.47692307692307695 0.614 0.4846153846153846 0.7060000000000001 0.48205128125 0.7060000000000001 0.15384615384615385 0.24800000000000003 0.16410256490384614 0.24400000000000002 0.47692307692307695
417 0.128 1 0.126 0.8743589735576923 0.14400000000000002 0.7871794879807692 0.15399999999999997 0.6538461538461539 0.114 0.5974358966346154 0.094 0.6794871802884616 0.07 0.7153846153846154 0.002 0.7333333341346153 0.002 1 0.128 1
417 0.28800000000000003 0.8512820504807692 0.3 0.8487179495192307 0.304 0.7076923076923076 0.31599999999999995 0.6923076923076923 0.394 0.7256410264423077 0.39599999999999996 0.9051282043269231 0.40800000000000003 0.8974358966346153 0.414 0.7256410264423077 0.47200000000000003 0.6948717956730769 0.48000000000000004 0.6948717956730769 0.48800000000000004 0.8256410264423076 0.49 0.8307692307692308 0.502 0.8256410264423076 0.494 0.6923076923076923 0.494 0.6205128197115385 0.498 0.5769230769230769 0.5 0.5256410264423077 0.462 0.541025641826923 0.40599999999999997 0.541025641826923 0.374 0.6282051274038462 0.294 0.5974358966346154 0.28800000000000003 0.8512820504807692
1219 0.9359999999999999 0 0.844 0.09743589663461538 0.854 0.3692307692307692 0.9580000000000001 0.3538461538461538 0.9600000000000001 0 0.9359999999999999 0
1219 0.8320000000000001 0.37435897355769227 0.83 0.12051281971153846 0.754 0.19230769230769232 0.7579999999999999 0.37948718028846157 0.8320000000000001 0.37435897355769227
1219 0.6940000000000001 0.34871794951923074 0.6920000000000001 0.2692307692307692 0.626 0.2692307692307692 0.626 0.34871794951923074 0.6940000000000001 0.34871794951923074
1219 0.318 0.38717948798076923 0.31599999999999995 0.25384615384615383 0.256 0.25384615384615383 0.256 0.38717948798076923 0.318 0.38717948798076923
1219 0.228 0.23076923076923078 0.19399999999999998 0.21538461538461537 0.196 0.2974358966346154 0.228 0.3051282043269231 0.228 0.23076923076923078
1219 0.19399999999999998 0.3076923076923077 0.19399999999999998 0.3974358966346154 0.23 0.4 0.232 0.3153846153846154 0.19399999999999998 0.3076923076923077
1942 0.174 0.4846153846153846 0.19 0.12564102644230768 0.028 0.007692307692307693 0.002 0.005128204326923077 0.002 0.5230769230769231 0.174 0.4846153846153846
564 0.002 0.005128204326923077 0.002 0.13589743509615385 0.01 0.13846153846153847 0.182 0.22051281971153847 0.186 0.12051281971153846 0.024 0.005128204326923077 0.002 0.005128204326923077
564 0.33 0.24871794951923076 0.6159999999999999 0.23846153846153847 0.612 0.15128205048076923 0.326 0.16153846153846155 0.33 0.24871794951923076
1942 0.32399999999999995 0.16153846153846155 0.33399999999999996 0.4487179495192307 0.33199999999999996 0.4846153846153846 0.61 0.4846153846153846 0.61 0.15128205048076923 0.32399999999999995 0.16153846153846155
1417 0.856 0.5743589735576923 0.848 0.4666666658653846 0.754 0.46410256490384616 0.748 0.5461538461538461 0.786 0.5743589735576923 0.856 0.5743589735576923
1349 0.7579999999999999 0.4512820504807692 0.756 0.41282051201923076 0.7240000000000001 0.39487179567307695 0.6900000000000001 0.39487179567307695 0.67 0.41794871875 0.652 0.44102564182692305 0.6659999999999999 0.4666666658653846 0.6880000000000001 0.47435897355769235 0.6880000000000001 0.5102564110576924 0.738 0.5153846153846154 0.7420000000000001 0.47948718028846155 0.7579999999999999 0.4512820504807692
248 0.652 0.43846153846153846 0.674 0.4 0.646 0.4333333341346154 0.642 0.49230769230769234 0.6839999999999999 0.49487179567307693 0.6859999999999999 0.47692307692307695 0.652 0.43846153846153846
1843 0.602 0.4512820504807692 0.504 0.4538461538461539 0.51 0.4974358966346154 0.604 0.4974358966346154 0.602 0.4512820504807692
314 0.484 0.4897435889423077 0.484 0.4564102572115385 0.43400000000000005 0.4564102572115385 0.432 0.4846153846153846 0.484 0.4897435889423077
1396 0.294 0.43846153846153846 0.24400000000000002 0.44102564182692305 0.24000000000000002 0.46923076923076923 0.276 0.49230769230769234 0.326 0.49230769230769234 0.328 0.4538461538461539 0.294 0.43846153846153846
99 0.20800000000000002 0.5 0.24000000000000002 0.5 0.258 0.4871794879807692 0.224 0.4666666658653846 0.212 0.46923076923076923 0.20800000000000002 0.5
992 0.254 0.5769230769230769 0.292 0.5512820504807693 0.252 0.5384615384615384 0.21 0.5615384615384615 0.252 0.5615384615384615 0.254 0.5769230769230769
1132 0.106 0.5282051274038462 0.16999999999999998 0.5384615384615384 0.19399999999999998 0.5205128197115385 0.186 0.5153846153846154 0.21 0.49230769230769234 0.212 0.4051282043269231 0.14400000000000002 0.4025641033653846 0.13 0.4076923076923077 0.07 0.4333333341346154 0.07200000000000001 0.4846153846153846 0.10400000000000001 0.5153846153846154 0.106 0.5282051274038462
1396 0.002 0.5948717956730769 0.044 0.5871794879807692 0.04 0.5230769230769231 0.012 0.4871794879807692 0.002 0.4871794879807692 0.002 0.5948717956730769
605 0.294 0.5307692307692308 0.314 0.5256410264423077 0.646 0.5333333341346154 0.638 0.48205128125 0.24800000000000003 0.4717948725961539 0.004 0.5282051274038462 0.002 0.6666666658653846 0.16999999999999998 0.5923076923076923 0.268 0.5923076923076923 0.326 0.5564102572115385 0.294 0.5307692307692308
347 0.654 0.4846153846153846 0.654 0.4974358966346154 0.652 0.6487179495192308 0.76 0.9948717956730769 0.998 0.9948717956730769 0.996 0.7692307692307693 0.9580000000000001 0.7205128197115385 0.9560000000000001 0.605128204326923 0.704 0.47948718028846155 0.654 0.4846153846153846
531 0.95 0.6025641033653846 0.704 0.47948718028846155 0.658 0.4871794879807692 0.656 0.5076923076923077 0.988 0.81794871875 0.994 0.7717948725961539 0.9560000000000001 0.7230769230769231 0.95 0.6025641033653846
1500 0.6180000000000001 0.6897435889423077 0.614 0.6564102572115385 0.62 0.6205128197115385 0.608 0.5897435889423077 0.5940000000000001 0.5794871802884616 0.562 0.6282051274038462 0.5579999999999999 0.676923076923077 0.5700000000000001 0.6948717956730769 0.6180000000000001 0.6897435889423077