1885 0.2734375 0.95703125 0.28125 0.953125 0.27734375 0.1875 0.28125 0.1875 0.7421875 0.16796875 0.74609375 0.16015625 0.7421875 0.04296875 0.2421875 0.07421875 0.2421875 0.9609375 0.2734375 0.9609375 0.2734375 0.95703125
1885 0 0 0 0.99609375 0.23046875 0.99609375 0.2421875 0.96484375 0.2421875 0.9609375 0.2421875 0.07421875 0.2013671875 0 0 0
792 0.28125 0.953125 0.2734375 0.95703125 0.2734375 0.9609375 0.2421875 0.9609375 0.23046875 0.99609375 0.7421875 0.99609375 0.6875 0.8984375 0.69140625 0.8046875 0.28125 0.8046875 0.28125 0.953125
1873 0.51171875 0.8203125 0.51171875 0.83984375 0.5859375 0.83984375 0.578125 0.8203125 0.51171875 0.8203125
1885 0.7709517043269231 0 0.74609375 0.0390625 0.74609375 0.16015625 0.7421875 0.16796875 0.69140625 0.171875 0.69140625 0.3125 0.69140625 0.90234375 0.7421875 0.9921875 0.73828125 0.17578125 0.8949558437499999 0 0.7709517043269231 0
1942 0.9375 0 0.90625 0.03125 0.9140625 0.80859375 0.99609375 0.875 0.99609375 0 0.9375 0
1942 0.8203125 0.7421875 0.88671875 0.7890625 0.88671875 0.72265625 0.88671875 0.64453125 0.88671875 0.53125 0.88671875 0.42578125 0.88671875 0.32421875 0.8828125 0.24609375 0.8828125 0.21484375 0.875 0.04296875 0.8203125 0.1015625 0.8203125 0.12109375 0.8203125 0.7421875
1942 0.76171875 0.6953125 0.796875 0.72265625 0.80078125 0.55078125 0.80078125 0.4140625 0.80078125 0.328125 0.796875 0.15234375 0.76171875 0.1796875 0.76171875 0.421875 0.76171875 0.6953125
1885 0.8949558437499999 0 0.73828125 0.17578125 0.7421875 0.99609375 0.99609375 0.99609375 0.99609375 0 0.8949558437499999 0
402 0.2013671875 0 0.2421875 0.07421875 0.7421875 0.04296875 0.7672526057692307 0 0.2013671875 0
406 0.47265625 0 0.484375 0.00390625 0.5078125 0.00390625 0.52734375 0.00390625 0.54296875 0 0.47265625 0
406 0.55859375 0.203125 0.59375 0.203125 0.60546875 0.1953125 0.59375 0.1875 0.56640625 0.18359375 0.55078125 0.19140625 0.55078125 0.1953125 0.55859375 0.203125
1942 0.5 0.28515625 0.5 0.61328125 0.66796875 0.61328125 0.66796875 0.2890625 0.5 0.28515625
1942 0.4921875 0.2890625 0.32421875 0.2890625 0.32421875 0.61328125 0.4921875 0.61328125 0.4921875 0.2890625
1942 0.3125 0.28515625 0.27734375 0.28515625 0.27734375 0.61328125 0.3125 0.61328125 0.3125 0.28515625
402 0.27734375 0.22265625 0.29296875 0.22265625 0.69140625 0.2265625 0.69140625 0.16796875 0.27734375 0.1875 0.27734375 0.22265625
1885 0.27734375 0.22265625 0.28125 0.8046875 0.6640625 0.80078125 0.66796875 0.8046875 0.69140625 0.8046875 0.69140625 0.2265625 0.27734375 0.22265625