402 0.21875 0 0.23828125 0.03125 0.25390625 0.06640625 0.25 0.265625 0.33203125 0.265625 0.765625 0 0.21875 0
1047 0.3046875 0.15625 0.328125 0.15625 0.34765625 0.1484375 0.32421875 0.140625 0.3046875 0.14453125 0.29296875 0.15234375 0.3046875 0.15625
1047 0.2578125 0.21875 0.2578125 0.23046875 0.265625 0.2265625 0.2578125 0.21875
1629 0.40625 0.046875 0.41015625 0.05859375 0.42578125 0.046875 0.40625 0.046875
1047 0.50390625 0.00390625 0.4296875 0.00390625 0.44140625 0.01171875 0.47265625 0.015625 0.48828125 0.015625 0.50390625 0.00390625
402 0.00390625 0 0.00390625 0.171875 0.08984375 0.171875 0.0859375 0.09375 0.20703125 0.09375 0.20703125 0.07421875 0.2421875 0.0703125 0.1875 0 0.00390625 0
1885 0.76953125 0 0.33203125 0.26953125 0.33203125 0.65234375 0.8984375 0.98046875 0.91015625 0.0703125 0.99609375 0.02734375 0.99609375 0 0.76953125 0
1223 0.3359375 0.48046875 0.37890625 0.49609375 0.3828125 0.3984375 0.33984375 0.39453125 0.3359375 0.48046875
655 1 0.033118206730769234 0.9140625 0.07421875 0.91015625 0.81640625 0.9375 0.8125 0.98828125 0.60546875 0.99609375 0.59765625 1 0.314453125 1 0.033118206730769234
792 0.09765625 0.890625 0.00390625 0.890625 0.00390625 0.99609375 0.61328125 0.99609375 0.61328125 0.97265625 0.57421875 0.96875 0.4921875 0.92578125 0.54296875 0.8046875 0.328125 0.65234375 0.25 0.66015625 0.26171875 0.84375 0.25 0.9140625 0.2109375 0.91796875 0.2109375 0.88671875 0.09765625 0.890625
1429 0.6484375 0.640625 0.64453125 0.6640625 0.62890625 0.6640625 0.5625 0.66796875 0.56640625 0.7578125 0.625 0.77734375 0.66015625 0.8046875 0.72265625 0.796875 0.734375 0.83203125 0.76171875 0.828125 0.7578125 0.73046875 0.765625 0.7109375 0.703125 0.6796875 0.71484375 0.66015625 0.6796875 0.66015625 0.67578125 0.63671875 0.6484375 0.640625
720 0.375 0.62109375 0.3828125 0.62109375 0.3828125 0.60546875 0.375 0.62109375
1050 0.14453125 0.5546875 0.19140625 0.55859375 0.19140625 0.51953125 0.140625 0.5234375 0.14453125 0.5546875
506 0.62109375 0.8515625 0.6171875 0.99609375 0.734375 0.9921875 0.734375 0.86328125 0.6953125 0.83984375 0.73046875 0.83203125 0.71875 0.80078125 0.66796875 0.80859375 0.62109375 0.8515625
314 0.625 0.78125 0.55859375 0.765625 0.55859375 0.7578125 0.5 0.921875 0.56640625 0.95703125 0.61328125 0.96875 0.6171875 0.84765625 0.66015625 0.80859375 0.625 0.78125
1885 0.21484375 0.07421875 0.2109375 0.09765625 0.08984375 0.09765625 0.09765625 0.8828125 0.21484375 0.8828125 0.2109375 0.9140625 0.24609375 0.91015625 0.2421875 0.07421875 0.21484375 0.07421875
792 0.0546875 0.734375 0.0546875 0.71875 0.0078125 0.7109375 0.00390625 0.8828125 0.09765625 0.88671875 0.08984375 0.75390625 0.07421875 0.734375 0.0546875 0.734375
1921 0.0546875 0.546875 0.05859375 0.4765625 0.01171875 0.47265625 0.01171875 0.53515625 0.01953125 0.546875 0.0078125 0.546875 0.00390625 0.70703125 0.05859375 0.71484375 0.0546875 0.5859375 0.0546875 0.546875
1814 0.07421875 0.7265625 0.08984375 0.7421875 0.0859375 0.62890625 0.06640625 0.62890625 0.07421875 0.66796875 0.07421875 0.7265625
1523 0.00390625 0.46875 0.0703125 0.46875 0.0703125 0.23828125 0.00390625 0.23828125 0.00390625 0.46875
1239 0.11328125 0.484375 0.17578125 0.484375 0.17578125 0.31640625 0.11328125 0.31640625 0.11328125 0.484375
1718 1 0.8167146370192307 0.70703125 0.83984375 0.94921875 0.99609375 1 0.99609375 1 0.8167146370192307
314 0.859375 0.90625 0.984375 0.88671875 0.984375 0.8515625 0.9453125 0.82421875 0.79296875 0.84375 0.79296875 0.8671875 0.859375 0.90625
1885 0.33203125 0.65234375 0.33203125 0.265625 0.25390625 0.26953125 0.2421875 0.26953125 0.24609375 0.66015625 0.33203125 0.65234375