1885 0.7265625 0.9609375 0.7578125 0.9609375 0.7578125 0.07421875 0.2578125 0.04296875 0.25390625 0.16015625 0.2578125 0.16796875 0.71875 0.1875 0.72265625 0.1875 0.71875 0.953125 0.7265625 0.95703125 0.7265625 0.9609375
1885 0.7986328125 0 0.7578125 0.07421875 0.7578125 0.9609375 0.7578125 0.96484375 0.76953125 0.99609375 1 0.99609375 1 0 0.7986328125 0
792 0.71875 0.8046875 0.30859375 0.8046875 0.3125 0.8984375 0.2578125 0.99609375 0.76953125 0.99609375 0.7578125 0.9609375 0.7265625 0.9609375 0.7265625 0.95703125 0.71875 0.953125 0.71875 0.8046875
1873 0.421875 0.8203125 0.4140625 0.83984375 0.48828125 0.83984375 0.48828125 0.8203125 0.421875 0.8203125
1885 0.10504415624999999 0 0.26171875 0.17578125 0.2578125 0.9921875 0.30859375 0.90234375 0.30859375 0.3125 0.30859375 0.171875 0.2578125 0.16796875 0.25390625 0.16015625 0.25390625 0.0390625 0.22904829567307694 0 0.10504415624999999 0
1942 0.00390625 0 0.00390625 0.875 0.0859375 0.80859375 0.09375 0.03125 0.0625 0 0.00390625 0
1942 0.1796875 0.12109375 0.1796875 0.1015625 0.125 0.04296875 0.1171875 0.21484375 0.1171875 0.24609375 0.11328125 0.32421875 0.11328125 0.42578125 0.11328125 0.53125 0.11328125 0.64453125 0.11328125 0.72265625 0.11328125 0.7890625 0.1796875 0.7421875 0.1796875 0.12109375
1942 0.23828125 0.421875 0.23828125 0.1796875 0.203125 0.15234375 0.19921875 0.328125 0.19921875 0.4140625 0.19921875 0.55078125 0.203125 0.72265625 0.23828125 0.6953125 0.23828125 0.421875
1885 0.00390625 0 0.00390625 0.99609375 0.2578125 0.99609375 0.26171875 0.17578125 0.10504415624999999 0 0.00390625 0
402 0.23274739423076923 0 0.2578125 0.04296875 0.7578125 0.07421875 0.7986328125 0 0.23274739423076923 0
406 0.45703125 0 0.47265625 0.00390625 0.4921875 0.00390625 0.515625 0.00390625 0.52734375 0 0.45703125 0
406 0.44921875 0.1953125 0.44921875 0.19140625 0.43359375 0.18359375 0.40625 0.1875 0.39453125 0.1953125 0.40625 0.203125 0.44140625 0.203125 0.44921875 0.1953125
1942 0.33203125 0.2890625 0.33203125 0.61328125 0.5 0.61328125 0.5 0.28515625 0.33203125 0.2890625
1942 0.5078125 0.61328125 0.67578125 0.61328125 0.67578125 0.2890625 0.5078125 0.2890625 0.5078125 0.61328125
1942 0.6875 0.61328125 0.72265625 0.61328125 0.72265625 0.28515625 0.6875 0.28515625 0.6875 0.61328125
402 0.72265625 0.1875 0.30859375 0.16796875 0.30859375 0.2265625 0.70703125 0.22265625 0.72265625 0.22265625 0.72265625 0.1875
1885 0.30859375 0.2265625 0.30859375 0.8046875 0.33203125 0.8046875 0.3359375 0.80078125 0.71875 0.8046875 0.72265625 0.22265625 0.30859375 0.2265625