417 0.62109375 0.4085603100961538 0.62109375 0.3657587548076923 0.61328125 0.3463035024038461 0.62890625 0.19455252884615384 0.60546875 0.1867704278846154 0.57421875 0.17898832692307692 0.5234375 0.18287937740384616 0.48828125 0.1867704278846154 0.4921875 0.3346303509615384 0.4609375 0.35019455288461543 0.44921875 0.37743190625 0.44921875 0.49416342307692307 0.44921875 0.5291828798076923 0.46875 0.5291828798076923 0.46484375 0.48638132211538465 0.4609375 0.43190661538461533 0.46875 0.4085603100961538 0.4921875 0.4046692596153846 0.48828125 0.49416342307692307 0.50390625 0.49416342307692307 0.51171875 0.41245136298076923 0.58203125 0.41245136298076923 0.59765625 0.5447470817307692 0.609375 0.5408560312499999 0.62109375 0.4085603100961538
1469 0.390625 0.5447470817307692 0.3203125 0.9922178990384616 0.77734375 0.9883268485576924 0.65234375 0.5408560312499999 0.390625 0.5447470817307692
655 0.24629406971153844 0 0.28515625 0.7548638125 0.328125 0.5797665360576923 0.3046875 0.0038910504807692305 0.275390625 0 0.24629406971153844 0
655 0.7342708317307692 0 0.71875 0.5797665360576923 0.76171875 0.7159533076923077 0.7966849639423077 0 0.7342708317307692 0
1885 0.8044774879807692 0 0.765625 0.719844358173077 0.8671875 0.9922178990384616 0.91796875 0.9922178990384616 0.99609375 0.21400778125 1 0.10700389182692308 1 0 0.8044774879807692 0
1120 0.84765625 0.08949416346153846 0.86328125 0.0933852139423077 0.875 0.06614786057692308 0.88671875 0.03891050480769231 0.890625 0 0.82421875 0.0038910504807692305 0.83203125 0.027237353365384614 0.83984375 0.06614786057692308 0.84765625 0.08949416346153846
1050 0.19140625 0.30739299519230767 0.1953125 0.3618677043269231 0.20703125 0.35019455288461543 0.20703125 0.29961089423076925 0.19140625 0.30739299519230767
1314 0.15625 0 0.15625 0.08560311298076922 0.20703125 0.0817120625 0.20703125 0 0.15625 0
1885 0.6875 0 0.3125 0.0038910504807692305 0.33984375 0.5408560312499999 0.37109375 0.45525291826923076 0.67578125 0.45914396875 0.70703125 0.5603112836538462 0.7265625 0 0.6875 0
1050 0.8984375 0.3346303509615384 0.88671875 0.4085603100961538 0.91015625 0.4280155649038461 0.921875 0.3424124519230769 0.8984375 0.3346303509615384
792 0.8671875 1 0.76171875 0.7120622572115385 0.78125 0.3307393004807692 0.75 0.3307393004807692 0.7421875 0.5836575865384616 0.71484375 0.5797665360576923 0.7109375 0.556420233173077 0.6796875 0.46692606971153844 0.62109375 0.4708171201923077 0.60546875 0.5408560312499999 0.59765625 0.5447470817307692 0.59765625 0.5408560312499999 0.58984375 0.46692606971153844 0.5078125 0.4708171201923077 0.50390625 0.49416342307692307 0.4921875 0.49416342307692307 0.4921875 0.4708171201923077 0.46875 0.4708171201923077 0.47265625 0.5252918293269231 0.44921875 0.5252918293269231 0.44921875 0.46692606971153844 0.37109375 0.46692606971153844 0.33203125 0.5719844350961538 0.28125 0.7509727620192308 0.2109375 1 0.83203125 1 0.8671875 1
1885 0.07421875 0 0.16796875 0.9922178990384616 0.16796875 0.9961089495192308 0.1875 0.9961089495192308 0.2109375 0.9922178990384616 0.28515625 0.7431906610576923 0.24609375 0 0.07421875 0
655 0.00390625 0 0.00390625 0.9961089495192308 0.13671875 0.9961089495192308 0.16796875 0.9961089495192308 0.07421875 0 0.00390625 0