792 0.859375 0.99609375 0.75 0.5078125 0.59765625 0.50390625 0.08984375 0.99609375 0.859375 0.99609375
655 0.08984375 0.99609375 0.1875 0.9296875 0.16796875 0.18359375 0.00390625 0.1328125 0.00390625 0.99609375 0.08984375 0.99609375
402 0.12890625 0 0.59765625 0.3046875 0.7578125 0.3046875 0.87890625 0 0.12890625 0
1885 0.00390625 0 0.00390625 0.99609375 0.08984375 0.9921875 0.6015625 0.5 0.59765625 0.3046875 0.125 0 0.00390625 0
1885 0.8828125 0 0.7578125 0.30859375 0.75 0.50390625 0.86328125 0.99609375 0.99609375 0.99609375 0.99609375 0 0.8828125 0
1047 0.45703125 0 0.51953125 0.0859375 0.55078125 0.0859375 0.5625 0.0703125 0.51953125 0 0.45703125 0
1047 0.61328125 0.20703125 0.625 0.19140625 0.6015625 0.140625 0.5625 0.14453125 0.59375 0.203125 0.61328125 0.20703125
1047 0.64453125 0.26171875 0.65234375 0.25 0.63671875 0.2265625 0.609375 0.2265625 0.6328125 0.2578125 0.64453125 0.26171875
1047 0.65625 0.265625 0.640625 0.26953125 0.65625 0.28515625 0.66796875 0.27734375 0.65625 0.265625
1047 0.671875 0.28515625 0.66015625 0.2890625 0.66796875 0.296875 0.6796875 0.29296875 0.671875 0.28515625
655 0.8671875 0.9921875 0.9296875 0.9921875 0.95703125 0.05859375 0.8828125 0.14453125 0.8671875 0.9921875
655 0.4453125 0.66796875 0.44921875 0.28125 0.38671875 0.26171875 0.38671875 0.71875 0.4453125 0.66796875
776 0.48046875 0.39453125 0.4765625 0.3515625 0.45703125 0.359375 0.46484375 0.40625 0.48046875 0.39453125
665 0.52734375 0.5625 0.546875 0.546875 0.546875 0.32421875 0.53125 0.31640625 0.52734375 0.5625
1953 0.71484375 0.49609375 0.71875 0.33984375 0.62890625 0.33984375 0.62890625 0.4921875 0.71484375 0.49609375
655 0.7890625 0.25390625 0.78515625 0.609375 0.8125 0.73828125 0.82421875 0.2109375 0.7890625 0.25390625