417 0.390625 0.5408560312499999 0.40234375 0.5447470817307692 0.41796875 0.41245136298076923 0.48828125 0.41245136298076923 0.49609375 0.49416342307692307 0.51171875 0.49416342307692307 0.5078125 0.4046692596153846 0.53125 0.4085603100961538 0.5390625 0.43190661538461533 0.53515625 0.48638132211538465 0.53125 0.5291828798076923 0.55078125 0.5291828798076923 0.55078125 0.49416342307692307 0.55078125 0.37743190625 0.5390625 0.35019455288461543 0.5078125 0.3346303509615384 0.51171875 0.1867704278846154 0.4765625 0.18287937740384616 0.42578125 0.17898832692307692 0.39453125 0.1867704278846154 0.37109375 0.19455252884615384 0.38671875 0.3463035024038461 0.37890625 0.3657587548076923 0.37890625 0.4085603100961538 0.390625 0.5408560312499999
1469 0.34765625 0.5408560312499999 0.22265625 0.9883268485576924 0.6796875 0.9922178990384616 0.609375 0.5447470817307692 0.34765625 0.5408560312499999
655 0.724609375 0 0.6953125 0.0038910504807692305 0.671875 0.5797665360576923 0.71484375 0.7548638125 0.7537059302884616 0 0.724609375 0
655 0.2033150360576923 0 0.23828125 0.7159533076923077 0.28125 0.5797665360576923 0.26572916826923076 0 0.2033150360576923 0
1885 0 0 0 0.10700389182692308 0.00390625 0.21400778125 0.08203125 0.9922178990384616 0.1328125 0.9922178990384616 0.234375 0.719844358173077 0.1955225120192308 0 0 0
1120 0.16015625 0.06614786057692308 0.16796875 0.027237353365384614 0.17578125 0.0038910504807692305 0.109375 0 0.11328125 0.03891050480769231 0.125 0.06614786057692308 0.13671875 0.0933852139423077 0.15234375 0.08949416346153846 0.16015625 0.06614786057692308
1050 0.79296875 0.29961089423076925 0.79296875 0.35019455288461543 0.8046875 0.3618677043269231 0.80859375 0.30739299519230767 0.79296875 0.29961089423076925
1314 0.79296875 0 0.79296875 0.0817120625 0.84375 0.08560311298076922 0.84375 0 0.79296875 0
1885 0.2734375 0 0.29296875 0.5603112836538462 0.32421875 0.45914396875 0.62890625 0.45525291826923076 0.66015625 0.5408560312499999 0.6875 0.0038910504807692305 0.3125 0 0.2734375 0
1050 0.078125 0.3424124519230769 0.08984375 0.4280155649038461 0.11328125 0.4085603100961538 0.1015625 0.3346303509615384 0.078125 0.3424124519230769
792 0.7890625 1 0.71875 0.7509727620192308 0.66796875 0.5719844350961538 0.62890625 0.46692606971153844 0.55078125 0.46692606971153844 0.55078125 0.5252918293269231 0.52734375 0.5252918293269231 0.53125 0.4708171201923077 0.5078125 0.4708171201923077 0.5078125 0.49416342307692307 0.49609375 0.49416342307692307 0.4921875 0.4708171201923077 0.41015625 0.46692606971153844 0.40234375 0.5408560312499999 0.40234375 0.5447470817307692 0.39453125 0.5408560312499999 0.37890625 0.4708171201923077 0.3203125 0.46692606971153844 0.2890625 0.556420233173077 0.28515625 0.5797665360576923 0.2578125 0.5836575865384616 0.25 0.3307393004807692 0.21875 0.3307393004807692 0.23828125 0.7120622572115385 0.1328125 1 0.16796875 1 0.7890625 1
1885 0.75390625 0 0.71484375 0.7431906610576923 0.7890625 0.9922178990384616 0.8125 0.9961089495192308 0.83203125 0.9961089495192308 0.83203125 0.9922178990384616 0.92578125 0 0.75390625 0
655 0.92578125 0 0.83203125 0.9961089495192308 0.86328125 0.9961089495192308 0.99609375 0.9961089495192308 0.99609375 0 0.92578125 0