1034 0.002 0.5413333341346154 0.024 0.7466666658653847 0.024 0.8666666658653847 0.030000000000000002 0.8826666658653846 0.298 0.8106666658653846 0.298 0.7946666658653846 0.262 0.696 0.23399999999999999 0.49600000000000005 0.226 0.49600000000000005 0.008 0.5333333341346154 0.002 0.5413333341346154
1885 0.05 0.52 0.184 0.4986666658653846 0.182 0.3786666658653846 0.17200000000000001 0.36266666586538465 0.074 0.3653333341346154 0.174 0.22666666586538461 0.16 0.002666665865384615 0.002 0.002666665865384615 0.002 0.19733333413461537 0.04 0.2213333341346154 0.05 0.52
340 0.002 0.2 0.002 0.5333333341346154 0.048 0.5226666658653847 0.038 0.224 0.002 0.2
1272 0.11 0.4773333341346154 0.114 0.5013333341346153 0.12200000000000001 0.504 0.116 0.4773333341346154 0.11 0.4773333341346154
1027 0.252 0.28533333413461537 0.21 0.22933333413461537 0.19 0.22933333413461537 0.184 0.2133333341346154 0.17200000000000001 0.2133333341346154 0.174 0.22933333413461537 0.152 0.23466666586538462 0.07200000000000001 0.3653333341346154 0.168 0.36 0.182 0.3786666658653846 0.186 0.4986666658653846 0.214 0.4906666658653846 0.2 0.3573333341346154 0.242 0.34400000000000003 0.24000000000000002 0.296 0.252 0.28533333413461537
1379 0.252 0.28533333413461537 0.39599999999999996 0.26933333413461535 0.38799999999999996 0.002666665865384615 0.21 0 0.226 0.24800000000000003 0.252 0.28533333413461537
605 0.998 0.6799999999999999 0.858 0.56 0.24400000000000002 0.5680000000000001 0.068 0.5680000000000001 0.002 0.8933333341346154 0.028 0.928 0.492 0.9973333341346154 0.998 0.9973333341346154 0.998 0.6799999999999999
1137 0.874 0.7066666658653846 0.858 0.56 0.24400000000000002 0.5706666658653846 0.266 0.6986666658653846 0.874 0.7066666658653846
992 0.73 0.8053333341346154 0.7420000000000001 0.7333333341346153 0.44 0.72 0.412 0.7813333341346154 0.73 0.8053333341346154
1146 0.37 0.7546666658653846 0.394 0.7466666658653847 0.4 0.6746666658653846 0.368 0.6693333341346153 0.356 0.752 0.37 0.7546666658653846
1148 0.38799999999999996 0.752 0.37 0.7546666658653846 0.352 0.752 0.35 0.7786666658653847 0.38799999999999996 0.7813333341346154 0.41600000000000004 0.7573333341346153 0.40399999999999997 0.7386666658653845 0.38799999999999996 0.752
1132 0.51 0.6133333341346154 0.53 0.552 0.7260000000000001 0.552 0.734 0.608 0.7759999999999999 0.6026666658653845 0.7579999999999999 0.19466666586538464 0.486 0.22933333413461537 0.48000000000000004 0.24800000000000003 0.47800000000000004 0.608 0.51 0.6133333341346154
1132 0.47200000000000003 0.264 0.24400000000000002 0.2933333341346154 0.258 0.536 0.47200000000000003 0.52 0.47200000000000003 0.264
395 0.44999999999999996 0.5466666658653846 0.382 0.5493333341346154 0.38799999999999996 0.6106666658653845 0.452 0.6106666658653845 0.44999999999999996 0.5466666658653846
1027 0.768 0.5973333341346154 0.8140000000000001 0.6106666658653845 0.8659999999999999 0.6053333341346154 0.876 0.5893333341346154 0.8340000000000001 0.552 0.89 0.3146666658653846 0.83 0.2746666658653846 0.8200000000000001 0.2453333341346154 0.754 0.2613333341346154 0.752 0.3013333341346154 0.7919999999999999 0.3093333341346154 0.828 0.2986666658653846 0.878 0.32533333413461535 0.8200000000000001 0.552 0.768 0.5973333341346154
1861 0.878 0.656 0.8500000000000001 0.5386666658653846 0.8320000000000001 0.544 0.846 0.5973333341346154 0.8500000000000001 0.6639999999999999 0.8340000000000001 0.7733333341346154 0.858 0.8 0.888 0.7866666658653846 0.89 0.736 0.878 0.656
802 0.87 0.7813333341346154 0.88 0.7759999999999999 0.862 0.6613333341346154 0.846 0.5386666658653846 0.8180000000000001 0.4453333341346154 0.84 0.41600000000000004 0.8320000000000001 0.3893333341346154 0.8079999999999999 0.3866666658653846 0.788 0.40800000000000003 0.766 0.42666666586538465 0.77 0.45866666586538457 0.7919999999999999 0.464 0.8099999999999999 0.448 0.822 0.48000000000000004 0.84 0.5413333341346154 0.8520000000000001 0.6266666658653846 0.87 0.7813333341346154
506 0.92 0.8586666658653846 0.9400000000000001 0.8746666658653847 0.984 0.8773333341346153 0.998 0.8773333341346153 0.996 0.2186666658653846 0.9179999999999999 0.232 0.908 0.2506666658653846 0.908 0.3173333341346154 0.92 0.8586666658653846
1184 0 0.9440000000000001 0.002 0.9973333341346154 0.026000000000000002 0.9920000000000001 0.026000000000000002 0.968 0.038 0.9600000000000001 0.042 0.9440000000000001 0 0.8930909086538462 0 0.9440000000000001
1930 0.602 0.20533333413461538 0.614 0.20800000000000002 0.638 0.2026666658653846 0.644 0.18933333413461537 0.636 0.16533333413461537 0.606 0.16533333413461537 0.5940000000000001 0.18666666586538463 0.602 0.20533333413461538
1184 0.8160000000000001 0.76 0.8140000000000001 0.7493333341346153 0.8180000000000001 0.7253333341346154 0.7939999999999999 0.7146666658653846 0.766 0.7146666658653846 0.782 0.7226666658653845 0.772 0.7333333341346153 0.768 0.752 0.762 0.768 0.7759999999999999 0.784 0.802 0.784 0.8160000000000001 0.7786666658653847 0.8160000000000001 0.76