402 0 0 0 0.1681640625 0.15234375 0.17578125 0.765625 0.16796875 0.99609375 0.14453125 0.9921875 0 0 0
1494 0.4609375 0.49609375 0.515625 0.49609375 0.5859375 0.49609375 0.65234375 0.50390625 0.70703125 0.5078125 0.7421875 0.5078125 0.76953125 0.16796875 0.15625 0.17578125 0.203125 0.5078125 0.28515625 0.5 0.35546875 0.5 0.39453125 0.49609375 0.4609375 0.49609375
1885 0 0.60546875 0.02734375 0.60546875 0.06640625 0.58203125 0.125 0.54296875 0.1875 0.4921875 0.1953125 0.4921875 0.15234375 0.17578125 0 0.17197265625000002 0 0.60546875
1885 0.84375 0.58984375 0.86328125 0.60546875 0.984375 0.60546875 0.9921875 0.60546875 0.99609375 0.33984375 0.99609375 0.14453125 0.76953125 0.16796875 0.74609375 0.5078125 0.84375 0.58984375
1643 0 0.6328125 0.02734375 0.6328125 0.0546875 0.625 0.0625 0.625 0.08203125 0.625 0.09375 0.625 0.11328125 0.625 0.1015625 0.6015625 0.03515625 0.6015625 0 0.605078125 0 0.6328125
1643 0.8203125 0.60546875 0.77734375 0.609375 0.76171875 0.625 0.8984375 0.640625 0.98828125 0.64453125 0.9921875 0.60546875 0.859375 0.60546875 0.8203125 0.60546875
792 0.8515625 0.6015625 0.73828125 0.5078125 0.6875 0.5078125 0.62109375 0.5 0.5546875 0.4921875 0.46875 0.4921875 0.38671875 0.4921875 0.3359375 0.4921875 0.26953125 0.49609375 0.203125 0.5078125 0.1953125 0.4921875 0.1875 0.4921875 0.1171875 0.54296875 0.05078125 0.59765625 0.1015625 0.6015625 0.109375 0.62109375 0.140625 0.625 0.75 0.625 0.7734375 0.60546875 0.8515625 0.6015625
1505 0.42578125 0.53515625 0.34765625 0.53125 0.3046875 0.52734375 0.25390625 0.5234375 0.2265625 0.51953125 0.2265625 0.53515625 0.19140625 0.53125 0.19140625 0.55078125 0.16015625 0.54296875 0.16015625 0.5546875 0.12890625 0.55078125 0.12890625 0.56640625 0.09765625 0.5625 0.09765625 0.57421875 0.07421875 0.57421875 0.0859375 0.58984375 0.12109375 0.60546875 0.13671875 0.6171875 0.73828125 0.625 0.76953125 0.60546875 0.8046875 0.59765625 0.8125 0.5703125 0.79296875 0.57421875 0.79296875 0.55859375 0.76171875 0.56640625 0.7578125 0.546875 0.73046875 0.5546875 0.73046875 0.54296875 0.703125 0.546875 0.703125 0.53125 0.67578125 0.53515625 0.66796875 0.51953125 0.6328125 0.5234375 0.5859375 0.53125 0.50390625 0.53515625 0.42578125 0.53515625
1505 0 0.9921875 0.99609375 0.9921875 0.9921875 0.64453125 0.7578125 0.625 0.11328125 0.625 0.0546875 0.62109375 0.02734375 0.6328125 0 0.6328125 0 0.9921875
1027 0.80859375 0.31640625 0.8203125 0.31640625 0.81640625 0.30078125 0.8125 0.3046875 0.80859375 0.31640625
1027 0.85546875 0.3203125 0.84765625 0.296875 0.84375 0.3203125 0.85546875 0.3203125
1027 0.89453125 0.328125 0.890625 0.30859375 0.8828125 0.32421875 0.89453125 0.328125
1027 0.93359375 0.3359375 0.94921875 0.3359375 0.94921875 0.32421875 0.94140625 0.3125 0.93359375 0.3359375
1027 0.09375 0.32421875 0.08203125 0.30859375 0.08203125 0.32421875 0.09375 0.32421875
1027 0.05078125 0.328125 0.04296875 0.30859375 0.0390625 0.33203125 0.05078125 0.328125
1027 0.62890625 0.0859375 0.625 0.09765625 0.6484375 0.09765625 0.6484375 0.0859375 0.62890625 0.0859375
1027 0.57421875 0.12890625 0.57421875 0.140625 0.5859375 0.13671875 0.5859375 0.12890625 0.57421875 0.12890625
1027 0.01953125 0.09375 0.01953125 0.10546875 0.046875 0.10546875 0.046875 0.09375 0.01953125 0.09375
1027 0.203125 0.13671875 0.203125 0.1484375 0.21875 0.14453125 0.21875 0.13671875 0.203125 0.13671875