1523 0.524 0 0.52 0.7155688629807693 0.6340000000000001 0.9940119759615385 0.998 0.9910179639423077 1 0.49401197596153845 1 0 0.524 0
1523 0.19399999999999998 0 0.19399999999999998 0.2934131730769231 0.276 0.32634730528846156 0.27799999999999997 0.7245508990384616 0.518 0.7095808389423077 0.524 0 0.19399999999999998 0
1120 0.061111112980769225 0 0.054 0.023952096153846154 0.054 0.05389221634615385 0.058 0.0778443125 0.062000000000000006 0.10479041826923076 0.07200000000000001 0.13173652644230768 0.094 0.1497005985576923 0.134 0.15568862259615385 0.17200000000000001 0.14670658653846155 0.19 0.13473053846153846 0.196 0.10179640625 0.19399999999999998 0.008982036057692308 0.18949999999999997 0 0.061111112980769225 0
1523 0.004 0 0.002 0.9910179639423077 0.22 0.9910179639423077 0.282 0.7574850288461538 0.27799999999999997 0.3233532932692308 0.19399999999999998 0.2964071850961539 0.19598000000000002 0 0.004 0
296 0.492 0.832335329326923 0.494 0.8562874254807693 0.508 0.8892215576923077 0.52 0.9880239519230769 0.6319999999999999 0.9940119759615385 0.6319999999999999 0.9880239519230769 0.554 0.7544910168269231 0.554 0.6976047908653846 0.5479999999999999 0.6976047908653846 0.5399999999999999 0.7065868269230768 0.532 0.6886227548076923 0.522 0.6706586826923077 0.512 0.6826347307692308 0.502 0.667664670673077 0.49 0.667664670673077 0.476 0.6976047908653846 0.48000000000000004 0.7095808389423077 0.482 0.7245508990384616 0.486 0.7455089831730769 0.476 0.7754491009615384 0.48000000000000004 0.8023952091346154 0.492 0.832335329326923
296 0.7579999999999999 0.46407185576923077 0.746 0.4850299399038462 0.74 0.5778443125 0.986 0.7814371250000001 0.998 0.7844311370192307 0.998 0.47005987980769226 0.8180000000000001 0.4341317355769231 0.8140000000000001 0.4580838317307692 0.7899999999999999 0.45508981971153845 0.786 0.4131736538461538 0.756 0.4131736538461538 0.7579999999999999 0.46407185576923077
296 0.286 0.7335329350961538 0.218 0.9880239519230769 0.302 0.9910179639423077 0.328 0.7724550889423077 0.322 0.7604790408653846 0.32 0.7365269471153847 0.312 0.7395209591346154 0.312 0.7455089831730769 0.30799999999999994 0.7455089831730769 0.30799999999999994 0.7335329350961538 0.286 0.7335329350961538
1294 0.35 0.4311377235576923 0.368 0.42215568750000004 0.36 0.4850299399038462 0.358 0.5389221562500001 0.36 0.5598802403846154 0.366 0.5778443125 0.366 0.6227544903846154 0.36 0.6646706586538461 0.358 0.6976047908653846 0.36 0.7305389230769231 0.364 0.7544910168269231 0.36 0.7814371250000001 0.37 0.7874251490384616 0.392 0.7934131730769232 0.402 0.7874251490384616 0.392 0.7754491009615384 0.386 0.7514970048076923 0.38799999999999996 0.7185628749999999 0.386 0.6646706586538461 0.394 0.6227544903846154 0.39599999999999996 0.5778443125 0.4 0.6077844302884615 0.398 0.6467065865384616 0.394 0.6946107788461539 0.39 0.7455089831730769 0.40399999999999997 0.7634730528846153 0.422 0.7754491009615384 0.436 0.7724550889423077 0.432 0.7574850288461538 0.41800000000000004 0.7455089831730769 0.41800000000000004 0.7215568870192308 0.41800000000000004 0.6916167668269231 0.42600000000000005 0.6586826346153847 0.43 0.5958083822115385 0.43400000000000005 0.5209580841346153 0.438 0.4670658677884615 0.44 0.43712574759615386 0.444 0.4161676658653847 0.44200000000000006 0.4041916177884615 0.444 0.3802395216346154 0.436 0.35928143749999997 0.428 0.33233532932692306 0.41800000000000004 0.32934131730769234 0.41600000000000004 0.308383233173077 0.414 0.2694610769230769 0.40800000000000003 0.2395209591346154 0.392 0.2275449110576923 0.38 0.24550898317307693 0.368 0.281437125 0.368 0.308383233173077 0.356 0.3233532932692308 0.33999999999999997 0.3532934134615384 0.336 0.3802395216346154 0.33199999999999996 0.41017964182692307 0.336 0.4311377235576923 0.35 0.4311377235576923
1766 0.008 0.9880239519230769 0.068 0.9850299399038461 0.078 0.9670658677884615 0.26999999999999996 0.5778443125 0.258 0.5269461081730769 0.246 0.5269461081730769 0.006 0.9550898197115385 0.008 0.9880239519230769
1627 0.66 0.19161676682692308 0.6639999999999999 0.1976047908653846 0.658 0.23652694711538463 0.654 0.32934131730769234 0.7100000000000001 0.3413173653846154 0.714 0.23053892307692306 0.712 0.1766467067307692 0.712 0.14670658653846155 0.6679999999999999 0.1616766466346154 0.6639999999999999 0.1766467067307692 0.66 0.19161676682692308
1627 0.6 0.21556886298076924 0.602 0.22455089903846154 0.6 0.32035928125 0.636 0.3233532932692308 0.64 0.1766467067307692 0.612 0.18562874278846156 0.6 0.20059880288461537 0.6 0.21556886298076924
314 0.47200000000000003 0.1407185625 0.47200000000000003 0.218562875 0.51 0.22155688701923076 0.508 0.14371257451923075 0.47200000000000003 0.1407185625
314 0.40599999999999997 0.21556886298076924 0.44 0.218562875 0.438 0.14371257451923075 0.40599999999999997 0.14670658653846155 0.40599999999999997 0.21556886298076924
1627 0.64 0.002994012019230769 0.59 0.05988024038461538 0.5860000000000001 0.17964071874999998 0.6479999999999999 0.1407185625 0.64 0.002994012019230769
314 0.33 0.21556886298076924 0.358 0.21556886298076924 0.358 0.14670658653846155 0.328 0.14670658653846155 0.33 0.21556886298076924
314 0.32399999999999995 0.14670658653846155 0.292 0.14670658653846155 0.296 0.218562875 0.32399999999999995 0.218562875 0.32399999999999995 0.14670658653846155
1766 0.016 0.6227544903846154 0.018000000000000002 0.7065868269230768 0.030000000000000002 0.6946107788461539 0.266 0.4341317355769231 0.26 0.40119760576923075 0.060000000000000005 0.5538922163461538 0.058 0.5988023942307692 0.016 0.6227544903846154
792 0.482 0.7125748509615384 0.28400000000000003 0.7215568870192308 0.216 0.9940119759615385 0.402 0.9940119759615385 0.534 0.9940119759615385 0.482 0.7125748509615384