1285 0.16816816826923078 0.7939999999999999 0.16816816826923078 0.828 0.22522522596153843 0.968 0.2462462451923077 0.994 0.5225225216346154 0.996 0.59459459375 0.764 0.5615615625 0.6659999999999999 0.5765765769230768 0.66 0.6096096105769231 0.6479999999999999 0.6336336346153846 0.628 0.6636636634615385 0.62 0.7477477475961538 0.62 0.7207207211538461 0.614 0.6336336346153846 0.5940000000000001 0.5795795793269231 0.598 0.6036036033653847 0.564 0.59459459375 0.546 0.5705705697115385 0.562 0.5435435432692308 0.5780000000000001 0.5135135144230769 0.59 0.5015015024038462 0.598 0.4954954951923077 0.592 0.5105105096153847 0.564 0.5045045048076923 0.528 0.4714714711538462 0.46799999999999997 0.516516516826923 0.512 0.5555555552884616 0.536 0.5615615625 0.528 0.5645645649038461 0.476 0.5375375384615384 0.46799999999999997 0.5135135144230769 0.43 0.5015015024038462 0.412 0.4774774783653846 0.38 0.43543543509615384 0.34400000000000003 0.4204204206730769 0.33399999999999996 0.43543543509615384 0.326 0.4534534543269231 0.304 0.45045044951923074 0.286 0.4474474471153846 0.266 0.4534534543269231 0.254 0.46246246153846154 0.242 0.4714714711538462 0.216 0.45645645673076923 0.182 0.44144144230769233 0.156 0.38738738701923076 0.1 0.3693693701923077 0.098 0.3423423413461538 0.078 0.3003003004807692 0.076 0.24324324278846154 0.082 0.18618618509615384 0.114 0.14114114182692308 0.156 0.126126125 0.20400000000000001 0.15015014903846155 0.266 0.15015014903846155 0.28400000000000003 0.13513513461538462 0.294 0.10810810817307694 0.302 0.13813813701923078 0.302 0.12312312259615385 0.30799999999999994 0.10210210096153846 0.318 0.126126125 0.322 0.13213213221153847 0.33399999999999996 0.13213213221153847 0.35 0.11411411298076923 0.364 0.08108108173076924 0.382 0.033033033653846154 0.40599999999999997 0.006006004807692308 0.41800000000000004 0.003003002403846154 0.624 0.13213213221153847 0.76 0.15315315384615386 0.76 0.1621621610576923 0.77 0.16816816826923078 0.7939999999999999
1542 1 0.298 0.9969969975961538 0.286 0.003003002403846154 0.298 0.003003002403846154 0.67 0.9969969975961538 0.56 1 0.435 1 0.298
1286 0.8468468461538462 0.242 0.8168168173076923 0.25 0.7957957956730769 0.262 0.7807807812499999 0.27399999999999997 0.777777778846154 0.29 0.8498498509615384 0.292 0.8798798798076923 0.282 0.8858858870192308 0.264 0.891891891826923 0.258 0.9009009014423076 0.252 0.9249249254807693 0.258 0.9099099110576923 0.238 0.9099099110576923 0.23 0.90690690625 0.218 0.891891891826923 0.214 0.8708708701923077 0.214 0.8588588581730769 0.222 0.8468468461538462 0.242
1286 0.4924924927884616 0.29 0.4954954951923077 0.296 0.5675675673076923 0.28400000000000003 0.5495495504807693 0.268 0.5375375384615384 0.258 0.5195195192307692 0.24800000000000003 0.5225225216346154 0.24000000000000002 0.5225225216346154 0.23 0.5045045048076923 0.222 0.4774774783653846 0.222 0.46846846875 0.232 0.46846846875 0.25 0.46846846875 0.262 0.4864864855769231 0.26999999999999996 0.4924924927884616 0.29
1543 1 0.778 0.9969969975961538 0.56 0.6456456466346154 0.6 0.5225225216346154 0.996 1 0.996 1 0.778
1065 0.9759759759615385 0.512 0.9849849855769232 0.476 0.9729729735576923 0.444 0.9489489495192308 0.414 0.9099099110576923 0.39599999999999996 0.8648648653846155 0.39 0.8048048052884614 0.386 0.7117117115384615 0.392 0.6396396394230769 0.42 0.5975975985576923 0.446 0.5705705697115385 0.47800000000000004 0.5645645649038461 0.534 0.59459459375 0.572 0.6336336346153846 0.5940000000000001 0.7267267259615384 0.6159999999999999 0.8108108100961539 0.612 0.8948948942307692 0.588 0.9489489495192308 0.546 0.9759759759615385 0.512
1523 0.003003002403846154 0 0.003003002403846154 0.292 1 0.2800360360576923 1 0.14 0.9969969975961538 0 0.003003002403846154 0
792 0.5225225216346154 0.9920000000000001 0.6456456466346154 0.6 0.009009009615384615 0.67 0.003003002403846154 0.996 0.5225225216346154 0.9920000000000001
497 0.9339339350961539 0.060000000000000005 0.9279279278846153 0.066 0.9219219230769231 0.126 0.954954954326923 0.12400000000000001 0.9579579591346155 0.062000000000000006 0.951951951923077 0.056 0.9339339350961539 0.060000000000000005
497 0.8828828822115384 0.054 0.8708708701923077 0.062000000000000006 0.8678678677884615 0.106 0.891891891826923 0.108 0.891891891826923 0.064 0.8828828822115384 0.054
497 0.84384384375 0.054 0.8318318317307691 0.060000000000000005 0.8318318317307691 0.106 0.8618618629807693 0.1 0.8498498509615384 0.058 0.84384384375 0.054
497 0.7987987980769231 0.048 0.7867867860576924 0.056 0.7807807812499999 0.1 0.7987987980769231 0.10400000000000001 0.8048048052884614 0.098 0.8078078076923076 0.056 0.7987987980769231 0.048
497 0.7597597596153847 0.044 0.7447447451923076 0.052000000000000005 0.7447447451923076 0.098 0.7657657668269231 0.1 0.7717717716346153 0.09 0.7657657668269231 0.052000000000000005 0.7597597596153847 0.044
497 0.6876876875 0.094 0.6996996995192308 0.10200000000000001 0.7147147139423077 0.094 0.7177177187499999 0.046 0.6936936947115384 0.046 0.6876876875 0.094
497 0.59459459375 0.092 0.6126126129807692 0.098 0.6276276274038461 0.09 0.6246246249999999 0.04 0.6126126129807692 0.034 0.6036036033653847 0.04 0.59459459375 0.092
497 0.5525525528846154 0.092 0.5675675673076923 0.092 0.5765765769230768 0.09 0.5765765769230768 0.044 0.5615615625 0.034 0.5555555552884616 0.044 0.5525525528846154 0.092
497 0.5045045048076923 0.094 0.516516516826923 0.1 0.5285285288461539 0.09 0.5225225216346154 0.044 0.5045045048076923 0.036000000000000004 0.4954954951923077 0.044 0.5045045048076923 0.094
497 0.4474474471153846 0.084 0.45645645673076923 0.09 0.46846846875 0.088 0.4714714711538462 0.034 0.46246246153846154 0.024 0.4534534543269231 0.034 0.4474474471153846 0.084
497 0.39339339423076924 0.088 0.4114114110576923 0.088 0.4204204206730769 0.084 0.4204204206730769 0.032 0.4114114110576923 0.024 0.40540540625 0.024 0.3963963966346154 0.032 0.39339339423076924 0.088
497 0.3423423413461538 0.076 0.36036036057692306 0.088 0.3723723725961538 0.08 0.3633633629807692 0.028 0.3483483485576923 0.024 0.3393393389423077 0.032 0.3423423413461538 0.076
497 0.27927927884615383 0.068 0.29129129086538463 0.07200000000000001 0.30930931009615387 0.07200000000000001 0.30930931009615387 0.028 0.2942942932692308 0.02 0.27927927884615383 0.028 0.27927927884615383 0.068
497 0.19519519471153846 0.076 0.20720720673076926 0.08 0.22222222115384616 0.076 0.22222222115384616 0.022 0.20720720673076926 0.012 0.1981981971153846 0.026000000000000002 0.19519519471153846 0.076
497 0.1471471466346154 0.078 0.16816816826923078 0.078 0.1741741730769231 0.074 0.15915915865384617 0.022 0.14114114182692308 0.006 0.13213213221153847 0.022 0.1471471466346154 0.078
497 0.06006006009615385 0.08600000000000001 0.07507507451923078 0.082 0.08108108173076924 0.066 0.0720720721153846 0.016 0.05705705769230769 0.006 0.04804804807692308 0.006 0.042042040865384614 0.016 0.04804804807692308 0.056 0.05105105048076923 0.082 0.06006006009615385 0.08600000000000001
1286 0.009009009615384615 0.6319999999999999 0.006006004807692308 0.736 0.02402402403846154 0.7420000000000001 0.042042040865384614 0.7739999999999999 0.05105105048076923 0.798 0.05105105048076923 0.826 0.06006006009615385 0.854 0.08108108173076924 0.88 0.09009008894230769 0.892 0.11411411298076923 0.886 0.126126125 0.87 0.126126125 0.862 0.10810810817307694 0.8360000000000001 0.09009008894230769 0.788 0.08708708653846155 0.732 0.0990990985576923 0.7260000000000001 0.009009009615384615 0.6319999999999999
1286 0.009009009615384615 0.256 0.02402402403846154 0.264 0.042042040865384614 0.27399999999999997 0.05105105048076923 0.26 0.05705705769230769 0.24800000000000003 0.05105105048076923 0.23600000000000002 0.07507507451923078 0.23600000000000002 0.05705705769230769 0.228 0.04504504567307692 0.214 0.03003002884615385 0.21 0.01201201201923077 0.21 0.003003002403846154 0.218 0.009009009615384615 0.256