402 0.008021389423076923 0 0.00534759375 0.002 0.00534759375 0.15 0.09893048076923076 0.19399999999999998 0.8101604278846154 0.16 0.914438502403846 0.116 0.9973262043269231 0.112 0.9973262043269231 0 0.008021389423076923 0
1542 0.42513368990384615 0.598 0.4090909086538461 0.756 0.4278074855769231 0.952 0.5133689831730769 0.9400000000000001 0.508021389423077 0.8 0.521390375 0.7919999999999999 0.521390375 0.748 0.8529411754807692 0.7100000000000001 0.8449197860576922 0.6659999999999999 0.7139037427884615 0.546 0.6176470576923077 0.554 0.5294117644230769 0.5680000000000001 0.45721925240384614 0.59 0.42513368990384615 0.598
1542 0.5026737956730769 0.802 0.521390375 0.994 0.9973262043269231 0.996 0.9973262043269231 0.768 0.927807485576923 0.7 0.5187165769230769 0.746 0.521390375 0.7919999999999999 0.5026737956730769 0.802
1523 0.8101604278846154 0.296 0.9973262043269231 0.302 0.9973262043269231 0.15399999999999997 0.9973262043269231 0.108 0.9171123004807692 0.114 0.8101604278846154 0.15 0.8101604278846154 0.296
1637 1 0.702 0.9973262043269231 0.6319999999999999 0.9973262043269231 0.3 0.7994652403846154 0.296 0.6844919783653847 0.302 0.6577540096153847 0.34199999999999997 0.6176470576923077 0.34400000000000003 0.6096256682692307 0.486 0.46791443750000006 0.506 0.4411764711538462 0.59 0.534759358173077 0.566 0.7112299471153847 0.542 0.8502673798076923 0.6639999999999999 0.8529411754807692 0.7080000000000001 0.9304812836538462 0.698 1 0.7692592596153845 1 0.702
1523 0.6791443846153846 0.3 0.8101604278846154 0.292 0.8048128341346155 0.16999999999999998 0.53743315625 0.192 0.5508021394230769 0.35400000000000004 0.6203208557692308 0.34600000000000003 0.6604278076923078 0.336 0.6791443846153846 0.3
1286 0.5240641706730769 0.31 0.5240641706730769 0.348 0.521390375 0.39 0.521390375 0.42600000000000005 0.5427807475961539 0.44999999999999996 0.5454545456730769 0.47000000000000003 0.5401069519230769 0.494 0.5855614975961538 0.486 0.5855614975961538 0.47200000000000003 0.5935828870192308 0.44999999999999996 0.5935828870192308 0.41800000000000004 0.5935828870192308 0.384 0.6069518725961538 0.38 0.6310160432692308 0.374 0.6310160432692308 0.36 0.6229946514423077 0.35400000000000004 0.5989304807692307 0.37 0.5855614975961538 0.35400000000000004 0.5855614975961538 0.33 0.5668449206730769 0.312 0.5748663100961539 0.302 0.5748663100961539 0.28800000000000003 0.5748663100961539 0.26999999999999996 0.5588235288461538 0.266 0.5427807475961539 0.26999999999999996 0.5294117644230769 0.282 0.534759358173077 0.298 0.5240641706730769 0.31
655 0.5427807475961539 0.494 0.521390375 0.224 0.3663101610576923 0.228 0.3850267379807692 0.5 0.5427807475961539 0.494
462 0.4358288774038461 0.22 0.4465240649038461 0.22 0.45721925240384614 0.20400000000000001 0.4545454543269231 0.186 0.4411764711538462 0.176 0.4197860961538461 0.176 0.4037433149038462 0.18 0.4010695192307692 0.192 0.4010695192307692 0.21 0.4117647067307692 0.218 0.4358288774038461 0.22
1124 0.29679144471153845 0.27799999999999997 0.3208556153846154 0.266 0.3502673798076923 0.254 0.3689839567307692 0.226 0.3609625673076923 0.2 0.3368983966346154 0.184 0.30213903846153845 0.184 0.27807486538461534 0.19 0.27272727163461535 0.20400000000000001 0.2807486634615385 0.23399999999999999 0.27807486538461534 0.272 0.29679144471153845 0.27799999999999997
1542 0.1737967908653846 0.636 0.13636363701923077 0.246 0.008021389423076923 0.232 0.008021389423076923 0.858 0.1737967908653846 0.636
1294 0.3502673798076923 0.7420000000000001 0.3609625673076923 0.736 0.37967914423076926 0.722 0.31818181730769235 0.652 0.3101604278846154 0.63 0.29679144471153845 0.604 0.2887700528846154 0.566 0.29946524038461536 0.516 0.31818181730769235 0.48000000000000004 0.3128342235576923 0.444 0.29946524038461536 0.424 0.3101604278846154 0.39599999999999996 0.31818181730769235 0.37 0.3101604278846154 0.33999999999999997 0.30213903846153845 0.314 0.2887700528846154 0.282 0.26203208653846155 0.282 0.27005347596153845 0.26999999999999996 0.2807486634615385 0.238 0.27807486538461534 0.21 0.25668449278846156 0.186 0.2165775408653846 0.148 0.16310160336538462 0.14400000000000002 0.12299465144230769 0.15799999999999997 0.10427807451923078 0.192 0.09893048076923076 0.218 0.10160427884615385 0.25 0.12299465144230769 0.266 0.15240641826923076 0.28 0.13903743269230767 0.304 0.13101604326923078 0.32 0.12566844951923078 0.378 0.10962566826923077 0.42600000000000005 0.09358288701923077 0.492 0.10160427884615385 0.522 0.09090909134615385 0.542 0.10695187259615385 0.554 0.12566844951923078 0.552 0.1443850264423077 0.532 0.1550802139423077 0.5579999999999999 0.1791443846153846 0.584 0.2058823533653846 0.6319999999999999 0.22727272836538462 0.7 0.23529411778846152 0.752 0.22994652403846152 0.764 0.19786096153846153 0.7759999999999999 0.2005347596153846 0.788 0.22727272836538462 0.796 0.2540106947115385 0.786 0.27807486538461534 0.7759999999999999 0.2860962572115385 0.7759999999999999 0.2887700528846154 0.7899999999999999 0.29946524038461536 0.788 0.29946524038461536 0.7759999999999999 0.3074866322115385 0.77 0.3074866322115385 0.76 0.3155080216346154 0.7579999999999999 0.3208556153846154 0.78 0.33422459855769227 0.7759999999999999 0.33422459855769227 0.766 0.3502673798076923 0.754 0.3502673798076923 0.7420000000000001
1885 0.1604278076923077 0.19399999999999998 0.2058823533653846 0.516 0.3609625673076923 0.502 0.37967914423076926 0.5 0.3663101610576923 0.226 0.521390375 0.222 0.5427807475961539 0.49 0.7807486634615385 0.48000000000000004 0.8021390384615384 0.156 0.1604278076923077 0.19399999999999998
1885 0.14171123076923078 0.24800000000000003 0.13368983894230768 0.19399999999999998 0.00534759375 0.148 0.00534759375 0.2 0.00534759375 0.23600000000000002 0.14171123076923078 0.24800000000000003
1027 0.008021389423076923 0.064 0.08288769951923076 0.11 0.25133689903846157 0.10200000000000001 0.21390374278846155 0.030000000000000002 0.008021389423076923 0.044 0.008021389423076923 0.064
1027 0.6336898389423078 0.10400000000000001 0.7887700528846153 0.1 0.8689839567307692 0.046 0.6818181826923078 0.048 0.6336898389423078 0.10400000000000001
1027 0.5828876995192307 0.15 0.7032085552884616 0.148 0.7459893052884615 0.116 0.6069518725961538 0.12200000000000001 0.5828876995192307 0.15
1027 0.45721925240384614 0.046 0.4545454543269231 0.062000000000000006 0.4652406418269231 0.076 0.44919786057692307 0.106 0.45989304807692305 0.11800000000000001 0.46256684375 0.126 0.4759358293269231 0.134 0.4759358293269231 0.12400000000000001 0.4812834230769231 0.096 0.47860962500000004 0.076 0.4893048125 0.058 0.48663101682692306 0.04 0.4893048125 0.032 0.5 0.014 0.47326203125 0.002 0.44919786057692307 0.01 0.4465240649038461 0.034 0.45721925240384614 0.046
438 0.7513368990384616 0.9420000000000001 0.7139037427884615 0.9400000000000001 0.6844919783653847 0.9580000000000001 0.6737967908653846 0.9740000000000001 0.6925133677884615 0.984 0.7165775408653846 0.99 0.7566844927884616 0.994 0.7887700528846153 0.98 0.7914438509615385 0.964 0.7513368990384616 0.9420000000000001
438 0.965240641826923 0.9299999999999999 0.9037433149038462 0.9299999999999999 0.8930481274038461 0.9420000000000001 0.9090909086538462 0.986 0.9759358293269231 0.9740000000000001 0.9759358293269231 0.962 0.965240641826923 0.9299999999999999
314 0.8155080216346153 0.626 0.8368983966346154 0.654 0.8689839567307692 0.6499999999999999 0.8743315504807693 0.5579999999999999 0.8609625673076924 0.546 0.8235294110576923 0.546 0.8155080216346153 0.626
321 0.8101604278846154 0.302 0.8074866322115385 0.40599999999999997 0.9037433149038462 0.42 0.927807485576923 0.41800000000000004 0.9224598942307692 0.3 0.8101604278846154 0.302
296 0.6684491971153845 0.494 0.6684491971153845 0.506 0.6577540096153847 0.532 0.6737967908653846 0.5399999999999999 0.6898395721153846 0.542 0.7112299471153847 0.492 0.7032085552884616 0.482 0.6898395721153846 0.474 0.6818181826923078 0.46599999999999997 0.6791443846153846 0.48000000000000004 0.6684491971153845 0.494