1818 0.182 0.2506666658653846 0.206 0.2613333341346154 0.564 0.2613333341346154 0.5780000000000001 0.232 0.5579999999999999 0.08533333413461539 0.5399999999999999 0.07200000000000001 0.252 0.061333334134615385 0.224 0.07200000000000001 0.212 0.08 0.174 0.22933333413461537 0.182 0.2506666658653846
1488 0.34600000000000003 0.224 0.368 0.2426666658653846 0.42600000000000005 0.2426666658653846 0.47000000000000003 0.23466666586538462 0.484 0.232 0.492 0.24000000000000002 0.516 0.24000000000000002 0.534 0.22933333413461537 0.56 0.2106666658653846 0.5680000000000001 0.17333333413461538 0.5579999999999999 0.1253333341346154 0.55 0.112 0.5399999999999999 0.08 0.522 0.05066666586538461 0.5 0.03466666586538462 0.48800000000000004 0.04266666586538462 0.482 0.056 0.47000000000000003 0.056 0.452 0.05866666586538461 0.43 0.07200000000000001 0.39599999999999996 0.07200000000000001 0.34400000000000003 0.06666666586538461 0.33399999999999996 0.08266666586538461 0.338 0.09866666586538461 0.33199999999999996 0.12000000000000001 0.33999999999999997 0.1253333341346154 0.33999999999999997 0.14133333413461538 0.33199999999999996 0.152 0.33399999999999996 0.184 0.34199999999999997 0.18933333413461537 0.34600000000000003 0.224
1818 1 0.2311794879807692 0.924 0.09866666586538461 0.902 0.088 0.624 0.07733333413461539 0.608 0.09066666586538462 0.626 0.2213333341346154 0.644 0.2533333341346154 0.67 0.272 0.9740000000000001 0.28533333413461537 0.996 0.27733333413461536 1 0.2488888870192308 1 0.2311794879807692
1488 0.6479999999999999 0.1813333341346154 0.6499999999999999 0.20533333413461538 0.66 0.224 0.6859999999999999 0.24800000000000003 0.698 0.24800000000000003 0.716 0.2506666658653846 0.73 0.2426666658653846 0.744 0.24800000000000003 0.756 0.2506666658653846 0.7759999999999999 0.2453333341346154 0.8099999999999999 0.2453333341346154 0.838 0.256 0.8520000000000001 0.24000000000000002 0.858 0.232 0.872 0.24800000000000003 0.892 0.24800000000000003 0.9159999999999999 0.2426666658653846 0.9420000000000001 0.23466666586538462 0.962 0.2533333341346154 0.994 0.24800000000000003 0.998 0.2213333341346154 0.99 0.20533333413461538 0.982 0.2 0.982 0.17866666586538463 0.972 0.168 0.954 0.1626666658653846 0.95 0.1493333341346154 0.9420000000000001 0.14133333413461538 0.9400000000000001 0.128 0.9319999999999999 0.11733333413461539 0.926 0.09866666586538461 0.908 0.08533333413461539 0.892 0.07733333413461539 0.854 0.06933333413461538 0.826 0.08 0.8119999999999999 0.09066666586538462 0.796 0.08 0.772 0.064 0.732 0.05866666586538461 0.7060000000000001 0.064 0.6839999999999999 0.08 0.676 0.09866666586538461 0.6819999999999999 0.11466666586538461 0.6839999999999999 0.128 0.678 0.14400000000000002 0.6659999999999999 0.1306666658653846 0.658 0.11466666586538461 0.662 0.09066666586538462 0.6659999999999999 0.07200000000000001 0.6499999999999999 0.07200000000000001 0.636 0.07200000000000001 0.624 0.08266666586538461 0.6159999999999999 0.10666666586538462 0.62 0.128 0.6319999999999999 0.1626666658653846 0.6479999999999999 0.1813333341346154
1818 1 0.3412952379807692 0.722 0.336 0.748 0.5173333341346154 1 0.5199790024038461 1 0.3412952379807692
1818 0.718 0.336 0.438 0.32533333413461535 0.43400000000000005 0.512 0.746 0.5173333341346154 0.718 0.336
1818 0.43 0.5146666658653847 0.438 0.3226666658653846 0.088 0.32 0.026000000000000002 0.4986666658653846 0.028 0.512 0.43 0.5146666658653847
1818 0.998 0.5226666658653847 0.748 0.52 0.802 0.736 0.998 0.728 0.998 0.5226666658653847
1818 0.746 0.5146666658653847 0.43 0.5173333341346154 0.428 0.7413333341346154 0.802 0.736 0.746 0.5146666658653847
1818 0.432 0.5173333341346154 0.024 0.512 0.002 0.5706666658653846 0.004 0.728 0.428 0.7386666658653845 0.432 0.5173333341346154
1818 1 0.7280538725961538 0.804 0.7333333341346153 0.87 0.9973333341346154 0.998 0.9946666658653847 1 0.8613333341346153 1 0.7280538725961538
1818 0.87 0.9946666658653847 0.804 0.736 0.428 0.7413333341346154 0.422 0.9946666658653847 0.87 0.9946666658653847
1818 0.422 0.9973333341346154 0.428 0.744 0.004 0.7306666658653846 0.002 0.9946666658653847 0.422 0.9973333341346154
816 0.062000000000000006 0.47200000000000003 0.076 0.4773333341346154 0.12000000000000001 0.4826666658653846 0.156 0.48000000000000004 0.186 0.4826666658653846 0.206 0.4693333341346154 0.21 0.4773333341346154 0.262 0.4746666658653846 0.35 0.4826666658653846 0.39 0.4826666658653846 0.412 0.41333333413461537 0.428 0.40266666586538463 0.422 0.3786666658653846 0.42600000000000005 0.3653333341346154 0.412 0.34933333413461537 0.372 0.34133333413461536 0.348 0.3573333341346154 0.336 0.3653333341346154 0.32 0.34933333413461537 0.30799999999999994 0.3573333341346154 0.28800000000000003 0.352 0.272 0.36266666586538465 0.256 0.34933333413461537 0.24000000000000002 0.36 0.226 0.34933333413461537 0.212 0.36266666586538465 0.19 0.34666666586538464 0.178 0.35466666586538464 0.16199999999999998 0.34933333413461537 0.15 0.3573333341346154 0.132 0.34666666586538464 0.12000000000000001 0.3573333341346154 0.108 0.34933333413461537 0.096 0.36 0.08600000000000001 0.3786666658653846 0.076 0.3866666658653846 0.074 0.40533333413461536 0.058 0.424 0.066 0.4373333341346154 0.056 0.4533333341346154 0.062000000000000006 0.47200000000000003
816 0.5399999999999999 0.35466666586538464 0.526 0.3786666658653846 0.498 0.36266666586538465 0.454 0.3706666658653846 0.44200000000000006 0.392 0.448 0.40266666586538463 0.454 0.41600000000000004 0.448 0.44266666586538467 0.448 0.47200000000000003 0.46 0.4826666658653846 0.498 0.48800000000000004 0.532 0.4853333341346154 0.582 0.4906666658653846 0.6159999999999999 0.48800000000000004 0.656 0.4853333341346154 0.6799999999999999 0.4746666658653846 0.7 0.4746666658653846 0.718 0.4666666658653846 0.714 0.43466666586538466 0.704 0.40533333413461536 0.704 0.3813333341346154 0.6940000000000001 0.36 0.662 0.352 0.6499999999999999 0.3706666658653846 0.638 0.36 0.614 0.35466666586538464 0.6 0.3653333341346154 0.588 0.376 0.566 0.352 0.5399999999999999 0.35466666586538464
816 1 0.4681904783653846 0.988 0.41333333413461537 0.98 0.376 0.966 0.3893333341346154 0.946 0.376 0.924 0.3706666658653846 0.892 0.3786666658653846 0.87 0.3653333341346154 0.842 0.368 0.8180000000000001 0.3813333341346154 0.7919999999999999 0.36266666586538465 0.768 0.384 0.756 0.4 0.75 0.41066666586538464 0.754 0.432 0.772 0.448 0.7759999999999999 0.4826666658653846 0.7939999999999999 0.48800000000000004 0.824 0.4746666658653846 0.83 0.47200000000000003 0.844 0.4693333341346154 0.848 0.4826666658653846 0.862 0.4853333341346154 0.892 0.4853333341346154 0.89 0.4613333341346154 0.878 0.4533333341346154 0.864 0.4373333341346154 0.874 0.4293333341346154 0.8840000000000001 0.41600000000000004 0.8979999999999999 0.4 0.8999999999999999 0.41333333413461537 0.894 0.4373333341346154 0.906 0.4533333341346154 0.92 0.464 0.92 0.4773333341346154 0.9400000000000001 0.4906666658653846 0.964 0.48800000000000004 0.9560000000000001 0.4693333341346154 0.9740000000000001 0.47200000000000003 0.986 0.4853333341346154 1 0.47833333413461543 1 0.4681904783653846
816 0.872 0.5546666658653846 0.83 0.5466666658653846 0.8 0.552 0.77 0.5546666658653846 0.7759999999999999 0.5893333341346154 0.784 0.6159999999999999 0.7939999999999999 0.6586666658653846 0.8059999999999999 0.7093333341346154 0.822 0.72 0.8500000000000001 0.728 0.908 0.7253333341346154 0.998 0.7226666658653845 0.998 0.552 0.986 0.5546666658653846 0.964 0.5493333341346154 0.9380000000000001 0.5573333341346154 0.904 0.5493333341346154 0.872 0.5546666658653846
816 0.752 0.6 0.74 0.5866666658653846 0.738 0.5680000000000001 0.722 0.5466666658653846 0.7100000000000001 0.544 0.7 0.56 0.6920000000000001 0.5573333341346154 0.6679999999999999 0.5733333341346154 0.654 0.5626666658653846 0.628 0.5626666658653846 0.62 0.5680000000000001 0.604 0.5493333341346154 0.588 0.5466666658653846 0.5780000000000001 0.5573333341346154 0.564 0.5466666658653846 0.554 0.552 0.532 0.5493333341346154 0.508 0.5680000000000001 0.486 0.56 0.46799999999999997 0.5653333341346154 0.446 0.5546666658653846 0.438 0.5706666658653846 0.438 0.6159999999999999 0.436 0.6773333341346154 0.448 0.7173333341346153 0.462 0.7333333341346153 0.516 0.7386666658653845 0.602 0.736 0.698 0.7253333341346154 0.74 0.728 0.768 0.7146666658653846 0.76 0.6826666658653846 0.764 0.6586666658653846 0.744 0.6346666658653847 0.75 0.6133333341346154 0.752 0.6
816 0.42600000000000005 0.5973333341346154 0.424 0.5813333341346154 0.41800000000000004 0.5680000000000001 0.39599999999999996 0.5680000000000001 0.374 0.5466666658653846 0.34400000000000003 0.5546666658653846 0.318 0.5893333341346154 0.29 0.5653333341346154 0.264 0.5493333341346154 0.226 0.5573333341346154 0.196 0.5466666658653846 0.14200000000000002 0.536 0.10200000000000001 0.5413333341346154 0.078 0.5493333341346154 0.058 0.552 0.042 0.5813333341346154 0.01 0.656 0.006 0.6853333341346153 0.014 0.7066666658653846 0.106 0.7173333341346153 0.26 0.712 0.33 0.736 0.368 0.7306666658653846 0.40800000000000003 0.7146666658653846 0.424 0.704 0.42600000000000005 0.6426666658653846 0.42600000000000005 0.5973333341346154
816 0.6880000000000001 0.7813333341346154 0.6799999999999999 0.8186666658653846 0.6859999999999999 0.8426666658653846 0.702 0.8533333341346154 0.7080000000000001 0.872 0.698 0.8906666658653847 0.6900000000000001 0.9146666658653846 0.6900000000000001 0.9413333341346154 0.718 0.9626666658653846 0.722 0.9733333341346154 0.762 0.9973333341346154 0.7939999999999999 0.9786666658653846 0.7939999999999999 0.952 0.798 0.9413333341346154 0.796 0.912 0.782 0.8773333341346153 0.77 0.8666666658653847 0.768 0.856 0.782 0.8266666658653846 0.772 0.8053333341346154 0.764 0.7786666658653847 0.746 0.7759999999999999 0.72 0.7759999999999999 0.6880000000000001 0.7813333341346154
816 0.6340000000000001 0.9066666658653847 0.6479999999999999 0.8933333341346154 0.656 0.8853333341346155 0.66 0.84 0.646 0.8106666658653846 0.63 0.7919999999999999 0.608 0.7919999999999999 0.592 0.8133333341346154 0.59 0.8506666658653846 0.592 0.888 0.604 0.8986666658653846 0.6180000000000001 0.9066666658653847 0.6340000000000001 0.9066666658653847
816 0.52 0.872 0.534 0.8506666658653846 0.538 0.8266666658653846 0.528 0.7946666658653846 0.502 0.7813333341346154 0.48000000000000004 0.7813333341346154 0.45799999999999996 0.7973333341346154 0.44999999999999996 0.8213333341346154 0.45799999999999996 0.8453333341346153 0.47200000000000003 0.856 0.456 0.8853333341346155 0.44200000000000006 0.8986666658653846 0.44 0.928 0.456 0.9413333341346154 0.47000000000000003 0.9653333341346154 0.48800000000000004 0.968 0.51 0.9546666658653845 0.528 0.9386666658653847 0.5399999999999999 0.9226666658653847 0.53 0.8906666658653847 0.52 0.872
816 0.262 0.8506666658653846 0.264 0.88 0.24800000000000003 0.9146666658653846 0.24800000000000003 0.9600000000000001 0.246 0.9786666658653846 0.252 0.9893333341346153 0.28400000000000003 0.9866666658653845 0.326 0.9733333341346154 0.376 0.9733333341346154 0.414 0.9760000000000001 0.414 0.9573333341346154 0.386 0.8853333341346155 0.386 0.864 0.40800000000000003 0.7973333341346154 0.376 0.7866666658653846 0.348 0.7919999999999999 0.30799999999999994 0.7973333341346154 0.282 0.8186666658653846 0.262 0.8506666658653846
1787 0.26 0.84 0.226 0.856 0.20800000000000002 0.8746666658653847 0.19399999999999998 0.9013333341346154 0.2 0.912 0.20800000000000002 0.912 0.216 0.9093333341346154 0.222 0.9066666658653847 0.232 0.8986666658653846 0.242 0.8853333341346155 0.256 0.872 0.27399999999999997 0.8506666658653846 0.42600000000000005 0.7333333341346153 0.444 0.7306666658653846 0.31599999999999995 0.9333333341346154 0.298 0.9386666658653847 0.292 0.952 0.27799999999999997 0.968 0.26999999999999996 0.9813333341346154 0.27399999999999997 0.9866666658653845 0.28 0.9920000000000001 0.3 0.984 0.326 0.952 0.326 0.9386666658653847 0.46 0.7146666658653846 0.448 0.7066666658653846 0.26 0.84
792 0.6635000000000001 0 0.6499999999999999 0.07200000000000001 0.844 0.08266666586538461 0.838 0.005333334134615384 0.722 0 0.6635000000000001 0
1885 0.838 0 0.8500000000000001 0.096 1 0.11178947355769231 1 0 0.838 0
1885 0.005857141826923077 0 0.002 0.07200000000000001 0.646 0.07733333413461539 0.6614666658653847 0 0.005857141826923077 0
1542 1 0.11191449519230769 0.004 0.06933333413461538 0.004 0.32 0.002 0.9946666658653847 0.998 0.9920000000000001 1 0.552 1 0.11191449519230769
1562 0.348 0.4826666658653846 0.462 0.4853333341346154 0.462 0.424 0.34600000000000003 0.424 0.348 0.4826666658653846
1562 0.676 0.48800000000000004 0.7759999999999999 0.4906666658653846 0.78 0.42666666586538465 0.676 0.424 0.676 0.48800000000000004
1562 0.698 0.736 0.8140000000000001 0.7173333341346153 0.8079999999999999 0.6479999999999999 0.6940000000000001 0.6666666658653846 0.698 0.736
1562 0.31599999999999995 0.7173333341346153 0.44200000000000006 0.7226666658653845 0.448 0.64 0.32 0.6293333341346153 0.31599999999999995 0.7173333341346153