402 0.002673795673076923 0 0.002673795673076923 0.112 0.08556149759615385 0.116 0.18983957211538463 0.16 0.9010695192307693 0.19399999999999998 0.99465240625 0.15 0.99465240625 0.002 0.991978610576923 0 0.002673795673076923 0
1542 0.5427807475961539 0.59 0.47058823557692303 0.5680000000000001 0.3823529423076923 0.554 0.2860962572115385 0.546 0.1550802139423077 0.6659999999999999 0.14705882451923077 0.7100000000000001 0.47860962500000004 0.748 0.47860962500000004 0.7919999999999999 0.4919786105769231 0.8 0.48663101682692306 0.9400000000000001 0.572192514423077 0.952 0.5909090913461539 0.756 0.5748663100961539 0.598 0.5427807475961539 0.59
1542 0.47860962500000004 0.7919999999999999 0.4812834230769231 0.746 0.07219251442307692 0.7 0.002673795673076923 0.768 0.002673795673076923 0.996 0.47860962500000004 0.994 0.49732620432692304 0.802 0.47860962500000004 0.7919999999999999
1523 0.18983957211538463 0.15 0.08288769951923076 0.114 0.002673795673076923 0.108 0.002673795673076923 0.15399999999999997 0.002673795673076923 0.302 0.18983957211538463 0.296 0.18983957211538463 0.15
1637 0 0.7692592596153845 0.06951871634615384 0.698 0.14705882451923077 0.7080000000000001 0.14973262019230768 0.6639999999999999 0.2887700528846154 0.542 0.4652406418269231 0.566 0.5588235288461538 0.59 0.5320855624999999 0.506 0.39037433173076924 0.486 0.3823529423076923 0.34400000000000003 0.3422459903846154 0.34199999999999997 0.3155080216346154 0.302 0.2005347596153846 0.296 0.002673795673076923 0.3 0.002673795673076923 0.6319999999999999 0 0.702 0 0.7692592596153845
1523 0.3395721923076923 0.336 0.37967914423076926 0.34600000000000003 0.44919786057692307 0.35400000000000004 0.46256684375 0.192 0.19518716586538462 0.16999999999999998 0.18983957211538463 0.292 0.3208556153846154 0.3 0.3395721923076923 0.336
1286 0.4652406418269231 0.298 0.47058823557692303 0.282 0.45721925240384614 0.26999999999999996 0.4411764711538462 0.266 0.42513368990384615 0.26999999999999996 0.42513368990384615 0.28800000000000003 0.42513368990384615 0.302 0.43315507932692304 0.312 0.41443850240384617 0.33 0.41443850240384617 0.35400000000000004 0.4010695192307692 0.37 0.3770053485576923 0.35400000000000004 0.3689839567307692 0.36 0.3689839567307692 0.374 0.3930481274038462 0.38 0.40641711298076927 0.384 0.40641711298076927 0.41800000000000004 0.40641711298076927 0.44999999999999996 0.41443850240384617 0.47200000000000003 0.41443850240384617 0.486 0.45989304807692305 0.494 0.4545454543269231 0.47000000000000003 0.45721925240384614 0.44999999999999996 0.47860962500000004 0.42600000000000005 0.47860962500000004 0.39 0.4759358293269231 0.348 0.4759358293269231 0.31 0.4652406418269231 0.298
655 0.6149732620192307 0.5 0.6336898389423078 0.228 0.47860962500000004 0.224 0.45721925240384614 0.494 0.6149732620192307 0.5
462 0.5882352932692307 0.218 0.5989304807692307 0.21 0.5989304807692307 0.192 0.5962566850961538 0.18 0.5802139038461539 0.176 0.5588235288461538 0.176 0.5454545456730769 0.186 0.5427807475961539 0.20400000000000001 0.5534759350961539 0.22 0.5641711225961539 0.22 0.5882352932692307 0.218
1124 0.7219251346153845 0.272 0.7192513365384615 0.23399999999999999 0.7272727283653846 0.20400000000000001 0.7219251346153845 0.19 0.6978609615384616 0.184 0.6631016033653846 0.184 0.6390374326923076 0.2 0.6310160432692308 0.226 0.6497326201923077 0.254 0.6791443846153846 0.266 0.7032085552884616 0.27799999999999997 0.7219251346153845 0.272
1542 0.991978610576923 0.858 0.991978610576923 0.232 0.8636363629807692 0.246 0.8262032091346154 0.636 0.991978610576923 0.858
1294 0.6497326201923077 0.754 0.6657754014423076 0.766 0.6657754014423076 0.7759999999999999 0.6791443846153846 0.78 0.6844919783653847 0.7579999999999999 0.6925133677884615 0.76 0.6925133677884615 0.77 0.7005347596153846 0.7759999999999999 0.7005347596153846 0.788 0.7112299471153847 0.7899999999999999 0.7139037427884615 0.7759999999999999 0.7219251346153845 0.7759999999999999 0.7459893052884615 0.786 0.7727272716346154 0.796 0.7994652403846154 0.788 0.8021390384615384 0.7759999999999999 0.7700534759615384 0.764 0.7647058822115385 0.752 0.7727272716346154 0.7 0.7941176466346154 0.6319999999999999 0.8208556153846154 0.584 0.8449197860576922 0.5579999999999999 0.8556149735576923 0.532 0.8743315504807693 0.552 0.8930481274038461 0.554 0.9090909086538462 0.542 0.8983957211538461 0.522 0.9064171129807692 0.492 0.8903743317307692 0.42600000000000005 0.8743315504807693 0.378 0.8689839567307692 0.32 0.8609625673076924 0.304 0.8475935817307693 0.28 0.8770053485576923 0.266 0.8983957211538461 0.25 0.9010695192307693 0.218 0.8957219254807692 0.192 0.8770053485576923 0.15799999999999997 0.8368983966346154 0.14400000000000002 0.7834224591346154 0.148 0.7433155072115384 0.186 0.7219251346153845 0.21 0.7192513365384615 0.238 0.7299465240384616 0.26999999999999996 0.7379679134615384 0.282 0.7112299471153847 0.282 0.6978609615384616 0.314 0.6898395721153846 0.33999999999999997 0.6818181826923078 0.37 0.6898395721153846 0.39599999999999996 0.7005347596153846 0.424 0.6871657764423078 0.444 0.6818181826923078 0.48000000000000004 0.7005347596153846 0.516 0.7112299471153847 0.566 0.7032085552884616 0.604 0.6898395721153846 0.63 0.6818181826923078 0.652 0.6203208557692308 0.722 0.6390374326923076 0.736 0.6497326201923077 0.7420000000000001 0.6497326201923077 0.754
1885 0.19786096153846153 0.156 0.21925133653846154 0.48000000000000004 0.45721925240384614 0.49 0.47860962500000004 0.222 0.6336898389423078 0.226 0.6203208557692308 0.5 0.6390374326923076 0.502 0.7941176466346154 0.516 0.8395721923076922 0.19399999999999998 0.19786096153846153 0.156
1885 0.99465240625 0.23600000000000002 0.99465240625 0.2 0.99465240625 0.148 0.8663101610576922 0.19399999999999998 0.8582887692307692 0.24800000000000003 0.99465240625 0.23600000000000002
1027 0.991978610576923 0.044 0.7860962572115385 0.030000000000000002 0.7486631009615384 0.10200000000000001 0.9171123004807692 0.11 0.991978610576923 0.064 0.991978610576923 0.044
1027 0.31818181730769235 0.048 0.13101604326923078 0.046 0.21122994711538462 0.1 0.3663101610576923 0.10400000000000001 0.31818181730769235 0.048
1027 0.3930481274038462 0.12200000000000001 0.2540106947115385 0.116 0.29679144471153845 0.148 0.41711230048076925 0.15 0.3930481274038462 0.12200000000000001
1027 0.5534759350961539 0.034 0.5508021394230769 0.01 0.52673796875 0.002 0.5 0.014 0.5106951875 0.032 0.5133689831730769 0.04 0.5106951875 0.058 0.521390375 0.076 0.5187165769230769 0.096 0.5240641706730769 0.12400000000000001 0.5240641706730769 0.134 0.53743315625 0.126 0.5401069519230769 0.11800000000000001 0.5508021394230769 0.106 0.534759358173077 0.076 0.5454545456730769 0.062000000000000006 0.5427807475961539 0.046 0.5534759350961539 0.034
438 0.20855614903846156 0.964 0.21122994711538462 0.98 0.24331550721153847 0.994 0.2834224591346154 0.99 0.3074866322115385 0.984 0.32620320913461537 0.9740000000000001 0.3155080216346154 0.9580000000000001 0.2860962572115385 0.9400000000000001 0.24866310096153846 0.9420000000000001 0.20855614903846156 0.964
438 0.024064170673076923 0.962 0.024064170673076923 0.9740000000000001 0.09090909134615385 0.986 0.10695187259615385 0.9420000000000001 0.09625668509615384 0.9299999999999999 0.03475935817307692 0.9299999999999999 0.024064170673076923 0.962
314 0.1764705889423077 0.546 0.13903743269230767 0.546 0.12566844951923078 0.5579999999999999 0.13101604326923078 0.6499999999999999 0.16310160336538462 0.654 0.1844919783653846 0.626 0.1764705889423077 0.546
321 0.07754010576923077 0.3 0.07219251442307692 0.41800000000000004 0.09625668509615384 0.42 0.19251336778846154 0.40599999999999997 0.18983957211538463 0.302 0.07754010576923077 0.3
296 0.3208556153846154 0.48000000000000004 0.31818181730769235 0.46599999999999997 0.3101604278846154 0.474 0.29679144471153845 0.482 0.2887700528846154 0.492 0.3101604278846154 0.542 0.32620320913461537 0.5399999999999999 0.3422459903846154 0.532 0.3315508028846154 0.506 0.3315508028846154 0.494 0.3208556153846154 0.48000000000000004