1523 0 0 0 0.49401197596153845 0.002 0.9910179639423077 0.366 0.9940119759615385 0.48000000000000004 0.7155688629807693 0.476 0 0 0
1523 0.476 0 0.482 0.7095808389423077 0.722 0.7245508990384616 0.7240000000000001 0.32634730528846156 0.8059999999999999 0.2934131730769231 0.8059999999999999 0 0.476 0
1120 0.8105 0 0.8059999999999999 0.008982036057692308 0.804 0.10179640625 0.8099999999999999 0.13473053846153846 0.828 0.14670658653846155 0.8659999999999999 0.15568862259615385 0.906 0.1497005985576923 0.928 0.13173652644230768 0.9380000000000001 0.10479041826923076 0.9420000000000001 0.0778443125 0.946 0.05389221634615385 0.946 0.023952096153846154 0.9388888870192308 0 0.8105 0
1523 0.8040200000000001 0 0.8059999999999999 0.2964071850961539 0.722 0.3233532932692308 0.718 0.7574850288461538 0.78 0.9910179639423077 0.998 0.9910179639423077 0.996 0 0.8040200000000001 0
296 0.52 0.8023952091346154 0.524 0.7754491009615384 0.514 0.7455089831730769 0.518 0.7245508990384616 0.52 0.7095808389423077 0.524 0.6976047908653846 0.51 0.667664670673077 0.498 0.667664670673077 0.48800000000000004 0.6826347307692308 0.47800000000000004 0.6706586826923077 0.46799999999999997 0.6886227548076923 0.46 0.7065868269230768 0.452 0.6976047908653846 0.446 0.6976047908653846 0.446 0.7544910168269231 0.368 0.9880239519230769 0.368 0.9940119759615385 0.48000000000000004 0.9880239519230769 0.492 0.8892215576923077 0.506 0.8562874254807693 0.508 0.832335329326923 0.52 0.8023952091346154
296 0.24400000000000002 0.4131736538461538 0.214 0.4131736538461538 0.21 0.45508981971153845 0.186 0.4580838317307692 0.182 0.4341317355769231 0.002 0.47005987980769226 0.002 0.7844311370192307 0.014 0.7814371250000001 0.26 0.5778443125 0.254 0.4850299399038462 0.242 0.46407185576923077 0.24400000000000002 0.4131736538461538
296 0.6920000000000001 0.7335329350961538 0.6920000000000001 0.7455089831730769 0.6880000000000001 0.7455089831730769 0.6880000000000001 0.7395209591346154 0.6799999999999999 0.7365269471153847 0.678 0.7604790408653846 0.672 0.7724550889423077 0.698 0.9910179639423077 0.782 0.9880239519230769 0.714 0.7335329350961538 0.6920000000000001 0.7335329350961538
1294 0.6639999999999999 0.4311377235576923 0.6679999999999999 0.41017964182692307 0.6639999999999999 0.3802395216346154 0.66 0.3532934134615384 0.644 0.3233532932692308 0.6319999999999999 0.308383233173077 0.6319999999999999 0.281437125 0.62 0.24550898317307693 0.608 0.2275449110576923 0.592 0.2395209591346154 0.5860000000000001 0.2694610769230769 0.584 0.308383233173077 0.582 0.32934131730769234 0.572 0.33233532932692306 0.564 0.35928143749999997 0.5559999999999999 0.3802395216346154 0.5579999999999999 0.4041916177884615 0.5559999999999999 0.4161676658653847 0.56 0.43712574759615386 0.562 0.4670658677884615 0.566 0.5209580841346153 0.5700000000000001 0.5958083822115385 0.574 0.6586826346153847 0.582 0.6916167668269231 0.582 0.7215568870192308 0.582 0.7455089831730769 0.5680000000000001 0.7574850288461538 0.564 0.7724550889423077 0.5780000000000001 0.7754491009615384 0.596 0.7634730528846153 0.61 0.7455089831730769 0.606 0.6946107788461539 0.602 0.6467065865384616 0.6 0.6077844302884615 0.604 0.5778443125 0.606 0.6227544903846154 0.614 0.6646706586538461 0.612 0.7185628749999999 0.614 0.7514970048076923 0.608 0.7754491009615384 0.598 0.7874251490384616 0.608 0.7934131730769232 0.63 0.7874251490384616 0.64 0.7814371250000001 0.636 0.7544910168269231 0.64 0.7305389230769231 0.642 0.6976047908653846 0.64 0.6646706586538461 0.6340000000000001 0.6227544903846154 0.6340000000000001 0.5778443125 0.64 0.5598802403846154 0.642 0.5389221562500001 0.64 0.4850299399038462 0.6319999999999999 0.42215568750000004 0.6499999999999999 0.4311377235576923 0.6639999999999999 0.4311377235576923
1766 0.994 0.9550898197115385 0.754 0.5269461081730769 0.7420000000000001 0.5269461081730769 0.73 0.5778443125 0.922 0.9670658677884615 0.9319999999999999 0.9850299399038461 0.9920000000000001 0.9880239519230769 0.994 0.9550898197115385
1627 0.336 0.1766467067307692 0.33199999999999996 0.1616766466346154 0.28800000000000003 0.14670658653846155 0.28800000000000003 0.1766467067307692 0.286 0.23053892307692306 0.29 0.3413173653846154 0.34600000000000003 0.32934131730769234 0.34199999999999997 0.23652694711538463 0.336 0.1976047908653846 0.33999999999999997 0.19161676682692308 0.336 0.1766467067307692
1627 0.4 0.20059880288461537 0.38799999999999996 0.18562874278846156 0.36 0.1766467067307692 0.364 0.3233532932692308 0.4 0.32035928125 0.398 0.22455089903846154 0.4 0.21556886298076924 0.4 0.20059880288461537
314 0.492 0.14371257451923075 0.49 0.22155688701923076 0.528 0.218562875 0.528 0.1407185625 0.492 0.14371257451923075
314 0.5940000000000001 0.14670658653846155 0.562 0.14371257451923075 0.56 0.218562875 0.5940000000000001 0.21556886298076924 0.5940000000000001 0.14670658653846155
1627 0.352 0.1407185625 0.414 0.17964071874999998 0.41000000000000003 0.05988024038461538 0.36 0.002994012019230769 0.352 0.1407185625
314 0.672 0.14670658653846155 0.642 0.14670658653846155 0.642 0.21556886298076924 0.67 0.21556886298076924 0.672 0.14670658653846155
314 0.676 0.218562875 0.704 0.218562875 0.7080000000000001 0.14670658653846155 0.676 0.14670658653846155 0.676 0.218562875
1766 0.9420000000000001 0.5988023942307692 0.9400000000000001 0.5538922163461538 0.74 0.40119760576923075 0.734 0.4341317355769231 0.97 0.6946107788461539 0.982 0.7065868269230768 0.984 0.6227544903846154 0.9420000000000001 0.5988023942307692
792 0.46599999999999997 0.9940119759615385 0.598 0.9940119759615385 0.784 0.9940119759615385 0.716 0.7215568870192308 0.518 0.7125748509615384 0.46599999999999997 0.9940119759615385