1885 0.005984848557692308 0 0.002 0.7013333341346153 0.998 0.6799999999999999 1 0.33999999999999997 1 0 0.005984848557692308 0
531 1 0.8360000000000001 0.998 0.6773333341346154 0.008 0.704 0.006 0.9946666658653847 1 0.9946666658653847 1 0.8360000000000001
1286 0.652 0.5653333341346154 0.6639999999999999 0.544 0.6819999999999999 0.5013333341346153 0.67 0.4613333341346154 0.658 0.42666666586538465 0.644 0.3866666658653846 0.624 0.3573333341346154 0.608 0.3306666658653846 0.58 0.304 0.528 0.28 0.516 0.272 0.506 0.2613333341346154 0.498 0.24000000000000002 0.498 0.2 0.49600000000000005 0.1626666658653846 0.474 0.14133333413461538 0.446 0.1306666658653846 0.40399999999999997 0.13866666586538462 0.394 0.168 0.394 0.20800000000000002 0.402 0.2613333341346154 0.41600000000000004 0.3013333341346154 0.42 0.3093333341346154 0.40399999999999997 0.3226666658653846 0.38 0.33866666586538463 0.378 0.3573333341346154 0.372 0.3733333341346154 0.372 0.3866666658653846 0.34600000000000003 0.44 0.336 0.4773333341346154 0.32399999999999995 0.512 0.314 0.5413333341346154 0.294 0.5706666658653846 0.28 0.5893333341346154 0.282 0.6159999999999999 0.3 0.6266666658653846 0.32 0.6266666658653846 0.338 0.6026666658653845 0.366 0.5973333341346154 0.386 0.5680000000000001 0.41800000000000004 0.7013333341346153 0.604 0.6906666658653846 0.606 0.592 0.604 0.56 0.64 0.5760000000000001 0.652 0.5653333341346154
1286 0.772 0.33333333413461536 0.748 0.3733333341346154 0.744 0.3973333341346154 0.738 0.4666666658653846 0.736 0.5306666658653846 0.738 0.5973333341346154 0.746 0.608 0.744 0.624 0.738 0.7093333341346154 0.9740000000000001 0.6773333341346154 0.948 0.5013333341346153 0.962 0.5013333341346153 0.998 0.4906666658653846 0.996 0.41066666586538464 0.972 0.392 0.9440000000000001 0.3706666658653846 0.9299999999999999 0.33866666586538463 0.91 0.3146666658653846 0.9299999999999999 0.312 0.9400000000000001 0.2986666658653846 0.948 0.2933333341346154 0.954 0.28 0.968 0.27733333413461536 0.962 0.22933333413461537 0.972 0.20533333413461538 0.972 0.152 0.97 0.11733333413461539 0.9400000000000001 0.09333333413461539 0.904 0.08 0.87 0.09333333413461539 0.8500000000000001 0.128 0.844 0.17333333413461538 0.822 0.2026666658653846 0.8180000000000001 0.23466666586538462 0.828 0.256 0.8099999999999999 0.2906666658653846 0.772 0.33333333413461536
1343 0.532 0.8026666658653846 0.592 0.7973333341346154 0.66 0.7973333341346154 0.716 0.7946666658653846 0.7420000000000001 0.784 0.7420000000000001 0.7653333341346154 0.7260000000000001 0.7493333341346153 0.7060000000000001 0.744 0.6819999999999999 0.736 0.636 0.712 0.566 0.6880000000000001 0.462 0.696 0.40800000000000003 0.704 0.394 0.7333333341346153 0.40399999999999997 0.752 0.41000000000000003 0.7786666658653847 0.438 0.7946666658653846 0.47800000000000004 0.8026666658653846 0.532 0.8026666658653846
1343 0.224 0.8026666658653846 0.27399999999999997 0.8 0.328 0.7893333341346154 0.36 0.7733333341346154 0.378 0.7493333341346153 0.386 0.7253333341346154 0.38 0.7146666658653846 0.34600000000000003 0.7146666658653846 0.26 0.7013333341346153 0.186 0.7146666658653846 0.11 0.728 0.08600000000000001 0.744 0.052000000000000005 0.7759999999999999 0.058 0.7946666658653846 0.10200000000000001 0.7946666658653846 0.164 0.8 0.224 0.8026666658653846
1343 0.6920000000000001 0.7333333341346153 0.766 0.7573333341346153 0.804 0.7653333341346154 0.844 0.7706666658653846 0.91 0.7653333341346154 0.964 0.7573333341346153 0.99 0.7573333341346153 0.996 0.7253333341346154 0.946 0.7146666658653846 0.8680000000000001 0.696 0.8160000000000001 0.696 0.7060000000000001 0.7173333341346153 0.672 0.728 0.6920000000000001 0.7333333341346153
1027 0.17200000000000001 0.1306666658653846 0.188 0.1306666658653846 0.212 0.1306666658653846 0.206 0.10400000000000001 0.196 0.09066666586538462 0.178 0.088 0.17200000000000001 0.09066666586538462 0.16599999999999998 0.112 0.17200000000000001 0.1306666658653846
1027 0.716 0.15466666586538463 0.74 0.1493333341346154 0.738 0.128 0.7240000000000001 0.112 0.7080000000000001 0.11466666586538461 0.6940000000000001 0.128 0.6940000000000001 0.15466666586538463 0.716 0.15466666586538463
1562 0.446 0.728 0.562 0.736 0.562 0.6373333341346155 0.446 0.6346666658653847 0.446 0.728
1562 0.222 0.7386666658653845 0.33399999999999996 0.7386666658653845 0.34199999999999997 0.6453333341346154 0.222 0.6373333341346155 0.222 0.7386666658653845