1286 0.7226666658653845 0.46599999999999997 0.7146666658653846 0.42 0.7093333341346154 0.36200000000000004 0.696 0.312 0.6773333341346154 0.27399999999999997 0.656 0.25 0.6213333341346154 0.232 0.6026666658653845 0.226 0.5866666658653846 0.214 0.6159999999999999 0.19399999999999998 0.6346666658653847 0.16999999999999998 0.6479999999999999 0.148 0.6506666658653846 0.12000000000000001 0.6479999999999999 0.088 0.6213333341346154 0.064 0.5893333341346154 0.05 0.5653333341346154 0.046 0.536 0.048 0.512 0.060000000000000005 0.4906666658653846 0.082 0.48800000000000004 0.096 0.49600000000000005 0.128 0.48000000000000004 0.16599999999999998 0.45866666586538457 0.20199999999999999 0.44266666586538467 0.21 0.42666666586538465 0.216 0.4213333341346154 0.252 0.3946666658653846 0.24800000000000003 0.384 0.24800000000000003 0.36 0.264 0.34666666586538464 0.28 0.34933333413461537 0.368 0.34133333413461536 0.46599999999999997 0.34933333413461537 0.48800000000000004 0.36 0.516 0.384 0.532 0.3946666658653846 0.5479999999999999 0.4 0.56 0.5386666658653846 0.564 0.5706666658653846 0.606 0.584 0.5760000000000001 0.608 0.5479999999999999 0.6106666658653845 0.512 0.6026666658653845 0.474 0.6106666658653845 0.454 0.6106666658653845 0.484 0.624 0.504 0.6133333341346154 0.5559999999999999 0.6053333341346154 0.612 0.5946666658653846 0.638 0.5946666658653846 0.672 0.5946666658653846 0.6940000000000001 0.5813333341346154 0.718 0.6053333341346154 0.72 0.6346666658653847 0.702 0.6453333341346154 0.6880000000000001 0.6613333341346154 0.6639999999999999 0.6693333341346153 0.628 0.6906666658653846 0.5860000000000001 0.7093333341346154 0.55 0.7093333341346154 0.522 0.7226666658653845 0.46599999999999997
1286 0.002666665865384615 0.996 0.136 0.996 0.14666666586538463 0.948 0.2133333341346154 0.8819999999999999 0.232 0.8340000000000001 0.24000000000000002 0.676 0.272 0.662 0.34666666586538464 0.638 0.3706666658653846 0.56 0.3893333341346154 0.5479999999999999 0.35466666586538464 0.504 0.34400000000000003 0.462 0.34666666586538464 0.41800000000000004 0.34666666586538464 0.338 0.34133333413461536 0.282 0.34933333413461537 0.276 0.368 0.264 0.3893333341346154 0.252 0.42666666586538465 0.24800000000000003 0.43466666586538466 0.216 0.4613333341346154 0.21 0.4853333341346154 0.16599999999999998 0.4933333341346154 0.126 0.48000000000000004 0.098 0.456 0.068 0.4293333341346154 0.048 0.3973333341346154 0.038 0.376 0.038 0.3573333341346154 0.038 0.312 0.042 0.28 0.068 0.2506666658653846 0.1 0.22933333413461537 0.136 0.2186666658653846 0.15799999999999997 0.20533333413461538 0.152 0.17866666586538463 0.178 0.1493333341346154 0.192 0.09866666586538461 0.206 0.03466666586538462 0.238 0.002666665865384615 0.266 0.002666665865384615 0.282 0.002666665865384615 0.996
438 0.5413333341346154 0.5680000000000001 0.3706666658653846 0.562 0.34666666586538464 0.6479999999999999 0.3813333341346154 0.652 0.40533333413461536 0.6920000000000001 0.41600000000000004 0.728 0.5813333341346154 0.722 0.592 0.6920000000000001 0.5866666658653846 0.6340000000000001 0.5413333341346154 0.5680000000000001
438 0.4293333341346154 0.76 0.464 0.778 0.536 0.7579999999999999 0.536 0.7240000000000001 0.4293333341346154 0.73 0.4293333341346154 0.76
438 0.3893333341346154 0.6499999999999999 0.2453333341346154 0.6639999999999999 0.24000000000000002 0.72 0.24000000000000002 0.76 0.2746666658653846 0.802 0.424 0.786 0.41866666586538465 0.74 0.40533333413461536 0.696 0.3893333341346154 0.6499999999999999
438 0.5413333341346154 0.744 0.536 0.76 0.4666666658653846 0.782 0.42666666586538465 0.764 0.4213333341346154 0.784 0.3973333341346154 0.7939999999999999 0.40800000000000003 0.804 0.41066666586538464 0.844 0.44 0.8340000000000001 0.56 0.854 0.5866666658653846 0.86 0.5946666658653846 0.9380000000000001 0.6106666658653845 0.9359999999999999 0.608 0.8979999999999999 0.6026666658653845 0.8500000000000001 0.5866666658653846 0.7939999999999999 0.5653333341346154 0.744 0.5413333341346154 0.744
438 0.5893333341346154 0.862 0.4453333341346154 0.8360000000000001 0.35466666586538464 0.8680000000000001 0.34933333413461537 0.95 0.512 0.982 0.5866666658653846 0.9420000000000001 0.5893333341346154 0.862
438 0.41066666586538464 0.848 0.40533333413461536 0.804 0.4 0.7939999999999999 0.27733333413461536 0.804 0.24000000000000002 0.764 0.232 0.896 0.28 0.9400000000000001 0.34933333413461537 0.9420000000000001 0.35466666586538464 0.8680000000000001 0.41066666586538464 0.848
1711 0.136 0.996 0.9946666658653847 0.994 0.9946666658653847 0.748 0.4373333341346154 0.7260000000000001 0.14400000000000002 0.948 0.136 0.996
299 0.768 0.9159999999999999 0.7706666658653846 0.926 0.7866666658653846 0.9359999999999999 0.8373333341346154 0.9420000000000001 0.8613333341346153 0.9359999999999999 0.8746666658653847 0.926 0.8693333341346154 0.9179999999999999 0.9093333341346154 0.892 0.9253333341346154 0.856 0.9226666658653847 0.848 0.88 0.83 0.8346666658653846 0.826 0.7759999999999999 0.826 0.7573333341346153 0.83 0.7333333341346153 0.8320000000000001 0.7253333341346154 0.844 0.7253333341346154 0.872 0.744 0.89 0.7653333341346154 0.904 0.768 0.9159999999999999
314 0.896 0.6180000000000001 0.8773333341346153 0.638 0.856 0.6319999999999999 0.7626666658653847 0.7080000000000001 0.768 0.804 0.9013333341346154 0.8119999999999999 0.968 0.73 0.968 0.642 0.9146666658653846 0.64 0.896 0.6180000000000001
1523 0.9920000000000001 0.14200000000000002 0.002666665865384615 0.12200000000000001 0.002666665865384615 0.712 0.9920000000000001 0.748 0.9920000000000001 0.14200000000000002
291 0.8693333341346154 0.422 0.8693333341346154 0.39 0.848 0.38799999999999996 0.848 0.41800000000000004 0.8373333341346154 0.43400000000000005 0.8346666658653846 0.5479999999999999 0.8773333341346153 0.5479999999999999 0.8773333341346153 0.436 0.8693333341346154 0.422
291 0.928 0.39 0.9013333341346154 0.39 0.9013333341346154 0.422 0.888 0.436 0.8826666658653846 0.55 0.9253333341346154 0.5479999999999999 0.9333333341346154 0.43 0.9253333341346154 0.424 0.928 0.39
291 0.9466666658653846 0.39 0.9466666658653846 0.424 0.9359999999999999 0.432 0.9306666658653846 0.55 0.968 0.55 0.9733333341346154 0.43400000000000005 0.968 0.42 0.9706666658653845 0.39 0.9466666658653846 0.39
438 0.7306666658653846 0.63 0.6986666658653846 0.614 0.6826666658653846 0.6159999999999999 0.6746666658653846 0.636 0.6613333341346154 0.67 0.6453333341346154 0.6940000000000001 0.7493333341346153 0.698 0.76 0.674 0.76 0.658 0.7466666658653847 0.64 0.7306666658653846 0.63
1885 0.002666665865384615 0 0.002666665865384615 0.12000000000000001 0.9920000000000001 0.14400000000000002 0.9946666658653847 0 0.002666665865384615 0
438 0.7946666658653846 0.33999999999999997 0.7813333341346154 0.34199999999999997 0.7866666658653846 0.386 0.856 0.392 0.872 0.338 0.7973333341346154 0.328 0.7946666658653846 0.33999999999999997
438 0.952 0.392 0.9760000000000001 0.384 0.9760000000000001 0.34600000000000003 0.9493333341346154 0.326 0.8826666658653846 0.328 0.8746666658653847 0.38799999999999996 0.952 0.392