338 0.9440676706730768 0 0.962 0.7066666658653846 1 0.7269333341346154 1 0 0.9440676706730768 0
1286 1 0.6284444447115385 0.99 0.624 0.99 0.6053333341346154 0.99 0.584 0.984 0.5680000000000001 0.966 0.5813333341346154 0.966 0.5973333341346154 0.968 0.6159999999999999 0.962 0.6186666658653847 0.964 0.6986666658653846 0.97 0.7333333341346153 0.964 0.76 0.966 0.8053333341346154 0.98 0.8213333341346154 0.99 0.8346666658653846 0.998 0.8613333341346153 0.994 0.8826666658653846 1 0.8846666658653847 1 0.6284444447115385
338 0.002005348557692308 0 0.004 0.9946666658653847 0.04 0.9946666658653847 0.04 0.9093333341346154 0.052000000000000005 0.904 0.060000000000000005 0.8746666658653847 0.052000000000000005 0.23466666586538462 0.09 0.232 0.088 0.1333333341346154 0.184 0.14133333413461538 0.18007407451923077 0 0.002005348557692308 0
338 0.18203703846153846 0 0.184 0.14133333413461538 0.09 0.1306666658653846 0.092 0.232 0.052000000000000005 0.232 0.062000000000000006 0.8666666658653847 0.052000000000000005 0.904 0.04 0.9093333341346154 0.042 0.9946666658653847 0.952 0.9973333341346154 0.9600000000000001 0.9600000000000001 0.962 0.768 0.968 0.744 0.964 0.728 0.9440729927884616 0 0.18203703846153846 0
1230 0.716 0.312 0.88 0.32 0.87 0.1013333341346154 0.7100000000000001 0.08533333413461539 0.716 0.312
322 0.30799999999999994 0.2986666658653846 0.7080000000000001 0.312 0.7 0.08 0.312 0.04266666586538462 0.30799999999999994 0.2986666658653846
601 0.058 0.328 0.062000000000000006 0.9013333341346154 0.908 0.8106666658653846 0.896 0.34666666586538464 0.058 0.328
1286 0.652 0.5253333341346154 0.6479999999999999 0.5386666658653846 0.644 0.544 0.6340000000000001 0.5733333341346154 0.6340000000000001 0.5973333341346154 0.638 0.608 0.676 0.608 0.6940000000000001 0.6053333341346154 0.6940000000000001 0.5973333341346154 0.6819999999999999 0.5760000000000001 0.6679999999999999 0.5546666658653846 0.67 0.5493333341346154 0.674 0.5466666658653846 0.678 0.5413333341346154 0.6819999999999999 0.528 0.678 0.5093333341346153 0.67 0.4986666658653846 0.662 0.5013333341346153 0.654 0.512 0.652 0.5253333341346154
1286 0.508 0.6186666658653847 0.566 0.6186666658653847 0.564 0.5893333341346154 0.552 0.5680000000000001 0.538 0.5546666658653846 0.528 0.5466666658653846 0.53 0.5386666658653846 0.524 0.5226666658653847 0.51 0.5173333341346154 0.498 0.52 0.492 0.5306666658653846 0.494 0.5466666658653846 0.49600000000000005 0.5653333341346154 0.504 0.5706666658653846 0.51 0.5786666658653846 0.514 0.584 0.508 0.6186666658653847
497 0.654 0.4986666658653846 0.66 0.5013333341346153 0.6679999999999999 0.4986666658653846 0.6679999999999999 0.41333333413461537 0.658 0.3946666658653846 0.654 0.41600000000000004 0.654 0.4986666658653846
497 0.644 0.5386666658653846 0.6479999999999999 0.5333333341346154 0.6499999999999999 0.5173333341346154 0.6479999999999999 0.41333333413461537 0.638 0.41333333413461537 0.636 0.424 0.636 0.528 0.644 0.5386666658653846
497 0.63 0.5306666658653846 0.636 0.528 0.6340000000000001 0.424 0.626 0.40800000000000003 0.614 0.4293333341346154 0.62 0.5253333341346154 0.63 0.5306666658653846
497 0.6159999999999999 0.5386666658653846 0.6180000000000001 0.528 0.614 0.424 0.606 0.40800000000000003 0.596 0.42666666586538465 0.604 0.528 0.608 0.5413333341346154 0.6159999999999999 0.5386666658653846
497 0.598 0.5413333341346154 0.6 0.5306666658653846 0.598 0.4373333341346154 0.59 0.42666666586538465 0.582 0.432 0.584 0.5333333341346154 0.59 0.544 0.598 0.5413333341346154
497 0.572 0.4986666658653846 0.58 0.4826666658653846 0.5780000000000001 0.424 0.564 0.40266666586538463 0.5559999999999999 0.424 0.5559999999999999 0.4746666658653846 0.5579999999999999 0.4853333341346154 0.572 0.4986666658653846
497 0.544 0.49600000000000005 0.5579999999999999 0.48000000000000004 0.554 0.41866666586538465 0.542 0.40266666586538463 0.534 0.41600000000000004 0.53 0.43466666586538466 0.536 0.4933333341346154 0.544 0.49600000000000005
1542 0.092 0.6693333341346153 0.08600000000000001 0.7146666658653846 0.08600000000000001 0.7919999999999999 0.08 0.888 0.084 0.8986666658653846 0.904 0.8106666658653846 0.906 0.8026666658653846 0.8999999999999999 0.7333333341346153 0.8819999999999999 0.6426666658653846 0.86 0.6133333341346154 0.096 0.6373333341346155 0.092 0.6693333341346153
180 0.196 0.6319999999999999 0.21 0.6346666658653847 0.3 0.6319999999999999 0.304 0.6106666658653845 0.304 0.6 0.28400000000000003 0.6 0.25 0.6026666658653845 0.19799999999999998 0.6026666658653845 0.192 0.6133333341346154 0.196 0.6319999999999999
438 0.18 0.7866666658653846 0.216 0.7866666658653846 0.232 0.7759999999999999 0.23 0.7413333341346154 0.21 0.7386666658653845 0.19399999999999998 0.7386666658653845 0.18 0.7466666658653847 0.18 0.7866666658653846
438 0.23 0.7253333341346154 0.23399999999999999 0.7573333341346153 0.264 0.76 0.27399999999999997 0.744 0.272 0.72 0.26 0.7173333341346153 0.242 0.7173333341346153 0.23 0.7253333341346154
438 0.134 0.7253333341346154 0.14 0.7413333341346154 0.176 0.736 0.176 0.7013333341346153 0.152 0.696 0.14 0.7013333341346153 0.134 0.7066666658653846 0.134 0.7253333341346154
438 0.47800000000000004 0.7253333341346154 0.47800000000000004 0.744 0.484 0.76 0.518 0.7546666658653846 0.514 0.72 0.486 0.7173333341346153 0.47800000000000004 0.7253333341346154
438 0.41800000000000004 0.7573333341346153 0.41800000000000004 0.7653333341346154 0.446 0.7733333341346154 0.444 0.736 0.422 0.7306666658653846 0.41800000000000004 0.736 0.41800000000000004 0.7573333341346153
438 0.33999999999999997 0.7626666658653847 0.352 0.7626666658653847 0.366 0.7546666658653846 0.352 0.7146666658653846 0.336 0.7226666658653845 0.33199999999999996 0.7386666658653845 0.33199999999999996 0.7573333341346153 0.33999999999999997 0.7626666658653847
498 0.20199999999999999 0.504 0.218 0.504 0.23 0.4906666658653846 0.24000000000000002 0.49600000000000005 0.23399999999999999 0.4906666658653846 0.23399999999999999 0.47200000000000003 0.23 0.41066666586538464 0.224 0.3813333341346154 0.21 0.3653333341346154 0.19799999999999998 0.3706666658653846 0.186 0.368 0.17200000000000001 0.368 0.15799999999999997 0.3733333341346154 0.152 0.3786666658653846 0.152 0.41333333413461537 0.146 0.4666666658653846 0.15799999999999997 0.4986666658653846 0.164 0.4933333341346154 0.174 0.49600000000000005 0.188 0.49600000000000005 0.20199999999999999 0.504
1561 1 0.8613333341346153 0.998 0.7253333341346154 0.964 0.7066666658653846 0.9600000000000001 0.9653333341346154 0.952 0.9946666658653847 1 0.9972266658653847 1 0.8613333341346153
1285 0.8320000000000001 0.8213333341346154 0.842 0.8079999999999999 0.826 0.6826666658653846 0.822 0.624 0.8099999999999999 0.5973333341346154 0.7939999999999999 0.5866666658653846 0.784 0.5733333341346154 0.778 0.5626666658653846 0.778 0.5413333341346154 0.778 0.5173333341346154 0.76 0.49600000000000005 0.7420000000000001 0.49600000000000005 0.722 0.5066666658653847 0.718 0.52 0.716 0.544 0.712 0.5573333341346154 0.722 0.5733333341346154 0.7260000000000001 0.5866666658653846 0.732 0.5973333341346154 0.74 0.6026666658653845 0.734 0.6293333341346153 0.7260000000000001 0.6613333341346154 0.72 0.7173333341346153 0.714 0.8426666658653846 0.728 0.8506666658653846 0.716 0.88 0.7260000000000001 0.8906666658653847 0.75 0.8986666658653846 0.74 0.9920000000000001 0.802 0.9946666658653847 0.8 0.9573333341346154 0.8079999999999999 0.9306666658653846 0.8099999999999999 0.9093333341346154 0.8140000000000001 0.88 0.822 0.8613333341346153 0.826 0.8320000000000001 0.8320000000000001 0.8213333341346154
153 0.782 0.9253333341346154 0.77 0.92 0.762 0.8933333341346154 0.756 0.872 0.748 0.888 0.7420000000000001 0.888 0.732 0.8613333341346153 0.728 0.8746666658653847 0.7260000000000001 0.8986666658653846 0.716 0.92 0.716 0.9440000000000001 0.716 0.9946666658653847 0.74 0.9920000000000001 0.784 0.9920000000000001 0.782 0.9253333341346154
497 0.264 0.4986666658653846 0.276 0.4986666658653846 0.29 0.49600000000000005 0.31 0.49600000000000005 0.314 0.48000000000000004 0.314 0.41333333413461537 0.314 0.392 0.30799999999999994 0.384 0.296 0.3786666658653846 0.28400000000000003 0.3786666658653846 0.272 0.3786666658653846 0.262 0.3786666658653846 0.24800000000000003 0.3893333341346154 0.238 0.3653333341346154 0.238 0.3973333341346154 0.23600000000000002 0.4213333341346154 0.23399999999999999 0.4853333341346154 0.238 0.4933333341346154 0.254 0.4933333341346154 0.264 0.4986666658653846
438 0.8819999999999999 0.7919999999999999 0.8840000000000001 0.7759999999999999 0.8840000000000001 0.7573333341346153 0.87 0.7413333341346154 0.86 0.744 0.856 0.7466666658653847 0.8500000000000001 0.7573333341346153 0.8500000000000001 0.7706666658653846 0.856 0.7893333341346154 0.8680000000000001 0.7919999999999999 0.8819999999999999 0.7919999999999999
497 0.6880000000000001 0.5226666658653847 0.6940000000000001 0.5333333341346154 0.698 0.528 0.702 0.552 0.714 0.544 0.712 0.512 0.716 0.504 0.72 0.4693333341346154 0.7260000000000001 0.47200000000000003 0.728 0.4613333341346154 0.7240000000000001 0.3706666658653846 0.716 0.376 0.7100000000000001 0.3786666658653846 0.7100000000000001 0.4 0.7060000000000001 0.40800000000000003 0.696 0.40266666586538463 0.6900000000000001 0.40800000000000003 0.6819999999999999 0.40800000000000003 0.6819999999999999 0.48000000000000004 0.6819999999999999 0.49600000000000005 0.6839999999999999 0.52 0.6880000000000001 0.5226666658653847