1885 0 0 0 0.33999999999999997 0.002 0.6799999999999999 0.998 0.7013333341346153 0.9940151514423078 0 0 0
531 0 0.9946666658653847 0.994 0.9946666658653847 0.9920000000000001 0.704 0.002 0.6773333341346154 0 0.8360000000000001 0 0.9946666658653847
1286 0.36 0.5760000000000001 0.39599999999999996 0.56 0.394 0.592 0.39599999999999996 0.6906666658653846 0.582 0.7013333341346153 0.614 0.5680000000000001 0.6340000000000001 0.5973333341346154 0.662 0.6026666658653845 0.6799999999999999 0.6266666658653846 0.7 0.6266666658653846 0.718 0.6159999999999999 0.72 0.5893333341346154 0.7060000000000001 0.5706666658653846 0.6859999999999999 0.5413333341346154 0.676 0.512 0.6639999999999999 0.4773333341346154 0.654 0.44 0.628 0.3866666658653846 0.628 0.3733333341346154 0.622 0.3573333341346154 0.62 0.33866666586538463 0.596 0.3226666658653846 0.58 0.3093333341346154 0.584 0.3013333341346154 0.598 0.2613333341346154 0.606 0.20800000000000002 0.606 0.168 0.596 0.13866666586538462 0.554 0.1306666658653846 0.526 0.14133333413461538 0.504 0.1626666658653846 0.502 0.2 0.502 0.24000000000000002 0.494 0.2613333341346154 0.484 0.272 0.47200000000000003 0.28 0.42 0.304 0.392 0.3306666658653846 0.376 0.3573333341346154 0.356 0.3866666658653846 0.34199999999999997 0.42666666586538465 0.33 0.4613333341346154 0.318 0.5013333341346153 0.336 0.544 0.348 0.5653333341346154 0.36 0.5760000000000001
1286 0.19 0.2906666658653846 0.17200000000000001 0.256 0.182 0.23466666586538462 0.178 0.2026666658653846 0.156 0.17333333413461538 0.15 0.128 0.13 0.09333333413461539 0.096 0.08 0.060000000000000005 0.09333333413461539 0.030000000000000002 0.11733333413461539 0.028 0.152 0.028 0.20533333413461538 0.038 0.22933333413461537 0.032 0.27733333413461536 0.046 0.28 0.052000000000000005 0.2933333341346154 0.060000000000000005 0.2986666658653846 0.07 0.312 0.09 0.3146666658653846 0.07 0.33866666586538463 0.056 0.3706666658653846 0.028 0.392 0.004 0.41066666586538464 0.002 0.4906666658653846 0.038 0.5013333341346153 0.052000000000000005 0.5013333341346153 0.026000000000000002 0.6773333341346154 0.262 0.7093333341346154 0.256 0.624 0.254 0.608 0.262 0.5973333341346154 0.264 0.5306666658653846 0.262 0.4666666658653846 0.256 0.3973333341346154 0.252 0.3733333341346154 0.228 0.33333333413461536 0.19 0.2906666658653846
1343 0.522 0.8026666658653846 0.562 0.7946666658653846 0.59 0.7786666658653847 0.596 0.752 0.606 0.7333333341346153 0.592 0.704 0.538 0.696 0.43400000000000005 0.6880000000000001 0.364 0.712 0.318 0.736 0.294 0.744 0.27399999999999997 0.7493333341346153 0.258 0.7653333341346154 0.258 0.784 0.28400000000000003 0.7946666658653846 0.33999999999999997 0.7973333341346154 0.40800000000000003 0.7973333341346154 0.46799999999999997 0.8026666658653846 0.522 0.8026666658653846
1343 0.8360000000000001 0.8 0.8979999999999999 0.7946666658653846 0.9420000000000001 0.7946666658653846 0.948 0.7759999999999999 0.9139999999999999 0.744 0.89 0.728 0.8140000000000001 0.7146666658653846 0.74 0.7013333341346153 0.654 0.7146666658653846 0.62 0.7146666658653846 0.614 0.7253333341346154 0.622 0.7493333341346153 0.64 0.7733333341346154 0.672 0.7893333341346154 0.7260000000000001 0.8 0.7759999999999999 0.8026666658653846 0.8360000000000001 0.8
1343 0.328 0.728 0.294 0.7173333341346153 0.184 0.696 0.132 0.696 0.054 0.7146666658653846 0.004 0.7253333341346154 0.01 0.7573333341346153 0.036000000000000004 0.7573333341346153 0.09 0.7653333341346154 0.156 0.7706666658653846 0.196 0.7653333341346154 0.23399999999999999 0.7573333341346153 0.30799999999999994 0.7333333341346153 0.328 0.728
1027 0.8340000000000001 0.112 0.828 0.09066666586538462 0.822 0.088 0.804 0.09066666586538462 0.7939999999999999 0.10400000000000001 0.788 0.1306666658653846 0.8119999999999999 0.1306666658653846 0.828 0.1306666658653846 0.8340000000000001 0.112
1027 0.306 0.15466666586538463 0.306 0.128 0.292 0.11466666586538461 0.276 0.112 0.262 0.128 0.26 0.1493333341346154 0.28400000000000003 0.15466666586538463 0.306 0.15466666586538463
1562 0.554 0.6346666658653847 0.438 0.6373333341346155 0.438 0.736 0.554 0.728 0.554 0.6346666658653847
1562 0.778 0.6373333341346155 0.658 0.6453333341346154 0.6659999999999999 0.7386666658653845 0.778 0.7386666658653845 0.778 0.6373333341346155