1219 0.515 0.2214532860576923 0.515 0.3667820072115384 0.5775 0.3667820072115384 0.5775 0.2214532860576923 0.515 0.2214532860576923
279 0.385 0.20761245673076922 0.46499999999999997 0.21107266346153847 0.46749999999999997 0.1280276826923077 0.38749999999999996 0.1280276826923077 0.385 0.20761245673076922
279 0.3775 0.20761245673076922 0.38 0.1280276826923077 0.3225 0.1280276826923077 0.3225 0.2006920408653846 0.3775 0.20761245673076922
244 0.2725 0.20415224999999998 0.31 0.2006920408653846 0.3125 0.10726643509615384 0.2725 0.10726643509615384 0.2475 0.10726643509615384 0.245 0.1972318341346154 0.2725 0.20415224999999998
244 0.195 0.1972318341346154 0.2375 0.1972318341346154 0.2375 0.10034602163461538 0.19749999999999998 0.0968858125 0.195 0.1972318341346154
279 0.19 0.1972318341346154 0.1925 0.13840830528846154 0.16999999999999998 0.13494809615384615 0.16999999999999998 0.19377162740384615 0.19 0.1972318341346154
244 0.0725 0.19031141826923076 0.155 0.19377162740384615 0.155 0.08650518990384616 0.0775 0.07958477403846155 0.0725 0.19031141826923076
279 0.042499999999999996 0.19031141826923076 0.06749999999999999 0.19031141826923076 0.06749999999999999 0.12110726682692308 0.042499999999999996 0.12110726682692308 0.042499999999999996 0.19031141826923076
279 0.3925 0.32525951442307693 0.46499999999999997 0.3217993076923077 0.4625 0.2456747403846154 0.4325 0.2456747403846154 0.4275 0.26297577884615386 0.40499999999999997 0.2664359855769231 0.3925 0.32525951442307693
279 0.3175 0.3287197235576923 0.375 0.32525951442307693 0.3775 0.2768166081730769 0.34500000000000003 0.2768166081730769 0.34500000000000003 0.2664359855769231 0.3225 0.2698961947115385 0.3175 0.3287197235576923
279 0.245 0.3287197235576923 0.31 0.3287197235576923 0.3075 0.25259515625 0.2575 0.25259515625 0.2575 0.27335640144230766 0.245 0.2768166081730769 0.245 0.3287197235576923
279 0.165 0.3356401394230769 0.2375 0.3287197235576923 0.2375 0.25605536298076925 0.17250000000000001 0.2595155721153846 0.17250000000000001 0.2768166081730769 0.16249999999999998 0.2768166081730769 0.165 0.3356401394230769
279 0.09 0.3356401394230769 0.1525 0.3356401394230769 0.155 0.2698961947115385 0.11 0.2664359855769231 0.095 0.2664359855769231 0.0875 0.30103806250000004 0.09 0.3356401394230769
279 0.045 0.2802768173076923 0.042499999999999996 0.30103806250000004 0.0325 0.30103806250000004 0.0325 0.3321799302884615 0.09 0.3356401394230769 0.0875 0.30103806250000004 0.0875 0.2698961947115385 0.045 0.2802768173076923
279 0.445 0.4325259519230769 0.46749999999999997 0.42906574278846155 0.46499999999999997 0.37716262980769233 0.44 0.37716262980769233 0.4275 0.37716262980769233 0.42 0.42560553605769236 0.445 0.4325259519230769
279 0.38749999999999996 0.34602076201923077 0.385 0.4394463677884615 0.41750000000000004 0.42906574278846155 0.41750000000000004 0.34948096875 0.38749999999999996 0.34602076201923077
279 0.32 0.44636678125 0.375 0.4394463677884615 0.3725 0.3633218004807693 0.34750000000000003 0.3667820072115384 0.33249999999999996 0.3667820072115384 0.33249999999999996 0.38408304567307694 0.32 0.38408304567307694 0.32 0.44636678125
279 0.245 0.4532871971153846 0.31 0.44636678125 0.3075 0.3910034591346154 0.2475 0.3944636682692308 0.245 0.4532871971153846
279 0.165 0.46020761298076923 0.23500000000000001 0.45674740384615387 0.23249999999999998 0.397923875 0.17750000000000002 0.40138408413461535 0.1675 0.40138408413461535 0.16249999999999998 0.4325259519230769 0.165 0.46020761298076923
279 0.0325 0.4740484423076923 0.1525 0.4636678197115385 0.1525 0.3737024230769231 0.1075 0.3737024230769231 0.1 0.3910034591346154 0.095 0.3806228365384615 0.0475 0.38408304567307694 0.0475 0.4117647067307692 0.0325 0.4325259519230769 0.0325 0.4740484423076923
279 0.0725 0.6055363317307692 0.14 0.5986159158653847 0.13 0.5328719711538462 0.0875 0.5363321802884615 0.075 0.5570934254807692 0.0725 0.6055363317307692
1653 0.0275 0.5363321802884615 0.04 0.5743944639423076 0.030000000000000002 0.5916955024038462 0.0275 0.6124567475961539 0.0525 0.6159169543269231 0.055 0.5813148798076923 0.0575 0.5432525961538461 0.0525 0.5086505192307692 0.0375 0.5121107259615385 0.0275 0.5363321802884615
1653 0.0725 0.6124567475961539 0.075 0.5570934254807692 0.06749999999999999 0.5363321802884615 0.0625 0.5709342572115385 0.060000000000000005 0.6124567475961539 0.0725 0.6124567475961539
279 0.16249999999999998 0.5986159158653847 0.23500000000000001 0.5847750865384616 0.23500000000000001 0.5086505192307692 0.215 0.5051903125 0.1675 0.5294117644230769 0.16249999999999998 0.5986159158653847
244 0.2525 0.5051903125 0.28 0.4982698966346154 0.305 0.47058823557692303 0.255 0.4740484423076923 0.2525 0.5051903125
244 0.3925 0.5501730096153846 0.46499999999999997 0.5363321802884615 0.46749999999999997 0.4532871971153846 0.39499999999999996 0.46020761298076923 0.3925 0.5501730096153846
1885 0.0025 0 0.0025 0.8892733557692308 0.5075000000000001 0.6989619375 0.505 0 0.0025 0
273 0.0225 0.8719723173076923 0.47250000000000003 0.7024221442307692 0.4775 0.08304498317307692 0.025 0.024221454326923075 0.0225 0.8719723173076923
1885 0.5050369447115385 0 0.5125 0.6989619375 0.7100000000000001 0.8027681658653846 0.9974999999999999 0.9065743942307692 0.9974999999999999 0 0.5050369447115385 0
1219 0.515 0.5363321802884615 0.5775 0.5501730096153846 0.58 0.40138408413461535 0.515 0.3944636682692308 0.515 0.5363321802884615
1146 0.46749999999999997 0.7197231826923077 0.4625 0.7335640144230768 0.4775 0.7404844278846153 0.495 0.7335640144230768 0.49 0.723183391826923 0.46749999999999997 0.7197231826923077
1147 0.5025 0.723183391826923 0.4375 0.7266435985576922 0.44999999999999996 0.7508650528846155 0.515 0.7439446370192309 0.5025 0.723183391826923
279 0.505 0.7889273365384616 0.505 0.8062283725961539 0.615 0.8096885817307692 0.6125 0.7750865048076924 0.6125 0.7404844278846153 0.5225000000000001 0.7301038052884615 0.5075000000000001 0.7508650528846155 0.4975 0.7854671274038462 0.505 0.7889273365384616
552 0.33249999999999996 0.7370242211538461 0.35500000000000004 0.7370242211538461 0.35500000000000004 0.6885813149038462 0.33249999999999996 0.6885813149038462 0.33249999999999996 0.7370242211538461
1137 0.3125 0.6470588245192308 0.3275 0.6470588245192308 0.38 0.6159169543269231 0.3175 0.6089965408653846 0.2525 0.6297577860576923 0.305 0.6470588245192308 0.3075 0.6816608990384616 0.2875 0.7370242211538461 0.3125 0.6989619375 0.3125 0.7335640144230768 0.3225 0.7335640144230768 0.3125 0.6470588245192308
992 0.505 0.7093425600961538 0.49 0.6608996538461539 0.4425 0.6608996538461539 0.4625 0.7128027692307692 0.505 0.7093425600961538
1132 0.34249999999999997 0.6020761250000001 0.3825 0.5916955024038462 0.3725 0.46020761298076923 0.3125 0.4671280288461538 0.28500000000000003 0.4982698966346154 0.2425 0.5051903125 0.2575 0.6193771634615385 0.295 0.6124567475961539 0.3025 0.6228373701923077 0.33 0.6332179927884615 0.3575 0.6193771634615385 0.34249999999999997 0.6020761250000001
273 0.9974999999999999 1 0.9974999999999999 0.2456747403846154 0.7775 0.2456747403846154 0.78 0.9065743942307692 0.9750000000000001 1 0.9974999999999999 1
279 0.9974999999999999 0.3564013846153846 0.9974999999999999 0.2802768173076923 0.9774999999999999 0.28373702403846157 0.9774999999999999 0.35986159134615386 0.9974999999999999 0.3564013846153846
279 0.9974999999999999 0.4671280288461538 0.9974999999999999 0.3910034591346154 0.9750000000000001 0.3910034591346154 0.9725 0.4671280288461538 0.9974999999999999 0.4671280288461538
279 0.9974999999999999 0.5778546706730769 0.9974999999999999 0.5121107259615385 0.98 0.5155709350961538 0.9774999999999999 0.5778546706730769 0.9974999999999999 0.5778546706730769
279 0.9974999999999999 0.6989619375 0.9974999999999999 0.6055363317307692 0.9725 0.6055363317307692 0.9725 0.7024221442307692 0.9974999999999999 0.6989619375
244 0.8775000000000001 0.6678200697115385 0.9525 0.6885813149038462 0.9525 0.5709342572115385 0.88 0.5570934254807692 0.8775000000000001 0.6678200697115385
279 0.825 0.6505190312500001 0.8575 0.6608996538461539 0.855 0.6124567475961539 0.8225 0.6124567475961539 0.825 0.6505190312500001
279 0.8875 0.5397923870192307 0.955 0.5501730096153846 0.955 0.47058823557692303 0.8975000000000001 0.46020761298076923 0.8875 0.5397923870192307
279 0.9125000000000001 0.40138408413461535 0.9525 0.40138408413461535 0.9525 0.3217993076923077 0.9149999999999999 0.3217993076923077 0.9125000000000001 0.40138408413461535
279 0.8025 0.3910034591346154 0.8575 0.3910034591346154 0.8524999999999999 0.3356401394230769 0.8 0.3356401394230769 0.8025 0.3910034591346154
279 0.8125 0.5259515576923077 0.8575 0.5328719711538462 0.8575 0.4394463677884615 0.8125 0.4394463677884615 0.8125 0.5259515576923077
569 0.7749999999999999 0.24221453365384615 0.8175 0.23875432451923076 0.8175 0.04498269951923077 0.5975 0.07958477403846155 0.5850000000000001 0.7335640144230768 0.7749999999999999 0.8131487884615385 0.7749999999999999 0.24221453365384615
1942 0.8175 0.23183391105769233 0.8125 0.11072664423076922 0.6125 0.1245674735576923 0.61 0.6574394471153846 0.7725000000000001 0.6955017307692307 0.7725000000000001 0.23875432451923076 0.8175 0.23183391105769233
806 0.825 0.1972318341346154 0.8225 0.23875432451923076 0.8925 0.23183391105769233 0.8925 0.20415224999999998 0.9025 0.16262975721153847 0.8925 0.14186851201923079 0.925 0.07958477403846155 0.91 0.06574394471153847 0.8925 0.05190311538461538 0.865 0.08996539903846154 0.8575 0.07266436057692308 0.845 0.06574394471153847 0.8350000000000001 0.07266436057692308 0.83 0.05882352884615384 0.8125 0.0692041514423077 0.7825 0.10726643509615384 0.8150000000000001 0.1487889278846154 0.8049999999999999 0.18685121153846154 0.8175 0.19031141826923076 0.825 0.1972318341346154
792 0.9675 1 0.7749999999999999 0.9065743942307692 0.7749999999999999 0.8269896201923077 0.7100000000000001 0.8062283725961539 0.7100000000000001 1 0.9675 1
792 0.0025 0.8892733557692308 0.0025 1 0.3575 0.9965397932692308 0.33249999999999996 0.975778545673077 0.3025 0.9930795841346154 0.2575 0.9723183389423077 0.2175 0.9930795841346154 0.21 0.9826989615384616 0.21250000000000002 0.8096885817307692 0.0025 0.8892733557692308
1469 0.007500000000000001 0.9688581322115385 0.005 1 0.1475 0.9930795841346154 0.08499999999999999 0.9411764711538461 0.007500000000000001 0.9688581322115385
605 0.5075000000000001 0.6885813149038462 0.5075000000000001 0.6574394471153846 0.4375 0.6297577860576923 0.2075 0.6885813149038462 0.20249999999999999 0.7058823533653846 0.215 0.7197231826923077 0.21250000000000002 0.9826989615384616 0.22 0.9896193774038462 0.2575 0.9688581322115385 0.3075 0.9930795841346154 0.3275 0.9723183389423077 0.36 0.9930795841346154 0.7100000000000001 0.9965397932692308 0.7124999999999999 0.7993079591346154 0.72 0.79584775 0.72 0.7750865048076924 0.5075000000000001 0.6885813149038462
417 0.6625000000000001 0.7093425600961538 0.6825 0.6193771634615385 0.6825 0.6055363317307692 0.6475000000000001 0.5847750865384616 0.6024999999999999 0.5709342572115385 0.5850000000000001 0.7162629759615384 0.545 0.6989619375 0.545 0.6816608990384616 0.56 0.6712802764423077 0.5475 0.664359860576923 0.515 0.6678200697115385 0.5075000000000001 0.6678200697115385 0.5075000000000001 0.6782006923076923 0.525 0.6816608990384616 0.525 0.6920415216346154 0.6649999999999999 0.7612456754807693 0.6625000000000001 0.7093425600961538