283 0.6366666658653847 0.365 0.565 0.36374999999999996 0.5666666658653846 0.535 0.6283333341346153 0.5399999999999999 0.6366666658653847 0.365
279 0.62 0.415 0.62 0.37124999999999997 0.5633333341346154 0.36875 0.565 0.4125 0.62 0.415
279 0.62 0.46625 0.6166666658653847 0.42125 0.56 0.42 0.565 0.46499999999999997 0.62 0.46625
1814 0.6849999999999999 0.5237499999999999 0.72 0.5237499999999999 0.73 0.4775 0.7016666658653846 0.46749999999999997 0.6683333341346154 0.47250000000000003 0.6849999999999999 0.5237499999999999
1942 0.9783333341346154 0.145 0.6933333341346154 0.15125 0.6849999999999999 0.3675 0.9683333341346153 0.37 0.9783333341346154 0.145
1047 0.5666666658653846 0.15125 0.5933333341346153 0.16624999999999998 0.9983333341346154 0.15375 0.9966666658653847 0.13499999999999998 0.5666666658653846 0.15125
772 0.6766666658653846 0.31625000000000003 0.5850000000000001 0.3075 0.5916666658653846 0.52 0.6683333341346154 0.52 0.6766666658653846 0.31625000000000003
564 0.675 0.315 0.6883333341346154 0.09625 0.5866666658653846 0.09874999999999999 0.5883333341346154 0.30874999999999997 0.675 0.315
402 0.6233333341346154 0.095 0.6933333341346154 0.0925 0.6900000000000001 0.1075 0.9583333341346154 0.10625000000000001 0.9600000000000001 0.02875 0.5883333341346154 0.04125 0.5850000000000001 0.07625 0.6233333341346154 0.095
1254 0.8133333341346154 0.46499999999999997 0.755 0.47250000000000003 0.8016666658653846 0.48874999999999996 0.8366666658653846 0.47875 0.8133333341346154 0.46499999999999997
1132 0.8983333341346154 0.505 0.955 0.49874999999999997 0.9966666658653847 0.49624999999999997 1 0.4375 0.9400000000000001 0.375 0.8283333341346153 0.3825 0.8116666658653846 0.46 0.8983333341346154 0.505
792 0.7933333341346154 0.59875 0.8216666658653846 0.5375 0.8333333341346154 0.52875 0.8033333341346154 0.525 0.7316666658653846 0.5225000000000001 0.6583333341346154 0.52 0.5666666658653846 0.52 0.5833333341346154 0.56375 0.5666666658653846 0.5725 0.5633333341346154 0.60625 0.6466666658653846 0.67375 0.625 0.7162499999999999 0.8233333341346154 0.7325 0.8183333341346154 0.6925 0.7916666658653846 0.68875 0.765 0.6024999999999999 0.7933333341346154 0.59875
655 0.47833333413461543 0.14625000000000002 0.485 0.7124999999999999 0.8233333341346154 0.73125 0.8500000000000001 0.13499999999999998 0.47833333413461543 0.14625000000000002
279 0.365 0.05375 0.5133333341346155 0.11 0.5516666658653846 0.11 0.55 0.045 0.365 0.05375
279 0.41666666586538464 0.09 0.40499999999999997 0.10375 0.3266666658653846 0.07875 0.2583333341346154 0.0825 0.2716666658653846 0.12000000000000001 0.49666666586538466 0.11249999999999999 0.41666666586538464 0.09
1520 0.49 0.11249999999999999 0.5066666658653847 0.11249999999999999 0.3633333341346154 0.055 0.2916666658653846 0.04 0.22166666586538464 0.04625 0.39499999999999996 0.0975 0.41000000000000003 0.0875 0.49 0.11249999999999999
1047 1 0.00125 0.22666666586538461 0.00125 0.27833333413461536 0.03125 0.3616666658653846 0.05 1 0.0275 1 0.00125
1520 0.1333333341346154 0.10250000000000001 0.145 0.11624999999999999 0.28500000000000003 0.095 0.006666665865384615 0.01375 0.006666665865384615 0.08875000000000001 0.021666665865384613 0.0775 0.1333333341346154 0.10250000000000001
417 0.9983333341346154 0.6275000000000001 0.9400000000000001 0.6125 0.9316666658653846 0.5549999999999999 0.91 0.52875 0.8466666658653845 0.5225000000000001 0.8033333341346154 0.54375 0.7766666658653846 0.63 0.7766666658653846 0.6475000000000001 0.8683333341346154 0.6825 0.8616666658653845 0.765 0.83 0.74 0.8283333341346153 0.75375 0.8433333341346153 0.7725000000000001 0.74 0.7749999999999999 0.7283333341346154 0.79625 0.75 0.8062499999999999 0.7583333341346153 0.795 0.8433333341346153 0.7975 0.8083333341346154 0.8425 0.8133333341346154 0.8575 0.8433333341346153 0.8575 0.8883333341346155 0.80125 0.9766666658653846 0.8325 0.9933333341346154 0.8475 0.9983333341346154 0.8212499999999999 0.925 0.7925 0.9633333341346154 0.785 0.98 0.79125 0.99 0.7749999999999999 0.9750000000000001 0.7625 0.8883333341346155 0.77125 0.9016666658653846 0.68375 0.9983333341346154 0.67 0.9983333341346154 0.6275000000000001
417 0.3983333341346154 0.91625 0.4233333341346154 0.92 0.42500000000000004 0.985 0.2716666658653846 0.9750000000000001 0.2566666658653846 0.9974999999999999 0.485 0.99875 0.5733333341346154 0.9750000000000001 0.5716666658653846 0.99875 0.6016666658653846 0.99625 0.6166666658653847 0.9762500000000001 0.5933333341346153 0.9462499999999999 0.4566666658653846 0.98 0.4566666658653846 0.92375 0.5016666658653846 0.92375 0.5216666658653846 0.9037499999999999 0.6133333341346154 0.88 0.5983333341346154 0.8 0.5983333341346154 0.7775 0.6499999999999999 0.6725 0.56 0.60625 0.4833333341346154 0.6875 0.5016666658653846 0.735 0.5399999999999999 0.76375 0.525 0.77 0.49666666586538466 0.76 0.33333333413461536 0.77 0.3216666658653846 0.77 0.295 0.795 0.295 0.84375 0.33 0.895 0.3983333341346154 0.91625
417 0.375 0.7 0.37166666586538466 0.76 0.4 0.76375 0.39 0.70375 0.4366666658653846 0.70625 0.4866666658653846 0.72375 0.47833333413461543 0.6799999999999999 0.53 0.6224999999999999 0.5233333341346154 0.59625 0.5233333341346154 0.5725 0.5316666658653847 0.54375 0.5333333341346154 0.5075000000000001 0.5083333341346153 0.5087499999999999 0.47166666586538464 0.5537500000000001 0.4516666658653846 0.5850000000000001 0.455 0.6312500000000001 0.38 0.6224999999999999 0.28 0.6849999999999999 0.31 0.6849999999999999 0.375 0.7
1885 0.23 0.245 0.22166666586538464 0.3375 0.295 0.33999999999999997 0.3066666658653846 0.36250000000000004 0.23666666586538462 0.39125 0.23833333413461538 0.435 0.305 0.43875000000000003 0.3166666658653846 0.51 0.39333333413461535 0.5175 0.4 0.54875 0.46166666586538463 0.55125 0.4566666658653846 0.1325 0.2066666658653846 0.14250000000000002 0.22833333413461537 0.21875 0.305 0.23125 0.23 0.245
1520 0.006666665865384615 0.18125000000000002 0.06666666586538461 0.17625 0.06833333413461538 0.16 0.0033333341346153847 0.1525 0.006666665865384615 0.18125000000000002
1520 0.13833333413461538 0.255 0.2516666658653846 0.23875 0.29 0.22874999999999998 0.23500000000000001 0.22 0.0033333341346153847 0.2075 0.006666665865384615 0.2275 0.1316666658653846 0.23500000000000001 0.13833333413461538 0.255
1239 0 0.2875 0.0016666658653846154 0.35500000000000004 0.09666666586538461 0.35125 0.065 0.22125 0 0.22003125 0 0.2875
792 0.24000000000000002 0.7212500000000001 0.006666665865384615 0.85875 0.0016666658653846154 0.99875 0.9983333341346154 1 0.9983333341346154 0.7775 0.24000000000000002 0.7212500000000001
1520 0.0033333341346153847 0.39 0.005 0.4225 0.2716666658653846 0.3725 0.3 0.36250000000000004 0.19 0.3525 0.0033333341346153847 0.39
268 0.0033333341346153847 0.37374999999999997 0.0016666658653846154 0.41000000000000003 0.06666666586538461 0.3975 0.0033333341346153847 0.37374999999999997
279 0.295 0.3575 0.2916666658653846 0.34375 0.22 0.33875 0.15166666586538463 0.34875 0.11333333413461538 0.3725 0.21 0.3775 0.295 0.3575
1146 0.125 0.6587500000000001 0.11833333413461539 0.675 0.17333333413461538 0.67625 0.19 0.66625 0.165 0.6537499999999999 0.125 0.6587500000000001
1147 0.075 0.66875 0.095 0.6787500000000001 0.19666666586538462 0.6849999999999999 0.25 0.65625 0.1283333341346154 0.6425 0.075 0.66875
992 0.0016666658653846154 0.6637500000000001 0.0016666658653846154 0.7737499999999999 0.08499999999999999 0.77 0.09333333413461539 0.6799999999999999 0.07 0.6675 0.0016666658653846154 0.6637500000000001
1396 0.03333333413461538 0.6537499999999999 0.14166666586538462 0.60625 0.11333333413461538 0.60375 0.10666666586538462 0.55875 0.028333334134615383 0.54375 0.0016666658653846154 0.55125 0.0016666658653846154 0.6587500000000001 0.03333333413461538 0.6537499999999999
1378 0.10833333413461539 0.58125 0.14166666586538462 0.575 0.1 0.55875 0.08499999999999999 0.5712499999999999 0.10833333413461539 0.58125
506 0.32 0.5875 0.2983333341346154 0.43875000000000003 0.1283333341346154 0.4325 0.08333333413461538 0.44375 0.09833333413461538 0.59625 0.2716666658653846 0.61375 0.32 0.5875
1491 0.33 0.59125 0.40166666586538463 0.5475 0.3833333341346154 0.51625 0.3066666658653846 0.5087499999999999 0.33 0.59125
1520 0.008333334134615384 0.5225000000000001 0.07333333413461539 0.5 0.061666665865384614 0.48124999999999996 0.005 0.50375 0.008333334134615384 0.5225000000000001
268 0.005 0.47625 0.0033333341346153847 0.50375 0.053333334134615384 0.48124999999999996 0.005 0.47625