1219 0.9987745096153847 0.09803921634615385 0.9987745096153847 0.0016339879807692307 0.9007352932692307 0.0016339879807692307 0.8927696081730769 0.09558823557692307 0.9987745096153847 0.09803921634615385
314 0.8253676466346154 0.4460784302884615 0.7977941177884615 0.4297385625 0.7536764711538461 0.4362745096153846 0.7493872548076923 0.5016339879807693 0.7757352932692307 0.5204248365384616 0.8198529423076923 0.5204248365384616 0.8253676466346154 0.4460784302884615
291 0.7604166658653846 0.3807189543269231 0.759803920673077 0.3635620913461538 0.7487745096153847 0.3619281057692308 0.7463235288461539 0.38153594711538463 0.7395833341346154 0.3995098028846154 0.73835784375 0.48039215625000004 0.7457107836538461 0.4820261442307692 0.7555147067307693 0.4338235288461538 0.7665441177884615 0.4297385625 0.7677696081730769 0.40032679807692306 0.7604166658653846 0.3807189543269231
1254 0.6875 0.41911764663461537 0.6078431370192308 0.43790849759615386 0.6017156850961538 0.4485294110576923 0.6458333341346154 0.4926470576923077 0.7359068629807692 0.486111110576923 0.73039215625 0.46732026201923077 0.6875 0.41911764663461537
1254 0.44669117548076925 0.484477125 0.46936274519230764 0.4885620913461538 0.4675245096153846 0.5016339879807693 0.5294117644230769 0.486111110576923 0.5943627451923077 0.4885620913461538 0.5637254903846154 0.44281045673076924 0.48345588221153846 0.45098039182692307 0.48039215625000004 0.45915032692307695 0.43259803846153844 0.4575163389423077 0.43566176442307697 0.46732026201923077 0.44791666586538464 0.47222222115384616 0.44669117548076925 0.484477125
1768 0.48345588221153846 0.5367647067307693 0.45159313701923076 0.540849673076923 0.45833333413461536 0.5816993461538462 0.48958333413461536 0.5816993461538462 0.48345588221153846 0.5367647067307693
1768 0.42034313701923076 0.5792483653846154 0.45343137259615385 0.5588235288461538 0.44791666586538464 0.5204248365384616 0.41666666586538464 0.5433006538461538 0.4105392163461538 0.5751633990384616 0.42034313701923076 0.5792483653846154
1245 0.4264705889423077 0.42565359375 0.41666666586538464 0.4297385625 0.4087009807692308 0.388888889423077 0.27267156971153844 0.37663398798076925 0.26654411778846154 0.4289215697115385 0.23345588221153848 0.45261437980769226 0.2328431370192308 0.46160130769230767 0.2549019615384615 0.47957516346153845 0.22671568509615386 0.4885620913461538 0.22365196153846154 0.5081699350961538 0.2536764711538461 0.513888889423077 0.22855392067307692 0.5351307187500001 0.22855392067307692 0.5457516346153846 0.2524509807692308 0.5604575168269231 0.2487745096153846 0.5776143798076923 0.3848039206730769 0.5898692812499999 0.45833333413461536 0.5334967331730769 0.45833333413461536 0.513888889423077 0.46875 0.4885620913461538 0.4264705889423077 0.46078431490384614 0.41973039182692307 0.46813725480769236 0.41789215625000004 0.4501633990384616 0.4264705889423077 0.42565359375
815 0.2316176466346154 0.45098039182692307 0.24080882451923077 0.44035947596153846 0.2169117644230769 0.4444444447115385 0.20955882451923077 0.5220588245192308 0.2175245096153846 0.5220588245192308 0.22181372596153848 0.484477125 0.24632352884615386 0.46977124278846155 0.2316176466346154 0.45098039182692307
1027 0.7414215697115385 0.3161764711538462 0.7763480384615384 0.3137254903846154 0.7837009807692308 0.16421568509615386 0.7359068629807692 0.16013071875 0.6985294110576923 0.16176470673076923 0.6948529423076923 0.30065359375 0.7205882355769231 0.3137254903846154 0.7346813725961538 0.3161764711538462 0.728553920673077 0.4362745096153846 0.7107843149038462 0.4338235288461538 0.7267156850961538 0.45915032692307695 0.7359068629807692 0.45506536057692304 0.7359068629807692 0.4395424831730769 0.7414215697115385 0.3161764711538462
754 0.5943627451923077 0.3031045745192308 0.5894607836538461 0.24591503365384615 0.5667892163461539 0.2124183004807692 0.5367647067307693 0.19771241826923078 0.5055147067307693 0.20343137259615382 0.47487745192307695 0.2442810456730769 0.5049019615384616 0.2900326802884615 0.5018382355769231 0.3619281057692308 0.51960784375 0.3725490192307692 0.51960784375 0.4395424831730769 0.5337009807692308 0.44035947596153846 0.5386029423076922 0.40849673317307694 0.5355392163461539 0.3725490192307692 0.5416666658653846 0.37009803846153844 0.5784313725961538 0.34967320192307694 0.5943627451923077 0.3031045745192308
417 0.4074754903846154 0.24183006490384618 0.3523284302884615 0.24836601201923078 0.3394607836538462 0.2728758173076923 0.3314950985576923 0.36437908413461534 0.32781862740384615 0.4248366009615384 0.41666666586538464 0.43790849759615386 0.42156862740384615 0.46486928125 0.5018382355769231 0.4460784302884615 0.5067401971153846 0.28839869230769233 0.4785539206730769 0.24836601201923078 0.4074754903846154 0.24183006490384618
1885 0.9136029423076923 0.9428104567307692 0.9626225480769232 0.9975490192307692 0.9993872548076923 0.9975490192307692 0.9993872548076923 0.0016339879807692307 0.5704656850961538 0.0016339879807692307 0.5735294110576923 0.45098039182692307 0.599877451923077 0.4501633990384616 0.6096813725961538 0.4354575168269231 0.6875 0.41094771153846155 0.7077205889423077 0.4338235288461538 0.7236519615384616 0.4289215697115385 0.7328431370192308 0.31781045673076924 0.6917892163461539 0.2982026153846154 0.6997549014423078 0.15931372596153848 0.7475490192307692 0.15522875721153848 0.7867647067307693 0.1674836610576923 0.7763480384615384 0.30718954326923076 0.7444852932692307 0.31535947596153846 0.7457107836538461 0.35784313701923076 0.7634803918269231 0.359477125 0.7745098028846154 0.4297385625 0.7984068629807692 0.4272875817307692 0.8327205889423077 0.4460784302884615 0.8278186274038462 0.4975490192307692 0.9105392163461539 0.5482026153846153 0.884803920673077 0.7017973846153847 0.91789215625 0.6781045745192308 0.9227941177884615 0.69934640625 0.8988970576923077 0.7818627451923077 0.9136029423076923 0.9428104567307692
417 0.5275735288461538 0.8774509807692308 0.5177696081730769 0.8995098028846154 0.5447303918269231 0.9460784302884615 0.5404411754807692 0.9975490192307692 0.8455882355769231 0.9967320264423076 0.8504901971153846 0.9338235288461539 0.8774509807692308 0.875 0.8897058822115385 0.9967320264423076 0.9148284302884615 0.9950980384615384 0.8976715697115385 0.7834967331730769 0.9234068629807692 0.6977124182692307 0.9148284302884615 0.6748366009615385 0.8933823533653846 0.6928104567307692 0.8817401971153846 0.7246732019230768 0.8609068629807692 0.740196079326923 0.7898284302884615 0.7508169927884616 0.7567401971153846 0.7524509807692308 0.7236519615384616 0.7818627451923077 0.7028186274038462 0.7818627451923077 0.5735294110576923 0.8415032668269231 0.5275735288461538 0.8774509807692308
1885 0.001838235576923077 0.0032679735576923077 0.0006127451923076924 0.9991830072115384 0.03982843028846154 0.9991830072115384 0.08946078365384615 0.5955882355769231 0.020833334134615387 0.0016339879807692307 0.001838235576923077 0.0032679735576923077
1514 0.1887254903846154 0.5629084975961539 0.1703431370192308 0.044117646634615384 0.09987745192307693 0.04166666586538462 0.049632353365384616 0.04166666586538462 0.07843137259615385 0.5735294110576923 0.13051470673076923 0.5988562091346153 0.13480392067307692 0.6495098028846154 0.10232843028846153 0.6568627451923077 0.10845588221153846 0.6952614375 0.18259803846153846 0.6830065360576923 0.17953431490384614 0.64460784375 0.14583333413461538 0.6429738557692308 0.14031862740384615 0.5955882355769231 0.1887254903846154 0.5629084975961539
605 0.9087009807692308 0.5482026153846153 0.7346813725961538 0.4232026153846154 0.20955882451923077 0.49346405288461537 0.24571078365384616 0.9967320264423076 0.2598039206730769 0.9967320264423076 0.2555147067307692 0.8390522884615385 0.7463235288461539 0.7524509807692308 0.8174019615384616 0.7418300649038462 0.8756127451923077 0.728758170673077 0.9087009807692308 0.5482026153846153
792 0.24142156971153844 0.9950980384615384 0.2169117644230769 0.6127450985576923 0.09558823557692307 0.6258169927884616 0.050857843750000006 0.9967320264423076 0.5367647067307693 0.9975490192307692 0.54289215625 0.9468954254807692 0.51960784375 0.8978758173076924 0.5226715697115385 0.884803920673077 0.6017156850961538 0.82434640625 0.6096813725961538 0.8047385625 0.6415441177884615 0.8071895432692308 0.7175245096153847 0.777777778846154 0.71875 0.7589869278846154 0.26164215625 0.8447712427884616 0.26286764663461537 0.9967320264423076 0.24142156971153844 0.9950980384615384
1942 0.09375 0.5857843149038462 0.5183823533653846 0.5187908485576923 0.5404411754807692 0.0016339879807692307 0.03982843028846154 0.0008169927884615384 0.09375 0.5857843149038462