283 0.37166666586538466 0.5399999999999999 0.4333333341346154 0.535 0.435 0.36374999999999996 0.3633333341346154 0.365 0.37166666586538466 0.5399999999999999
279 0.435 0.4125 0.4366666658653846 0.36875 0.38 0.37124999999999997 0.38 0.415 0.435 0.4125
279 0.435 0.46499999999999997 0.44 0.42 0.3833333341346154 0.42125 0.38 0.46625 0.435 0.46499999999999997
1814 0.3316666658653846 0.47250000000000003 0.2983333341346154 0.46749999999999997 0.26999999999999996 0.4775 0.28 0.5237499999999999 0.315 0.5237499999999999 0.3316666658653846 0.47250000000000003
1942 0.031666665865384615 0.37 0.315 0.3675 0.3066666658653846 0.15125 0.021666665865384613 0.145 0.031666665865384615 0.37
1047 0.0033333341346153847 0.13499999999999998 0.0016666658653846154 0.15375 0.40666666586538464 0.16624999999999998 0.4333333341346154 0.15125 0.0033333341346153847 0.13499999999999998
772 0.3316666658653846 0.52 0.4083333341346154 0.52 0.415 0.3075 0.32333333413461535 0.31625000000000003 0.3316666658653846 0.52
564 0.4116666658653846 0.30874999999999997 0.41333333413461537 0.09874999999999999 0.3116666658653846 0.09625 0.32499999999999996 0.315 0.4116666658653846 0.30874999999999997
402 0.415 0.07625 0.4116666658653846 0.04125 0.04 0.02875 0.04166666586538462 0.10625000000000001 0.31 0.1075 0.3066666658653846 0.0925 0.3766666658653846 0.095 0.415 0.07625
1254 0.1633333341346154 0.47875 0.19833333413461537 0.48874999999999996 0.245 0.47250000000000003 0.18666666586538463 0.46499999999999997 0.1633333341346154 0.47875
1132 0.18833333413461537 0.46 0.1716666658653846 0.3825 0.060000000000000005 0.375 0 0.4375 0.0033333341346153847 0.49624999999999997 0.045 0.49874999999999997 0.10166666586538461 0.505 0.18833333413461537 0.46
792 0.23500000000000001 0.6024999999999999 0.20833333413461538 0.68875 0.18166666586538463 0.6925 0.17666666586538463 0.7325 0.375 0.7162499999999999 0.35333333413461543 0.67375 0.4366666658653846 0.60625 0.4333333341346154 0.5725 0.41666666586538464 0.56375 0.4333333341346154 0.52 0.3416666658653846 0.52 0.26833333413461535 0.5225000000000001 0.19666666586538462 0.525 0.16666666586538462 0.52875 0.17833333413461538 0.5375 0.2066666658653846 0.59875 0.23500000000000001 0.6024999999999999
655 0.15 0.13499999999999998 0.17666666586538463 0.73125 0.515 0.7124999999999999 0.5216666658653846 0.14625000000000002 0.15 0.13499999999999998
279 0.44999999999999996 0.045 0.44833333413461535 0.11 0.4866666658653846 0.11 0.635 0.05375 0.44999999999999996 0.045
279 0.5033333341346153 0.11249999999999999 0.7283333341346154 0.12000000000000001 0.7416666658653847 0.0825 0.6733333341346154 0.07875 0.595 0.10375 0.5833333341346154 0.09 0.5033333341346153 0.11249999999999999
1520 0.59 0.0875 0.605 0.0975 0.7783333341346155 0.04625 0.7083333341346154 0.04 0.6366666658653847 0.055 0.4933333341346154 0.11249999999999999 0.51 0.11249999999999999 0.59 0.0875
1047 0 0.0275 0.6383333341346155 0.05 0.7216666658653845 0.03125 0.7733333341346154 0.00125 0 0.00125 0 0.0275
1520 0.9783333341346154 0.0775 0.9933333341346154 0.08875000000000001 0.9933333341346154 0.01375 0.715 0.095 0.855 0.11624999999999999 0.8666666658653847 0.10250000000000001 0.9783333341346154 0.0775
417 0.0016666658653846154 0.67 0.09833333413461538 0.68375 0.11166666586538462 0.77125 0.025 0.7625 0.01 0.7749999999999999 0.02 0.79125 0.03666666586538461 0.785 0.075 0.7925 0.0016666658653846154 0.8212499999999999 0.006666665865384615 0.8475 0.023333334134615382 0.8325 0.11166666586538462 0.80125 0.1566666658653846 0.8575 0.18666666586538463 0.8575 0.1916666658653846 0.8425 0.1566666658653846 0.7975 0.2416666658653846 0.795 0.25 0.8062499999999999 0.2716666658653846 0.79625 0.26 0.7749999999999999 0.1566666658653846 0.7725000000000001 0.1716666658653846 0.75375 0.16999999999999998 0.74 0.13833333413461538 0.765 0.1316666658653846 0.6825 0.22333333413461537 0.6475000000000001 0.22333333413461537 0.63 0.19666666586538462 0.54375 0.1533333341346154 0.5225000000000001 0.09 0.52875 0.06833333413461538 0.5549999999999999 0.060000000000000005 0.6125 0.0016666658653846154 0.6275000000000001 0.0016666658653846154 0.67
417 0.67 0.895 0.705 0.84375 0.705 0.795 0.6783333341346154 0.77 0.6666666658653846 0.77 0.5033333341346153 0.76 0.475 0.77 0.46 0.76375 0.4983333341346154 0.735 0.5166666658653847 0.6875 0.44 0.60625 0.35 0.6725 0.40166666586538463 0.7775 0.40166666586538463 0.8 0.3866666658653846 0.88 0.47833333413461543 0.9037499999999999 0.4983333341346154 0.92375 0.5433333341346154 0.92375 0.5433333341346154 0.98 0.40666666586538464 0.9462499999999999 0.3833333341346154 0.9762500000000001 0.3983333341346154 0.99625 0.4283333341346154 0.99875 0.42666666586538465 0.9750000000000001 0.515 0.99875 0.7433333341346154 0.9974999999999999 0.7283333341346154 0.9750000000000001 0.575 0.985 0.5766666658653846 0.92 0.6016666658653846 0.91625 0.67 0.895
417 0.6900000000000001 0.6849999999999999 0.72 0.6849999999999999 0.62 0.6224999999999999 0.545 0.6312500000000001 0.5483333341346154 0.5850000000000001 0.5283333341346154 0.5537500000000001 0.4916666658653846 0.5087499999999999 0.4666666658653846 0.5075000000000001 0.46833333413461536 0.54375 0.4766666658653846 0.5725 0.4766666658653846 0.59625 0.47000000000000003 0.6224999999999999 0.5216666658653846 0.6799999999999999 0.5133333341346155 0.72375 0.5633333341346154 0.70625 0.61 0.70375 0.6 0.76375 0.6283333341346153 0.76 0.625 0.7 0.6900000000000001 0.6849999999999999
1885 0.6950000000000001 0.23125 0.7716666658653846 0.21875 0.7933333341346154 0.14250000000000002 0.5433333341346154 0.1325 0.5383333341346154 0.55125 0.6 0.54875 0.6066666658653846 0.5175 0.6833333341346154 0.51 0.6950000000000001 0.43875000000000003 0.7616666658653847 0.435 0.7633333341346155 0.39125 0.6933333341346154 0.36250000000000004 0.705 0.33999999999999997 0.7783333341346155 0.3375 0.77 0.245 0.6950000000000001 0.23125
1520 0.9966666658653847 0.1525 0.9316666658653846 0.16 0.9333333341346154 0.17625 0.9933333341346154 0.18125000000000002 0.9966666658653847 0.1525
1520 0.8683333341346154 0.23500000000000001 0.9933333341346154 0.2275 0.9966666658653847 0.2075 0.765 0.22 0.7100000000000001 0.22874999999999998 0.7483333341346154 0.23875 0.8616666658653845 0.255 0.8683333341346154 0.23500000000000001
1239 1 0.22003125 0.9349999999999999 0.22125 0.9033333341346155 0.35125 0.9983333341346154 0.35500000000000004 1 0.2875 1 0.22003125
792 0.0016666658653846154 0.7775 0.0016666658653846154 1 0.9983333341346154 0.99875 0.9933333341346154 0.85875 0.76 0.7212500000000001 0.0016666658653846154 0.7775
1520 0.8099999999999999 0.3525 0.7 0.36250000000000004 0.7283333341346154 0.3725 0.995 0.4225 0.9966666658653847 0.39 0.8099999999999999 0.3525
268 0.9333333341346154 0.3975 0.9983333341346154 0.41000000000000003 0.9966666658653847 0.37374999999999997 0.9333333341346154 0.3975
279 0.7899999999999999 0.3775 0.8866666658653847 0.3725 0.8483333341346154 0.34875 0.78 0.33875 0.7083333341346154 0.34375 0.705 0.3575 0.7899999999999999 0.3775
1146 0.8350000000000001 0.6537499999999999 0.8099999999999999 0.66625 0.8266666658653846 0.67625 0.8816666658653846 0.675 0.875 0.6587500000000001 0.8350000000000001 0.6537499999999999
1147 0.8716666658653847 0.6425 0.75 0.65625 0.8033333341346154 0.6849999999999999 0.905 0.6787500000000001 0.925 0.66875 0.8716666658653847 0.6425
992 0.9299999999999999 0.6675 0.9066666658653847 0.6799999999999999 0.9149999999999999 0.77 0.9983333341346154 0.7737499999999999 0.9983333341346154 0.6637500000000001 0.9299999999999999 0.6675
1396 0.9983333341346154 0.6587500000000001 0.9983333341346154 0.55125 0.9716666658653845 0.54375 0.8933333341346154 0.55875 0.8866666658653847 0.60375 0.8583333341346153 0.60625 0.9666666658653846 0.6537499999999999 0.9983333341346154 0.6587500000000001
1378 0.9149999999999999 0.5712499999999999 0.8999999999999999 0.55875 0.8583333341346153 0.575 0.8916666658653847 0.58125 0.9149999999999999 0.5712499999999999
506 0.7283333341346154 0.61375 0.9016666658653846 0.59625 0.9166666658653846 0.44375 0.8716666658653847 0.4325 0.7016666658653846 0.43875000000000003 0.6799999999999999 0.5875 0.7283333341346154 0.61375
1491 0.6933333341346154 0.5087499999999999 0.6166666658653847 0.51625 0.5983333341346154 0.5475 0.67 0.59125 0.6933333341346154 0.5087499999999999
1520 0.995 0.50375 0.9383333341346154 0.48124999999999996 0.9266666658653846 0.5 0.9916666658653847 0.5225000000000001 0.995 0.50375
268 0.9466666658653846 0.48124999999999996 0.9966666658653847 0.50375 0.995 0.47625 0.9466666658653846 0.48124999999999996