1885 0.0025 0 0.0025 0.038596490384615385 0.445 0.05263157932692308 0.445 0 0.0025 0
1885 0.4475 0 0.445 0.05263157932692308 0.62 0.05263157932692308 0.6224999999999999 0.5017543870192308 0.6375 0.5052631586538461 0.635 0.4666666658653846 0.6425 0.4666666658653846 0.64 0.27368421153846156 0.6575 0.2701754375 0.6575 0 0.4475 0
1885 0.6575 0 0.6575 0.2701754375 0.6849999999999999 0.2666666658653846 0.6875 0.17543859615384616 0.78 0.1684210528846154 0.7875000000000001 0.2035087716346154 0.7875000000000001 0.17894736778846154 0.7975 0.1543859639423077 0.8175 0.17543859615384616 0.8374999999999999 0.14736842067307693 0.84 0.15789473798076925 0.8275 0.20701754326923077 0.825 0.2701754375 0.925 0.27368421153846156 0.9275 0.2456140360576923 0.9974999999999999 0.2456140360576923 0.9974999999999999 0 0.6575 0
792 0.9974999999999999 1 0.9974999999999999 0.7508771923076923 0.7975 0.7017543870192308 0.8025 0.8210526322115383 0.7875000000000001 0.8315789471153846 0.7875000000000001 0.8561403509615384 0.755 0.8596491225961539 0.7424999999999999 0.8807017548076923 0.7250000000000001 0.8807017548076923 0.715 0.8596491225961539 0.6575 0.8561403509615384 0.62 0.8456140360576924 0.62 0.8315789471153846 0.605 0.8245614038461538 0.6024999999999999 0.6491228076923077 0.59 0.6596491225961538 0.5875 0.7789473677884615 0.4375 0.7333333341346153 0.43 0.6947368413461539 0.34249999999999997 0.7263157884615384 0.35 0.8947368413461538 0.2475 0.9543859639423077 0.09 0.8982456129807692 0.09 0.6491228076923077 0.0025 0.6807017548076922 0.0025 1 0.9974999999999999 1
605 0.2475 0.9508771923076923 0.34750000000000003 0.8877192980769231 0.34500000000000003 0.5719298245192308 0.5 0.5298245625 0.6075 0.5578947379807693 0.6075 0.8245614038461538 0.6224999999999999 0.8280701754807692 0.6224999999999999 0.8456140360576924 0.7100000000000001 0.852631579326923 0.7225 0.8736842115384615 0.74 0.8736842115384615 0.7525000000000001 0.8561403509615384 0.7725000000000001 0.852631579326923 0.785 0.8280701754807692 0.8025 0.8175438605769231 0.7975 0.5543859639423077 0.8075 0.5438596490384615 0.8075 0.5298245625 0.59 0.4982456129807692 0.6075 0.49473684134615387 0.605 0.4771929831730769 0.4475 0.4561403509615385 0.075 0.5438596490384615 0.0775 0.56491228125 0.09 0.56491228125 0.0925 0.8947368413461538 0.2475 0.9508771923076923
992 0.6224999999999999 0.5403508774038461 0.72 0.5578947379807693 0.74 0.5368421057692307 0.6425 0.5157894735576923 0.6224999999999999 0.5403508774038461
1132 0.66 0.4456140360576923 0.66 0.4771929831730769 0.735 0.48421052644230766 0.77 0.43508771874999996 0.7825 0.3859649134615385 0.7525000000000001 0.3192982451923077 0.66 0.31228070192307694 0.6425 0.4385964903846154 0.66 0.4456140360576923
1027 0.23249999999999998 0.3157894735576923 0.375 0.2912280697115385 0.3675 0.31228070192307694 0.4125 0.3087719302884615 0.3975 0.27368421153846156 0.24000000000000002 0.29824561298076924 0.2275 0.31228070192307694 0.175 0.5508771923076923 0.2375 0.5578947379807693 0.2375 0.5298245625 0.1875 0.5368421057692307 0.23249999999999998 0.3157894735576923
1275 0.215 0.5017543870192308 0.24000000000000002 0.4982456129807692 0.245 0.45263157932692305 0.2225 0.4491228076923077 0.20249999999999999 0.4666666658653846 0.215 0.5017543870192308
771 0.33999999999999997 0.49473684134615387 0.40499999999999997 0.4982456129807692 0.4525 0.4877192980769231 0.40249999999999997 0.45263157932692305 0.33 0.4666666658653846 0.33999999999999997 0.49473684134615387
417 0.4525 0.8245614038461538 0.48750000000000004 0.8210526322115383 0.495 0.8315789471153846 0.5125 0.8245614038461538 0.515 0.8035087716346154 0.4425 0.8105263149038462 0.4425 0.6912280697115385 0.5175 0.6491228076923077 0.51 0.6421052620192308 0.5075000000000001 0.6 0.5175 0.5684210528846154 0.535 0.49473684134615387 0.53 0.4736842115384615 0.49 0.4771929831730769 0.445 0.4982456129807692 0.4475 0.5754385961538462 0.3575 0.5684210528846154 0.375 0.6245614038461539 0.34750000000000003 0.6350877187499999 0.34500000000000003 0.6421052620192308 0.39499999999999996 0.6666666658653846 0.415 0.6631578942307693 0.4275 0.6842105264423076 0.43 0.8070175432692307 0.41750000000000004 0.7894736850961538 0.41000000000000003 0.7964912283653847 0.40249999999999997 0.8105263149038462 0.34750000000000003 0.8140350865384616 0.3525 0.8456140360576924 0.3575 0.8421052620192307 0.3575 0.8280701754807692 0.41750000000000004 0.8315789471153846 0.3925 0.8701754374999999 0.40750000000000003 0.8912280697115385 0.41750000000000004 0.8842105264423077 0.415 0.8596491225961539 0.435 0.8385964903846154 0.445 0.8385964903846154 0.49 0.852631579326923 0.48750000000000004 0.8666666658653847 0.5075000000000001 0.8771929831730769 0.51 0.8421052620192307 0.4525 0.8245614038461538
314 0.6174999999999999 0.6210526322115384 0.6174999999999999 0.6631578942307693 0.67 0.677192983173077 0.6725 0.6245614038461539 0.6174999999999999 0.6210526322115384
314 0.72 0.6035087716346154 0.6775 0.6 0.6799999999999999 0.6385964903846154 0.7175 0.6456140360576923 0.72 0.6035087716346154
314 0.6775 0.6807017548076922 0.72 0.6877192980769231 0.7225 0.6456140360576923 0.675 0.6385964903846154 0.6775 0.6807017548076922
1254 0.9299999999999999 0.2912280697115385 0.9974999999999999 0.29473684134615385 0.9974999999999999 0.25263157932692304 0.9275 0.24912280769230769 0.9299999999999999 0.2912280697115385
314 0.7225 0.27719298317307695 0.7250000000000001 0.17192982451923078 0.6875 0.17192982451923078 0.6875 0.27719298317307695 0.7225 0.27719298317307695
314 0.7225 0.27368421153846156 0.7725000000000001 0.27368421153846156 0.7775 0.1684210528846154 0.7250000000000001 0.17192982451923078 0.7225 0.27368421153846156
806 0.8175 0.1684210528846154 0.7975 0.1543859639423077 0.7825 0.18596491346153846 0.7775 0.20701754326923077 0.7775 0.2807017548076923 0.8225 0.2807017548076923 0.8225 0.21052631490384616 0.84 0.1543859639423077 0.8325 0.14736842067307693 0.8175 0.1684210528846154
279 0.53 0.08771929807692308 0.53 0.10175438701923077 0.5075000000000001 0.10175438701923077 0.505 0.1508771923076923 0.5875 0.1508771923076923 0.5875 0.09473684134615384 0.565 0.09824561298076924 0.565 0.08771929807692308 0.53 0.08771929807692308
279 0.5875 0.2 0.5399999999999999 0.19649122836538463 0.5375 0.18596491346153846 0.505 0.18596491346153846 0.505 0.24210526201923077 0.59 0.24912280769230769 0.5875 0.2
279 0.5825 0.29824561298076924 0.505 0.2912280697115385 0.5025 0.3403508774038461 0.59 0.34736842067307694 0.5825 0.29824561298076924
279 0.59 0.36491228124999997 0.5700000000000001 0.36491228124999997 0.5625 0.3859649134615385 0.5399999999999999 0.3859649134615385 0.5375 0.37192982451923073 0.505 0.3684210528846154 0.505 0.43157894711538464 0.5925 0.4456140360576923 0.59 0.36491228124999997
279 0.495 0.37543859615384617 0.47000000000000003 0.37543859615384617 0.46749999999999997 0.4245614038461539 0.45749999999999996 0.4245614038461539 0.455 0.3508771923076923 0.42 0.34736842067307694 0.42 0.38245613942307694 0.41000000000000003 0.3859649134615385 0.41000000000000003 0.43157894711538464 0.4975 0.4280701754807692 0.495 0.37543859615384617
279 0.455 0.27719298317307695 0.4375 0.27719298317307695 0.435 0.2842105264423077 0.41000000000000003 0.2842105264423077 0.41000000000000003 0.3368421057692308 0.45749999999999996 0.33333333413461536 0.455 0.27719298317307695
279 0.4625 0.33333333413461536 0.495 0.3368421057692308 0.495 0.26315789423076924 0.48750000000000004 0.26315789423076924 0.485 0.29473684134615385 0.46749999999999997 0.2877192980769231 0.4625 0.33333333413461536
279 0.4925 0.19649122836538463 0.475 0.19649122836538463 0.4625 0.20701754326923077 0.4375 0.20701754326923077 0.4375 0.19298245673076925 0.41750000000000004 0.18947368509615387 0.40750000000000003 0.2 0.40750000000000003 0.2456140360576923 0.4975 0.24210526201923077 0.4925 0.19649122836538463
1314 0.47000000000000003 0.10175438701923077 0.435 0.10175438701923077 0.4375 0.14385964903846155 0.46749999999999997 0.14385964903846155 0.47000000000000003 0.10175438701923077
1322 0.40750000000000003 0.14385964903846155 0.435 0.14385964903846155 0.4375 0.09824561298076924 0.4525 0.09824561298076924 0.445 0.07719298317307693 0.41000000000000003 0.07719298317307693 0.41750000000000004 0.10175438701923077 0.40750000000000003 0.09824561298076924 0.40750000000000003 0.14385964903846155
279 0.4975 0.14385964903846155 0.4975 0.10175438701923077 0.47250000000000003 0.10175438701923077 0.47250000000000003 0.14385964903846155 0.4975 0.14385964903846155
279 0.4 0.14736842067307693 0.3925 0.10877193028846154 0.3525 0.10877193028846154 0.3525 0.1192982451923077 0.3525 0.1508771923076923 0.4 0.14736842067307693
279 0.38749999999999996 0.2 0.35500000000000004 0.2 0.3575 0.2456140360576923 0.3925 0.2456140360576923 0.38749999999999996 0.2
279 0.3925 0.38245613942307694 0.34500000000000003 0.39298245673076926 0.34750000000000003 0.45263157932692305 0.39499999999999996 0.43508771874999996 0.3925 0.38245613942307694
274 0.62 0.5017543870192308 0.62 0.056140350961538465 0.59 0.05263157932692308 0.34500000000000003 0.049122807692307695 0.34750000000000003 0.4596491225961538 0.445 0.4491228076923077 0.59 0.4666666658653846 0.6024999999999999 0.4736842115384615 0.6075 0.4982456129807692 0.62 0.5017543870192308
345 0.64 0.27368421153846156 0.64 0.677192983173077 0.9974999999999999 0.7473684206730768 0.9974999999999999 0.3017543870192308 0.995 0.2807017548076923 0.73 0.25263157932692304 0.64 0.27368421153846156
279 0.8524999999999999 0.3684210528846154 0.7825 0.3543859639423077 0.7825 0.43157894711538464 0.8625 0.43157894711538464 0.8524999999999999 0.3684210528846154
244 0.2225 0.2842105264423077 0.105 0.2912280697115385 0.1075 0.3964912283653846 0.2225 0.3789473677884615 0.2225 0.2842105264423077
244 0.0975 0.2912280697115385 0.0025 0.3017543870192308 0.0025 0.4 0.0975 0.3894736850961538 0.0975 0.2912280697115385
314 0.0375 0.22456140384615386 0.0025 0.22105263221153845 0.0025 0.26315789423076924 0.0375 0.2561403509615384 0.0375 0.22456140384615386
314 0.04 0.2877192980769231 0.042499999999999996 0.2561403509615384 0.0025 0.26315789423076924 0.0025 0.2912280697115385 0.04 0.2877192980769231
314 0.0775 0.2842105264423077 0.08 0.25263157932692304 0.042499999999999996 0.2561403509615384 0.042499999999999996 0.2877192980769231 0.0775 0.2842105264423077
314 0.0775 0.2456140360576923 0.0775 0.22456140384615386 0.045 0.22807017548076924 0.042499999999999996 0.24912280769230769 0.0775 0.2456140360576923
279 0.2175 0.10175438701923077 0.1675 0.10877193028846154 0.1575 0.16140350961538463 0.14 0.11228070192307693 0.1225 0.10877193028846154 0.11750000000000001 0.07368421153846154 0.11 0.07368421153846154 0.11249999999999999 0.16491228125000001 0.22 0.15789473798076925 0.2175 0.10175438701923077
1086 0.215 0.18596491346153846 0.175 0.17894736778846154 0.1825 0.2701754375 0.22 0.2701754375 0.215 0.18596491346153846
279 0.175 0.22807017548076924 0.1275 0.22807017548076924 0.1325 0.2807017548076923 0.18 0.27368421153846156 0.175 0.22807017548076924
345 0 0.6693984951923077 0.34750000000000003 0.5614035096153847 0.34249999999999997 0.05263157932692308 0 0.038698197115384615 0 0.6693984951923077
1184 0.2825 0.46315789423076925 0.2425 0.46315789423076925 0.2425 0.5087719302884616 0.28 0.5087719302884616 0.2825 0.46315789423076925
1183 0.305 0.5087719302884616 0.33249999999999996 0.5052631586538461 0.3275 0.4596491225961538 0.3025 0.46315789423076925 0.305 0.5087719302884616
1184 0.2075 0.5263157884615385 0.24000000000000002 0.5228070168269231 0.2525 0.5298245625 0.275 0.5403508774038461 0.2875 0.5122807019230768 0.2375 0.5087719302884616 0.20249999999999999 0.5157894735576923 0.2075 0.5263157884615385
1263 0.8875 0.3964912283653846 0.9125000000000001 0.3964912283653846 0.9125000000000001 0.43508771874999996 0.9299999999999999 0.43157894711538464 0.92 0.38245613942307694 0.8775000000000001 0.38245613942307694 0.8775000000000001 0.4 0.8875 0.3964912283653846
1152 0.8674999999999999 0.43508771874999996 0.8825000000000001 0.43508771874999996 0.885 0.4 0.865 0.4 0.8674999999999999 0.43508771874999996
1152 0.8825000000000001 0.39298245673076926 0.885 0.4456140360576923 0.895 0.4456140360576923 0.9125000000000001 0.4421052620192307 0.91 0.39298245673076926 0.8825000000000001 0.39298245673076926
1184 0.8200000000000001 0.2842105264423077 0.91 0.2842105264423077 0.9075 0.2666666658653846 0.8225 0.26315789423076924 0.8200000000000001 0.2842105264423077