1885 0.5549999999999999 0 0.5549999999999999 0.05263157932692308 0.9974999999999999 0.038596490384615385 0.9974999999999999 0 0.5549999999999999 0
1885 0.34249999999999997 0 0.34249999999999997 0.2701754375 0.36 0.27368421153846156 0.3575 0.4666666658653846 0.365 0.4666666658653846 0.36250000000000004 0.5052631586538461 0.3775 0.5017543870192308 0.38 0.05263157932692308 0.5549999999999999 0.05263157932692308 0.5525 0 0.34249999999999997 0
1885 0.0025 0 0.0025 0.2456140360576923 0.0725 0.2456140360576923 0.075 0.27368421153846156 0.175 0.2701754375 0.17250000000000001 0.20701754326923077 0.16 0.15789473798076925 0.16249999999999998 0.14736842067307693 0.1825 0.17543859615384616 0.20249999999999999 0.1543859639423077 0.21250000000000002 0.17894736778846154 0.21250000000000002 0.2035087716346154 0.22 0.1684210528846154 0.3125 0.17543859615384616 0.315 0.2666666658653846 0.34249999999999997 0.2701754375 0.34249999999999997 0 0.0025 0
792 0.9974999999999999 1 0.9974999999999999 0.6807017548076922 0.91 0.6491228076923077 0.91 0.8982456129807692 0.7525000000000001 0.9543859639423077 0.6499999999999999 0.8947368413461538 0.6575 0.7263157884615384 0.5700000000000001 0.6947368413461539 0.5625 0.7333333341346153 0.4125 0.7789473677884615 0.41000000000000003 0.6596491225961538 0.3975 0.6491228076923077 0.39499999999999996 0.8245614038461538 0.38 0.8315789471153846 0.38 0.8456140360576924 0.34249999999999997 0.8561403509615384 0.28500000000000003 0.8596491225961539 0.275 0.8807017548076923 0.2575 0.8807017548076923 0.245 0.8596491225961539 0.21250000000000002 0.8561403509615384 0.21250000000000002 0.8315789471153846 0.19749999999999998 0.8210526322115383 0.20249999999999999 0.7017543870192308 0.0025 0.7508771923076923 0.0025 1 0.9974999999999999 1
605 0.9075 0.8947368413461538 0.91 0.56491228125 0.9225 0.56491228125 0.925 0.5438596490384615 0.5525 0.4561403509615385 0.39499999999999996 0.4771929831730769 0.3925 0.49473684134615387 0.41000000000000003 0.4982456129807692 0.1925 0.5298245625 0.1925 0.5438596490384615 0.20249999999999999 0.5543859639423077 0.19749999999999998 0.8175438605769231 0.215 0.8280701754807692 0.2275 0.852631579326923 0.2475 0.8561403509615384 0.26 0.8736842115384615 0.27749999999999997 0.8736842115384615 0.29 0.852631579326923 0.3775 0.8456140360576924 0.3775 0.8280701754807692 0.3925 0.8245614038461538 0.3925 0.5578947379807693 0.5 0.5298245625 0.655 0.5719298245192308 0.6525 0.8877192980769231 0.7525000000000001 0.9508771923076923 0.9075 0.8947368413461538
992 0.3575 0.5157894735576923 0.26 0.5368421057692307 0.28 0.5578947379807693 0.3775 0.5403508774038461 0.3575 0.5157894735576923
1132 0.3575 0.4385964903846154 0.33999999999999997 0.31228070192307694 0.2475 0.3192982451923077 0.2175 0.3859649134615385 0.23 0.43508771874999996 0.265 0.48421052644230766 0.33999999999999997 0.4771929831730769 0.33999999999999997 0.4456140360576923 0.3575 0.4385964903846154
1027 0.8125 0.5368421057692307 0.7625 0.5298245625 0.7625 0.5578947379807693 0.825 0.5508771923076923 0.7725000000000001 0.31228070192307694 0.76 0.29824561298076924 0.6024999999999999 0.27368421153846156 0.5875 0.3087719302884615 0.6325000000000001 0.31228070192307694 0.625 0.2912280697115385 0.7675 0.3157894735576923 0.8125 0.5368421057692307
1275 0.7975 0.4666666658653846 0.7775 0.4491228076923077 0.755 0.45263157932692305 0.76 0.4982456129807692 0.785 0.5017543870192308 0.7975 0.4666666658653846
771 0.67 0.4666666658653846 0.5975 0.45263157932692305 0.5475 0.4877192980769231 0.595 0.4982456129807692 0.66 0.49473684134615387 0.67 0.4666666658653846
417 0.49 0.8421052620192307 0.4925 0.8771929831730769 0.5125 0.8666666658653847 0.51 0.852631579326923 0.5549999999999999 0.8385964903846154 0.565 0.8385964903846154 0.5850000000000001 0.8596491225961539 0.5825 0.8842105264423077 0.5925 0.8912280697115385 0.6075 0.8701754374999999 0.5825 0.8315789471153846 0.6425 0.8280701754807692 0.6425 0.8421052620192307 0.6475000000000001 0.8456140360576924 0.6525 0.8140350865384616 0.5975 0.8105263149038462 0.59 0.7964912283653847 0.5825 0.7894736850961538 0.5700000000000001 0.8070175432692307 0.5725 0.6842105264423076 0.5850000000000001 0.6631578942307693 0.605 0.6666666658653846 0.655 0.6421052620192308 0.6525 0.6350877187499999 0.625 0.6245614038461539 0.6425 0.5684210528846154 0.5525 0.5754385961538462 0.5549999999999999 0.4982456129807692 0.51 0.4771929831730769 0.47000000000000003 0.4736842115384615 0.46499999999999997 0.49473684134615387 0.4825 0.5684210528846154 0.4925 0.6 0.49 0.6421052620192308 0.4825 0.6491228076923077 0.5575 0.6912280697115385 0.5575 0.8105263149038462 0.485 0.8035087716346154 0.48750000000000004 0.8245614038461538 0.505 0.8315789471153846 0.5125 0.8210526322115383 0.5475 0.8245614038461538 0.49 0.8421052620192307
314 0.3275 0.6245614038461539 0.33 0.677192983173077 0.3825 0.6631578942307693 0.3825 0.6210526322115384 0.3275 0.6245614038461539
314 0.2825 0.6456140360576923 0.32 0.6385964903846154 0.3225 0.6 0.28 0.6035087716346154 0.2825 0.6456140360576923
314 0.32499999999999996 0.6385964903846154 0.27749999999999997 0.6456140360576923 0.28 0.6877192980769231 0.3225 0.6807017548076922 0.32499999999999996 0.6385964903846154
1254 0.0725 0.24912280769230769 0.0025 0.25263157932692304 0.0025 0.29473684134615385 0.07 0.2912280697115385 0.0725 0.24912280769230769
314 0.3125 0.27719298317307695 0.3125 0.17192982451923078 0.275 0.17192982451923078 0.27749999999999997 0.27719298317307695 0.3125 0.27719298317307695
314 0.275 0.17192982451923078 0.2225 0.1684210528846154 0.2275 0.27368421153846156 0.27749999999999997 0.27368421153846156 0.275 0.17192982451923078
806 0.1675 0.14736842067307693 0.16 0.1543859639423077 0.17750000000000002 0.21052631490384616 0.17750000000000002 0.2807017548076923 0.2225 0.2807017548076923 0.2225 0.20701754326923077 0.2175 0.18596491346153846 0.20249999999999999 0.1543859639423077 0.1825 0.1684210528846154 0.1675 0.14736842067307693
279 0.435 0.08771929807692308 0.435 0.09824561298076924 0.4125 0.09473684134615384 0.4125 0.1508771923076923 0.495 0.1508771923076923 0.4925 0.10175438701923077 0.47000000000000003 0.10175438701923077 0.47000000000000003 0.08771929807692308 0.435 0.08771929807692308
279 0.41000000000000003 0.24912280769230769 0.495 0.24210526201923077 0.495 0.18596491346153846 0.4625 0.18596491346153846 0.46 0.19649122836538463 0.4125 0.2 0.41000000000000003 0.24912280769230769
279 0.41000000000000003 0.34736842067307694 0.4975 0.3403508774038461 0.495 0.2912280697115385 0.41750000000000004 0.29824561298076924 0.41000000000000003 0.34736842067307694
279 0.40750000000000003 0.4456140360576923 0.495 0.43157894711538464 0.495 0.3684210528846154 0.4625 0.37192982451923073 0.46 0.3859649134615385 0.4375 0.3859649134615385 0.43 0.36491228124999997 0.41000000000000003 0.36491228124999997 0.40750000000000003 0.4456140360576923
279 0.5025 0.4280701754807692 0.59 0.43157894711538464 0.59 0.3859649134615385 0.58 0.38245613942307694 0.58 0.34736842067307694 0.545 0.3508771923076923 0.5425 0.4245614038461539 0.5325 0.4245614038461539 0.53 0.37543859615384617 0.505 0.37543859615384617 0.5025 0.4280701754807692
279 0.5425 0.33333333413461536 0.59 0.3368421057692308 0.59 0.2842105264423077 0.565 0.2842105264423077 0.5625 0.27719298317307695 0.545 0.27719298317307695 0.5425 0.33333333413461536
279 0.5325 0.2877192980769231 0.515 0.29473684134615385 0.5125 0.26315789423076924 0.505 0.26315789423076924 0.505 0.3368421057692308 0.5375 0.33333333413461536 0.5325 0.2877192980769231
279 0.5025 0.24210526201923077 0.5925 0.2456140360576923 0.5925 0.2 0.5825 0.18947368509615387 0.5625 0.19298245673076925 0.5625 0.20701754326923077 0.5375 0.20701754326923077 0.525 0.19649122836538463 0.5075000000000001 0.19649122836538463 0.5025 0.24210526201923077
1314 0.5325 0.14385964903846155 0.5625 0.14385964903846155 0.565 0.10175438701923077 0.53 0.10175438701923077 0.5325 0.14385964903846155
1322 0.5925 0.09824561298076924 0.5825 0.10175438701923077 0.59 0.07719298317307693 0.5549999999999999 0.07719298317307693 0.5475 0.09824561298076924 0.5625 0.09824561298076924 0.565 0.14385964903846155 0.5925 0.14385964903846155 0.5925 0.09824561298076924
279 0.5275 0.14385964903846155 0.5275 0.10175438701923077 0.5025 0.10175438701923077 0.5025 0.14385964903846155 0.5275 0.14385964903846155
279 0.6475000000000001 0.1508771923076923 0.6475000000000001 0.1192982451923077 0.6475000000000001 0.10877193028846154 0.6075 0.10877193028846154 0.6 0.14736842067307693 0.6475000000000001 0.1508771923076923
279 0.6075 0.2456140360576923 0.6425 0.2456140360576923 0.645 0.2 0.6125 0.2 0.6075 0.2456140360576923
279 0.605 0.43508771874999996 0.6525 0.45263157932692305 0.655 0.39298245673076926 0.6075 0.38245613942307694 0.605 0.43508771874999996
274 0.3925 0.4982456129807692 0.3975 0.4736842115384615 0.41000000000000003 0.4666666658653846 0.5549999999999999 0.4491228076923077 0.6525 0.4596491225961538 0.655 0.049122807692307695 0.41000000000000003 0.05263157932692308 0.38 0.056140350961538465 0.38 0.5017543870192308 0.3925 0.4982456129807692
345 0.26999999999999996 0.25263157932692304 0.005 0.2807017548076923 0.0025 0.3017543870192308 0.0025 0.7473684206730768 0.36 0.677192983173077 0.36 0.27368421153846156 0.26999999999999996 0.25263157932692304
279 0.1375 0.43157894711538464 0.2175 0.43157894711538464 0.2175 0.3543859639423077 0.1475 0.3684210528846154 0.1375 0.43157894711538464
244 0.7775 0.3789473677884615 0.8925 0.3964912283653846 0.895 0.2912280697115385 0.7775 0.2842105264423077 0.7775 0.3789473677884615
244 0.9025 0.3894736850961538 0.9974999999999999 0.4 0.9974999999999999 0.3017543870192308 0.9025 0.2912280697115385 0.9025 0.3894736850961538
314 0.9624999999999999 0.2561403509615384 0.9974999999999999 0.26315789423076924 0.9974999999999999 0.22105263221153845 0.9624999999999999 0.22456140384615386 0.9624999999999999 0.2561403509615384
314 0.9974999999999999 0.2912280697115385 0.9974999999999999 0.26315789423076924 0.9575 0.2561403509615384 0.9600000000000001 0.2877192980769231 0.9974999999999999 0.2912280697115385
314 0.9575 0.2877192980769231 0.9575 0.2561403509615384 0.92 0.25263157932692304 0.9225 0.2842105264423077 0.9575 0.2877192980769231
314 0.9575 0.24912280769230769 0.955 0.22807017548076924 0.9225 0.22456140384615386 0.9225 0.2456140360576923 0.9575 0.24912280769230769
279 0.78 0.15789473798076925 0.8875 0.16491228125000001 0.89 0.07368421153846154 0.8825000000000001 0.07368421153846154 0.8775000000000001 0.10877193028846154 0.86 0.11228070192307693 0.8425 0.16140350961538463 0.8325 0.10877193028846154 0.7825 0.10175438701923077 0.78 0.15789473798076925
1086 0.78 0.2701754375 0.8175 0.2701754375 0.825 0.17894736778846154 0.785 0.18596491346153846 0.78 0.2701754375
279 0.8200000000000001 0.27368421153846156 0.8674999999999999 0.2807017548076923 0.8724999999999999 0.22807017548076924 0.825 0.22807017548076924 0.8200000000000001 0.27368421153846156
345 1 0.038698197115384615 0.6575 0.05263157932692308 0.6525 0.5614035096153847 1 0.6693984951923077 1 0.038698197115384615
1184 0.72 0.5087719302884616 0.7575000000000001 0.5087719302884616 0.7575000000000001 0.46315789423076925 0.7175 0.46315789423076925 0.72 0.5087719302884616
1183 0.6975 0.46315789423076925 0.6725 0.4596491225961538 0.6675 0.5052631586538461 0.6950000000000001 0.5087719302884616 0.6975 0.46315789423076925
1184 0.7975 0.5157894735576923 0.7625 0.5087719302884616 0.7124999999999999 0.5122807019230768 0.7250000000000001 0.5403508774038461 0.7474999999999999 0.5298245625 0.76 0.5228070168269231 0.7925 0.5263157884615385 0.7975 0.5157894735576923
1263 0.1225 0.4 0.1225 0.38245613942307694 0.08 0.38245613942307694 0.07 0.43157894711538464 0.0875 0.43508771874999996 0.0875 0.3964912283653846 0.11249999999999999 0.3964912283653846 0.1225 0.4
1152 0.13499999999999998 0.4 0.115 0.4 0.11750000000000001 0.43508771874999996 0.1325 0.43508771874999996 0.13499999999999998 0.4
1152 0.09 0.39298245673076926 0.0875 0.4421052620192307 0.105 0.4456140360576923 0.115 0.4456140360576923 0.11750000000000001 0.39298245673076926 0.09 0.39298245673076926
1184 0.17750000000000002 0.26315789423076924 0.0925 0.2666666658653846 0.09 0.2842105264423077 0.18 0.2842105264423077 0.17750000000000002 0.26315789423076924