1219 0.10723039182692308 0.09558823557692307 0.09926470673076923 0.0016339879807692307 0.0012254903846153848 0.0016339879807692307 0.0012254903846153848 0.09803921634615385 0.10723039182692308 0.09558823557692307
314 0.18014705769230768 0.5204248365384616 0.22426470673076923 0.5204248365384616 0.2506127451923077 0.5016339879807693 0.24632352884615386 0.4362745096153846 0.20220588221153848 0.4297385625 0.1746323533653846 0.4460784302884615 0.18014705769230768 0.5204248365384616
291 0.2322303918269231 0.40032679807692306 0.23345588221153848 0.4297385625 0.24448529326923077 0.4338235288461538 0.2542892163461538 0.4820261442307692 0.26164215625 0.48039215625000004 0.2604166658653846 0.3995098028846154 0.2536764711538461 0.38153594711538463 0.2512254903846154 0.3619281057692308 0.24019607932692308 0.3635620913461538 0.23958333413461538 0.3807189543269231 0.2322303918269231 0.40032679807692306
1254 0.26960784375 0.46732026201923077 0.26409313701923076 0.486111110576923 0.35416666586538464 0.4926470576923077 0.39828431490384614 0.4485294110576923 0.39215686298076924 0.43790849759615386 0.3125 0.41911764663461537 0.26960784375 0.46732026201923077
1254 0.5520833341346154 0.47222222115384616 0.5643382355769231 0.46732026201923077 0.5674019615384616 0.4575163389423077 0.51960784375 0.45915032692307695 0.5165441177884615 0.45098039182692307 0.4362745096153846 0.44281045673076924 0.40563725480769236 0.4885620913461538 0.47058823557692303 0.486111110576923 0.5324754903846154 0.5016339879807693 0.5306372548076923 0.4885620913461538 0.5533088245192308 0.484477125 0.5520833341346154 0.47222222115384616
1768 0.5104166658653846 0.5816993461538462 0.5416666658653846 0.5816993461538462 0.5484068629807692 0.540849673076923 0.5165441177884615 0.5367647067307693 0.5104166658653846 0.5816993461538462
1768 0.5894607836538461 0.5751633990384616 0.5833333341346154 0.5433006538461538 0.5520833341346154 0.5204248365384616 0.5465686274038462 0.5588235288461538 0.5796568629807692 0.5792483653846154 0.5894607836538461 0.5751633990384616
1245 0.58210784375 0.4501633990384616 0.5802696081730769 0.46813725480769236 0.5735294110576923 0.46078431490384614 0.53125 0.4885620913461538 0.5416666658653846 0.513888889423077 0.5416666658653846 0.5334967331730769 0.6151960793269231 0.5898692812499999 0.7512254903846153 0.5776143798076923 0.7475490192307692 0.5604575168269231 0.771446079326923 0.5457516346153846 0.771446079326923 0.5351307187500001 0.7463235288461539 0.513888889423077 0.7763480384615384 0.5081699350961538 0.7732843149038462 0.4885620913461538 0.7450980384615384 0.47957516346153845 0.7671568629807692 0.46160130769230767 0.7665441177884615 0.45261437980769226 0.7334558822115385 0.4289215697115385 0.7273284302884615 0.37663398798076925 0.5912990192307692 0.388888889423077 0.5833333341346154 0.4297385625 0.5735294110576923 0.42565359375 0.58210784375 0.4501633990384616
815 0.7536764711538461 0.46977124278846155 0.7781862740384615 0.484477125 0.7824754903846153 0.5220588245192308 0.7904411754807692 0.5220588245192308 0.7830882355769231 0.4444444447115385 0.7591911754807692 0.44035947596153846 0.7683823533653846 0.45098039182692307 0.7536764711538461 0.46977124278846155
1027 0.26409313701923076 0.4395424831730769 0.26409313701923076 0.45506536057692304 0.27328431490384614 0.45915032692307695 0.28921568509615386 0.4338235288461538 0.2714460793269231 0.4362745096153846 0.26531862740384615 0.3161764711538462 0.2794117644230769 0.3137254903846154 0.3051470576923077 0.30065359375 0.3014705889423077 0.16176470673076923 0.26409313701923076 0.16013071875 0.21629901923076922 0.16421568509615386 0.22365196153846154 0.3137254903846154 0.25857843028846156 0.3161764711538462 0.26409313701923076 0.4395424831730769
754 0.42156862740384615 0.34967320192307694 0.45833333413461536 0.37009803846153844 0.4644607836538462 0.3725490192307692 0.4613970576923077 0.40849673317307694 0.4662990192307692 0.44035947596153846 0.48039215625000004 0.4395424831730769 0.48039215625000004 0.3725490192307692 0.49816176442307697 0.3619281057692308 0.49509803846153844 0.2900326802884615 0.525122548076923 0.2442810456730769 0.4944852932692308 0.20343137259615382 0.4632352932692308 0.19771241826923078 0.4332107836538462 0.2124183004807692 0.4105392163461538 0.24591503365384615 0.40563725480769236 0.3031045745192308 0.42156862740384615 0.34967320192307694
417 0.5214460793269231 0.24836601201923078 0.4932598028846154 0.28839869230769233 0.49816176442307697 0.4460784302884615 0.5784313725961538 0.46486928125 0.5833333341346154 0.43790849759615386 0.6721813725961538 0.4248366009615384 0.6685049014423078 0.36437908413461534 0.6605392163461539 0.2728758173076923 0.6476715697115385 0.24836601201923078 0.5925245096153846 0.24183006490384618 0.5214460793269231 0.24836601201923078
1885 0.10110294230769232 0.7818627451923077 0.07720588221153846 0.69934640625 0.08210784375 0.6781045745192308 0.11519607932692308 0.7017973846153847 0.08946078365384615 0.5482026153846153 0.17218137259615382 0.4975490192307692 0.1672794110576923 0.4460784302884615 0.2015931370192308 0.4272875817307692 0.22549019711538462 0.4297385625 0.2365196081730769 0.359477125 0.2542892163461538 0.35784313701923076 0.2555147067307692 0.31535947596153846 0.22365196153846154 0.30718954326923076 0.21323529326923077 0.1674836610576923 0.2524509807692308 0.15522875721153848 0.3002450985576923 0.15931372596153848 0.3082107836538462 0.2982026153846154 0.26715686298076924 0.31781045673076924 0.2763480384615385 0.4289215697115385 0.2922794110576923 0.4338235288461538 0.3125 0.41094771153846155 0.39031862740384615 0.4354575168269231 0.40012254807692305 0.4501633990384616 0.4264705889423077 0.45098039182692307 0.42953431490384614 0.0016339879807692307 0.0006127451923076924 0.0016339879807692307 0.0006127451923076924 0.9975490192307692 0.037377451923076926 0.9975490192307692 0.08639705769230768 0.9428104567307692 0.10110294230769232 0.7818627451923077
417 0.4264705889423077 0.8415032668269231 0.29718137259615385 0.7818627451923077 0.2763480384615385 0.7818627451923077 0.24325980288461538 0.7524509807692308 0.21017156971153844 0.7508169927884616 0.13909313701923076 0.740196079326923 0.11825980288461538 0.7246732019230768 0.10661764663461538 0.6928104567307692 0.08517156971153847 0.6748366009615385 0.07659313701923078 0.6977124182692307 0.10232843028846153 0.7834967331730769 0.08517156971153847 0.9950980384615384 0.11029411778846154 0.9967320264423076 0.12254901923076923 0.875 0.14950980288461538 0.9338235288461539 0.1544117644230769 0.9967320264423076 0.45955882451923075 0.9975490192307692 0.45526960817307693 0.9460784302884615 0.48223039182692307 0.8995098028846154 0.4724264711538462 0.8774509807692308 0.4264705889423077 0.8415032668269231
1885 0.9791666658653846 0.0016339879807692307 0.9105392163461539 0.5955882355769231 0.9601715697115385 0.9991830072115384 0.9993872548076923 0.9991830072115384 0.9981617644230769 0.0032679735576923077 0.9791666658653846 0.0016339879807692307
1514 0.8596813725961538 0.5955882355769231 0.8541666658653846 0.6429738557692308 0.8204656850961538 0.64460784375 0.8174019615384616 0.6830065360576923 0.8915441177884615 0.6952614375 0.8976715697115385 0.6568627451923077 0.865196079326923 0.6495098028846154 0.8694852932692307 0.5988562091346153 0.9215686274038462 0.5735294110576923 0.9503676466346154 0.04166666586538462 0.9001225480769232 0.04166666586538462 0.8296568629807692 0.044117646634615384 0.8112745096153847 0.5629084975961539 0.8596813725961538 0.5955882355769231
605 0.1243872548076923 0.728758170673077 0.18259803846153846 0.7418300649038462 0.2536764711538461 0.7524509807692308 0.7444852932692307 0.8390522884615385 0.740196079326923 0.9967320264423076 0.7542892163461539 0.9967320264423076 0.7904411754807692 0.49346405288461537 0.26531862740384615 0.4232026153846154 0.09129901923076923 0.5482026153846153 0.1243872548076923 0.728758170673077
792 0.7371323533653846 0.9967320264423076 0.73835784375 0.8447712427884616 0.28125 0.7589869278846154 0.2824754903846154 0.777777778846154 0.35845588221153846 0.8071895432692308 0.39031862740384615 0.8047385625 0.39828431490384614 0.82434640625 0.4773284302884615 0.884803920673077 0.48039215625000004 0.8978758173076924 0.45710784374999996 0.9468954254807692 0.4632352932692308 0.9975490192307692 0.94914215625 0.9967320264423076 0.9044117644230769 0.6258169927884616 0.7830882355769231 0.6127450985576923 0.7585784302884615 0.9950980384615384 0.7371323533653846 0.9967320264423076
1942 0.9601715697115385 0.0008169927884615384 0.45955882451923075 0.0016339879807692307 0.48161764663461537 0.5187908485576923 0.90625 0.5857843149038462 0.9601715697115385 0.0008169927884615384