1050 0.3575 0.5511111105769231 0.34666666586538464 0.5533333341346154 0.3458333341346154 0.5777777788461539 0.3575 0.5777777788461539 0.3575 0.5511111105769231
763 0.18 0.6688888894230769 0.17750000000000002 0.7166666658653846 0.18833333413461537 0.7188888894230769 0.2033333341346154 0.7166666658653846 0.20249999999999999 0.6422222211538462 0.19666666586538462 0.6322222211538461 0.19666666586538462 0.6277777788461538 0.19833333413461537 0.6166666658653847 0.1908333341346154 0.6033333341346154 0.17833333413461538 0.608888889423077 0.18166666586538463 0.6288888894230769 0.17833333413461538 0.6355555552884616 0.18 0.6688888894230769
1942 0.6041666658653846 0.21777777884615385 0.46416666586538463 0.24888888942307694 0.47166666586538464 0.4455555552884615 0.6125 0.43 0.6041666658653846 0.21777777884615385
417 0.28500000000000003 0.6844444447115384 0.28916666586538464 0.7344444447115385 0.3841666658653846 0.7111111105769231 0.38 0.6488888894230769 0.375 0.618888889423077 0.37166666586538466 0.6 0.36 0.5988888894230769 0.3608333341346154 0.6344444447115385 0.3491666658653846 0.6366666658653847 0.34083333413461536 0.6288888894230769 0.3275 0.631111110576923 0.3175 0.6455555552884615 0.30166666586538465 0.6522222211538462 0.2983333341346154 0.6344444447115385 0.295 0.6177777788461539 0.295 0.6077777788461538 0.2833333341346154 0.6077777788461538 0.27833333413461536 0.6466666658653846 0.28500000000000003 0.6844444447115384
417 0.0275 0.6366666658653847 0.03583333413461538 0.7888888894230769 0.17833333413461538 0.758888889423077 0.16999999999999998 0.6799999999999999 0.1616666658653846 0.618888889423077 0.14833333413461539 0.618888889423077 0.145 0.6288888894230769 0.14666666586538463 0.6755555552884616 0.12083333413461537 0.6622222211538461 0.10416666586538462 0.6588888894230769 0.08499999999999999 0.6711111105769232 0.053333334134615384 0.6911111105769231 0.05166666586538461 0.6766666658653846 0.0475 0.66 0.045833334134615385 0.6355555552884616 0.0275 0.6366666658653847
417 0.5733333341346154 0.991111110576923 0.5958333341346154 0.9966666658653847 0.7025 0.9844444447115385 0.7225 0.6444444447115385 0.7083333341346154 0.638888889423077 0.7033333341346153 0.6466666658653846 0.6983333341346154 0.6688888894230769 0.6941666658653846 0.6799999999999999 0.6966666658653846 0.6911111105769231 0.6883333341346154 0.7255555552884616 0.675 0.7311111105769231 0.6591666658653845 0.7166666658653846 0.6408333341346153 0.7144444447115385 0.6291666658653846 0.7255555552884616 0.615 0.75 0.6083333341346153 0.751111110576923 0.6133333341346154 0.6733333341346154 0.5983333341346154 0.6644444447115384 0.5816666658653846 0.6766666658653846 0.5825 0.7077777788461539 0.5775 0.7188888894230769 0.5775 0.7311111105769231 0.5658333341346153 0.7866666658653846 0.5591666658653847 0.8744444447115385 0.5166666658653847 0.8777777788461538 0.505 0.9933333341346154 0.5733333341346154 0.991111110576923
417 0.7166666658653846 0.8788888894230769 0.7441666658653846 0.8966666658653846 0.7858333341346154 0.89 0.7916666658653846 0.751111110576923 0.7975 0.6644444447115384 0.7983333341346154 0.5622222211538461 0.8 0.5466666658653846 0.7966666658653847 0.5277777788461538 0.7866666658653846 0.5277777788461538 0.78 0.5511111105769231 0.7691666658653846 0.5122222211538461 0.7483333341346154 0.48888888942307696 0.7250000000000001 0.4811111105769231 0.7041666658653847 0.48222222115384616 0.6833333341346154 0.4944444447115384 0.6641666658653846 0.5155555552884615 0.6541666658653846 0.5411111105769231 0.645 0.5355555552884615 0.6375 0.6588888894230769 0.64 0.6766666658653846 0.7166666658653846 0.8066666658653846 0.7166666658653846 0.8788888894230769
763 0.6341666658653846 0.6455555552884615 0.6391666658653846 0.6277777788461538 0.6391666658653846 0.61 0.6366666658653847 0.5922222211538462 0.625 0.5811111105769231 0.6166666658653847 0.59 0.6116666658653845 0.6133333341346154 0.6091666658653846 0.6377777788461538 0.6091666658653846 0.6711111105769232 0.6341666658653846 0.6766666658653846 0.6341666658653846 0.6455555552884615
364 0.20249999999999999 0.8066666658653846 0.2175 0.7955555552884616 0.22916666586538462 0.7877777788461539 0.23833333413461538 0.8144444447115385 0.25 0.8133333341346154 0.2458333341346154 0.7911111105769231 0.26 0.8022222211538461 0.2483333341346154 0.7855555552884615 0.2458333341346154 0.7611111105769232 0.24416666586538463 0.6466666658653846 0.24916666586538463 0.6366666658653847 0.2633333341346154 0.6855555552884615 0.2691666658653846 0.6777777788461539 0.2533333341346154 0.6322222211538461 0.23249999999999998 0.6277777788461538 0.23249999999999998 0.5877777788461539 0.2208333341346154 0.5944444447115385 0.22166666586538464 0.6166666658653847 0.21583333413461536 0.63 0.2175 0.7677777788461538 0.2066666658653846 0.7911111105769231 0.20249999999999999 0.8066666658653846
364 0.52 0.7 0.5133333341346155 0.721111110576923 0.5375 0.7111111105769231 0.5533333341346154 0.7177777788461538 0.5408333341346154 0.6955555552884616 0.5408333341346154 0.6444444447115385 0.5416666658653846 0.63 0.5391666658653846 0.6166666658653847 0.5416666658653846 0.6066666658653846 0.5325 0.601111110576923 0.5325 0.5833333341346154 0.5333333341346154 0.5733333341346154 0.5241666658653846 0.5733333341346154 0.5258333341346154 0.5877777788461539 0.5191666658653846 0.6022222211538462 0.5241666658653846 0.6055555552884615 0.52 0.7
1708 0.34666666586538464 0.9077777788461538 0.7716666658653846 0.721111110576923 0.7675 0.6911111105769231 0.5425 0.6733333341346154 0.0041666658653846155 0.8022222211538461 0.006666665865384615 0.9066666658653847 0.05 0.9266666658653846 0.05083333413461539 0.9733333341346154 0.10416666586538462 0.9600000000000001 0.10666666586538462 0.9455555552884616 0.17083333413461538 0.9633333341346154 0.2833333341346154 0.9299999999999999 0.28166666586538464 0.998888889423077 0.3458333341346154 0.9955555552884616 0.34666666586538464 0.9077777788461538
1328 0.2075 0.3211111105769231 0.20583333413461538 0.34333333413461536 0.21250000000000002 0.7333333341346153 0.28 0.7455555552884616 0.26999999999999996 0.34111111057692306 0.2675 0.32555555528846153 0.28 0.3055555552884615 0.2966666658653846 0.3 0.295 0.28555555528846155 0.23333333413461538 0.26777777884615384 0.175 0.28111111057692306 0.17416666586538462 0.2988888894230769 0.19666666586538462 0.30777777884615387 0.2075 0.3211111105769231
1328 0.019166665865384618 0.40666666586538464 0.013333334134615385 0.2866666658653846 0.025833334134615384 0.26 0.0475 0.24222222115384615 0.0008333341346153846 0.22 0.0025 0.7933333341346154 0.025833334134615384 0.7966666658653847 0.024166665865384615 0.6055555552884615 0.019166665865384618 0.40666666586538464
763 0.4375 0.43 0.4375 0.4455555552884615 0.46416666586538463 0.4455555552884615 0.4566666658653846 0.43555555528846157 0.45833333413461536 0.4288888894230769 0.45583333413461535 0.41777777884615386 0.45583333413461535 0.40666666586538464 0.4466666658653846 0.40444444471153845 0.44 0.41111111057692307 0.4416666658653846 0.42444444471153847 0.4375 0.43
543 0.9991666658653846 0.23555555528846156 0.9991666658653846 0.1288888894230769 0.9983333341346154 0.12444444471153847 0.9841666658653847 0.12444444471153847 0.9833333341346153 0.14111111057692308 0.9858333341346154 0.14111111057692308 0.9858333341346154 0.14777777884615384 0.9658333341346155 0.14777777884615384 0.9641666658653846 0.16111111057692307 0.9866666658653845 0.1633333341346154 0.9841666658653847 0.2133333341346154 0.9725 0.21444444471153845 0.9708333341346154 0.23555555528846156 0.965 0.23555555528846156 0.965 0.24000000000000002 0.9991666658653846 0.23555555528846156
1498 0.7424999999999999 0.30888888942307696 0.7416666658653847 0.2988888894230769 0.74 0.2933333341346154 0.7341666658653847 0.29444444471153847 0.7308333341346154 0.29777777884615386 0.7316666658653846 0.3066666658653846 0.7333333341346153 0.3133333341346154 0.7225 0.34222222115384615 0.7225 0.35666666586538465 0.7274999999999999 0.3677777788461538 0.7250000000000001 0.3788888894230769 0.7508333341346154 0.3788888894230769 0.7508333341346154 0.3677777788461538 0.7508333341346154 0.34777777884615385 0.75 0.33888888942307693 0.7483333341346154 0.3266666658653846 0.7466666658653847 0.3177777788461539 0.7424999999999999 0.30888888942307696
1498 0.6666666658653846 0.4144444447115384 0.6683333341346154 0.40444444471153845 0.6675 0.39555555528846154 0.6591666658653845 0.39444444471153844 0.6508333341346154 0.39666666586538457 0.6458333341346154 0.40777777884615385 0.6458333341346154 0.42 0.6499999999999999 0.42555555528846156 0.6458333341346154 0.4366666658653846 0.6408333341346153 0.4455555552884615 0.6408333341346153 0.44999999999999996 0.6649999999999999 0.44777777884615383 0.6666666658653846 0.42555555528846156 0.6666666658653846 0.4144444447115384
535 0.6341666658653846 0.45555555528846153 0.6666666658653846 0.4533333341346154 0.675 0.33999999999999997 0.6691666658653846 0.3355555552884616 0.6583333341346154 0.33444444471153845 0.6491666658653846 0.3355555552884616 0.6366666658653847 0.34888888942307694 0.6341666658653846 0.3677777788461538 0.6341666658653846 0.40666666586538464 0.635 0.4466666658653846 0.6341666658653846 0.45555555528846153
535 0.7458333341346154 0.2711111105769231 0.7383333341346153 0.26555555528846153 0.7333333341346153 0.26777777884615384 0.7216666658653845 0.26999999999999996 0.7108333341346154 0.28555555528846155 0.7091666658653846 0.2988888894230769 0.7075 0.35444444471153846 0.7075 0.3811111105769231 0.7075 0.3866666658653846 0.7575000000000001 0.3855555552884615 0.7583333341346153 0.3666666658653846 0.7583333341346153 0.33 0.755 0.29444444471153847 0.7525000000000001 0.28 0.7458333341346154 0.2711111105769231
345 0.6091666658653846 0.43555555528846157 0.4316666658653846 0.44999999999999996 0.43 0.45777777884615384 0.4333333341346154 0.5533333341346154 0.6108333341346154 0.5488888894230769 0.6091666658653846 0.43555555528846157
1760 0.8875 0.5422222211538462 0.9166666658653846 0.5411111105769231 0.9158333341346154 0.5033333341346153 0.8875 0.5044444447115385 0.8875 0.5422222211538462
1760 0.8558333341346154 0.5422222211538462 0.8833333341346153 0.5411111105769231 0.8841666658653846 0.5044444447115385 0.8558333341346154 0.5055555552884615 0.855 0.51 0.8558333341346154 0.5422222211538462
1760 0.825 0.5422222211538462 0.8533333341346154 0.5422222211538462 0.8524999999999999 0.5055555552884615 0.8258333341346155 0.5055555552884615 0.825 0.5422222211538462
1382 0.9883333341346153 0.4344444447115385 0.9883333341346153 0.4311111105769231 0.9883333341346153 0.4233333341346154 0.9516666658653846 0.42666666586538465 0.9541666658653847 0.43555555528846157 0.9516666658653846 0.4433333341346154 0.9491666658653847 0.44999999999999996 0.9491666658653847 0.46 0.9575 0.4666666658653846 0.9683333341346153 0.4666666658653846 0.9816666658653846 0.4677777788461538 0.99 0.46222222115384615 0.995 0.4533333341346154 0.9941666658653846 0.4455555552884615 0.9908333341346154 0.44 0.9883333341346153 0.4344444447115385
367 0.9391666658653846 0.6155555552884615 0.9391666658653846 0.5888888894230769 0.9383333341346154 0.5844444447115384 0.9166666658653846 0.5866666658653846 0.9149999999999999 0.61 0.9125000000000001 0.6133333341346154 0.9149999999999999 0.6166666658653847 0.9241666658653845 0.6166666658653847 0.9233333341346154 0.6277777788461538 0.9216666658653847 0.6366666658653847 0.9233333341346154 0.6422222211538462 0.9233333341346154 0.758888889423077 0.9183333341346154 0.7755555552884614 0.9133333341346154 0.7755555552884614 0.9066666658653847 0.7733333341346154 0.9041666658653846 0.78 0.9033333341346155 0.7888888894230769 0.9033333341346155 0.7922222211538461 0.9033333341346155 0.7966666658653847 0.9025 0.7977777788461539 0.8983333341346154 0.7977777788461539 0.8983333341346154 0.8 0.9016666658653846 0.8055555552884616 0.9091666658653845 0.8022222211538461 0.9108333341346154 0.7899999999999999 0.91 0.7844444447115385 0.9158333341346154 0.7833333341346154 0.9183333341346154 0.7844444447115385 0.9166666658653846 0.7866666658653846 0.9125000000000001 0.7866666658653846 0.9108333341346154 0.8 0.9091666658653845 0.8077777788461538 0.9083333341346154 0.8122222211538461 0.9058333341346153 0.8122222211538461 0.905 0.8133333341346154 0.905 0.8188888894230769 0.9133333341346154 0.8211111105769231 0.9158333341346154 0.8166666658653846 0.9175 0.7955555552884616 0.9216666658653847 0.7933333341346154 0.9241666658653845 0.7899999999999999 0.9283333341346154 0.7911111105769231 0.9299999999999999 0.78 0.9366666658653846 0.7877777788461539 0.9441666658653846 0.7888888894230769 0.9525 0.7911111105769231 0.9541666658653847 0.7933333341346154 0.9558333341346154 0.7966666658653847 0.9591666658653846 0.7899999999999999 0.9575 0.7844444447115385 0.9525 0.7822222211538462 0.9466666658653846 0.7822222211538462 0.9433333341346154 0.7822222211538462 0.9400000000000001 0.7822222211538462 0.9358333341346154 0.777777778846154 0.9341666658653847 0.7733333341346154 0.9333333341346154 0.7666666658653847 0.9316666658653846 0.7611111105769232 0.9308333341346154 0.7533333341346153 0.9308333341346154 0.7455555552884616 0.9299999999999999 0.7344444447115385 0.9308333341346154 0.6622222211538461 0.9308333341346154 0.6422222211538462 0.9308333341346154 0.64 0.9316666658653846 0.6366666658653847 0.9349999999999999 0.638888889423077 0.9366666658653846 0.6444444447115385 0.9366666658653846 0.6499999999999999 0.9358333341346154 0.6577777788461538 0.9358333341346154 0.6644444447115384 0.9366666658653846 0.6688888894230769 0.9416666658653846 0.6722222211538462 0.9508333341346155 0.6733333341346154 0.9558333341346154 0.6688888894230769 0.9558333341346154 0.6622222211538461 0.955 0.6555555552884615 0.9491666658653847 0.6522222211538462 0.9450000000000001 0.6522222211538462 0.9450000000000001 0.6555555552884615 0.9441666658653846 0.6611111105769231 0.9466666658653846 0.6644444447115384 0.9475 0.6622222211538461 0.9491666658653847 0.6644444447115384 0.9458333341346153 0.6666666658653846 0.9441666658653846 0.6666666658653846 0.9408333341346153 0.6622222211538461 0.9408333341346153 0.6577777788461538 0.9425 0.6488888894230769 0.9425 0.64 0.9391666658653846 0.6333333341346153 0.9341666658653847 0.6322222211538461 0.9299999999999999 0.63 0.9299999999999999 0.618888889423077 0.9316666658653846 0.6155555552884615 0.9391666658653846 0.6155555552884615
1382 0.99 0.8144444447115385 0.9991666658653846 0.8177777788461539 0.9991666658653846 0.7688888894230769 0.9924999999999999 0.7688888894230769 0.9908333341346154 0.7688888894230769 0.9924999999999999 0.7766666658653846 0.9833333341346153 0.7877777788461539 0.9808333341346154 0.7955555552884616 0.9825 0.8033333341346154 0.99 0.8144444447115385
1382 0.9475 0.8066666658653846 0.9541666658653847 0.8166666658653846 0.9624999999999999 0.8211111105769231 0.98 0.8211111105769231 0.985 0.8166666658653846 0.9875 0.8133333341346154 0.9866666658653845 0.8077777788461538 0.9825 0.8011111105769231 0.9774999999999999 0.7955555552884616 0.9774999999999999 0.7899999999999999 0.9608333341346154 0.7866666658653846 0.9591666658653846 0.7888888894230769 0.9575 0.7944444447115384 0.955 0.7977777788461539 0.95 0.8 0.9475 0.8066666658653846
1362 0.6125 0.6055555552884615 0.6133333341346154 0.5711111105769231 0.6125 0.5666666658653846 0.6058333341346154 0.56 0.6 0.5533333341346154 0.5866666658653846 0.5511111105769231 0.5741666658653846 0.5511111105769231 0.5683333341346154 0.5577777788461539 0.5625 0.5644444447115384 0.5558333341346153 0.5811111105769231 0.5549999999999999 0.6077777788461538 0.5666666658653846 0.6322222211538461 0.5766666658653846 0.6377777788461538 0.595 0.638888889423077 0.6024999999999999 0.6344444447115385 0.61 0.6255555552884615 0.6125 0.6055555552884615
1389 0.52 0.5877777788461539 0.5275 0.6166666658653847 0.5308333341346153 0.6466666658653846 0.5566666658653846 0.6477777788461538 0.5591666658653847 0.64 0.5591666658653847 0.6366666658653847 0.5616666658653846 0.63 0.5608333341346154 0.6211111105769231 0.5591666658653847 0.608888889423077 0.565 0.6044444447115385 0.5733333341346154 0.6044444447115385 0.5816666658653846 0.5922222211538462 0.5716666658653846 0.5744444447115384 0.5858333341346154 0.5744444447115384 0.5991666658653846 0.5744444447115384 0.6008333341346154 0.5633333341346154 0.5791666658653847 0.5477777788461539 0.6016666658653846 0.5466666658653846 0.61 0.5355555552884615 0.6191666658653846 0.5355555552884615 0.6191666658653846 0.5255555552884615 0.59 0.5222222211538461 0.5883333341346154 0.5133333341346155 0.5700000000000001 0.5177777788461538 0.5708333341346153 0.5033333341346153 0.5683333341346154 0.4944444447115384 0.565 0.4833333341346154 0.5566666658653846 0.48444444471153847 0.5566666658653846 0.4955555552884615 0.5533333341346154 0.5077777788461538 0.5483333341346154 0.5077777788461538 0.5433333341346154 0.5022222211538462 0.5291666658653846 0.4955555552884615 0.5216666658653846 0.4955555552884615 0.5166666658653847 0.501111110576923 0.5166666658653847 0.5055555552884615 0.5133333341346155 0.5188888894230769 0.5116666658653846 0.5277777788461538 0.5066666658653847 0.5255555552884615 0.49 0.521111110576923 0.49 0.5288888894230769 0.4933333341346154 0.5377777788461539 0.48750000000000004 0.5388888894230769 0.48166666586538465 0.55 0.48916666586538465 0.5566666658653846 0.49 0.5655555552884615 0.495 0.5722222211538461 0.485 0.5866666658653846 0.485 0.5944444447115385 0.4933333341346154 0.5944444447115385 0.5041666658653846 0.5966666658653846 0.5141666658653846 0.5955555552884616 0.52 0.5877777788461539
1362 0.47583333413461537 0.5722222211538461 0.47250000000000003 0.5855555552884616 0.47166666586538464 0.6044444447115385 0.47583333413461537 0.6177777788461539 0.5116666658653846 0.6222222211538462 0.515 0.6255555552884615 0.5191666658653846 0.6255555552884615 0.5241666658653846 0.6144444447115385 0.5233333341346154 0.5811111105769231 0.51 0.5555555552884616 0.5 0.5544444447115384 0.49 0.5577777788461539 0.48166666586538465 0.5622222211538461 0.47583333413461537 0.5722222211538461
299 0.47166666586538464 0.6166666658653847 0.4508333341346154 0.618888889423077 0.4458333341346154 0.6277777788461538 0.44999999999999996 0.6377777788461538 0.45583333413461535 0.63 0.46 0.6322222211538461 0.4983333341346154 0.6322222211538461 0.5016666658653846 0.64 0.5166666658653847 0.6366666658653847 0.5183333341346154 0.6277777788461538 0.5116666658653846 0.6244444447115385 0.47166666586538464 0.6166666658653847
1559 0.3925 0.6433333341346154 0.3908333341346154 0.6555555552884615 0.39583333413461536 0.6577777788461538 0.3975 0.6944444447115384 0.4283333341346154 0.7 0.5183333341346154 0.6755555552884616 0.5416666658653846 0.67 0.5441666658653846 0.6722222211538462 0.5775 0.6755555552884616 0.5875 0.6666666658653846 0.5991666658653846 0.6644444447115384 0.6083333341346153 0.6666666658653846 0.6108333341346154 0.6366666658653847 0.4475 0.6355555552884616 0.3925 0.6433333341346154
1382 0.39 0.7166666658653846 0.38583333413461535 0.7255555552884616 0.38749999999999996 0.7522222211538462 0.4333333341346154 0.751111110576923 0.435 0.7466666658653847 0.4333333341346154 0.722222221153846 0.43 0.7122222211538461 0.42666666586538465 0.701111110576923 0.39 0.7022222211538461 0.39 0.7166666658653846
1382 0.47250000000000003 0.7277777788461539 0.47250000000000003 0.7344444447115385 0.4858333341346154 0.7355555552884615 0.51 0.7322222211538462 0.5016666658653846 0.7088888894230769 0.505 0.7077777788461539 0.5133333341346155 0.6933333341346154 0.5166666658653847 0.6822222211538461 0.5183333341346154 0.6666666658653846 0.5133333341346155 0.6555555552884615 0.505 0.6455555552884615 0.4975 0.6322222211538461 0.45749999999999996 0.63 0.4491666658653846 0.64 0.44083333413461534 0.6488888894230769 0.4333333341346154 0.6622222211538461 0.43 0.6733333341346154 0.4316666658653846 0.6822222211538461 0.4358333341346154 0.6955555552884616 0.4458333341346154 0.7066666658653846 0.4458333341346154 0.7177777788461538 0.44083333413461534 0.7322222211538462 0.4425 0.7333333341346153 0.4508333341346154 0.7333333341346153 0.4608333341346154 0.7255555552884616 0.4633333341346154 0.7144444447115385 0.47000000000000003 0.7144444447115385 0.47250000000000003 0.7188888894230769 0.4741666658653846 0.7244444447115386 0.47250000000000003 0.7277777788461539
299 0.3658333341346154 0.7655555552884615 0.365 0.7566666658653846 0.3416666658653846 0.7177777788461538 0.35500000000000004 0.6922222211538462 0.3516666658653846 0.688888889423077 0.33083333413461535 0.6855555552884615 0.3 0.6866666658653846 0.2758333341346154 0.688888889423077 0.2533333341346154 0.6944444447115384 0.2516666658653846 0.6988888894230769 0.265 0.721111110576923 0.2466666658653846 0.7555555552884615 0.245 0.7733333341346154 0.2483333341346154 0.7755555552884614 0.2575 0.7766666658653846 0.2641666658653846 0.7688888894230769 0.2791666658653846 0.7266666658653846 0.28833333413461537 0.73 0.28083333413461536 0.7833333341346154 0.2833333341346154 0.7888888894230769 0.2983333341346154 0.7899999999999999 0.3058333341346154 0.7866666658653846 0.3066666658653846 0.7722222211538461 0.3058333341346154 0.73 0.3266666658653846 0.728888889423077 0.335 0.7455555552884616 0.34666666586538464 0.7722222211538461 0.35500000000000004 0.7744444447115384 0.3633333341346154 0.7733333341346154 0.3658333341346154 0.7655555552884615
450 0.7025 0 0.6658333341346154 0.4566666658653846 0.6633333341346154 0.47222222115384616 0.66 0.48222222115384616 0.6333333341346153 0.48222222115384616 0.6275000000000001 0.48777777884615386 0.6266666658653846 0.58 0.6383333341346155 0.5877777788461539 0.6358333341346154 0.6722222211538462 0.7191666658653847 0.7477777788461538 0.7183333341346153 0.7688888894230769 0.7183333341346153 0.8933333341346154 0.7566666658653846 0.8977777788461538 0.8208333341346153 0.9088888894230769 0.9983333341346154 0.938888889423077 0.9991666658653846 0.46888888942307694 0.99 0.4677777788461538 0.9641666658653846 0.4222222211538461 0.8941666658653846 0 0.7025 0
781 0.7975 0.6866666658653846 0.7925 0.7533333341346153 0.8941666658653846 0.758888889423077 0.8999999999999999 0.6988888894230769 0.8999999999999999 0.6644444447115384 0.8983333341346154 0.631111110576923 0.8958333341346154 0.6133333341346154 0.8825000000000001 0.5955555552884616 0.8674999999999999 0.5877777788461539 0.7991666658653845 0.5855555552884616 0.7975 0.6866666658653846
783 0.8500000000000001 0.6066666658653846 0.8441666658653847 0.6033333341346154 0.8391666658653846 0.6077777788461538 0.83 0.6033333341346154 0.8366666658653846 0.601111110576923 0.8391666658653846 0.5977777788461538 0.8383333341346154 0.59 0.8333333341346154 0.59 0.8225 0.59 0.8166666658653846 0.5944444447115385 0.8125 0.6022222211538462 0.8099999999999999 0.5922222211538462 0.8 0.5922222211538462 0.7983333341346154 0.6755555552884616 0.8058333341346154 0.6555555552884615 0.83 0.6566666658653847 0.8333333341346154 0.6555555552884615 0.8416666658653846 0.6555555552884615 0.8508333341346154 0.67 0.8741666658653846 0.6744444447115385 0.8775000000000001 0.6644444447115384 0.8833333341346153 0.6499999999999999 0.8766666658653846 0.6477777788461538 0.8766666658653846 0.63 0.8558333341346154 0.6211111105769231 0.8516666658653846 0.6277777788461538 0.8516666658653846 0.6144444447115385 0.8500000000000001 0.6066666658653846
1324 0.3883333341346154 0.28111111057692306 0.3775 0.27888888942307694 0.37833333413461534 0.26111111057692304 0.3708333341346154 0.26111111057692304 0.3691666658653846 0.27555555528846154 0.3558333341346154 0.27222222115384614 0.3558333341346154 0.35333333413461543 0.38583333413461535 0.361111110576923 0.3883333341346154 0.28111111057692306
1319 0.41000000000000003 0.38 0.40583333413461536 0.3788888894230769 0.41000000000000003 0.3644444447115385 0.40583333413461536 0.3633333341346154 0.40333333413461536 0.3711111105769231 0.3975 0.3711111105769231 0.39583333413461536 0.3766666658653846 0.3891666658653846 0.3766666658653846 0.3891666658653846 0.4333333341346154 0.41000000000000003 0.4366666658653846 0.41000000000000003 0.38
1319 0.3708333341346154 0.3722222211538462 0.3583333341346154 0.3711111105769231 0.3575 0.4588888894230769 0.3883333341346154 0.45777777884615384 0.3866666658653846 0.3755555552884615 0.3758333341346154 0.3744444447115385 0.3758333341346154 0.3666666658653846 0.3825 0.36555555528846156 0.3833333341346154 0.35777777884615386 0.37 0.3588888894230769 0.3708333341346154 0.3722222211538462
1319 0.33999999999999997 0.35777777884615386 0.33916666586538463 0.3666666658653846 0.33249999999999996 0.3666666658653846 0.33333333413461536 0.4288888894230769 0.3558333341346154 0.4333333341346154 0.3558333341346154 0.3688888894230769 0.34750000000000003 0.3688888894230769 0.34833333413461537 0.36555555528846156 0.35416666586538464 0.3644444447115385 0.3525 0.35777777884615386 0.33999999999999997 0.35777777884615386
1319 0.34083333413461536 0.4444444447115385 0.3375 0.4444444447115385 0.3375 0.4944444447115384 0.35416666586538464 0.4922222211538462 0.3525 0.4466666658653846 0.3558333341346154 0.4444444447115385 0.3558333341346154 0.4366666658653846 0.35083333413461537 0.43555555528846157 0.34833333413461537 0.4377777788461538 0.3416666658653846 0.4377777788461538 0.34083333413461536 0.4444444447115385
1319 0.39666666586538457 0.4466666658653846 0.3916666658653846 0.44777777884615383 0.3925 0.4911111105769231 0.4083333341346154 0.49 0.40666666586538464 0.4488888894230769 0.41000000000000003 0.4488888894230769 0.41083333413461537 0.4377777788461538 0.40499999999999997 0.43555555528846157 0.40499999999999997 0.44 0.3983333341346154 0.44 0.39666666586538457 0.4466666658653846
1319 0.3591666658653846 0.4766666658653846 0.36 0.5622222211538461 0.3616666658653846 0.5633333341346154 0.39 0.5633333341346154 0.3908333341346154 0.56 0.38749999999999996 0.47777777884615386 0.3775 0.47777777884615386 0.37833333413461534 0.4711111105769231 0.3833333341346154 0.46888888942307694 0.3833333341346154 0.4633333341346154 0.38583333413461535 0.46444444471153845 0.3883333341346154 0.4633333341346154 0.3866666658653846 0.45777777884615384 0.3775 0.46 0.3758333341346154 0.4633333341346154 0.37166666586538466 0.46444444471153845 0.3691666658653846 0.4755555552884615 0.3591666658653846 0.4766666658653846
433 0.4475 0.10777777884615383 0.4425 0.09222222115384615 0.435 0.045555555288461544 0.4308333341346154 0 0.41083333413461537 0.001111110576923077 0.41000000000000003 0.011111110576923076 0.41000000000000003 0.05 0.40583333413461536 0.08 0.4 0.11333333413461538 0.3941666658653846 0.13888888942307692 0.3916666658653846 0.13222222115384616 0.3841666658653846 0.10444444471153846 0.3808333341346154 0.07222222115384615 0.3816666658653846 0.05222222115384615 0.39583333413461536 0.05111111057692308 0.4041666658653846 0.04111111057692308 0.40249999999999997 0.031111110576923076 0.3941666658653846 0.024444444711538463 0.3941666658653846 0.001111110576923077 0.3941666658653846 0 0.3558333341346154 0.002222221153846154 0.3558333341346154 0.02 0.35333333413461543 0.02555555528846154 0.34666666586538464 0.030000000000000002 0.34333333413461536 0.037777778846153846 0.3458333341346154 0.04777777884615385 0.35333333413461543 0.048888889423076926 0.3675 0.05111111057692308 0.37 0.06111111057692308 0.3733333341346154 0.08777777884615384 0.3741666658653846 0.11 0.3791666658653846 0.1333333341346154 0.3866666658653846 0.1533333341346154 0.3816666658653846 0.15888888942307694 0.3708333341346154 0.17333333413461538 0.35666666586538465 0.18777777884615385 0.33999999999999997 0.19222222115384616 0.3283333341346154 0.19222222115384616 0.30916666586538466 0.17888888942307693 0.3075 0.17555555528846153 0.3058333341346154 0.16111111057692307 0.3 0.15555555528846154 0.2975 0.14222222115384617 0.305 0.14333333413461538 0.3133333341346154 0.1311111105769231 0.31 0.12222222115384616 0.3008333341346154 0.11888888942307692 0.30166666586538465 0.09333333413461539 0.3041666658653846 0.08555555528846154 0.3025 0.07222222115384615 0.2966666658653846 0.07 0.28916666586538464 0.07 0.2825 0.07222222115384615 0.27749999999999997 0.07333333413461539 0.26999999999999996 0.0766666658653846 0.2675 0.11666666586538461 0.2633333341346154 0.12000000000000001 0.2583333341346154 0.12555555528846155 0.26 0.13444444471153846 0.2666666658653846 0.13888888942307692 0.27749999999999997 0.14111111057692308 0.28916666586538464 0.14333333413461538 0.28916666586538464 0.15444444471153848 0.2866666658653846 0.1566666658653846 0.27666666586538463 0.16222222115384616 0.2716666658653846 0.17222222115384614 0.2708333341346154 0.21 0.26833333413461535 0.2133333341346154 0.2641666658653846 0.21555555528846154 0.2583333341346154 0.22222222115384616 0.26 0.22666666586538461 0.2708333341346154 0.23333333413461538 0.28916666586538464 0.24222222115384615 0.29250000000000004 0.2466666658653846 0.29416666586538465 0.2633333341346154 0.3041666658653846 0.29222222115384616 0.32333333413461535 0.3133333341346154 0.3358333341346154 0.32 0.3383333341346154 0.32444444471153844 0.34500000000000003 0.33777777884615384 0.3658333341346154 0.3444444447115385 0.3891666658653846 0.33888888942307693 0.3941666658653846 0.33444444471153845 0.40333333413461536 0.3211111105769231 0.41083333413461537 0.3066666658653846 0.415 0.28888888942307694 0.4208333341346154 0.2522222211538461 0.42 0.3177777788461539 0.4183333341346154 0.3211111105769231 0.4183333341346154 0.3266666658653846 0.42 0.3277777788461539 0.4416666658653846 0.32555555528846153 0.4416666658653846 0.33111111057692305 0.4508333341346154 0.34333333413461536 0.46416666586538463 0.34666666586538464 0.47250000000000003 0.34111111057692306 0.47916666586538464 0.3288888894230769 0.4825 0.3133333341346154 0.4958333341346154 0.32222222115384613 0.5133333341346155 0.3266666658653846 0.5375 0.32 0.5541666658653847 0.31 0.565 0.29555555528846156 0.5691666658653847 0.28111111057692306 0.575 0.2544444447115385 0.5866666658653846 0.2544444447115385 0.5866666658653846 0.24888888942307694 0.5908333341346154 0.24777777884615387 0.6016666658653846 0.2466666658653846 0.6075 0.24444444471153848 0.6075 0.23333333413461538 0.6 0.23222222115384616 0.595 0.23111111057692307 0.595 0.18222222115384618 0.5925 0.17666666586538463 0.5850000000000001 0.17444444471153847 0.5783333341346154 0.17444444471153847 0.5683333341346154 0.17444444471153847 0.565 0.16999999999999998 0.5591666658653847 0.17555555528846153 0.5625 0.20444444471153847 0.5625 0.23 0.5591666658653847 0.23111111057692307 0.5558333341346153 0.23444444471153847 0.5508333341346154 0.23777777884615384 0.5508333341346154 0.24222222115384615 0.5533333341346154 0.2466666658653846 0.5691666658653847 0.24888888942307694 0.5708333341346153 0.2522222211538461 0.5700000000000001 0.2588888894230769 0.5666666658653846 0.27444444471153845 0.5591666658653847 0.28888888942307694 0.55 0.3011111105769231 0.5408333341346154 0.3111111105769231 0.5241666658653846 0.3155555552884615 0.5008333341346154 0.31444444471153843 0.48166666586538465 0.3033333341346154 0.4825 0.28777777884615385 0.4866666658653846 0.28555555528846155 0.495 0.2833333341346154 0.5058333341346154 0.28111111057692306 0.5058333341346154 0.27555555528846154 0.5033333341346153 0.27333333413461536 0.49666666586538466 0.2711111105769231 0.4958333341346154 0.22222222115384616 0.4925 0.21777777884615385 0.4841666658653846 0.2166666658653846 0.48166666586538465 0.2133333341346154 0.47583333413461537 0.21 0.4708333341346154 0.21111111057692306 0.4708333341346154 0.2166666658653846 0.46749999999999997 0.22333333413461537 0.4666666658653846 0.23111111057692307 0.46583333413461536 0.2588888894230769 0.46583333413461536 0.2711111105769231 0.45833333413461536 0.27333333413461536 0.4525 0.2544444447115385 0.4541666658653846 0.2133333341346154 0.4666666658653846 0.20888888942307693 0.4775 0.20555555528846153 0.47916666586538464 0.2 0.4766666658653846 0.19555555528846155 0.47250000000000003 0.19 0.46583333413461536 0.19 0.46749999999999997 0.18111111057692308 0.4741666658653846 0.18777777884615385 0.485 0.19666666586538462 0.49666666586538466 0.20222222115384614 0.5133333341346155 0.19777777884615383 0.5258333341346154 0.19222222115384616 0.5358333341346154 0.17777777884615384 0.5383333341346154 0.16111111057692307 0.5408333341346154 0.14 0.5483333341346154 0.14 0.5625 0.1333333341346154 0.5666666658653846 0.1311111105769231 0.5683333341346154 0.12333333413461538 0.565 0.11888888942307692 0.5575 0.11666666586538461 0.5575 0.07222222115384615 0.5458333341346153 0.06777777884615385 0.5408333341346154 0.06333333413461538 0.5333333341346154 0.06333333413461538 0.5258333341346154 0.06666666586538461 0.525 0.07444444471153847 0.5258333341346154 0.11555555528846154 0.5241666658653846 0.11888888942307692 0.515 0.12333333413461538 0.515 0.1311111105769231 0.5183333341346154 0.13888888942307692 0.5291666658653846 0.13888888942307692 0.5283333341346154 0.15222222115384615 0.5275 0.16666666586538462 0.5216666658653846 0.17888888942307693 0.5125 0.1888888894230769 0.4933333341346154 0.18444444471153845 0.47250000000000003 0.16777777884615386 0.4666666658653846 0.15888888942307694 0.46583333413461536 0.13444444471153846 0.46166666586538463 0.12555555528846155 0.45749999999999996 0.12555555528846155 0.4533333341346154 0.12222222115384616 0.4475 0.10777777884615383
535 0.9508333341346155 0.2522222211538461 0.9991666658653846 0.24555555528846154 0.9991666658653846 0.10222222115384616 0.9891666658653846 0.10222222115384616 0.9708333341346154 0.10888888942307692 0.9566666658653846 0.12555555528846155 0.9491666658653847 0.15444444471153848 0.95 0.18777777884615385 0.95 0.22888888942307692 0.9508333341346155 0.2522222211538461
655 0.05583333413461538 0.6844444447115384 0.065 0.6799999999999999 0.060833334134615384 0.4611111105769231 0.05583333413461538 0.46 0.025 0.4588888894230769 0.029166665865384616 0.7911111105769231 0.039166665865384614 0.7911111105769231 0.039166665865384614 0.7866666658653846 0.05583333413461538 0.6844444447115384
417 0.8608333341346154 0.9233333341346154 0.8625 0.888888889423077 0.8658333341346154 0.811111110576923 0.8716666658653847 0.721111110576923 0.8758333341346154 0.6155555552884615 0.8741666658653846 0.6122222211538462 0.87 0.6055555552884615 0.8641666658653846 0.6055555552884615 0.8575 0.61 0.8575 0.6366666658653847 0.8558333341346154 0.6666666658653846 0.8508333341346154 0.6677777788461537 0.84 0.6544444447115385 0.8291666658653847 0.6577777788461538 0.8283333341346153 0.6255555552884615 0.8266666658653846 0.62 0.8216666658653846 0.6177777788461539 0.8125 0.618888889423077 0.8075 0.6277777788461538 0.8116666658653846 0.641111110576923 0.8075 0.6455555552884615 0.8066666658653846 0.6477777788461538 0.8066666658653846 0.6511111105769231 0.8066666658653846 0.66 0.8041666658653847 0.6644444447115384 0.7983333341346154 0.6766666658653846 0.8 0.7044444447115384 0.7966666658653847 0.7055555552884616 0.7841666658653845 0.9088888894230769 0.7108333341346154 0.8966666658653846 0.7033333341346153 0.9866666658653845 0.7075 0.9866666658653845 0.7075 0.9977777788461538 0.72 0.9977777788461538 0.7208333341346154 0.99 0.8166666658653846 0.9977777788461538 0.8374999999999999 0.971111110576923 0.8366666658653846 0.9977777788461538 0.8616666658653845 0.9966666658653847 0.8625 0.9966666658653847 0.8608333341346154 0.9233333341346154
366 0.41333333413461537 0.5944444447115385 0.4125 0.5911111105769231 0.4116666658653846 0.5544444447115384 0.4 0.5544444447115384 0.39916666586538463 0.5966666658653846 0.39 0.6 0.3791666658653846 0.608888889423077 0.3758333341346154 0.62 0.3775 0.6288888894230769 0.38583333413461535 0.6288888894230769 0.3891666658653846 0.6288888894230769 0.3916666658653846 0.6133333341346154 0.3983333341346154 0.608888889423077 0.39583333413461536 0.638888889423077 0.3983333341346154 0.701111110576923 0.4208333341346154 0.6988888894230769 0.42 0.6433333341346154 0.4275 0.631111110576923 0.42666666586538465 0.618888889423077 0.4241666658653846 0.6166666658653847 0.41750000000000004 0.6166666658653847 0.4183333341346154 0.6033333341346154 0.4233333341346154 0.6022222211538462 0.4241666658653846 0.5977777788461538 0.41333333413461537 0.5944444447115385