279 0.6083984375 0.006510415865384616 0.533203125 0.015625 0.533203125 0.10286458413461538 0.708984375 0.08984375 0.7041015625 0.002604165865384616 0.6083984375 0.006510415865384616
1612 0.05078125 0.2994791658653846 0.12890625 0.2955729158653846 0.125 0.08854166586538462 0.0576171875 0.09244791586538462 0.05078125 0.2994791658653846
1341 0.1064453125 0.5377604158653846 0.1083984375 0.52734375 0.0888671875 0.5234375 0.0771484375 0.5247395841346154 0.0712890625 0.53515625 0.076171875 0.5442708341346154 0.078125 0.5611979158653846 0.0830078125 0.57421875 0.1064453125 0.5716145841346154 0.1162109375 0.5598958341346154 0.109375 0.5416666658653846 0.1064453125 0.5377604158653846
1314 0.6484375 0.359375 0.466796875 0.36328125 0.4560546875 0.5716145841346154 0.63671875 0.578125 0.6484375 0.359375
1314 0.7421875 0.5208333341346154 0.744140625 0.46875 0.6455078125 0.46744791586538464 0.642578125 0.5768229158653846 0.716796875 0.5794270841346154 0.7421875 0.5208333341346154
1314 0.4287109375 0.38020833413461536 0.3388671875 0.38541666586538464 0.330078125 0.5533854158653846 0.423828125 0.5598958341346154 0.4287109375 0.38020833413461536
268 0.263671875 0.029947915865384613 0.265625 0.026041665865384613 0.2421875 0.020833334134615387 0.2275390625 0.01953125 0.134765625 0.029947915865384613 0.134765625 0.046875 0.2421875 0.03385416586538462 0.263671875 0.029947915865384613
1942 0.4501953125 0.23307291586538462 0.5234375 0.2265625 0.5224609375 0.0703125 0.4072265625 0.08203125 0.412109375 0.25 0.4482421875 0.24739583413461538 0.4501953125 0.23307291586538462
314 0.4501953125 0.23307291586538462 0.4521484375 0.234375 0.4521484375 0.28125 0.5 0.2786458341346154 0.5244140625 0.27734375 0.5234375 0.2265625 0.4501953125 0.23307291586538462
268 0.3515625 0.0013020841346153846 0.3525390625 0.018229165865384613 0.4912109375 0.002604165865384616 0.4677734375 0 0.3515625 0.0013020841346153846
282 0.1982421875 0.078125 0.1953125 0.07682291586538462 0.193359375 0.07161458413461538 0.193359375 0.05989583413461538 0.1708984375 0.0546875 0.134765625 0.05598958413461538 0.1357421875 0.14453125 0.197265625 0.13802083413461538 0.1982421875 0.078125
282 0.2314453125 0.13671875 0.232421875 0.12890625 0.2294921875 0.13020833413461538 0.228515625 0.12760416586538462 0.2275390625 0.12109375 0.2294921875 0.12109375 0.2607421875 0.1171875 0.265625 0.05729166586538462 0.2626953125 0.05598958413461538 0.236328125 0.0546875 0.1982421875 0.05729166586538462 0.197265625 0.13802083413461538 0.203125 0.13802083413461538 0.2314453125 0.13671875
279 0.23046875 0.12239583413461538 0.23046875 0.125 0.232421875 0.13020833413461538 0.2333984375 0.13541666586538462 0.291015625 0.13020833413461538 0.291015625 0.11328125 0.2841796875 0.11328125 0.2607421875 0.11848958413461538 0.23046875 0.12239583413461538
282 0.3173828125 0.03255208413461538 0.3037109375 0.03645833413461538 0.2998046875 0.04036458413461538 0.291015625 0.04036458413461538 0.2919921875 0.13151041586538462 0.3173828125 0.12630208413461538 0.3173828125 0.03255208413461538
268 0.7099609375 0.14322916586538462 0.70703125 0.1171875 0.703125 0.11848958413461538 0.697265625 0.11328125 0.666015625 0.13671875 0.6708984375 0.15755208413461538 0.7041015625 0.14322916586538462 0.7099609375 0.14322916586538462
282 0.6630859375 0.16015625 0.6669921875 0.15625 0.6640625 0.13151041586538462 0.66015625 0.1328125 0.66015625 0.13671875 0.654296875 0.13671875 0.65234375 0.1328125 0.626953125 0.125 0.623046875 0.125 0.615234375 0.1328125 0.599609375 0.12760416586538462 0.59375 0.13020833413461538 0.58203125 0.12630208413461538 0.53125 0.125 0.5322265625 0.2760416658653846 0.6611328125 0.2708333341346154 0.6630859375 0.16015625
282 0.671875 0.15625 0.6669921875 0.15755208413461538 0.6650390625 0.16145833413461538 0.6640625 0.26953125 0.712890625 0.2669270841346154 0.7080078125 0.14453125 0.701171875 0.14322916586538462 0.69140625 0.1484375 0.671875 0.15625
282 0.2890625 0.16145833413461538 0.2802734375 0.16145833413461538 0.2724609375 0.16145833413461538 0.2578125 0.16145833413461538 0.2451171875 0.16276041586538462 0.2412109375 0.16536458413461538 0.2392578125 0.2916666658653846 0.322265625 0.2877604158653846 0.3173828125 0.15625 0.3134765625 0.15364583413461538 0.2998046875 0.15364583413461538 0.298828125 0.16145833413461538 0.2890625 0.16145833413461538
268 0.2353515625 0.2890625 0.23828125 0.2877604158653846 0.2392578125 0.16015625 0.2373046875 0.16015625 0.2333984375 0.15885416586538462 0.20703125 0.2916666658653846 0.20703125 0.29296875 0.2197265625 0.29296875 0.2353515625 0.2890625
282 0.154296875 0.19140625 0.15234375 0.19401041586538462 0.154296875 0.296875 0.158203125 0.2981770841346154 0.1708984375 0.2955729158653846 0.1884765625 0.2955729158653846 0.203125 0.2942708341346154 0.20703125 0.2942708341346154 0.2275390625 0.17838541586538462 0.2265625 0.17578125 0.2099609375 0.17447916586538462 0.1953125 0.17057291586538462 0.158203125 0.17578125 0.154296875 0.17578125 0.154296875 0.19140625
268 0.1513671875 0.19140625 0.15234375 0.1875 0.15234375 0.17578125 0.1826171875 0.17578125 0.1923828125 0.16666666586538462 0.189453125 0.1640625 0.1787109375 0.15755208413461538 0.16015625 0.15234375 0.1513671875 0.15234375 0.13671875 0.15234375 0.13671875 0.2955729158653846 0.1513671875 0.296875 0.15234375 0.2955729158653846 0.1513671875 0.19140625
809 0.3759765625 0.2838541658653846 0.3994140625 0.2825520841346154 0.41015625 0.2578125 0.4111328125 0.25 0.4091796875 0.24088541586538462 0.4033203125 0.234375 0.3984375 0.22916666586538462 0.404296875 0.22395833413461538 0.40625 0.2265625 0.412109375 0.21875 0.4150390625 0.21223958413461538 0.41796875 0.2109375 0.43359375 0.2265625 0.431640625 0.21614583413461538 0.4208984375 0.20703125 0.4248046875 0.203125 0.4296875 0.2109375 0.43359375 0.2109375 0.43359375 0.20572916586538462 0.4365234375 0.20963541586538462 0.4443359375 0.21223958413461538 0.4482421875 0.21223958413461538 0.44921875 0.20833333413461538 0.44921875 0.20182291586538462 0.44921875 0.19270833413461538 0.4482421875 0.1875 0.4443359375 0.18098958413461538 0.439453125 0.17578125 0.4365234375 0.171875 0.435546875 0.171875 0.4306640625 0.171875 0.4287109375 0.17838541586538462 0.4287109375 0.18619791586538462 0.4248046875 0.18229166586538462 0.4228515625 0.19010416586538462 0.4228515625 0.19401041586538462 0.4208984375 0.20052083413461538 0.416015625 0.20442708413461538 0.412109375 0.20572916586538462 0.4130859375 0.19791666586538462 0.4140625 0.19401041586538462 0.4111328125 0.19140625 0.4052734375 0.19140625 0.3994140625 0.19140625 0.3935546875 0.19661458413461538 0.3876953125 0.19921875 0.3837890625 0.20963541586538462 0.3837890625 0.21614583413461538 0.3837890625 0.22135416586538462 0.37890625 0.22395833413461538 0.37890625 0.21744791586538462 0.3759765625 0.2109375 0.37109375 0.2109375 0.3671875 0.20442708413461538 0.36328125 0.19661458413461538 0.359375 0.19401041586538462 0.3525390625 0.18880208413461538 0.3466796875 0.17578125 0.34375 0.17578125 0.3466796875 0.21875 0.3505859375 0.21744791586538462 0.3544921875 0.20572916586538462 0.357421875 0.203125 0.3603515625 0.20572916586538462 0.3564453125 0.20833333413461538 0.3544921875 0.21223958413461538 0.3515625 0.22005208413461538 0.3603515625 0.21875 0.365234375 0.21614583413461538 0.3671875 0.21354166586538462 0.37109375 0.2265625 0.37109375 0.23177083413461538 0.361328125 0.2421875 0.3623046875 0.2513020841346154 0.3623046875 0.2591145841346154 0.3759765625 0.2838541658653846
268 0.3115234375 0.5638020841346154 0.3017578125 0.5651041658653846 0.3017578125 0.58203125 0.3837890625 0.5833333341346154 0.4267578125 0.57421875 0.4267578125 0.55859375 0.3857421875 0.5611979158653846 0.3115234375 0.5638020841346154
299 0.392578125 0.5442708341346154 0.3310546875 0.5442708341346154 0.31640625 0.546875 0.33203125 0.5611979158653846 0.380859375 0.5611979158653846 0.39453125 0.5481770841346154 0.392578125 0.5442708341346154
1942 0.857421875 0 0.865234375 0.48958333413461536 0.9990234375 0.48828125 0.9990234375 0 0.857421875 0
1329 0.7626953125 0.69140625 0.7958984375 0.6940104158653846 0.796875 0.6966145841346154 0.798828125 0.7044270841346154 0.779296875 0.7161458341346154 0.8388671875 0.7135416658653846 0.8388671875 0.7096354158653846 0.8310546875 0.7057291658653846 0.8349609375 0.69921875 0.845703125 0.6940104158653846 0.8505859375 0.6822916658653846 0.8564453125 0.65234375 0.861328125 0.60546875 0.8603515625 0.5533854158653846 0.865234375 0.5455729158653846 0.8427734375 0.5442708341346154 0.8291015625 0.5481770841346154 0.78515625 0.5442708341346154 0.779296875 0.55078125 0.7744140625 0.5494791658653846 0.759765625 0.5455729158653846 0.7548828125 0.5338541658653846 0.74609375 0.5299479158653846 0.74609375 0.66796875 0.759765625 0.6901041658653846 0.7626953125 0.69140625
1329 0.8857421875 0.5494791658653846 0.87109375 0.5325520841346154 0.8662109375 0.5403645841346154 0.861328125 0.5546875 0.8603515625 0.5807291658653846 0.8623046875 0.59375 0.861328125 0.609375 0.859375 0.6302083341346154 0.8564453125 0.6497395841346154 0.853515625 0.6692708341346154 0.8486328125 0.69140625 0.845703125 0.6940104158653846 0.833984375 0.7018229158653846 0.8330078125 0.7057291658653846 0.8408203125 0.7109375 0.84765625 0.7135416658653846 0.8828125 0.71484375 0.9267578125 0.7200520841346154 0.958984375 0.7239583341346154 0.9892578125 0.72265625 0.9921875 0.71875 0.9912109375 0.71484375 0.9892578125 0.7135416658653846 0.9921875 0.6276041658653846 0.9990234375 0.6015625 0.9990234375 0.5546875 0.9853515625 0.5546875 0.966796875 0.5572916658653846 0.9482421875 0.55859375 0.939453125 0.5598958341346154 0.9287109375 0.5533854158653846 0.9140625 0.55078125 0.8974609375 0.5494791658653846 0.8857421875 0.5494791658653846
1314 0.2802734375 0.5716145841346154 0.2998046875 0.5690104158653846 0.3134765625 0.5625 0.3212890625 0.42708333413461536 0.23828125 0.42708333413461536 0.236328125 0.45182291586538464 0.2822265625 0.45182291586538464 0.2802734375 0.5716145841346154
1314 0.283203125 0.45182291586538464 0.1904296875 0.45182291586538464 0.1826171875 0.56640625 0.181640625 0.5703125 0.279296875 0.57421875 0.283203125 0.45182291586538464
1314 0.181640625 0.5690104158653846 0.1884765625 0.44921875 0.2109375 0.44921875 0.2109375 0.4375 0.1103515625 0.4375 0.1044921875 0.51953125 0.103515625 0.5677083341346154 0.1318359375 0.5690104158653846 0.181640625 0.5690104158653846
299 0.1318359375 0.5625 0.13671875 0.57421875 0.1572265625 0.5729166658653846 0.1630859375 0.5729166658653846 0.16796875 0.5598958341346154 0.169921875 0.5520833341346154 0.166015625 0.5364583341346154 0.1337890625 0.5364583341346154 0.1318359375 0.54296875 0.1298828125 0.5481770841346154 0.1318359375 0.5625
809 0.2255859375 0.6614583341346154 0.2353515625 0.6901041658653846 0.2490234375 0.6940104158653846 0.265625 0.6953125 0.28125 0.6549479158653846 0.28125 0.63671875 0.279296875 0.62109375 0.2685546875 0.6106770841346154 0.26171875 0.6080729158653846 0.2646484375 0.58984375 0.279296875 0.5885416658653846 0.287109375 0.5846354158653846 0.2939453125 0.5846354158653846 0.294921875 0.59375 0.2958984375 0.5989583341346154 0.3017578125 0.6002604158653846 0.3056640625 0.6015625 0.310546875 0.5950520841346154 0.3115234375 0.5859375 0.306640625 0.5755208341346154 0.298828125 0.5651041658653846 0.3125 0.55078125 0.310546875 0.546875 0.296875 0.5546875 0.2939453125 0.5481770841346154 0.2978515625 0.5390625 0.3046875 0.5286458341346154 0.306640625 0.5169270841346154 0.3017578125 0.50390625 0.2998046875 0.5026041658653846 0.3076171875 0.4921875 0.306640625 0.484375 0.2998046875 0.47916666586538464 0.2890625 0.47916666586538464 0.287109375 0.48307291586538464 0.279296875 0.46484375 0.27734375 0.46744791586538464 0.271484375 0.47135416586538464 0.265625 0.46744791586538464 0.259765625 0.46875 0.2529296875 0.47135416586538464 0.2548828125 0.47786458413461536 0.263671875 0.47786458413461536 0.2685546875 0.484375 0.265625 0.48828125 0.25390625 0.48828125 0.25 0.48307291586538464 0.24609375 0.47786458413461536 0.2412109375 0.47786458413461536 0.2265625 0.45182291586538464 0.2216796875 0.45182291586538464 0.2197265625 0.45703125 0.2314453125 0.48958333413461536 0.220703125 0.48697916586538464 0.2138671875 0.48828125 0.2080078125 0.4921875 0.2080078125 0.5 0.2119140625 0.5091145841346154 0.2158203125 0.5091145841346154 0.2109375 0.5221354158653846 0.216796875 0.53515625 0.205078125 0.5390625 0.1962890625 0.5221354158653846 0.1982421875 0.5104166658653846 0.201171875 0.5104166658653846 0.20703125 0.5104166658653846 0.2080078125 0.50390625 0.1982421875 0.5013020841346154 0.193359375 0.5091145841346154 0.189453125 0.5130208341346154 0.1826171875 0.5130208341346154 0.1787109375 0.5208333341346154 0.173828125 0.5299479158653846 0.1806640625 0.53515625 0.1806640625 0.5403645841346154 0.177734375 0.55078125 0.173828125 0.5625 0.1669921875 0.57421875 0.162109375 0.5794270841346154 0.1630859375 0.5885416658653846 0.1748046875 0.58984375 0.1708984375 0.6145833341346154 0.1708984375 0.62109375 0.1826171875 0.6341145841346154 0.185546875 0.6302083341346154 0.1787109375 0.61328125 0.1962890625 0.6145833341346154 0.185546875 0.5950520841346154 0.1962890625 0.5833333341346154 0.208984375 0.5846354158653846 0.2109375 0.5859375 0.21484375 0.59375 0.220703125 0.5846354158653846 0.2255859375 0.5807291658653846 0.240234375 0.6067708341346154 0.23046875 0.6171875 0.224609375 0.625 0.2236328125 0.6419270841346154 0.2255859375 0.6614583341346154
1265 0.205078125 0.7057291658653846 0.2109375 0.7044270841346154 0.212890625 0.703125 0.2236328125 0.7044270841346154 0.2275390625 0.7005208341346154 0.2333984375 0.6940104158653846 0.2333984375 0.6861979158653846 0.2353515625 0.6744791658653846 0.2333984375 0.6692708341346154 0.2294921875 0.6640625 0.2236328125 0.6627604158653846 0.2158203125 0.6627604158653846 0.208984375 0.6653645841346154 0.205078125 0.67578125 0.19921875 0.6861979158653846 0.1962890625 0.69921875 0.189453125 0.703125 0.1962890625 0.7057291658653846 0.205078125 0.7057291658653846
1266 0.2822265625 0.6640625 0.2734375 0.66015625 0.2646484375 0.6640625 0.259765625 0.6640625 0.2578125 0.671875 0.2509765625 0.6783854158653846 0.25 0.6861979158653846 0.2509765625 0.6940104158653846 0.259765625 0.69921875 0.263671875 0.6953125 0.267578125 0.69921875 0.26953125 0.703125 0.2734375 0.703125 0.2822265625 0.7018229158653846 0.287109375 0.69921875 0.2939453125 0.6940104158653846 0.2939453125 0.6809895841346154 0.2919921875 0.6731770841346154 0.2822265625 0.6640625
679 0.35546875 0.61328125 0.3564453125 0.6692708341346154 0.470703125 0.6731770841346154 0.46875 0.6145833341346154 0.35546875 0.61328125
679 0.2802734375 0.62109375 0.2822265625 0.62890625 0.283203125 0.6536458341346154 0.279296875 0.66015625 0.287109375 0.6653645841346154 0.3515625 0.6705729158653846 0.349609375 0.6145833341346154 0.345703125 0.6145833341346154 0.2724609375 0.6106770841346154 0.2802734375 0.62109375
679 0.58984375 0.6341145841346154 0.5234375 0.625 0.4775390625 0.6184895841346154 0.4794921875 0.6705729158653846 0.5849609375 0.6822916658653846 0.5791015625 0.6510416658653846 0.58984375 0.6341145841346154
679 0.6298828125 0.6328125 0.6396484375 0.6419270841346154 0.642578125 0.66015625 0.65234375 0.6692708341346154 0.66015625 0.6692708341346154 0.6669921875 0.6653645841346154 0.6767578125 0.671875 0.69921875 0.6783854158653846 0.7099609375 0.67578125 0.7099609375 0.6276041658653846 0.623046875 0.625 0.6181640625 0.6236979158653846 0.6181640625 0.6302083341346154 0.6298828125 0.6328125
679 0.224609375 0.66015625 0.2216796875 0.6328125 0.22265625 0.62109375 0.234375 0.609375 0.13671875 0.60546875 0.13671875 0.6549479158653846 0.1962890625 0.6614583341346154 0.2236328125 0.6627604158653846 0.224609375 0.66015625
679 0.0556640625 0.6536458341346154 0.134765625 0.6549479158653846 0.134765625 0.6067708341346154 0.0537109375 0.60546875 0.0556640625 0.6536458341346154
1503 0.96484375 0.7278645841346154 0.9169921875 0.7200520841346154 0.8779296875 0.7200520841346154 0.7763671875 0.7161458341346154 0.7724609375 0.7213541658653846 0.7705078125 0.7486979158653846 0.7353515625 0.7721354158653846 0.71875 0.7799479158653846 0.7197265625 0.78515625 0.728515625 0.7890625 0.7734375 0.79296875 0.794921875 0.7942708341346154 0.8251953125 0.8020833341346154 0.8671875 0.8046875 0.90234375 0.8072916658653846 0.927734375 0.8033854158653846 0.9775390625 0.8072916658653846 1 0.8098958341346154 0.9990234375 0.7213541658653846 0.98828125 0.72265625 0.96484375 0.7278645841346154
1019 0.4150390625 0.6484375 0.41796875 0.6432291658653846 0.416015625 0.640625 0.412109375 0.6393229158653846 0.40625 0.63671875 0.404296875 0.64453125 0.4072265625 0.6510416658653846 0.41015625 0.65234375 0.4150390625 0.6484375
1019 0.2919921875 0.6354166658653846 0.2900390625 0.6354166658653846 0.2900390625 0.6419270841346154 0.2900390625 0.6458333341346154 0.2939453125 0.6458333341346154 0.298828125 0.6419270841346154 0.2978515625 0.6354166658653846 0.294921875 0.6354166658653846 0.2919921875 0.6354166658653846
1019 0.65234375 0.6627604158653846 0.65625 0.6653645841346154 0.6591796875 0.6627604158653846 0.6611328125 0.65625 0.66015625 0.6484375 0.654296875 0.6497395841346154 0.6533203125 0.6510416658653846 0.65234375 0.6627604158653846
1019 0.529296875 0.6484375 0.53515625 0.65625 0.5400390625 0.6549479158653846 0.54296875 0.6484375 0.5390625 0.6432291658653846 0.5322265625 0.6432291658653846 0.529296875 0.6432291658653846 0.529296875 0.6484375
1019 0.177734375 0.6302083341346154 0.1787109375 0.6393229158653846 0.181640625 0.640625 0.185546875 0.640625 0.1923828125 0.6341145841346154 0.1875 0.6302083341346154 0.1826171875 0.6276041658653846 0.177734375 0.6302083341346154
1708 0.7724609375 1 0.7705078125 0.7526041658653846 0.7705078125 0.7200520841346154 0.7958984375 0.703125 0.7939453125 0.6953125 0.76171875 0.6940104158653846 0.330078125 0.6705729158653846 0.16015625 0.6627604158653846 0.14453125 0.6627604158653846 0.119140625 0.6731770841346154 0.0009765625 0.7005208341346154 0.0009765625 0.7213541658653846 0.00390625 0.7213541658653846 0.01171875 0.9986979158653846 0.0537109375 0.9986979158653846 0.048828125 0.765625 0.16015625 0.7747395841346154 0.166015625 0.9973958341346154 0.166015625 1 0.2021484375 1 0.1982421875 0.7786458341346154 0.310546875 0.7864583341346154 0.4375 0.796875 0.5302734375 0.8046875 0.59765625 0.8111979158653846 0.630859375 0.8125 0.63671875 1 0.681640625 1 0.6787109375 0.8033854158653846 0.7314453125 0.7721354158653846 0.7333984375 0.7708333341346154 0.736328125 1 0.7724609375 1
1735 0.583984375 0.63671875 0.5830078125 0.6315104158653846 0.580078125 0.62890625 0.5732421875 0.6276041658653846 0.5693359375 0.62890625 0.56640625 0.6328125 0.5634765625 0.6354166658653846 0.5615234375 0.64453125 0.5625 0.6588541658653846 0.56640625 0.6666666658653846 0.5712890625 0.671875 0.58203125 0.6783854158653846 0.58984375 0.6953125 0.6162109375 0.7005208341346154 0.6220703125 0.6901041658653846 0.62890625 0.6809895841346154 0.6376953125 0.67578125 0.650390625 0.6705729158653846 0.65234375 0.6640625 0.654296875 0.65625 0.654296875 0.6458333341346154 0.654296875 0.6380208341346154 0.6591796875 0.6354166658653846 0.6611328125 0.62890625 0.6533203125 0.6276041658653846 0.650390625 0.6302083341346154 0.646484375 0.6354166658653846 0.6455078125 0.640625 0.6455078125 0.6484375 0.64453125 0.6536458341346154 0.640625 0.6614583341346154 0.640625 0.6588541658653846 0.640625 0.6536458341346154 0.6396484375 0.64453125 0.63671875 0.6380208341346154 0.6201171875 0.6315104158653846 0.615234375 0.62890625 0.59765625 0.62890625 0.5908203125 0.6315104158653846 0.5859375 0.6380208341346154 0.583984375 0.63671875
1157 0.6611328125 0.6692708341346154 0.654296875 0.6705729158653846 0.646484375 0.6731770841346154 0.630859375 0.6796875 0.6240234375 0.6875 0.6201171875 0.6966145841346154 0.6220703125 0.7005208341346154 0.6298828125 0.703125 0.6298828125 0.7083333341346154 0.642578125 0.7083333341346154 0.7119140625 0.703125 0.7373046875 0.7018229158653846 0.744140625 0.7005208341346154 0.75 0.6979166658653846 0.759765625 0.6927083341346154 0.759765625 0.6861979158653846 0.755859375 0.6809895841346154 0.75390625 0.6731770841346154 0.7509765625 0.6692708341346154 0.7470703125 0.66796875 0.7421875 0.6692708341346154 0.736328125 0.6744791658653846 0.7333984375 0.6744791658653846 0.7119140625 0.67578125 0.6982421875 0.6809895841346154 0.6669921875 0.6640625 0.6611328125 0.6692708341346154
352 0.5830078125 0.6848958341346154 0.572265625 0.6796875 0.5537109375 0.6796875 0.54296875 0.69140625 0.5439453125 0.7122395841346154 0.5810546875 0.7135416658653846 0.5859375 0.7109375 0.5830078125 0.6848958341346154
1688 0.486328125 0.6588541658653846 0.486328125 0.6666666658653846 0.48828125 0.6848958341346154 0.4912109375 0.69921875 0.4970703125 0.7057291658653846 0.509765625 0.7057291658653846 0.53125 0.703125 0.5341796875 0.6979166658653846 0.537109375 0.6692708341346154 0.537109375 0.66015625 0.5283203125 0.6497395841346154 0.51953125 0.6484375 0.5146484375 0.6419270841346154 0.509765625 0.6341145841346154 0.505859375 0.6419270841346154 0.5048828125 0.6458333341346154 0.4912109375 0.6510416658653846 0.486328125 0.6588541658653846
1362 0.6279296875 0.7057291658653846 0.6220703125 0.7018229158653846 0.6162109375 0.7005208341346154 0.5986328125 0.69921875 0.587890625 0.6979166658653846 0.5400390625 0.69921875 0.53515625 0.703125 0.5283203125 0.7044270841346154 0.52734375 0.7083333341346154 0.529296875 0.7122395841346154 0.53515625 0.7135416658653846 0.5400390625 0.7161458341346154 0.544921875 0.71875 0.546875 0.72265625 0.5595703125 0.7239583341346154 0.578125 0.7252604158653846 0.5947265625 0.7239583341346154 0.599609375 0.7252604158653846 0.611328125 0.72265625 0.6220703125 0.71484375 0.630859375 0.7135416658653846 0.6279296875 0.7057291658653846
1486 0.6953125 0.69921875 0.693359375 0.70703125 0.6748046875 0.70703125 0.6591796875 0.7057291658653846 0.6533203125 0.7005208341346154 0.6533203125 0.6979166658653846 0.6474609375 0.6979166658653846 0.640625 0.7018229158653846 0.6416015625 0.7044270841346154 0.6494140625 0.7109375 0.654296875 0.7174479158653846 0.66015625 0.7200520841346154 0.6865234375 0.7213541658653846 0.693359375 0.71875 0.705078125 0.7057291658653846 0.703125 0.7005208341346154 0.6953125 0.69921875
1733 0.693359375 0.703125 0.6962890625 0.69921875 0.697265625 0.6796875 0.685546875 0.6783854158653846 0.671875 0.67578125 0.666015625 0.67578125 0.65234375 0.6770833341346154 0.6533203125 0.6966145841346154 0.662109375 0.7044270841346154 0.693359375 0.703125
417 0.0556640625 0.94140625 0.115234375 0.93359375 0.119140625 0.9973958341346154 0.1337890625 0.9986979158653846 0.12890625 0.9440104158653846 0.1455078125 0.95703125 0.1494140625 0.9973958341346154 0.1630859375 0.9973958341346154 0.154296875 0.8229166658653846 0.1376953125 0.8059895841346154 0.1279296875 0.8046875 0.1279296875 0.77734375 0.1318359375 0.6536458341346154 0.13671875 0.59375 0.1337890625 0.5859375 0.1259765625 0.5859375 0.1220703125 0.58984375 0.1201171875 0.59375 0.01171875 0.59765625 0.0009765625 0.59765625 0.001953125 0.94921875 0.0078125 0.9505208341346154 0.0556640625 0.94140625
417 0.34765625 0.9921875 0.4599609375 0.9830729158653846 0.4599609375 0.9986979158653846 0.505859375 0.9973958341346154 0.5087890625 0.8893229158653846 0.509765625 0.8541666658653846 0.513671875 0.8111979158653846 0.515625 0.7799479158653846 0.5244140625 0.7213541658653846 0.529296875 0.6861979158653846 0.5341796875 0.66796875 0.533203125 0.6614583341346154 0.5283203125 0.6549479158653846 0.5244140625 0.6536458341346154 0.5166015625 0.65625 0.515625 0.6627604158653846 0.5146484375 0.6705729158653846 0.4736328125 0.67578125 0.4345703125 0.6796875 0.373046875 0.6783854158653846 0.33984375 0.6796875 0.3232421875 0.6796875 0.3232421875 0.6705729158653846 0.3173828125 0.66796875 0.3095703125 0.66796875 0.3046875 0.6705729158653846 0.3037109375 0.6783854158653846 0.310546875 0.7447916658653846 0.314453125 0.7838541658653846 0.31640625 0.8111979158653846 0.318359375 0.8385416658653846 0.322265625 0.8893229158653846 0.3212890625 0.9010416658653846 0.30078125 0.90234375 0.2939453125 0.90234375 0.291015625 0.9010416658653846 0.283203125 0.9010416658653846 0.2802734375 0.9166666658653846 0.283203125 0.9973958341346154 0.345703125 0.9986979158653846 0.34765625 0.9921875
417 0.6220703125 0.58984375 0.6171875 0.5885416658653846 0.609375 0.5885416658653846 0.6064453125 0.59375 0.5263671875 0.5833333341346154 0.521484375 0.5768229158653846 0.517578125 0.57421875 0.5146484375 0.57421875 0.51171875 0.5768229158653846 0.5107421875 0.5859375 0.5107421875 0.6184895841346154 0.5107421875 0.6341145841346154 0.4951171875 0.7903645841346154 0.4931640625 0.8072916658653846 0.3955078125 0.81640625 0.396484375 0.890625 0.3896484375 0.9973958341346154 0.40234375 0.9986979158653846 0.4033203125 0.9908854158653846 0.478515625 0.98046875 0.5107421875 0.97265625 0.5126953125 0.9986979158653846 0.521484375 0.9973958341346154 0.5234375 0.9674479158653846 0.58203125 0.9544270841346154 0.5859375 0.9973958341346154 0.6005859375 0.9973958341346154 0.59765625 0.8138020841346154 0.62109375 0.6106770841346154 0.623046875 0.5950520841346154 0.6220703125 0.58984375
417 0.9716796875 0.8255208341346154 0.9755859375 0.7864583341346154 0.9814453125 0.75390625 0.98828125 0.7265625 0.990234375 0.7057291658653846 0.994140625 0.6888020841346154 0.9931640625 0.6875 0.9951171875 0.6731770841346154 0.9970703125 0.6640625 0.9990234375 0.6588541658653846 0.9990234375 0.640625 0.9970703125 0.63671875 0.9892578125 0.6354166658653846 0.984375 0.63671875 0.9814453125 0.6393229158653846 0.9482421875 0.62890625 0.9287109375 0.6236979158653846 0.9091796875 0.62109375 0.90625 0.62109375 0.90625 0.6145833341346154 0.9013671875 0.6106770841346154 0.8974609375 0.6106770841346154 0.89453125 0.6106770841346154 0.890625 0.6158854158653846 0.8896484375 0.6197916658653846 0.888671875 0.62890625 0.884765625 0.6861979158653846 0.8798828125 0.7434895841346154 0.87890625 0.8255208341346154 0.8759765625 0.875 0.875 0.8802083341346154 0.775390625 0.8828125 0.7431640625 0.8828125 0.736328125 0.87890625 0.7314453125 0.87890625 0.7265625 0.87890625 0.724609375 0.8854166658653846 0.7236328125 0.91015625 0.7236328125 0.9752604158653846 0.7216796875 0.99609375 0.720703125 0.9986979158653846 0.7333984375 0.9986979158653846 0.7392578125 0.9856770841346154 0.755859375 0.9830729158653846 0.77734375 0.9830729158653846 0.7890625 0.9817708341346154 0.7919921875 0.9817708341346154 0.7919921875 0.9973958341346154 0.8125 0.9986979158653846 0.8125 0.9791666658653846 0.8720703125 0.9817708341346154 0.875 0.9986979158653846 0.8916015625 0.9973958341346154 0.8935546875 0.9505208341346154 0.9140625 0.94921875 0.9306640625 0.9466145841346154 0.939453125 0.9466145841346154 0.943359375 0.9453125 0.9404296875 0.9973958341346154 0.9599609375 0.99609375 0.9599609375 0.9739583341346154 0.9619140625 0.9466145841346154 0.96484375 0.8997395841346154 0.9716796875 0.8255208341346154