118 0.7614285721153846 0.7695238100961539 0.782857141826923 0.7714285721153846 0.7928571418269231 0.7495238100961538 0.7878571418269231 0.7266666658653846 0.7714285721153846 0.7133333341346154 0.7535714278846153 0.7142857139423077 0.7435714278846154 0.74 0.7414285721153846 0.7628571418269231 0.7614285721153846 0.7695238100961539
118 0.6742857139423077 0.7819047620192308 0.6828571418269231 0.7704761899038461 0.687142858173077 0.7533333341346153 0.6864285721153845 0.7361904759615385 0.6792857139423076 0.7247619038461538 0.67 0.717142858173077 0.645 0.7238095240384615 0.6364285721153846 0.7419047620192308 0.645 0.7685714278846153 0.657857141826923 0.7819047620192308 0.6742857139423077 0.7819047620192308
364 0.05857142788461538 0.5266666658653846 0.055 0.6009523798076923 0.045 0.6133333341346154 0.07642857211538462 0.6133333341346154 0.06857142788461539 0.5980952379807692 0.0657142860576923 0.5304761899038462 0.05857142788461538 0.5266666658653846
417 0.37642857211538466 0.7628571418269231 0.3892857139423077 0.8304761899038462 0.39 0.9314285721153847 0.38428571394230765 0.9990476201923078 0.39857142788461536 0.9952380961538462 0.40785714182692306 0.9247619038461538 0.40928571394230767 0.8809523798076923 0.4442857139423077 0.8933333341346154 0.4492857139423077 0.9990476201923078 0.46714285817307694 0.9990476201923078 0.46785714182692306 0.8914285721153846 0.47642857211538464 0.8914285721153846 0.4785714278846154 0.9971428581730769 0.4914285721153846 0.9952380961538462 0.4892857139423077 0.8904761899038461 0.572857141826923 0.872380951923077 0.5778571418269232 0.9990476201923078 0.5892857139423077 0.9990476201923078 0.5957142860576923 0.9342857139423076 0.5978571418269231 0.857142858173077 0.4942857139423077 0.7942857139423077 0.48714285817307695 0.7876190480769231 0.4942857139423077 0.7685714278846153 0.4928571418269231 0.7371428581730769 0.4857142860576923 0.7057142860576923 0.4821428581730769 0.6838095240384615 0.495 0.6514285721153846 0.5021428581730769 0.6333333341346153 0.5021428581730769 0.6019047620192308 0.4514285721153846 0.6085714278846154 0.40642857211538463 0.6152380961538462 0.36214285817307695 0.6114285721153846 0.35500000000000004 0.6257142860576923 0.3642857139423077 0.6666666658653846 0.37642857211538466 0.7104761899038461 0.37642857211538466 0.7628571418269231
426 0.27928571394230767 0.7390476201923076 0.275 0.7219047620192308 0.2664285721153846 0.7104761899038461 0.24142857211538463 0.7219047620192308 0.23214285817307692 0.7438095240384615 0.27714285817307693 0.9990476201923078 0.34785714182692307 0.9990476201923078 0.33571428605769227 0.9590476201923077 0.32857142788461535 0.9152380961538462 0.33 0.8676190480769231 0.34071428605769233 0.8590476201923077 0.33714285817307693 0.8428571418269232 0.34285714182692306 0.8333333341346154 0.33714285817307693 0.7733333341346154 0.27928571394230767 0.7657142860576923 0.27928571394230767 0.7390476201923076
224 0.15 0.8142857139423078 0.1557142860576923 0.7895238100961539 0.1564285721153846 0.7704761899038461 0.08714285817307693 0.764761903846154 0.0007142860576923077 0.8 0.0007142860576923077 0.8914285721153846 0.06142857211538462 0.86 0.06357142788461538 0.9590476201923077 0.07857142788461538 0.9590476201923077 0.0857142860576923 0.9314285721153847 0.0992857139423077 0.922857141826923 0.105 0.9104761899038463 0.11214285817307693 0.9276190480769231 0.1285714278846154 0.9447619038461539 0.13285714182692307 0.9685714278846155 0.1507142860576923 0.9666666658653846 0.15 0.8142857139423078
364 0.08857142788461539 0.6104761899038461 0.08142857211538461 0.5895238100961538 0.07857142788461538 0.5580952379807692 0.07857142788461538 0.48952381009615387 0.07071428605769231 0.48952381009615387 0.06714285817307693 0.5523809519230769 0.07071428605769231 0.6114285721153846 0.08857142788461539 0.6104761899038461
118 0.7135714278846154 0.7142857139423077 0.7135714278846154 0.7361904759615385 0.7242857139423078 0.7514285721153846 0.7371428581730769 0.7514285721153846 0.7485714278846154 0.7247619038461538 0.7507142860576923 0.7028571418269232 0.7342857139423077 0.6933333341346154 0.7228571418269231 0.697142858173077 0.7135714278846154 0.7142857139423077
1861 0.7992857139423077 0.7514285721153846 0.8150000000000001 0.7609523798076924 0.8628571418269231 0.7628571418269231 0.8914285721153846 0.7457142860576924 0.8892857139423077 0.7152380961538461 0.895 0.6714285721153845 0.895 0.6380952379807692 0.8857142860576922 0.6247619038461539 0.8657142860576923 0.62 0.8521428581730769 0.6161904759615384 0.8257142860576923 0.6114285721153846 0.8085714278846154 0.6161904759615384 0.792142858173077 0.6152380961538462 0.7778571418269231 0.6247619038461539 0.7749999999999999 0.642857141826923 0.7814285721153845 0.7 0.7778571418269231 0.7142857139423077 0.7885714278846153 0.7371428581730769 0.7992857139423077 0.7514285721153846
1861 0.7064285721153846 0.2609523798076923 0.6935714278846153 0.29619047596153847 0.7007142860576923 0.3114285721153846 0.7335714278846154 0.3114285721153846 0.7378571418269231 0.29238095192307695 0.7335714278846154 0.27714285817307693 0.7242857139423078 0.2609523798076923 0.7228571418269231 0.23904762019230769 0.7285714278846154 0.21714285817307694 0.7157142860576923 0.21714285817307694 0.7035714278846155 0.22 0.7064285721153846 0.23904762019230769 0.7064285721153846 0.2609523798076923
1861 0.8207142860576924 0.27714285817307693 0.8114285721153845 0.29238095192307695 0.8114285721153845 0.3085714278846154 0.842142858173077 0.3085714278846154 0.842142858173077 0.28952381009615386 0.8321428581730769 0.27809523798076924 0.8350000000000001 0.22952381009615383 0.8150000000000001 0.2323809519230769 0.8207142860576924 0.27714285817307693
1708 1 0.7190476201923077 0.9907142860576923 0.7057142860576923 0.9242857139423077 0.6933333341346154 0.73 0.6838095240384615 0.6014285721153846 0.6885714278846155 0.5057142860576923 0.7009523798076922 0.4507142860576923 0.72 0.4278571418269231 0.7457142860576924 0.4364285721153846 0.7704761899038461 0.5007142860576923 0.8085714278846154 0.49857142788461534 0.8838095240384616 0.515 0.9038095240384615 0.5114285721153846 0.9400000000000001 0.5078571418269231 0.9752380961538462 0.5128571418269231 0.9971428581730769 0.5542857139423076 0.9971428581730769 0.557857141826923 0.9761904759615384 0.5507142860576922 0.9495238100961539 0.5549999999999999 0.9352380961538462 0.5507142860576922 0.9180952379807692 0.5514285721153847 0.9076190480769231 0.5635714278846155 0.8885714278846154 0.5835714278846154 0.8638095240384616 0.5821428581730769 0.852380951923077 0.7007142860576923 0.8809523798076923 0.697857141826923 0.8952380961538461 0.7035714278846155 0.917142858173077 0.697857141826923 0.9400000000000001 0.7014285721153846 0.9590476201923077 0.7014285721153846 0.9761904759615384 0.7035714278846155 0.9990476201923078 0.7335714278846154 0.9942857139423077 0.7392857139423078 0.9485714278846153 0.7357142860576923 0.9152380961538462 0.7442857139423077 0.8914285721153846 0.8492857139423078 0.9133333341346154 0.8492857139423078 0.9733333341346154 0.8678571418269231 0.9990476201923078 0.92 0.9952380961538462 0.9314285721153847 0.9685714278846155 0.9328571418269231 0.9076190480769231 0.9635714278846154 0.8857142860576922 0.9785714278846154 0.9447619038461539 0.9728571418269231 0.9733333341346154 0.9728571418269231 0.9971428581730769 1 0.9990476201923078 1 0.7190476201923077
426 0.9364285721153845 0.6980952379807692 0.9835714278846154 0.7028571418269232 0.9892857139423078 0.6933333341346154 0.9907142860576923 0.6619047620192308 1 0.5209523798076924 0.9728571418269231 0.48952381009615387 0.9528571418269232 0.47809523798076925 0.9407142860576924 0.47809523798076925 0.9264285721153847 0.5 0.9135714278846153 0.5 0.8971428581730769 0.47523809615384616 0.8878571418269231 0.47523809615384616 0.8692857139423077 0.4828571418269231 0.855 0.4952380961538462 0.8457142860576923 0.5266666658653846 0.8492857139423078 0.5657142860576923 0.8621428581730769 0.6085714278846154 0.8678571418269231 0.642857141826923 0.8621428581730769 0.6790476201923077 0.9364285721153845 0.6980952379807692
1861 0.6628571418269231 0.08761904807692307 0.6678571418269231 0.09904762019230769 0.677857141826923 0.1838095240384615 0.6935714278846153 0.1876190480769231 0.7064285721153846 0.10476190384615386 0.7121428581730769 0.08666666586538462 0.6628571418269231 0.08761904807692307
1861 0.5835714278846154 0.09333333413461539 0.5835714278846154 0.11238095192307693 0.5928571418269231 0.19619047596153846 0.6192857139423077 0.1914285721153846 0.625 0.10476190384615386 0.6278571418269231 0.09428571394230768 0.5835714278846154 0.09333333413461539
299 0.5707142860576924 0.2619047620192308 0.5507142860576922 0.2619047620192308 0.567142858173077 0.3095238100961539 0.6071428581730769 0.3133333341346154 0.6235714278846154 0.26476190384615383 0.6114285721153846 0.2590476201923077 0.592142858173077 0.2580952379807692 0.5785714278846154 0.2571428581730769 0.5707142860576924 0.2619047620192308
1861 0.6707142860576922 0.2476190480769231 0.6321428581730769 0.2514285721153846 0.6378571418269231 0.3114285721153846 0.6657142860576923 0.3095238100961539 0.6707142860576922 0.2476190480769231
973 0.9349999999999999 0.2323809519230769 0.9142857139423076 0.2485714278846154 0.922857141826923 0.3028571418269231 0.9707142860576923 0.30476190384615387 0.9757142860576924 0.24476190384615387 0.9600000000000001 0.23047618990384616 0.9349999999999999 0.2323809519230769
1861 0.8321428581730769 0.08190476201923078 0.84 0.09333333413461539 0.8435714278846155 0.16857142788461538 0.8728571418269231 0.16857142788461538 0.8757142860576923 0.09142857211538462 0.8771428581730769 0.08190476201923078 0.8321428581730769 0.08190476201923078
1861 0.7464285721153847 0.15714285817307694 0.7542857139423076 0.17047618990384614 0.7521428581730769 0.1828571418269231 0.7714285721153846 0.1857142860576923 0.7742857139423076 0.07523809615384615 0.73 0.08 0.7464285721153847 0.15714285817307694
1341 0.7521428581730769 0.2276190480769231 0.7371428581730769 0.2409523798076923 0.75 0.3019047620192308 0.7728571418269231 0.3095238100961539 0.7785714278846154 0.22666666586538461 0.7521428581730769 0.2276190480769231
1861 0.9885714278846154 0.16476190384615386 0.9992857139423077 0.16285714182692307 0.9992857139423077 0.02 0.9814285721153847 0.020952379807692306 0.967142858173077 0.028571427884615384 0.9607142860576924 0.03333333413461538 0.9600000000000001 0.038095237980769234 0.9764285721153846 0.04952381009615384 0.9857142860576923 0.11428571394230769 0.9885714278846154 0.14666666586538463 0.9892857139423078 0.15809523798076922 0.9885714278846154 0.16476190384615386
1861 0.99 0.26857142788461535 0.9864285721153846 0.28380952403846155 0.9864285721153846 0.29523809615384616 0.9892857139423078 0.3038095240384615 0.9928571418269231 0.3076190480769231 0.9992857139423077 0.3066666658653846 0.9992857139423077 0.20761904807692308 0.9985714278846154 0.20952381009615387 0.9942857139423077 0.21047618990384614 0.9942857139423077 0.21238095192307693 0.9978571418269231 0.22 0.9978571418269231 0.2533333341346154 0.995 0.2580952379807692 0.99 0.26857142788461535
1362 0.7114285721153847 0.13714285817307692 0.7164285721153847 0.15714285817307694 0.7221428581730769 0.1714285721153846 0.7314285721153847 0.18190476201923078 0.8099999999999999 0.17714285817307693 0.8200000000000001 0.16952381009615386 0.8257142860576923 0.15523809615384615 0.8292857139423078 0.13428571394230768 0.8292857139423078 0.11523809615384616 0.8264285721153846 0.09238095192307692 0.8185714278846153 0.07619047596153847 0.807142858173077 0.07619047596153847 0.7242857139423078 0.08 0.7185714278846155 0.08952381009615386 0.7135714278846154 0.10380952403846154 0.7114285721153847 0.13714285817307692
1362 0.6907142860576924 0.2628571418269231 0.6849999999999999 0.24476190384615387 0.672857141826923 0.2257142860576923 0.6607142860576923 0.2209523798076923 0.6492857139423076 0.21714285817307694 0.6335714278846154 0.22190476201923076 0.6178571418269231 0.23809523798076923 0.61 0.25523809615384613 0.6164285721153846 0.29714285817307695 0.6242857139423077 0.3133333341346154 0.6735714278846154 0.31428571394230764 0.6842857139423076 0.3028571418269231 0.6907142860576924 0.28 0.6907142860576924 0.2628571418269231
1382 0.8978571418269231 0.27904762019230767 0.8871428581730769 0.26857142788461535 0.8842857139423077 0.25619047596153843 0.8892857139423077 0.24476190384615387 0.8657142860576923 0.24476190384615387 0.8657142860576923 0.2523809519230769 0.8635714278846154 0.2523809519230769 0.855 0.2571428581730769 0.8371428581730769 0.27238095192307693 0.8371428581730769 0.27619047596153845 0.8378571418269231 0.27904762019230767 0.8664285721153846 0.2666666658653846 0.857857141826923 0.27619047596153845 0.8478571418269231 0.2885714278846154 0.845 0.3066666658653846 0.8478571418269231 0.3104761899038462 0.86 0.3114285721153846 0.8792857139423076 0.3085714278846154 0.8935714278846153 0.3028571418269231 0.9057142860576923 0.3009523798076923 0.905 0.29619047596153847 0.9042857139423077 0.28761904807692307 0.8978571418269231 0.27904762019230767
1362 0.97 0.011428572115384615 0.9564285721153846 0.002857141826923077 0.9492857139423077 0.002857141826923077 0.9357142860576922 0.0009523798076923076 0.9192857139423077 0.0038095240384615385 0.9021428581730769 0.011428572115384615 0.8835714278846154 0.024761903846153847 0.8785714278846153 0.03142857211538462 0.8728571418269231 0.15523809615384615 0.885 0.16857142788461538 0.9064285721153845 0.17238095192307692 0.9299999999999999 0.17238095192307692 0.9642857139423077 0.17047618990384614 0.9842857139423077 0.16666666586538462 0.9878571418269231 0.15619047596153848 0.9728571418269231 0.04857142788461539 0.9778571418269231 0.01809523798076923 0.97 0.011428572115384615
1362 0.6607142860576923 0.09047618990384615 0.642142858173077 0.06476190384615385 0.6307142860576923 0.060000000000000005 0.6178571418269231 0.05904762019230769 0.6092857139423077 0.05904762019230769 0.5935714278846154 0.06666666586538461 0.5714285721153846 0.09523809615384615 0.5664285721153847 0.10190476201923077 0.5607142860576924 0.1257142860576923 0.5635714278846155 0.16190476201923076 0.5714285721153846 0.1828571418269231 0.5778571418269232 0.19333333413461537 0.5907142860576923 0.1942857139423077 0.6128571418269231 0.1914285721153846 0.625 0.19047618990384615 0.6499999999999999 0.18952381009615385 0.66 0.17714285817307693 0.6692857139423077 0.1590476201923077 0.6692857139423077 0.13047618990384616 0.667142858173077 0.09904762019230769 0.6607142860576923 0.09047618990384615
1520 0.8807142860576923 0.3457142860576923 0.9042857139423077 0.33523809615384614 0.9314285721153847 0.33047618990384614 0.9992857139423077 0.33047618990384614 0.9964285721153847 0.050476189903846155 0.982142858173077 0.04857142788461539 0.9571428581730769 0.04857142788461539 0.9357142860576922 0.04857142788461539 0.9114285721153846 0.05142857211538462 0.8935714278846153 0.04666666586538462 0.8835714278846154 0.03714285817307692 0.8757142860576923 0.026666665865384614 0.8714285721153847 0.007619048076923077 0.8678571418269231 0.0009523798076923076 0.7157142860576923 0.0009523798076923076 0.7114285721153847 0.009523810096153846 0.7064285721153846 0.020952379807692306 0.7057142860576923 0.04285714182692308 0.7035714278846155 0.054285713942307696 0.697857141826923 0.056190475961538464 0.6857142860576922 0.06476190384615385 0.6692857139423077 0.0657142860576923 0.6471428581730769 0.06666666586538461 0.6128571418269231 0.06952381009615384 0.5757142860576923 0.07619047596153847 0.5235714278846154 0.07809523798076924 0.4978571418269231 0.08285714182692307 0.4921428581730769 0.10095237980769231 0.4935714278846154 0.11333333413461538 0.5071428581730769 0.12380952403846154 0.5171428581730769 0.11809523798076924 0.5264285721153846 0.11428571394230769 0.53 0.1209523798076923 0.532857141826923 0.13714285817307692 0.5307142860576923 0.16 0.5264285721153846 0.1828571418269231 0.5264285721153846 0.1942857139423077 0.5278571418269231 0.22 0.5278571418269231 0.25619047596153843 0.525 0.27523809615384615 0.5164285721153846 0.2857142860576923 0.5092857139423077 0.3 0.5071428581730769 0.3247619038461539 0.5085714278846154 0.34666666586538464 0.5171428581730769 0.36095237980769235 0.5235714278846154 0.3619047620192308 0.535 0.3571428581730769 0.5399999999999999 0.35333333413461543 0.5407142860576923 0.3571428581730769 0.5385714278846154 0.35809523798076925 0.5371428581730769 0.36571428605769235 0.5371428581730769 0.3714285721153846 0.5492857139423077 0.3790476201923077 0.5664285721153847 0.3790476201923077 0.5692857139423076 0.3752380961538462 0.5664285721153847 0.3695238100961538 0.562857141826923 0.36 0.5692857139423076 0.34476190384615385 0.5807142860576924 0.33999999999999997 0.6078571418269231 0.3409523798076923 0.6192857139423077 0.34380952403846154 0.6307142860576923 0.34380952403846154 0.645 0.33809523798076924 0.6857142860576922 0.3409523798076923 0.697857141826923 0.34761904807692307 0.7271428581730769 0.36380952403846156 0.7507142860576923 0.3723809519230769 0.7771428581730769 0.3723809519230769 0.7842857139423077 0.3752380961538462 0.8114285721153845 0.3752380961538462 0.8371428581730769 0.3761904759615385 0.8607142860576923 0.3647619038461538 0.8807142860576923 0.3457142860576923
1942 0.12000000000000001 0.10380952403846154 0.12714285817307694 0.5895238100961538 0.40285714182692306 0.5952380961538462 0.3992857139423077 0.07904762019230768 0.12000000000000001 0.10380952403846154
1120 0.01071428605769231 0.1485714278846154 0.005 0.15047618990384615 0.0014285721153846154 0.15619047596153848 0.0014285721153846154 0.1657142860576923 0.0014285721153846154 0.4257142860576923 0.01071428605769231 0.42476190384615387 0.01 0.4209523798076923 0.01571428605769231 0.4019047620192308 0.020714286057692308 0.3790476201923077 0.020714286057692308 0.367619048076923 0.01714285817307692 0.34285714182692306 0.017857141826923075 0.3409523798076923 0.02142857211538462 0.3361904759615385 0.02142857211538462 0.3180952379807692 0.017857141826923075 0.3085714278846154 0.020714286057692308 0.3 0.02 0.28952381009615386 0.018571427884615386 0.27333333413461536 0.016428572115384614 0.24952381009615385 0.019285713942307693 0.22476190384615385 0.019285713942307693 0.21714285817307694 0.022857141826923076 0.22190476201923076 0.02928571394230769 0.22476190384615385 0.03142857211538462 0.2209523798076923 0.03142857211538462 0.2066666658653846 0.03142857211538462 0.1857142860576923 0.027857141826923077 0.17619047596153845 0.023571427884615383 0.17333333413461538 0.023571427884615383 0.15714285817307694 0.018571427884615386 0.15047618990384615 0.01071428605769231 0.1485714278846154
694 0.012142858173076922 0.6304761899038461 0.02142857211538462 0.6285714278846153 0.020714286057692308 0.6219047620192307 0.01 0.6161904759615384 0.014285713942307692 0.6038095240384616 0.01714285817307692 0.5704761899038462 0.017857141826923075 0.5419047620192308 0.02 0.5209523798076924 0.03071428605769231 0.49047618990384617 0.03642857211538462 0.4980952379807692 0.044285713942307695 0.5047619038461538 0.054285713942307696 0.4990476201923077 0.055 0.48000000000000004 0.05571428605769231 0.45904762019230766 0.13428571394230768 0.3066666658653846 0.14357142788461538 0.3009523798076923 0.14357142788461538 0.2885714278846154 0.13857142788461538 0.27904762019230767 0.1307142860576923 0.2857142860576923 0.11642857211538461 0.2933333341346154 0.10285714182692307 0.3104761899038462 0.1092857139423077 0.2933333341346154 0.11285714182692308 0.2742857139423077 0.11214285817307693 0.25619047596153843 0.09785714182692308 0.2476190480769231 0.08357142788461538 0.2485714278846154 0.0742857139423077 0.2523809519230769 0.06357142788461538 0.2504761899038461 0.06357142788461538 0.2542857139423077 0.05571428605769231 0.2809523798076923 0.04571428605769231 0.3066666658653846 0.03285714182692308 0.34190476201923076 0.025 0.3647619038461538 0.023571427884615383 0.34380952403846154 0.028571427884615384 0.3 0.03571428605769231 0.27047618990384614 0.04 0.23047618990384616 0.04571428605769231 0.2190476201923077 0.05071428605769231 0.2190476201923077 0.05214285817307692 0.21047618990384614 0.04928571394230769 0.19809523798076922 0.05071428605769231 0.18857142788461537 0.047142858173076924 0.18190476201923078 0.03714285817307692 0.1828571418269231 0.03285714182692308 0.1828571418269231 0.03428571394230769 0.20952381009615387 0.022142858173076926 0.2228571418269231 0.01071428605769231 0.2666666658653846 0.01071428605769231 0.2914285721153846 0.005714286057692307 0.25523809615384613 0.005714286057692307 0.2209523798076923 0.002142858173076923 0.21714285817307694 0.0007142860576923077 0.4828571418269231 0.0007142860576923077 0.6295238100961539 0.004285713942307692 0.6295238100961539 0.012142858173076922 0.6304761899038461
1693 0.0014285721153846154 0.6161904759615384 0.0014285721153846154 0.6314285721153846 0.0014285721153846154 0.6685714278846154 0.06785714182692307 0.677142858173077 0.07214285817307692 0.6761904759615385 0.0742857139423077 0.6704761899038462 0.07285714182692307 0.6666666658653846 0.08642857211538463 0.6638095240384616 0.105 0.6628571418269231 0.10785714182692309 0.6666666658653846 0.11 0.6742857139423077 0.11642857211538461 0.6847619038461539 0.1257142860576923 0.6885714278846155 0.1307142860576923 0.6828571418269231 0.1307142860576923 0.6742857139423077 0.12071428605769231 0.6571428581730768 0.12142857211538462 0.6504761899038461 0.1357142860576923 0.6447619038461538 0.15714285817307694 0.6333333341346153 0.16214285817307694 0.6152380961538462 0.1585714278846154 0.6028571418269231 0.145 0.5980952379807692 0.09142857211538462 0.5971428581730769 0.05357142788461538 0.5952380961538462 0.02928571394230769 0.6047619038461538 0.0014285721153846154 0.6161904759615384
583 0.7007142860576923 0.7438095240384615 0.702142858173077 0.735238096153846 0.702142858173077 0.7209523798076922 0.6964285721153847 0.7047619038461538 0.6892857139423078 0.6980952379807692 0.6835714278846154 0.6980952379807692 0.677142858173077 0.6980952379807692 0.6707142860576922 0.6980952379807692 0.6642857139423076 0.7028571418269232 0.6564285721153845 0.7142857139423077 0.655 0.7190476201923077 0.6585714278846153 0.7209523798076922 0.6692857139423077 0.72 0.677857141826923 0.7228571418269231 0.6857142860576922 0.7342857139423077 0.6885714278846155 0.7514285721153846 0.6957142860576924 0.7495238100961538 0.7007142860576923 0.7438095240384615
583 0.7721428581730769 0.677142858173077 0.7657142860576923 0.677142858173077 0.7578571418269231 0.6819047620192307 0.7542857139423076 0.6952380961538461 0.7507142860576923 0.7019047620192308 0.7542857139423076 0.7085714278846154 0.7621428581730769 0.7114285721153847 0.7685714278846153 0.7114285721153847 0.7749999999999999 0.7095238100961538 0.782857141826923 0.7085714278846154 0.7864285721153846 0.6980952379807692 0.7857142860576923 0.6885714278846155 0.7792857139423077 0.6819047620192307 0.7721428581730769 0.677142858173077
1885 1 0.47714285817307694 0.9992857139423077 0.0019047620192307693 0 0.0009523798076923076 0.0007142860576923077 0.9409523798076923 0.05857142788461538 0.9019047620192308 0.20785714182692308 0.8999999999999999 1 0.9580428990384615 1 0.47714285817307694
792 0.05857142788461538 0.9028571418269231 0.0014285721153846154 0.9438095240384615 0.0014285721153846154 0.9990476201923078 0.24928571394230767 1 0.9707142860576923 0.9990476201923078 0.9707142860576923 0.967619048076923 0.9349999999999999 0.9657142860576923 0.34785714182692307 0.9133333341346154 0.18857142788461537 0.9019047620192308 0.155 0.9057142860576923 0.05857142788461538 0.9028571418269231