1027 0.14 0.3552380961538461 0.13928571394230768 0.3076190480769231 0.1807142860576923 0.3028571418269231 0.1542857139423077 0.2276190480769231 0.1064285721153846 0.2228571418269231 0.08285714182692307 0.3066666658653846 0.1092857139423077 0.3095238100961539 0.1092857139423077 0.35333333413461543 0.10428571394230769 0.3752380961538462 0.10428571394230769 0.41142857211538464 0.1192857139423077 0.43142857211538466 0.13928571394230768 0.43142857211538466 0.1442857139423077 0.4180952379807692 0.14285714182692308 0.39047618990384614 0.14785714182692308 0.38 0.14 0.3552380961538461
1349 0.27214285817307693 0.45904762019230766 0.2571428581730769 0.4333333341346154 0.2392857139423077 0.41142857211538464 0.2435714278846154 0.39714285817307693 0.21571428605769233 0.39333333413461535 0.1921428581730769 0.39333333413461535 0.16785714182692307 0.39523809615384614 0.14785714182692308 0.4352380961538461 0.1278571418269231 0.46571428605769233 0.1314285721153846 0.507619048076923 0.13928571394230768 0.5371428581730769 0.16785714182692307 0.5485714278846154 0.21071428605769232 0.5485714278846154 0.2442857139423077 0.5409523798076923 0.2542857139423077 0.5238095240384616 0.2642857139423077 0.5104761899038461 0.2757142860576923 0.5085714278846154 0.27214285817307693 0.45904762019230766
1349 0.2292857139423077 0.3838095240384615 0.24714285817307693 0.34952381009615385 0.23214285817307692 0.3066666658653846 0.21071428605769232 0.2914285721153846 0.1928571418269231 0.2914285721153846 0.1614285721153846 0.3247619038461539 0.16785714182692307 0.35619047596153847 0.18142857211538463 0.39333333413461535 0.20285714182692308 0.39809523798076923 0.2292857139423077 0.3838095240384615
1590 0.28714285817307694 0.5371428581730769 0.2857142860576923 0.5190476201923077 0.1564285721153846 0.5019047620192307 0.05142857211538462 0.5419047620192308 0.10428571394230769 0.5590476201923077 0.105 0.7447619038461538 0.11642857211538461 0.78 0.1292857139423077 0.78 0.13928571394230768 0.7228571418269231 0.23785714182692308 0.7466666658653847 0.2457142860576923 0.7695238100961539 0.27357142788461536 0.7628571418269231 0.27214285817307693 0.5523809519230769 0.28714285817307694 0.5371428581730769
1219 0.0035714278846153847 0.0019047620192307693 0.005 0.38190476201923074 0.07642857211538462 0.38190476201923074 0.08142857211538461 0.0019047620192307693 0.0035714278846153847 0.0019047620192307693
126 0.11428571394230769 0.4219047620192308 0.08785714182692309 0.39523809615384614 0.060000000000000005 0.39523809615384614 0.0035714278846153847 0.4 0.002142858173076923 0.4457142860576923 0.002142858173076923 0.7295238100961539 0.1928571418269231 0.6657142860576923 0.19785714182692307 0.6238095240384616 0.19785714182692307 0.5704761899038462 0.1464285721153846 0.4438095240384615 0.11428571394230769 0.4219047620192308
417 0.43928571394230764 0.577142858173077 0.375 0.577142858173077 0.3664285721153846 0.5257142860576923 0.3464285721153846 0.46857142788461537 0.3057142860576923 0.45904762019230766 0.2642857139423077 0.4466666658653846 0.28714285817307694 0.5657142860576923 0.29214285817307695 0.7761904759615385 0.3057142860576923 0.7752380961538462 0.365 0.802857141826923 0.435 0.7961904759615385 0.5192857139423077 0.7866666658653846 0.5257142860576923 0.9466666658653846 0.5378571418269231 0.9457142860576924 0.5457142860576923 0.8200000000000001 0.5392857139423077 0.6942857139423076 0.5407142860576923 0.6171428581730769 0.45428571394230766 0.607619048076923 0.4378571418269231 0.5942857139423077 0.43928571394230764 0.577142858173077
417 0.9871428581730769 0.8952380961538461 0.9985714278846154 0.892380951923077 0.9985714278846154 0.5 0.9771428581730769 0.5723809519230769 0.97 0.6228571418269231 0.947142858173077 0.6523809519230769 0.917142858173077 0.6609523798076923 0.8257142860576923 0.6380952379807692 0.8207142860576924 0.6590476201923077 0.8257142860576923 0.7028571418269232 0.817857141826923 0.7619047620192307 0.8157142860576924 0.8304761899038462 0.8207142860576924 0.8447619038461538 0.822857141826923 0.9885714278846154 0.8364285721153847 0.9942857139423077 0.8407142860576923 0.8380952379807692 0.9557142860576923 0.8952380961538461 0.9600000000000001 0.9885714278846154 0.9871428581730769 0.9942857139423077 0.9871428581730769 0.8952380961538461
126 0.4928571418269231 0.4019047620192308 0.45428571394230766 0.38 0.41000000000000003 0.38 0.3535714278846154 0.38476190384615383 0.3485714278846154 0.4304761899038461 0.33 0.5304761899038462 0.31 0.5390476201923077 0.2807142860576923 0.5476190480769231 0.2542857139423077 0.6447619038461538 0.365 0.6590476201923077 0.40785714182692306 0.6628571418269231 0.44642857211538456 0.6457142860576923 0.45428571394230766 0.5857142860576923 0.47285714182692307 0.5019047620192307 0.4892857139423077 0.4838095240384615 0.4928571418269231 0.4019047620192308
1219 0.3 0.0038095240384615385 0.2985714278846154 0.3866666658653846 0.857857141826923 0.3885714278846154 0.8607142860576923 0.0019047620192307693 0.3 0.0038095240384615385
1710 0.677142858173077 0.46857142788461537 0.5942857139423077 0.46857142788461537 0.5507142860576922 0.47238095192307694 0.5007142860576923 0.4866666658653846 0.4614285721153846 0.5190476201923077 0.445 0.6095238100961539 0.46785714182692306 0.6104761899038461 0.5271428581730769 0.6057142860576923 0.5442857139423076 0.6323809519230769 0.5407142860576923 0.9190476201923077 0.5607142860576924 0.9657142860576923 0.602142858173077 0.987619048076923 0.8049999999999999 0.9885714278846154 0.8214285721153847 0.9685714278846155 0.817857141826923 0.782857141826923 0.8414285721153847 0.7495238100961538 0.9971428581730769 0.7266666658653846 1 0.5590476201923077 0.9871428581730769 0.4952380961538462 0.8742857139423077 0.47333333413461537 0.7578571418269231 0.46 0.677142858173077 0.46857142788461537
126 0.33857142788461536 0.78 0.20285714182692308 0.7819047620192308 0.11428571394230769 0.7885714278846153 0.0035714278846153847 0.8114285721153845 0.002142858173076923 0.9942857139423077 0.4742857139423077 0.9942857139423077 0.47000000000000003 0.9038095240384615 0.45785714182692305 0.8285714278846155 0.40857142788461537 0.78 0.33857142788461536 0.78
1329 0.1192857139423077 0.5352380961538462 0.11428571394230769 0.4666666658653846 0.04857142788461539 0.4666666658653846 0.016428572115384614 0.4666666658653846 0.013571427884615385 0.5190476201923077 0.016428572115384614 0.5504761899038462 0.06642857211538461 0.5504761899038462 0.1192857139423077 0.5352380961538462
180 0.8692857139423077 0.40476190384615385 0.8442857139423077 0.38 0.8314285721153846 0.3685714278846154 0.8164285721153846 0.34190476201923076 0.8014285721153847 0.33333333413461536 0.782857141826923 0.33333333413461536 0.7642857139423077 0.3714285721153846 0.7464285721153847 0.39333333413461535 0.7485714278846154 0.4380952379807692 0.7742857139423076 0.47047618990384615 0.7942857139423077 0.4819047620192308 0.8 0.47047618990384615 0.8392857139423077 0.47047618990384615 0.8442857139423077 0.4533333341346154 0.8528571418269231 0.4466666658653846 0.8771428581730769 0.42380952403846156 0.8692857139423077 0.40476190384615385
245 0.7435714278846154 0.3028571418269231 0.73 0.28 0.6864285721153845 0.27809523798076924 0.6799999999999999 0.19904762019230768 0.67 0.27619047596153845 0.6371428581730769 0.27619047596153845 0.6107142860576923 0.28761904807692307 0.6042857139423077 0.5019047620192307 0.625 0.5038095240384616 0.6335714278846154 0.48000000000000004 0.6799999999999999 0.4838095240384615 0.7464285721153847 0.4866666658653846 0.7435714278846154 0.3028571418269231
806 0.4971428581730769 0.35619047596153847 0.5121428581730769 0.35619047596153847 0.5242857139423077 0.39619047596153845 0.6007142860576923 0.3923809519230769 0.6407142860576923 0.3895238100961539 0.6607142860576923 0.2666666658653846 0.6564285721153845 0.2323809519230769 0.642857141826923 0.20380952403846153 0.6478571418269231 0.14476190384615384 0.6071428581730769 0.23523809615384617 0.5842857139423077 0.21619047596153845 0.5714285721153846 0.18952381009615385 0.5385714278846154 0.1857142860576923 0.5242857139423077 0.21714285817307694 0.5007142860576923 0.19238095192307691 0.4964285721153846 0.23619047596153847 0.46571428605769233 0.24190476201923075 0.5078571418269231 0.29809523798076926 0.4971428581730769 0.35619047596153847
804 0.532857141826923 0.4 0.5242857139423077 0.40476190384615385 0.5264285721153846 0.4742857139423077 0.645 0.4676190480769231 0.64 0.4019047620192308 0.6307142860576923 0.39333333413461535 0.532857141826923 0.4
587 0.8792857139423076 0.5123809519230769 0.9685714278846155 0.5209523798076924 0.9885714278846154 0.5152380961538461 0.9835714278846154 0.4380952379807692 0.8857142860576922 0.42857142788461544 0.8792857139423076 0.5123809519230769
397 0.9442857139423076 0.42857142788461544 0.9771428581730769 0.42476190384615387 0.9771428581730769 0.4019047620192308 0.9685714278846155 0.3761904759615385 0.9392857139423078 0.3733333341346154 0.9221428581730768 0.3695238100961538 0.9028571418269231 0.3838095240384615 0.8907142860576923 0.41333333413461537 0.8957142860576923 0.42857142788461544 0.9107142860576923 0.42666666586538465 0.9442857139423076 0.42857142788461544
588 0.565 0.47809523798076925 0.5685714278846153 0.45428571394230766 0.5685714278846153 0.4371428581730769 0.562142858173077 0.42380952403846156 0.547857141826923 0.41238095192307694 0.5414285721153846 0.41904762019230773 0.5321428581730769 0.4304761899038461 0.5292857139423077 0.45428571394230766 0.532857141826923 0.47523809615384616 0.565 0.47809523798076925
315 0.5850000000000001 0.5171428581730769 0.582857141826923 0.49047618990384617 0.5878571418269231 0.47238095192307694 0.5714285721153846 0.46190476201923075 0.5142857139423077 0.47047618990384615 0.5164285721153846 0.5133333341346155 0.5264285721153846 0.52 0.5549999999999999 0.5180952379807692 0.5850000000000001 0.5171428581730769
805 0.9121428581730769 0.030476189903846155 0.9292857139423076 0.053333334134615384 0.942857141826923 0.16476190384615386 0.9992857139423077 0.1657142860576923 0.9978571418269231 0.0009523798076923076 0.8871428581730769 0.0019047620192307693 0.9121428581730769 0.030476189903846155
591 0.8464285721153846 0.5066666658653847 0.8428571418269232 0.4790476201923077 0.8321428581730769 0.47238095192307694 0.8085714278846154 0.47238095192307694 0.7985714278846154 0.4790476201923077 0.7957142860576922 0.507619048076923 0.802857141826923 0.5295238100961538 0.8171428581730769 0.5361904759615385 0.8364285721153847 0.5342857139423077 0.8464285721153846 0.5066666658653847
591 0.7464285721153847 0.5028571418269231 0.745 0.47238095192307694 0.7307142860576923 0.4628571418269231 0.7142857139423077 0.46190476201923075 0.6992857139423077 0.47619047596153846 0.7007142860576923 0.5038095240384616 0.7085714278846154 0.5209523798076924 0.7242857139423078 0.5257142860576923 0.7378571418269231 0.522857141826923 0.7464285721153847 0.5028571418269231
1818 0.6935714278846153 0.5028571418269231 0.6814285721153847 0.5 0.6592857139423077 0.5247619038461538 0.6585714278846153 0.5457142860576923 0.8471428581730769 0.5561904759615385 0.8557142860576923 0.5285714278846154 0.8528571418269231 0.5085714278846154 0.6935714278846153 0.5028571418269231
1475 0.7785714278846154 0.5371428581730769 0.7935714278846154 0.5352380961538462 0.7942857139423077 0.4952380961538462 0.7878571418269231 0.4838095240384615 0.7664285721153846 0.4628571418269231 0.7585714278846154 0.4714285721153846 0.7542857139423076 0.4885714278846154 0.7535714278846153 0.5304761899038462 0.765 0.5361904759615385 0.7785714278846154 0.5371428581730769
1314 0.1942857139423077 0.40285714182692306 0.21214285817307693 0.39809523798076923 0.20785714182692308 0.3742857139423077 0.1907142860576923 0.3752380961538462 0.1942857139423077 0.40285714182692306