1050 0.6425 0.5777777788461539 0.6541666658653846 0.5777777788461539 0.6533333341346155 0.5533333341346154 0.6425 0.5511111105769231 0.6425 0.5777777788461539
763 0.8216666658653846 0.6355555552884616 0.8183333341346154 0.6288888894230769 0.8216666658653846 0.608888889423077 0.8091666658653847 0.6033333341346154 0.8016666658653846 0.6166666658653847 0.8033333341346154 0.6277777788461538 0.8033333341346154 0.6322222211538461 0.7975 0.6422222211538462 0.7966666658653847 0.7166666658653846 0.8116666658653846 0.7188888894230769 0.8225 0.7166666658653846 0.8200000000000001 0.6688888894230769 0.8216666658653846 0.6355555552884616
1942 0.38749999999999996 0.43 0.5283333341346154 0.4455555552884615 0.5358333341346154 0.24888888942307694 0.39583333413461536 0.21777777884615385 0.38749999999999996 0.43
417 0.7216666658653845 0.6466666658653846 0.7166666658653846 0.6077777788461538 0.705 0.6077777788461538 0.705 0.6177777788461539 0.7016666658653846 0.6344444447115385 0.6983333341346154 0.6522222211538462 0.6825 0.6455555552884615 0.6725 0.631111110576923 0.6591666658653845 0.6288888894230769 0.6508333341346154 0.6366666658653847 0.6391666658653846 0.6344444447115385 0.64 0.5988888894230769 0.6283333341346153 0.6 0.625 0.618888889423077 0.62 0.6488888894230769 0.6158333341346154 0.7111111105769231 0.7108333341346154 0.7344444447115385 0.715 0.6844444447115384 0.7216666658653845 0.6466666658653846
417 0.9541666658653847 0.6355555552884616 0.9525 0.66 0.9483333341346154 0.6766666658653846 0.9466666658653846 0.6911111105769231 0.9149999999999999 0.6711111105769232 0.8958333341346154 0.6588888894230769 0.8791666658653846 0.6622222211538461 0.8533333341346154 0.6755555552884616 0.855 0.6288888894230769 0.8516666658653846 0.618888889423077 0.8383333341346154 0.618888889423077 0.83 0.6799999999999999 0.8216666658653846 0.758888889423077 0.9641666658653846 0.7888888894230769 0.9725 0.6366666658653847 0.9541666658653847 0.6355555552884616
417 0.495 0.9933333341346154 0.4833333341346154 0.8777777788461538 0.44083333413461534 0.8744444447115385 0.43416666586538466 0.7866666658653846 0.4225 0.7311111105769231 0.4225 0.7188888894230769 0.41750000000000004 0.7077777788461539 0.4183333341346154 0.6766666658653846 0.40166666586538463 0.6644444447115384 0.3866666658653846 0.6733333341346154 0.3916666658653846 0.751111110576923 0.385 0.75 0.3708333341346154 0.7255555552884616 0.3591666658653846 0.7144444447115385 0.34083333413461536 0.7166666658653846 0.32499999999999996 0.7311111105769231 0.3116666658653846 0.7255555552884616 0.3033333341346154 0.6911111105769231 0.3058333341346154 0.6799999999999999 0.30166666586538465 0.6688888894230769 0.2966666658653846 0.6466666658653846 0.2916666658653846 0.638888889423077 0.27749999999999997 0.6444444447115385 0.2975 0.9844444447115385 0.4041666658653846 0.9966666658653847 0.42666666586538465 0.991111110576923 0.495 0.9933333341346154
417 0.2833333341346154 0.8066666658653846 0.36 0.6766666658653846 0.36250000000000004 0.6588888894230769 0.35500000000000004 0.5355555552884615 0.3458333341346154 0.5411111105769231 0.3358333341346154 0.5155555552884615 0.3166666658653846 0.4944444447115384 0.2958333341346154 0.48222222115384616 0.275 0.4811111105769231 0.2516666658653846 0.48888888942307696 0.2308333341346154 0.5122222211538461 0.22 0.5511111105769231 0.2133333341346154 0.5277777788461538 0.2033333341346154 0.5277777788461538 0.2 0.5466666658653846 0.20166666586538462 0.5622222211538461 0.20249999999999999 0.6644444447115384 0.20833333413461538 0.751111110576923 0.21416666586538463 0.89 0.2558333341346154 0.8966666658653846 0.2833333341346154 0.8788888894230769 0.2833333341346154 0.8066666658653846
763 0.3658333341346154 0.6766666658653846 0.3908333341346154 0.6711111105769232 0.3908333341346154 0.6377777788461538 0.3883333341346154 0.6133333341346154 0.3833333341346154 0.59 0.375 0.5811111105769231 0.3633333341346154 0.5922222211538462 0.3608333341346154 0.61 0.3608333341346154 0.6277777788461538 0.3658333341346154 0.6455555552884615 0.3658333341346154 0.6766666658653846
364 0.7933333341346154 0.7911111105769231 0.7825 0.7677777788461538 0.7841666658653845 0.63 0.7783333341346155 0.6166666658653847 0.7791666658653846 0.5944444447115385 0.7675 0.5877777788461539 0.7675 0.6277777788461538 0.7466666658653847 0.6322222211538461 0.7308333341346154 0.6777777788461539 0.7366666658653845 0.6855555552884615 0.7508333341346154 0.6366666658653847 0.7558333341346154 0.6466666658653846 0.7541666658653846 0.7611111105769232 0.7516666658653846 0.7855555552884615 0.74 0.8022222211538461 0.7541666658653846 0.7911111105769231 0.75 0.8133333341346154 0.7616666658653847 0.8144444447115385 0.7708333341346154 0.7877777788461539 0.7825 0.7955555552884616 0.7975 0.8066666658653846 0.7933333341346154 0.7911111105769231
364 0.47583333413461537 0.6055555552884615 0.4808333341346154 0.6022222211538462 0.4741666658653846 0.5877777788461539 0.47583333413461537 0.5733333341346154 0.4666666658653846 0.5733333341346154 0.46749999999999997 0.5833333341346154 0.46749999999999997 0.601111110576923 0.45833333413461536 0.6066666658653846 0.4608333341346154 0.6166666658653847 0.45833333413461536 0.63 0.45916666586538457 0.6444444447115385 0.45916666586538457 0.6955555552884616 0.4466666658653846 0.7177777788461538 0.4625 0.7111111105769231 0.4866666658653846 0.721111110576923 0.48000000000000004 0.7 0.47583333413461537 0.6055555552884615
1708 0.6541666658653846 0.9955555552884616 0.7183333341346153 0.998888889423077 0.7166666658653846 0.9299999999999999 0.8291666658653847 0.9633333341346154 0.8933333341346154 0.9455555552884616 0.8958333341346154 0.9600000000000001 0.9491666658653847 0.9733333341346154 0.95 0.9266666658653846 0.9933333341346154 0.9066666658653847 0.9958333341346154 0.8022222211538461 0.45749999999999996 0.6733333341346154 0.23249999999999998 0.6911111105769231 0.22833333413461537 0.721111110576923 0.6533333341346155 0.9077777788461538 0.6541666658653846 0.9955555552884616
1328 0.8033333341346154 0.30777777884615387 0.8258333341346155 0.2988888894230769 0.825 0.28111111057692306 0.7666666658653847 0.26777777884615384 0.705 0.28555555528846155 0.7033333341346153 0.3 0.72 0.3055555552884615 0.7325 0.32555555528846153 0.73 0.34111111057692306 0.72 0.7455555552884616 0.7875000000000001 0.7333333341346153 0.7941666658653846 0.34333333413461536 0.7925 0.3211111105769231 0.8033333341346154 0.30777777884615387
1328 0.9758333341346154 0.6055555552884615 0.9741666658653846 0.7966666658653847 0.9974999999999999 0.7933333341346154 0.9991666658653846 0.22 0.9525 0.24222222115384615 0.9741666658653846 0.26 0.9866666658653845 0.2866666658653846 0.9808333341346154 0.40666666586538464 0.9758333341346154 0.6055555552884615
763 0.5583333341346154 0.42444444471153847 0.56 0.41111111057692307 0.5533333341346154 0.40444444471153845 0.5441666658653846 0.40666666586538464 0.5441666658653846 0.41777777884615386 0.5416666658653846 0.4288888894230769 0.5433333341346154 0.43555555528846157 0.5358333341346154 0.4455555552884615 0.5625 0.4455555552884615 0.5625 0.43 0.5583333341346154 0.42444444471153847
543 0.035 0.24000000000000002 0.035 0.23555555528846156 0.029166665865384616 0.23555555528846156 0.0275 0.21444444471153845 0.015833334134615386 0.2133333341346154 0.013333334134615385 0.1633333341346154 0.03583333413461538 0.16111111057692307 0.03416666586538462 0.14777777884615384 0.014166665865384617 0.14777777884615384 0.014166665865384617 0.14111111057692308 0.016666665865384615 0.14111111057692308 0.015833334134615386 0.12444444471153847 0.0016666658653846154 0.12444444471153847 0.0008333341346153846 0.1288888894230769 0.0008333341346153846 0.23555555528846156 0.035 0.24000000000000002
1498 0.2533333341346154 0.3177777788461539 0.2516666658653846 0.3266666658653846 0.25 0.33888888942307693 0.24916666586538463 0.34777777884615385 0.24916666586538463 0.3677777788461538 0.24916666586538463 0.3788888894230769 0.275 0.3788888894230769 0.2725 0.3677777788461538 0.27749999999999997 0.35666666586538465 0.27749999999999997 0.34222222115384615 0.2666666658653846 0.3133333341346154 0.26833333413461535 0.3066666658653846 0.2691666658653846 0.29777777884615386 0.2658333341346154 0.29444444471153847 0.26 0.2933333341346154 0.2583333341346154 0.2988888894230769 0.2575 0.30888888942307696 0.2533333341346154 0.3177777788461539
1498 0.33333333413461536 0.42555555528846156 0.335 0.44777777884615383 0.3591666658653846 0.44999999999999996 0.3591666658653846 0.4455555552884615 0.35416666586538464 0.4366666658653846 0.35 0.42555555528846156 0.35416666586538464 0.42 0.35416666586538464 0.40777777884615385 0.3491666658653846 0.39666666586538457 0.34083333413461536 0.39444444471153844 0.33249999999999996 0.39555555528846154 0.3316666658653846 0.40444444471153845 0.33333333413461536 0.4144444447115384 0.33333333413461536 0.42555555528846156
535 0.365 0.4466666658653846 0.3658333341346154 0.40666666586538464 0.3658333341346154 0.3677777788461538 0.3633333341346154 0.34888888942307694 0.35083333413461537 0.3355555552884616 0.3416666658653846 0.33444444471153845 0.33083333413461535 0.3355555552884616 0.32499999999999996 0.33999999999999997 0.33333333413461536 0.4533333341346154 0.3658333341346154 0.45555555528846153 0.365 0.4466666658653846
535 0.2475 0.28 0.245 0.29444444471153847 0.2416666658653846 0.33 0.2416666658653846 0.3666666658653846 0.2425 0.3855555552884615 0.29250000000000004 0.3866666658653846 0.29250000000000004 0.3811111105769231 0.29250000000000004 0.35444444471153846 0.2908333341346154 0.2988888894230769 0.28916666586538464 0.28555555528846155 0.27833333413461536 0.26999999999999996 0.2666666658653846 0.26777777884615384 0.2616666658653846 0.26555555528846153 0.2541666658653846 0.2711111105769231 0.2475 0.28
345 0.3891666658653846 0.5488888894230769 0.5666666658653846 0.5533333341346154 0.5700000000000001 0.45777777884615384 0.5683333341346154 0.44999999999999996 0.3908333341346154 0.43555555528846157 0.3891666658653846 0.5488888894230769
1760 0.11249999999999999 0.5044444447115385 0.08416666586538463 0.5033333341346153 0.08333333413461538 0.5411111105769231 0.11249999999999999 0.5422222211538462 0.11249999999999999 0.5044444447115385
1760 0.145 0.51 0.1441666658653846 0.5055555552884615 0.11583333413461538 0.5044444447115385 0.11666666586538461 0.5411111105769231 0.1441666658653846 0.5422222211538462 0.145 0.51
1760 0.17416666586538462 0.5055555552884615 0.1475 0.5055555552884615 0.14666666586538463 0.5422222211538462 0.175 0.5422222211538462 0.17416666586538462 0.5055555552884615
1382 0.009166665865384616 0.44 0.005833334134615385 0.4455555552884615 0.005 0.4533333341346154 0.01 0.46222222115384615 0.018333334134615385 0.4677777788461538 0.031666665865384615 0.4666666658653846 0.042499999999999996 0.4666666658653846 0.05083333413461539 0.46 0.05083333413461539 0.44999999999999996 0.04833333413461539 0.4433333341346154 0.045833334134615385 0.43555555528846157 0.04833333413461539 0.42666666586538465 0.011666665865384616 0.4233333341346154 0.011666665865384616 0.4311111105769231 0.011666665865384616 0.4344444447115385 0.009166665865384616 0.44
367 0.06833333413461538 0.6155555552884615 0.07 0.618888889423077 0.07 0.63 0.06583333413461538 0.6322222211538461 0.060833334134615384 0.6333333341346153 0.0575 0.64 0.0575 0.6488888894230769 0.05916666586538462 0.6577777788461538 0.05916666586538462 0.6622222211538461 0.05583333413461538 0.6666666658653846 0.054166665865384614 0.6666666658653846 0.05083333413461539 0.6644444447115384 0.0525 0.6622222211538461 0.053333334134615384 0.6644444447115384 0.05583333413461538 0.6611111105769231 0.055 0.6555555552884615 0.055 0.6522222211538462 0.05083333413461539 0.6522222211538462 0.045 0.6555555552884615 0.04416666586538461 0.6622222211538461 0.04416666586538461 0.6688888894230769 0.049166665865384616 0.6733333341346154 0.05833333413461539 0.6722222211538462 0.06333333413461538 0.6688888894230769 0.06416666586538461 0.6644444447115384 0.06416666586538461 0.6577777788461538 0.06333333413461538 0.6499999999999999 0.06333333413461538 0.6444444447115385 0.065 0.638888889423077 0.06833333413461538 0.6366666658653847 0.06916666586538461 0.64 0.06916666586538461 0.6422222211538462 0.06916666586538461 0.6622222211538461 0.07 0.7344444447115385 0.06916666586538461 0.7455555552884616 0.06916666586538461 0.7533333341346153 0.06833333413461538 0.7611111105769232 0.06666666586538461 0.7666666658653847 0.06583333413461538 0.7733333341346154 0.06416666586538461 0.777777778846154 0.060000000000000005 0.7822222211538462 0.056666665865384616 0.7822222211538462 0.053333334134615384 0.7822222211538462 0.0475 0.7822222211538462 0.042499999999999996 0.7844444447115385 0.04083333413461539 0.7899999999999999 0.04416666586538461 0.7966666658653847 0.045833334134615385 0.7933333341346154 0.0475 0.7911111105769231 0.05583333413461538 0.7888888894230769 0.06333333413461538 0.7877777788461539 0.07 0.78 0.07166666586538462 0.7911111105769231 0.07583333413461538 0.7899999999999999 0.07833333413461538 0.7933333341346154 0.0825 0.7955555552884616 0.08416666586538463 0.8166666658653846 0.08666666586538462 0.8211111105769231 0.095 0.8188888894230769 0.095 0.8133333341346154 0.09416666586538461 0.8122222211538461 0.09166666586538462 0.8122222211538461 0.09083333413461539 0.8077777788461538 0.08916666586538462 0.8 0.0875 0.7866666658653846 0.08333333413461538 0.7866666658653846 0.08166666586538461 0.7844444447115385 0.08416666586538463 0.7833333341346154 0.09 0.7844444447115385 0.08916666586538462 0.7899999999999999 0.09083333413461539 0.8022222211538461 0.09833333413461538 0.8055555552884616 0.10166666586538461 0.8 0.10166666586538461 0.7977777788461539 0.0975 0.7977777788461539 0.09666666586538461 0.7966666658653847 0.09666666586538461 0.7922222211538461 0.09666666586538461 0.7888888894230769 0.09583333413461538 0.78 0.09333333413461539 0.7733333341346154 0.08666666586538462 0.7755555552884614 0.08166666586538461 0.7755555552884614 0.0766666658653846 0.758888889423077 0.0766666658653846 0.6422222211538462 0.07833333413461538 0.6366666658653847 0.0766666658653846 0.6277777788461538 0.07583333413461538 0.6166666658653847 0.08499999999999999 0.6166666658653847 0.0875 0.6133333341346154 0.08499999999999999 0.61 0.08333333413461538 0.5866666658653846 0.061666665865384614 0.5844444447115384 0.060833334134615384 0.5888888894230769 0.060833334134615384 0.6155555552884615 0.06833333413461538 0.6155555552884615
1382 0.0175 0.8033333341346154 0.019166665865384618 0.7955555552884616 0.016666665865384615 0.7877777788461539 0.007500000000000001 0.7766666658653846 0.009166665865384616 0.7688888894230769 0.007500000000000001 0.7688888894230769 0.0008333341346153846 0.7688888894230769 0.0008333341346153846 0.8177777788461539 0.01 0.8144444447115385 0.0175 0.8033333341346154
1382 0.05 0.8 0.045 0.7977777788461539 0.042499999999999996 0.7944444447115384 0.04083333413461539 0.7888888894230769 0.039166665865384614 0.7866666658653846 0.0225 0.7899999999999999 0.0225 0.7955555552884616 0.0175 0.8011111105769231 0.013333334134615385 0.8077777788461538 0.0125 0.8133333341346154 0.015000000000000001 0.8166666658653846 0.02 0.8211111105769231 0.0375 0.8211111105769231 0.045833334134615385 0.8166666658653846 0.0525 0.8066666658653846 0.05 0.8
1362 0.39 0.6255555552884615 0.3975 0.6344444447115385 0.40499999999999997 0.638888889423077 0.4233333341346154 0.6377777788461538 0.4333333341346154 0.6322222211538461 0.445 0.6077777788461538 0.4441666658653846 0.5811111105769231 0.4375 0.5644444447115384 0.4316666658653846 0.5577777788461539 0.4258333341346154 0.5511111105769231 0.41333333413461537 0.5511111105769231 0.4 0.5533333341346154 0.3941666658653846 0.56 0.38749999999999996 0.5666666658653846 0.3866666658653846 0.5711111105769231 0.38749999999999996 0.6055555552884615 0.39 0.6255555552884615
1389 0.4858333341346154 0.5955555552884616 0.4958333341346154 0.5966666658653846 0.5066666658653847 0.5944444447115385 0.515 0.5944444447115385 0.515 0.5866666658653846 0.505 0.5722222211538461 0.51 0.5655555552884615 0.5108333341346154 0.5566666658653846 0.5183333341346154 0.55 0.5125 0.5388888894230769 0.5066666658653847 0.5377777788461539 0.51 0.5288888894230769 0.51 0.521111110576923 0.4933333341346154 0.5255555552884615 0.4883333341346154 0.5277777788461538 0.4866666658653846 0.5188888894230769 0.4833333341346154 0.5055555552884615 0.4833333341346154 0.501111110576923 0.47833333413461543 0.4955555552884615 0.4708333341346154 0.4955555552884615 0.4566666658653846 0.5022222211538462 0.4516666658653846 0.5077777788461538 0.4466666658653846 0.5077777788461538 0.4433333341346154 0.4955555552884615 0.4433333341346154 0.48444444471153847 0.435 0.4833333341346154 0.4316666658653846 0.4944444447115384 0.4291666658653846 0.5033333341346153 0.43 0.5177777788461538 0.4116666658653846 0.5133333341346155 0.41000000000000003 0.5222222211538461 0.3808333341346154 0.5255555552884615 0.3808333341346154 0.5355555552884615 0.39 0.5355555552884615 0.3983333341346154 0.5466666658653846 0.4208333341346154 0.5477777788461539 0.39916666586538463 0.5633333341346154 0.4008333341346154 0.5744444447115384 0.4141666658653846 0.5744444447115384 0.4283333341346154 0.5744444447115384 0.4183333341346154 0.5922222211538462 0.42666666586538465 0.6044444447115385 0.435 0.6044444447115385 0.44083333413461534 0.608888889423077 0.4391666658653846 0.6211111105769231 0.4383333341346154 0.63 0.44083333413461534 0.6366666658653847 0.44083333413461534 0.64 0.4433333341346154 0.6477777788461538 0.46916666586538464 0.6466666658653846 0.47250000000000003 0.6166666658653847 0.48000000000000004 0.5877777788461539 0.4858333341346154 0.5955555552884616
1362 0.5183333341346154 0.5622222211538461 0.51 0.5577777788461539 0.5 0.5544444447115384 0.49 0.5555555552884616 0.4766666658653846 0.5811111105769231 0.47583333413461537 0.6144444447115385 0.4808333341346154 0.6255555552884615 0.485 0.6255555552884615 0.4883333341346154 0.6222222211538462 0.5241666658653846 0.6177777788461539 0.5283333341346154 0.6044444447115385 0.5275 0.5855555552884616 0.5241666658653846 0.5722222211538461 0.5183333341346154 0.5622222211538461
299 0.4883333341346154 0.6244444447115385 0.48166666586538465 0.6277777788461538 0.4833333341346154 0.6366666658653847 0.4983333341346154 0.64 0.5016666658653846 0.6322222211538461 0.5399999999999999 0.6322222211538461 0.5441666658653846 0.63 0.55 0.6377777788461538 0.5541666658653847 0.6277777788461538 0.5491666658653845 0.618888889423077 0.5283333341346154 0.6166666658653847 0.4883333341346154 0.6244444447115385
1559 0.5525 0.6355555552884616 0.3891666658653846 0.6366666658653847 0.3916666658653846 0.6666666658653846 0.4008333341346154 0.6644444447115384 0.4125 0.6666666658653846 0.4225 0.6755555552884616 0.45583333413461535 0.6722222211538462 0.45833333413461536 0.67 0.48166666586538465 0.6755555552884616 0.5716666658653846 0.7 0.6024999999999999 0.6944444447115384 0.6041666658653846 0.6577777788461538 0.6091666658653846 0.6555555552884615 0.6075 0.6433333341346154 0.5525 0.6355555552884616
1382 0.61 0.7022222211538461 0.5733333341346154 0.701111110576923 0.5700000000000001 0.7122222211538461 0.5666666658653846 0.722222221153846 0.565 0.7466666658653847 0.5666666658653846 0.751111110576923 0.6125 0.7522222211538462 0.6141666658653846 0.7255555552884616 0.61 0.7166666658653846 0.61 0.7022222211538461
1382 0.5258333341346154 0.7244444447115386 0.5275 0.7188888894230769 0.53 0.7144444447115385 0.5366666658653846 0.7144444447115385 0.5391666658653846 0.7255555552884616 0.5491666658653845 0.7333333341346153 0.5575 0.7333333341346153 0.5591666658653847 0.7322222211538462 0.5541666658653847 0.7177777788461538 0.5541666658653847 0.7066666658653846 0.5641666658653846 0.6955555552884616 0.5683333341346154 0.6822222211538461 0.5700000000000001 0.6733333341346154 0.5666666658653846 0.6622222211538461 0.5591666658653847 0.6488888894230769 0.5508333341346154 0.64 0.5425 0.63 0.5025 0.6322222211538461 0.495 0.6455555552884615 0.4866666658653846 0.6555555552884615 0.48166666586538465 0.6666666658653846 0.4833333341346154 0.6822222211538461 0.4866666658653846 0.6933333341346154 0.495 0.7077777788461539 0.4983333341346154 0.7088888894230769 0.49 0.7322222211538462 0.5141666658653846 0.7355555552884615 0.5275 0.7344444447115385 0.5275 0.7277777788461539 0.5258333341346154 0.7244444447115386
299 0.6366666658653847 0.7733333341346154 0.645 0.7744444447115384 0.6533333341346155 0.7722222211538461 0.6649999999999999 0.7455555552884616 0.6733333341346154 0.728888889423077 0.6941666658653846 0.73 0.6933333341346154 0.7722222211538461 0.6941666658653846 0.7866666658653846 0.7016666658653846 0.7899999999999999 0.7166666658653846 0.7888888894230769 0.7191666658653847 0.7833333341346154 0.7116666658653846 0.73 0.7208333341346154 0.7266666658653846 0.7358333341346154 0.7688888894230769 0.7424999999999999 0.7766666658653846 0.7516666658653846 0.7755555552884614 0.755 0.7733333341346154 0.7533333341346153 0.7555555552884615 0.735 0.721111110576923 0.7483333341346154 0.6988888894230769 0.7466666658653847 0.6944444447115384 0.7241666658653846 0.688888889423077 0.7 0.6866666658653846 0.6691666658653846 0.6855555552884615 0.6483333341346154 0.688888889423077 0.645 0.6922222211538462 0.6583333341346154 0.7177777788461538 0.635 0.7566666658653846 0.6341666658653846 0.7655555552884615 0.6366666658653847 0.7733333341346154
450 0.10583333413461539 0 0.03583333413461538 0.4222222211538461 0.01 0.4677777788461538 0.0008333341346153846 0.46888888942307694 0.0016666658653846154 0.938888889423077 0.1791666658653846 0.9088888894230769 0.2433333341346154 0.8977777788461538 0.28166666586538464 0.8933333341346154 0.28166666586538464 0.7688888894230769 0.28083333413461536 0.7477777788461538 0.36416666586538465 0.6722222211538462 0.3616666658653846 0.5877777788461539 0.3733333341346154 0.58 0.3725 0.48777777884615386 0.3666666658653846 0.48222222115384616 0.33999999999999997 0.48222222115384616 0.33666666586538463 0.47222222115384616 0.33416666586538457 0.4566666658653846 0.2975 0 0.10583333413461539 0
781 0.20083333413461538 0.5855555552884616 0.1325 0.5877777788461539 0.11750000000000001 0.5955555552884616 0.10416666586538462 0.6133333341346154 0.10166666586538461 0.631111110576923 0.1 0.6644444447115384 0.1 0.6988888894230769 0.10583333413461539 0.758888889423077 0.2075 0.7533333341346153 0.20249999999999999 0.6866666658653846 0.20083333413461538 0.5855555552884616
783 0.14833333413461539 0.6144444447115385 0.14833333413461539 0.6277777788461538 0.1441666658653846 0.6211111105769231 0.12333333413461538 0.63 0.12333333413461538 0.6477777788461538 0.11666666586538461 0.6499999999999999 0.1225 0.6644444447115384 0.12583333413461537 0.6744444447115385 0.14916666586538463 0.67 0.1583333341346154 0.6555555552884615 0.16666666586538462 0.6555555552884615 0.16999999999999998 0.6566666658653847 0.1941666658653846 0.6555555552884615 0.20166666586538462 0.6755555552884616 0.2 0.5922222211538462 0.19 0.5922222211538462 0.1875 0.6022222211538462 0.1833333341346154 0.5944444447115385 0.17750000000000002 0.59 0.16666666586538462 0.59 0.1616666658653846 0.59 0.16083333413461537 0.5977777788461538 0.1633333341346154 0.601111110576923 0.16999999999999998 0.6033333341346154 0.16083333413461537 0.6077777788461538 0.1558333341346154 0.6033333341346154 0.15 0.6066666658653846 0.14833333413461539 0.6144444447115385
1324 0.6141666658653846 0.361111110576923 0.6441666658653846 0.35333333413461543 0.6441666658653846 0.27222222115384614 0.6308333341346154 0.27555555528846154 0.6291666658653846 0.26111111057692304 0.6216666658653847 0.26111111057692304 0.6224999999999999 0.27888888942307694 0.6116666658653845 0.28111111057692306 0.6141666658653846 0.361111110576923
1319 0.59 0.4366666658653846 0.6108333341346154 0.4333333341346154 0.6108333341346154 0.3766666658653846 0.6041666658653846 0.3766666658653846 0.6024999999999999 0.3711111105769231 0.5966666658653846 0.3711111105769231 0.5941666658653847 0.3633333341346154 0.59 0.3644444447115385 0.5941666658653847 0.3788888894230769 0.59 0.38 0.59 0.4366666658653846
1319 0.63 0.3588888894230769 0.6166666658653847 0.35777777884615386 0.6174999999999999 0.36555555528846156 0.6241666658653846 0.3666666658653846 0.6241666658653846 0.3744444447115385 0.6133333341346154 0.3755555552884615 0.6116666658653845 0.45777777884615384 0.6425 0.4588888894230769 0.6416666658653847 0.3711111105769231 0.6291666658653846 0.3722222211538462 0.63 0.3588888894230769
1319 0.6475000000000001 0.35777777884615386 0.6458333341346154 0.3644444447115385 0.6516666658653846 0.36555555528846156 0.6525 0.3688888894230769 0.6441666658653846 0.3688888894230769 0.6441666658653846 0.4333333341346154 0.6666666658653846 0.4288888894230769 0.6675 0.3666666658653846 0.6608333341346154 0.3666666658653846 0.66 0.35777777884615386 0.6475000000000001 0.35777777884615386
1319 0.6583333341346154 0.4377777788461538 0.6516666658653846 0.4377777788461538 0.6491666658653846 0.43555555528846157 0.6441666658653846 0.4366666658653846 0.6441666658653846 0.4444444447115385 0.6475000000000001 0.4466666658653846 0.6458333341346154 0.4922222211538462 0.6625000000000001 0.4944444447115384 0.6625000000000001 0.4444444447115385 0.6591666658653845 0.4444444447115385 0.6583333341346154 0.4377777788461538
1319 0.6016666658653846 0.44 0.595 0.44 0.595 0.43555555528846157 0.5891666658653846 0.4377777788461538 0.59 0.4488888894230769 0.5933333341346153 0.4488888894230769 0.5916666658653846 0.49 0.6075 0.4911111105769231 0.6083333341346153 0.44777777884615383 0.6033333341346154 0.4466666658653846 0.6016666658653846 0.44
1319 0.6308333341346154 0.4755555552884615 0.6283333341346153 0.46444444471153845 0.6241666658653846 0.4633333341346154 0.6224999999999999 0.46 0.6133333341346154 0.45777777884615384 0.6116666658653845 0.4633333341346154 0.6141666658653846 0.46444444471153845 0.6166666658653847 0.4633333341346154 0.6166666658653847 0.46888888942307694 0.6216666658653847 0.4711111105769231 0.6224999999999999 0.47777777884615386 0.6125 0.47777777884615386 0.6091666658653846 0.56 0.61 0.5633333341346154 0.6383333341346155 0.5633333341346154 0.64 0.5622222211538461 0.6408333341346153 0.4766666658653846 0.6308333341346154 0.4755555552884615
433 0.5466666658653846 0.12222222115384616 0.5425 0.12555555528846155 0.5383333341346154 0.12555555528846155 0.5341666658653846 0.13444444471153846 0.5333333341346154 0.15888888942307694 0.5275 0.16777777884615386 0.5066666658653847 0.18444444471153845 0.48750000000000004 0.1888888894230769 0.47833333413461543 0.17888888942307693 0.47250000000000003 0.16666666586538462 0.47166666586538464 0.15222222115384615 0.4708333341346154 0.13888888942307692 0.48166666586538465 0.13888888942307692 0.485 0.1311111105769231 0.485 0.12333333413461538 0.47583333413461537 0.11888888942307692 0.4741666658653846 0.11555555528846154 0.475 0.07444444471153847 0.4741666658653846 0.06666666586538461 0.4666666658653846 0.06333333413461538 0.45916666586538457 0.06333333413461538 0.4541666658653846 0.06777777884615385 0.4425 0.07222222115384615 0.4425 0.11666666586538461 0.435 0.11888888942307692 0.4316666658653846 0.12333333413461538 0.4333333341346154 0.1311111105769231 0.4375 0.1333333341346154 0.4516666658653846 0.14 0.45916666586538457 0.14 0.46166666586538463 0.16111111057692307 0.46416666586538463 0.17777777884615384 0.4741666658653846 0.19222222115384616 0.4866666658653846 0.19777777884615383 0.5033333341346153 0.20222222115384614 0.515 0.19666666586538462 0.5258333341346154 0.18777777884615385 0.5325 0.18111111057692308 0.5341666658653846 0.19 0.5275 0.19 0.5233333341346154 0.19555555528846155 0.5208333341346154 0.2 0.5225000000000001 0.20555555528846153 0.5333333341346154 0.20888888942307693 0.5458333341346153 0.2133333341346154 0.5475 0.2544444447115385 0.5416666658653846 0.27333333413461536 0.5341666658653846 0.2711111105769231 0.5341666658653846 0.2588888894230769 0.5333333341346154 0.23111111057692307 0.5325 0.22333333413461537 0.5291666658653846 0.2166666658653846 0.5291666658653846 0.21111111057692306 0.5241666658653846 0.21 0.5183333341346154 0.2133333341346154 0.5158333341346154 0.2166666658653846 0.5075000000000001 0.21777777884615385 0.5041666658653846 0.22222222115384616 0.5033333341346153 0.2711111105769231 0.49666666586538466 0.27333333413461536 0.4941666658653846 0.27555555528846154 0.4941666658653846 0.28111111057692306 0.505 0.2833333341346154 0.5133333341346155 0.28555555528846155 0.5175 0.28777777884615385 0.5183333341346154 0.3033333341346154 0.4991666658653846 0.31444444471153843 0.47583333413461537 0.3155555552884615 0.45916666586538457 0.3111111105769231 0.44999999999999996 0.3011111105769231 0.44083333413461534 0.28888888942307694 0.4333333341346154 0.27444444471153845 0.43 0.2588888894230769 0.4291666658653846 0.2522222211538461 0.4308333341346154 0.24888888942307694 0.4466666658653846 0.2466666658653846 0.4491666658653846 0.24222222115384615 0.4491666658653846 0.23777777884615384 0.4441666658653846 0.23444444471153847 0.44083333413461534 0.23111111057692307 0.4375 0.23 0.4375 0.20444444471153847 0.44083333413461534 0.17555555528846153 0.435 0.16999999999999998 0.4316666658653846 0.17444444471153847 0.4216666658653846 0.17444444471153847 0.415 0.17444444471153847 0.40750000000000003 0.17666666586538463 0.40499999999999997 0.18222222115384618 0.40499999999999997 0.23111111057692307 0.4 0.23222222115384616 0.3925 0.23333333413461538 0.3925 0.24444444471153848 0.3983333341346154 0.2466666658653846 0.40916666586538464 0.24777777884615387 0.41333333413461537 0.24888888942307694 0.41333333413461537 0.2544444447115385 0.42500000000000004 0.2544444447115385 0.4308333341346154 0.28111111057692306 0.435 0.29555555528846156 0.4458333341346154 0.31 0.4625 0.32 0.4866666658653846 0.3266666658653846 0.5041666658653846 0.32222222115384613 0.5175 0.3133333341346154 0.5208333341346154 0.3288888894230769 0.5275 0.34111111057692306 0.5358333341346154 0.34666666586538464 0.5491666658653845 0.34333333413461536 0.5583333341346154 0.33111111057692305 0.5583333341346154 0.32555555528846153 0.58 0.3277777788461539 0.5816666658653846 0.3266666658653846 0.5816666658653846 0.3211111105769231 0.58 0.3177777788461539 0.5791666658653847 0.2522222211538461 0.5850000000000001 0.28888888942307694 0.5891666658653846 0.3066666658653846 0.5966666658653846 0.3211111105769231 0.6058333341346154 0.33444444471153845 0.6108333341346154 0.33888888942307693 0.6341666658653846 0.3444444447115385 0.655 0.33777777884615384 0.6616666658653846 0.32444444471153844 0.6641666658653846 0.32 0.6766666658653846 0.3133333341346154 0.6958333341346153 0.29222222115384616 0.7058333341346154 0.2633333341346154 0.7075 0.2466666658653846 0.7108333341346154 0.24222222115384615 0.7291666658653846 0.23333333413461538 0.74 0.22666666586538461 0.7416666658653847 0.22222222115384616 0.7358333341346154 0.21555555528846154 0.7316666658653846 0.2133333341346154 0.7291666658653846 0.21 0.7283333341346154 0.17222222115384614 0.7233333341346154 0.16222222115384616 0.7133333341346154 0.1566666658653846 0.7108333341346154 0.15444444471153848 0.7108333341346154 0.14333333413461538 0.7225 0.14111111057692308 0.7333333341346153 0.13888888942307692 0.74 0.13444444471153846 0.7416666658653847 0.12555555528846155 0.7366666658653845 0.12000000000000001 0.7325 0.11666666586538461 0.73 0.0766666658653846 0.7225 0.07333333413461539 0.7175 0.07222222115384615 0.7108333341346154 0.07 0.7033333341346153 0.07 0.6975 0.07222222115384615 0.6958333341346153 0.08555555528846154 0.6983333341346154 0.09333333413461539 0.6991666658653847 0.11888888942307692 0.6900000000000001 0.12222222115384616 0.6866666658653846 0.1311111105769231 0.6950000000000001 0.14333333413461538 0.7025 0.14222222115384617 0.7 0.15555555528846154 0.6941666658653846 0.16111111057692307 0.6925 0.17555555528846153 0.6908333341346153 0.17888888942307693 0.6716666658653847 0.19222222115384616 0.66 0.19222222115384616 0.6433333341346154 0.18777777884615385 0.6291666658653846 0.17333333413461538 0.6183333341346154 0.15888888942307694 0.6133333341346154 0.1533333341346154 0.6208333341346154 0.1333333341346154 0.6258333341346154 0.11 0.6266666658653846 0.08777777884615384 0.63 0.06111111057692308 0.6325000000000001 0.05111111057692308 0.6466666658653846 0.048888889423076926 0.6541666658653846 0.04777777884615385 0.6566666658653847 0.037777778846153846 0.6533333341346155 0.030000000000000002 0.6466666658653846 0.02555555528846154 0.6441666658653846 0.02 0.6441666658653846 0.002222221153846154 0.6058333341346154 0 0.6058333341346154 0.001111110576923077 0.6058333341346154 0.024444444711538463 0.5975 0.031111110576923076 0.5958333341346154 0.04111111057692308 0.6041666658653846 0.05111111057692308 0.6183333341346154 0.05222222115384615 0.6191666658653846 0.07222222115384615 0.6158333341346154 0.10444444471153846 0.6083333341346153 0.13222222115384616 0.6058333341346154 0.13888888942307692 0.6 0.11333333413461538 0.5941666658653847 0.08 0.59 0.05 0.59 0.011111110576923076 0.5891666658653846 0.001111110576923077 0.5691666658653847 0 0.565 0.045555555288461544 0.5575 0.09222222115384615 0.5525 0.10777777884615383 0.5466666658653846 0.12222222115384616
535 0.05 0.22888888942307692 0.05 0.18777777884615385 0.05083333413461539 0.15444444471153848 0.04333333413461538 0.12555555528846155 0.029166665865384616 0.10888888942307692 0.010833334134615385 0.10222222115384616 0.0008333341346153846 0.10222222115384616 0.0008333341346153846 0.24555555528846154 0.049166665865384616 0.2522222211538461 0.05 0.22888888942307692
655 0.9608333341346154 0.7866666658653846 0.9608333341346154 0.7911111105769231 0.9708333341346154 0.7911111105769231 0.9750000000000001 0.4588888894230769 0.9441666658653846 0.46 0.9391666658653846 0.4611111105769231 0.9349999999999999 0.6799999999999999 0.9441666658653846 0.6844444447115384 0.9608333341346154 0.7866666658653846
417 0.1375 0.9966666658653847 0.13833333413461538 0.9966666658653847 0.1633333341346154 0.9977777788461538 0.16249999999999998 0.971111110576923 0.1833333341346154 0.9977777788461538 0.2791666658653846 0.99 0.28 0.9977777788461538 0.29250000000000004 0.9977777788461538 0.29250000000000004 0.9866666658653845 0.2966666658653846 0.9866666658653845 0.28916666586538464 0.8966666658653846 0.21583333413461536 0.9088888894230769 0.2033333341346154 0.7055555552884616 0.2 0.7044444447115384 0.20166666586538462 0.6766666658653846 0.1958333341346154 0.6644444447115384 0.19333333413461537 0.66 0.19333333413461537 0.6511111105769231 0.19333333413461537 0.6477777788461538 0.1925 0.6455555552884615 0.18833333413461537 0.641111110576923 0.1925 0.6277777788461538 0.1875 0.618888889423077 0.17833333413461538 0.6177777788461539 0.17333333413461538 0.62 0.1716666658653846 0.6255555552884615 0.17083333413461538 0.6577777788461538 0.16 0.6544444447115385 0.14916666586538463 0.6677777788461537 0.1441666658653846 0.6666666658653846 0.14250000000000002 0.6366666658653847 0.14250000000000002 0.61 0.13583333413461537 0.6055555552884615 0.13 0.6055555552884615 0.12583333413461537 0.6122222211538462 0.12416666586538462 0.6155555552884615 0.1283333341346154 0.721111110576923 0.13416666586538462 0.811111110576923 0.1375 0.888888889423077 0.13916666586538462 0.9233333341346154 0.1375 0.9966666658653847
366 0.5758333341346155 0.5977777788461538 0.5766666658653846 0.6022222211538462 0.5816666658653846 0.6033333341346154 0.5825 0.6166666658653847 0.5758333341346155 0.6166666658653847 0.5733333341346154 0.618888889423077 0.5725 0.631111110576923 0.58 0.6433333341346154 0.5791666658653847 0.6988888894230769 0.6016666658653846 0.701111110576923 0.6041666658653846 0.638888889423077 0.6016666658653846 0.608888889423077 0.6083333341346153 0.6133333341346154 0.6108333341346154 0.6288888894230769 0.6141666658653846 0.6288888894230769 0.6224999999999999 0.6288888894230769 0.6241666658653846 0.62 0.6208333341346154 0.608888889423077 0.61 0.6 0.6008333341346154 0.5966666658653846 0.6 0.5544444447115384 0.5883333341346154 0.5544444447115384 0.5875 0.5911111105769231 0.5866666658653846 0.5944444447115385 0.5758333341346155 0.5977777788461538