118 0.2585714278846154 0.7628571418269231 0.2564285721153846 0.74 0.2464285721153846 0.7142857139423077 0.22857142788461537 0.7133333341346154 0.21214285817307693 0.7266666658653846 0.20714285817307693 0.7495238100961538 0.21714285817307694 0.7714285721153846 0.2385714278846154 0.7695238100961539 0.2585714278846154 0.7628571418269231
118 0.34214285817307694 0.7819047620192308 0.35500000000000004 0.7685714278846153 0.3635714278846154 0.7419047620192308 0.35500000000000004 0.7238095240384615 0.33 0.717142858173077 0.3207142860576923 0.7247619038461538 0.3135714278846154 0.7361904759615385 0.3128571418269231 0.7533333341346153 0.31714285817307697 0.7704761899038461 0.3257142860576923 0.7819047620192308 0.34214285817307694 0.7819047620192308
364 0.9342857139423076 0.5304761899038462 0.9314285721153847 0.5980952379807692 0.9235714278846154 0.6133333341346154 0.955 0.6133333341346154 0.9450000000000001 0.6009523798076923 0.9414285721153846 0.5266666658653846 0.9342857139423076 0.5304761899038462
417 0.6235714278846154 0.7104761899038461 0.6357142860576922 0.6666666658653846 0.645 0.6257142860576923 0.6378571418269231 0.6114285721153846 0.5935714278846154 0.6152380961538462 0.5485714278846154 0.6085714278846154 0.4978571418269231 0.6019047620192308 0.4978571418269231 0.6333333341346153 0.505 0.6514285721153846 0.5178571418269231 0.6838095240384615 0.5142857139423077 0.7057142860576923 0.5071428581730769 0.7371428581730769 0.5057142860576923 0.7685714278846153 0.5128571418269231 0.7876190480769231 0.5057142860576923 0.7942857139423077 0.40214285817307693 0.857142858173077 0.4042857139423077 0.9342857139423076 0.41071428605769233 0.9990476201923078 0.4221428581730769 0.9990476201923078 0.4271428581730769 0.872380951923077 0.5107142860576923 0.8904761899038461 0.5085714278846154 0.9952380961538462 0.5214285721153846 0.9971428581730769 0.5235714278846154 0.8914285721153846 0.5321428581730769 0.8914285721153846 0.532857141826923 0.9990476201923078 0.5507142860576922 0.9990476201923078 0.5557142860576924 0.8933333341346154 0.5907142860576923 0.8809523798076923 0.592142858173077 0.9247619038461538 0.6014285721153846 0.9952380961538462 0.6157142860576923 0.9990476201923078 0.61 0.9314285721153847 0.6107142860576923 0.8304761899038462 0.6235714278846154 0.7628571418269231 0.6235714278846154 0.7104761899038461
426 0.7207142860576923 0.7657142860576923 0.6628571418269231 0.7733333341346154 0.6571428581730768 0.8333333341346154 0.6628571418269231 0.8428571418269232 0.6592857139423077 0.8590476201923077 0.67 0.8676190480769231 0.6714285721153845 0.9152380961538462 0.6642857139423076 0.9590476201923077 0.6521428581730769 0.9990476201923078 0.7228571418269231 0.9990476201923078 0.767857141826923 0.7438095240384615 0.7585714278846154 0.7219047620192308 0.7335714278846154 0.7104761899038461 0.7250000000000001 0.7219047620192308 0.7207142860576923 0.7390476201923076 0.7207142860576923 0.7657142860576923
224 0.8492857139423078 0.9666666658653846 0.8671428581730769 0.9685714278846155 0.8714285721153847 0.9447619038461539 0.8878571418269231 0.9276190480769231 0.895 0.9104761899038463 0.9007142860576922 0.922857141826923 0.9142857139423076 0.9314285721153847 0.9214285721153845 0.9590476201923077 0.9364285721153845 0.9590476201923077 0.9385714278846155 0.86 0.9992857139423077 0.8914285721153846 0.9992857139423077 0.8 0.9128571418269231 0.764761903846154 0.8435714278846155 0.7704761899038461 0.8442857139423077 0.7895238100961539 0.8500000000000001 0.8142857139423078 0.8492857139423078 0.9666666658653846
364 0.9292857139423076 0.6114285721153846 0.9328571418269231 0.5523809519230769 0.9292857139423076 0.48952381009615387 0.9214285721153845 0.48952381009615387 0.9214285721153845 0.5580952379807692 0.9185714278846154 0.5895238100961538 0.9114285721153846 0.6104761899038461 0.9292857139423076 0.6114285721153846
118 0.27714285817307693 0.697142858173077 0.2657142860576923 0.6933333341346154 0.24928571394230767 0.7028571418269232 0.2514285721153846 0.7247619038461538 0.2628571418269231 0.7514285721153846 0.2757142860576923 0.7514285721153846 0.28642857211538464 0.7361904759615385 0.28642857211538464 0.7142857139423077 0.27714285817307693 0.697142858173077
1861 0.2114285721153846 0.7371428581730769 0.2221428581730769 0.7142857139423077 0.2185714278846154 0.7 0.22499999999999998 0.642857141826923 0.2221428581730769 0.6247619038461539 0.20785714182692308 0.6152380961538462 0.1914285721153846 0.6161904759615384 0.1742857139423077 0.6114285721153846 0.14785714182692308 0.6161904759615384 0.13428571394230768 0.62 0.11428571394230769 0.6247619038461539 0.105 0.6380952379807692 0.105 0.6714285721153845 0.11071428605769232 0.7152380961538461 0.10857142788461539 0.7457142860576924 0.13714285817307692 0.7628571418269231 0.185 0.7609523798076924 0.2007142860576923 0.7514285721153846 0.2114285721153846 0.7371428581730769
1861 0.2935714278846154 0.23904762019230769 0.2964285721153846 0.22 0.28428571394230767 0.21714285817307694 0.2714285721153846 0.21714285817307694 0.27714285817307693 0.23904762019230769 0.2757142860576923 0.2609523798076923 0.2664285721153846 0.27714285817307693 0.2621428581730769 0.29238095192307695 0.2664285721153846 0.3114285721153846 0.2992857139423077 0.3114285721153846 0.30642857211538466 0.29619047596153847 0.2935714278846154 0.2609523798076923 0.2935714278846154 0.23904762019230769
1861 0.185 0.2323809519230769 0.165 0.22952381009615383 0.16785714182692307 0.27809523798076924 0.15785714182692306 0.28952381009615386 0.15785714182692306 0.3085714278846154 0.18857142788461537 0.3085714278846154 0.18857142788461537 0.29238095192307695 0.1792857139423077 0.27714285817307693 0.185 0.2323809519230769
1708 0 0.9990476201923078 0.027142858173076927 0.9971428581730769 0.027142858173076927 0.9733333341346154 0.02142857211538462 0.9447619038461539 0.03642857211538462 0.8857142860576922 0.06714285817307693 0.9076190480769231 0.06857142788461539 0.9685714278846155 0.08 0.9952380961538462 0.13214285817307692 0.9990476201923078 0.1507142860576923 0.9733333341346154 0.1507142860576923 0.9133333341346154 0.2557142860576923 0.8914285721153846 0.2642857139423077 0.9152380961538462 0.2607142860576923 0.9485714278846153 0.2664285721153846 0.9942857139423077 0.2964285721153846 0.9990476201923078 0.2985714278846154 0.9761904759615384 0.2985714278846154 0.9590476201923077 0.3021428581730769 0.9400000000000001 0.2964285721153846 0.917142858173077 0.3021428581730769 0.8952380961538461 0.2992857139423077 0.8809523798076923 0.41785714182692313 0.852380951923077 0.4164285721153846 0.8638095240384616 0.4364285721153846 0.8885714278846154 0.4485714278846154 0.9076190480769231 0.4492857139423077 0.9180952379807692 0.445 0.9352380961538462 0.4492857139423077 0.9495238100961539 0.44214285817307697 0.9761904759615384 0.4457142860576923 0.9971428581730769 0.48714285817307695 0.9971428581730769 0.4921428581730769 0.9752380961538462 0.4885714278846154 0.9400000000000001 0.485 0.9038095240384615 0.5014285721153846 0.8838095240384616 0.4992857139423077 0.8085714278846154 0.5635714278846155 0.7704761899038461 0.5721428581730769 0.7457142860576924 0.5492857139423077 0.72 0.4942857139423077 0.7009523798076922 0.39857142788461536 0.6885714278846155 0.26999999999999996 0.6838095240384615 0.07571428605769231 0.6933333341346154 0.009285713942307693 0.7057142860576923 0 0.7190476201923077 0 0.9990476201923078
426 0.13785714182692307 0.6790476201923077 0.13214285817307692 0.642857141826923 0.13785714182692307 0.6085714278846154 0.1507142860576923 0.5657142860576923 0.1542857139423077 0.5266666658653846 0.145 0.4952380961538462 0.1307142860576923 0.4828571418269231 0.11214285817307693 0.47523809615384616 0.10285714182692307 0.47523809615384616 0.08642857211538463 0.5 0.07357142788461538 0.5 0.05928571394230769 0.47809523798076925 0.047142858173076924 0.47809523798076925 0.027142858173076927 0.48952381009615387 0 0.5209523798076924 0.009285713942307693 0.6619047620192308 0.01071428605769231 0.6933333341346154 0.016428572115384614 0.7028571418269232 0.06357142788461538 0.6980952379807692 0.13785714182692307 0.6790476201923077
1861 0.28785714182692307 0.08666666586538462 0.2935714278846154 0.10476190384615386 0.30642857211538466 0.1876190480769231 0.3221428581730769 0.1838095240384615 0.33214285817307687 0.09904762019230769 0.33714285817307693 0.08761904807692307 0.28785714182692307 0.08666666586538462
1861 0.3721428581730769 0.09428571394230768 0.375 0.10476190384615386 0.3807142860576923 0.1914285721153846 0.40714285817307694 0.19619047596153846 0.4164285721153846 0.11238095192307693 0.4164285721153846 0.09333333413461539 0.3721428581730769 0.09428571394230768
299 0.42142857211538465 0.2571428581730769 0.40785714182692306 0.2580952379807692 0.3885714278846154 0.2590476201923077 0.37642857211538466 0.26476190384615383 0.3928571418269231 0.3133333341346154 0.43285714182692303 0.3095238100961539 0.4492857139423077 0.2619047620192308 0.4292857139423077 0.2619047620192308 0.42142857211538465 0.2571428581730769
1861 0.3342857139423077 0.3095238100961539 0.36214285817307695 0.3114285721153846 0.3678571418269231 0.2514285721153846 0.32928571394230766 0.2476190480769231 0.3342857139423077 0.3095238100961539
973 0.04 0.23047618990384616 0.024285713942307694 0.24476190384615387 0.02928571394230769 0.30476190384615387 0.07714285817307692 0.3028571418269231 0.0857142860576923 0.2485714278846154 0.065 0.2323809519230769 0.04 0.23047618990384616
1861 0.12285714182692307 0.08190476201923078 0.1242857139423077 0.09142857211538462 0.12714285817307694 0.16857142788461538 0.1564285721153846 0.16857142788461538 0.16 0.09333333413461539 0.16785714182692307 0.08190476201923078 0.12285714182692307 0.08190476201923078
1861 0.26999999999999996 0.08 0.2257142860576923 0.07523809615384615 0.22857142788461537 0.1857142860576923 0.24785714182692306 0.1828571418269231 0.2457142860576923 0.17047618990384614 0.2535714278846154 0.15714285817307694 0.26999999999999996 0.08
1341 0.22142857211538464 0.22666666586538461 0.22714285817307692 0.3095238100961539 0.25 0.3019047620192308 0.2628571418269231 0.2409523798076923 0.24785714182692306 0.2276190480769231 0.22142857211538464 0.22666666586538461
1861 0.01071428605769231 0.15809523798076922 0.011428572115384615 0.14666666586538463 0.014285713942307692 0.11428571394230769 0.023571427884615383 0.04952381009615384 0.04 0.038095237980769234 0.03928571394230769 0.03333333413461538 0.03285714182692308 0.028571427884615384 0.018571427884615386 0.020952379807692306 0.0007142860576923077 0.02 0.0007142860576923077 0.16285714182692307 0.011428572115384615 0.16476190384615386 0.01071428605769231 0.15809523798076922
1861 0.005 0.2580952379807692 0.002142858173076923 0.2533333341346154 0.002142858173076923 0.22 0.005714286057692307 0.21238095192307693 0.005714286057692307 0.21047618990384614 0.0014285721153846154 0.20952381009615387 0.0007142860576923077 0.20761904807692308 0.0007142860576923077 0.3066666658653846 0.007142858173076924 0.3076190480769231 0.01071428605769231 0.3038095240384615 0.013571427884615385 0.29523809615384616 0.013571427884615385 0.28380952403846155 0.01 0.26857142788461535 0.005 0.2580952379807692
1362 0.28642857211538464 0.10380952403846154 0.28142857211538463 0.08952381009615386 0.2757142860576923 0.08 0.1928571418269231 0.07619047596153847 0.18142857211538463 0.07619047596153847 0.17357142788461538 0.09238095192307692 0.17071428605769232 0.11523809615384616 0.17071428605769232 0.13428571394230768 0.1742857139423077 0.15523809615384615 0.18 0.16952381009615386 0.19 0.17714285817307693 0.26857142788461535 0.18190476201923078 0.27785714182692306 0.1714285721153846 0.2835714278846154 0.15714285817307694 0.2885714278846154 0.13714285817307692 0.28642857211538464 0.10380952403846154
1362 0.3092857139423077 0.28 0.3157142860576923 0.3028571418269231 0.3264285721153846 0.31428571394230764 0.3757142860576923 0.3133333341346154 0.3835714278846154 0.29714285817307695 0.39 0.25523809615384613 0.3821428581730769 0.23809523798076923 0.3664285721153846 0.22190476201923076 0.3507142860576923 0.21714285817307694 0.33928571394230767 0.2209523798076923 0.3271428581730769 0.2257142860576923 0.315 0.24476190384615387 0.3092857139423077 0.2628571418269231 0.3092857139423077 0.28
1382 0.0957142860576923 0.28761904807692307 0.095 0.29619047596153847 0.09428571394230768 0.3009523798076923 0.1064285721153846 0.3028571418269231 0.12071428605769231 0.3085714278846154 0.14 0.3114285721153846 0.15214285817307693 0.3104761899038462 0.155 0.3066666658653846 0.15214285817307693 0.2885714278846154 0.14214285817307692 0.27619047596153845 0.13357142788461537 0.2666666658653846 0.16214285817307694 0.27904762019230767 0.16285714182692307 0.27619047596153845 0.16285714182692307 0.27238095192307693 0.145 0.2571428581730769 0.13642857211538462 0.2523809519230769 0.13428571394230768 0.2523809519230769 0.13428571394230768 0.24476190384615387 0.11071428605769232 0.24476190384615387 0.11571428605769231 0.25619047596153843 0.11285714182692308 0.26857142788461535 0.10214285817307692 0.27904762019230767 0.0957142860576923 0.28761904807692307
1362 0.022142858173076926 0.01809523798076923 0.027142858173076927 0.04857142788461539 0.012142858173076922 0.15619047596153848 0.01571428605769231 0.16666666586538462 0.03571428605769231 0.17047618990384614 0.07 0.17238095192307692 0.09357142788461538 0.17238095192307692 0.115 0.16857142788461538 0.12714285817307694 0.15523809615384615 0.12142857211538462 0.03142857211538462 0.11642857211538461 0.024761903846153847 0.09785714182692308 0.011428572115384615 0.0807142860576923 0.0038095240384615385 0.0642857139423077 0.0009523798076923076 0.05071428605769231 0.002857141826923077 0.043571427884615384 0.002857141826923077 0.030000000000000002 0.011428572115384615 0.022142858173076926 0.01809523798076923
1362 0.33285714182692305 0.09904762019230769 0.3307142860576923 0.13047618990384616 0.3307142860576923 0.1590476201923077 0.33999999999999997 0.17714285817307693 0.35 0.18952381009615385 0.375 0.19047618990384615 0.387142858173077 0.1914285721153846 0.40928571394230767 0.1942857139423077 0.4221428581730769 0.19333333413461537 0.42857142788461544 0.1828571418269231 0.4364285721153846 0.16190476201923076 0.43928571394230764 0.1257142860576923 0.4335714278846154 0.10190476201923077 0.42857142788461544 0.09523809615384615 0.40642857211538463 0.06666666586538461 0.39071428605769226 0.05904762019230769 0.3821428581730769 0.05904762019230769 0.3692857139423077 0.060000000000000005 0.3578571418269231 0.06476190384615385 0.33928571394230767 0.09047618990384615 0.33285714182692305 0.09904762019230769
1520 0.13928571394230768 0.3647619038461538 0.16285714182692307 0.3761904759615385 0.18857142788461537 0.3752380961538462 0.21571428605769233 0.3752380961538462 0.2228571418269231 0.3723809519230769 0.24928571394230767 0.3723809519230769 0.2728571418269231 0.36380952403846156 0.3021428581730769 0.34761904807692307 0.31428571394230764 0.3409523798076923 0.35500000000000004 0.33809523798076924 0.3692857139423077 0.34380952403846154 0.3807142860576923 0.34380952403846154 0.3921428581730769 0.3409523798076923 0.4192857139423077 0.33999999999999997 0.4307142860576923 0.34476190384615385 0.4371428581730769 0.36 0.4335714278846154 0.3695238100961538 0.4307142860576923 0.3752380961538462 0.4335714278846154 0.3790476201923077 0.4507142860576923 0.3790476201923077 0.4628571418269231 0.3714285721153846 0.4628571418269231 0.36571428605769235 0.4614285721153846 0.35809523798076925 0.4592857139423077 0.3571428581730769 0.46 0.35333333413461543 0.46499999999999997 0.3571428581730769 0.47642857211538464 0.3619047620192308 0.4828571418269231 0.36095237980769235 0.4914285721153846 0.34666666586538464 0.4928571418269231 0.3247619038461539 0.49071428605769235 0.3 0.4835714278846154 0.2857142860576923 0.475 0.27523809615384615 0.47214285817307694 0.25619047596153843 0.47214285817307694 0.22 0.4735714278846154 0.1942857139423077 0.4735714278846154 0.1828571418269231 0.4692857139423077 0.16 0.46714285817307694 0.13714285817307692 0.47000000000000003 0.1209523798076923 0.4735714278846154 0.11428571394230769 0.4828571418269231 0.11809523798076924 0.4928571418269231 0.12380952403846154 0.5064285721153846 0.11333333413461538 0.5078571418269231 0.10095237980769231 0.5021428581730769 0.08285714182692307 0.47642857211538464 0.07809523798076924 0.4242857139423077 0.07619047596153847 0.387142858173077 0.06952381009615384 0.35285714182692307 0.06666666586538461 0.3307142860576923 0.0657142860576923 0.31428571394230764 0.06476190384615385 0.3021428581730769 0.056190475961538464 0.2964285721153846 0.054285713942307696 0.2942857139423077 0.04285714182692308 0.2935714278846154 0.020952379807692306 0.2885714278846154 0.009523810096153846 0.28428571394230767 0.0009523798076923076 0.13214285817307692 0.0009523798076923076 0.1285714278846154 0.007619048076923077 0.1242857139423077 0.026666665865384614 0.11642857211538461 0.03714285817307692 0.1064285721153846 0.04666666586538462 0.08857142788461539 0.05142857211538462 0.0642857139423077 0.04857142788461539 0.04285714182692308 0.04857142788461539 0.017857141826923075 0.04857142788461539 0.0035714278846153847 0.050476189903846155 0.0007142860576923077 0.33047618990384614 0.06857142788461539 0.33047618990384614 0.0957142860576923 0.33523809615384614 0.1192857139423077 0.3457142860576923 0.13928571394230768 0.3647619038461538
1942 0.6007142860576923 0.07904762019230768 0.5971428581730769 0.5952380961538462 0.8728571418269231 0.5895238100961538 0.88 0.10380952403846154 0.6007142860576923 0.07904762019230768
1120 0.9814285721153847 0.15047618990384615 0.9764285721153846 0.15714285817307694 0.9764285721153846 0.17333333413461538 0.9721428581730769 0.17619047596153845 0.9685714278846155 0.1857142860576923 0.9685714278846155 0.2066666658653846 0.9685714278846155 0.2209523798076923 0.9707142860576923 0.22476190384615385 0.9771428581730769 0.22190476201923076 0.9807142860576923 0.21714285817307694 0.9807142860576923 0.22476190384615385 0.9835714278846154 0.24952381009615385 0.9814285721153847 0.27333333413461536 0.98 0.28952381009615386 0.9792857139423077 0.3 0.982142858173077 0.3085714278846154 0.9785714278846154 0.3180952379807692 0.9785714278846154 0.3361904759615385 0.982142858173077 0.3409523798076923 0.982857141826923 0.34285714182692306 0.9792857139423077 0.367619048076923 0.9792857139423077 0.3790476201923077 0.9842857139423077 0.4019047620192308 0.99 0.4209523798076923 0.9892857139423078 0.42476190384615387 0.9985714278846154 0.4257142860576923 0.9985714278846154 0.1657142860576923 0.9985714278846154 0.15619047596153848 0.995 0.15047618990384615 0.9892857139423078 0.1485714278846154 0.9814285721153847 0.15047618990384615
694 0.9957142860576924 0.6295238100961539 0.9992857139423077 0.6295238100961539 0.9992857139423077 0.4828571418269231 0.9978571418269231 0.21714285817307694 0.9942857139423077 0.2209523798076923 0.9942857139423077 0.25523809615384613 0.9892857139423078 0.2914285721153846 0.9892857139423078 0.2666666658653846 0.9778571418269231 0.2228571418269231 0.9657142860576923 0.20952381009615387 0.967142858173077 0.1828571418269231 0.9628571418269231 0.1828571418269231 0.9528571418269232 0.18190476201923078 0.9492857139423077 0.18857142788461537 0.9507142860576923 0.19809523798076922 0.947857141826923 0.21047618990384614 0.9492857139423077 0.2190476201923077 0.9542857139423078 0.2190476201923077 0.9600000000000001 0.23047618990384616 0.9642857139423077 0.27047618990384614 0.9714285721153846 0.3 0.9764285721153846 0.34380952403846154 0.9750000000000001 0.3647619038461538 0.967142858173077 0.34190476201923076 0.9542857139423078 0.3066666658653846 0.9442857139423076 0.2809523798076923 0.9364285721153845 0.2542857139423077 0.9364285721153845 0.2504761899038461 0.9257142860576923 0.2523809519230769 0.9164285721153846 0.2485714278846154 0.9021428581730769 0.2476190480769231 0.8878571418269231 0.25619047596153843 0.8871428581730769 0.2742857139423077 0.8907142860576923 0.2933333341346154 0.8971428581730769 0.3104761899038462 0.8835714278846154 0.2933333341346154 0.8692857139423077 0.2857142860576923 0.8614285721153846 0.27904762019230767 0.8564285721153847 0.2885714278846154 0.8564285721153847 0.3009523798076923 0.8657142860576923 0.3066666658653846 0.9442857139423076 0.45904762019230766 0.9450000000000001 0.48000000000000004 0.9457142860576924 0.4990476201923077 0.9557142860576923 0.5047619038461538 0.9635714278846154 0.4980952379807692 0.9692857139423077 0.49047618990384617 0.98 0.5209523798076924 0.982142858173077 0.5419047620192308 0.982857141826923 0.5704761899038462 0.9857142860576923 0.6038095240384616 0.99 0.6161904759615384 0.9792857139423077 0.6219047620192307 0.9785714278846154 0.6285714278846153 0.9878571418269231 0.6304761899038461 0.9957142860576924 0.6295238100961539
1693 0.9707142860576923 0.6047619038461538 0.9464285721153847 0.5952380961538462 0.9085714278846153 0.5971428581730769 0.855 0.5980952379807692 0.8414285721153847 0.6028571418269231 0.8378571418269231 0.6152380961538462 0.8428571418269232 0.6333333341346153 0.8642857139423078 0.6447619038461538 0.8785714278846153 0.6504761899038461 0.8792857139423076 0.6571428581730768 0.8692857139423077 0.6742857139423077 0.8692857139423077 0.6828571418269231 0.8742857139423077 0.6885714278846155 0.8835714278846154 0.6847619038461539 0.89 0.6742857139423077 0.892142858173077 0.6666666658653846 0.895 0.6628571418269231 0.9135714278846153 0.6638095240384616 0.927142858173077 0.6666666658653846 0.9257142860576923 0.6704761899038462 0.927857141826923 0.6761904759615385 0.932142858173077 0.677142858173077 0.9985714278846154 0.6685714278846154 0.9985714278846154 0.6314285721153846 0.9985714278846154 0.6161904759615384 0.9707142860576923 0.6047619038461538
583 0.3042857139423077 0.7495238100961538 0.3114285721153846 0.7514285721153846 0.31428571394230764 0.7342857139423077 0.3221428581730769 0.7228571418269231 0.3307142860576923 0.72 0.34142857211538463 0.7209523798076922 0.34500000000000003 0.7190476201923077 0.34357142788461537 0.7142857139423077 0.33571428605769227 0.7028571418269232 0.32928571394230766 0.6980952379807692 0.3228571418269231 0.6980952379807692 0.3164285721153846 0.6980952379807692 0.31071428605769236 0.6980952379807692 0.3035714278846154 0.7047619038461538 0.2978571418269231 0.7209523798076922 0.2978571418269231 0.735238096153846 0.2992857139423077 0.7438095240384615 0.3042857139423077 0.7495238100961538
583 0.2207142860576923 0.6819047620192307 0.21428571394230772 0.6885714278846155 0.2135714278846154 0.6980952379807692 0.21714285817307694 0.7085714278846154 0.22499999999999998 0.7095238100961538 0.23142857211538462 0.7114285721153847 0.23785714182692308 0.7114285721153847 0.2457142860576923 0.7085714278846154 0.24928571394230767 0.7019047620192308 0.2457142860576923 0.6952380961538461 0.24214285817307693 0.6819047620192307 0.23428571394230768 0.677142858173077 0.2278571418269231 0.677142858173077 0.2207142860576923 0.6819047620192307
1885 0 0.9580428990384615 0.792142858173077 0.8999999999999999 0.9414285721153846 0.9019047620192308 0.9992857139423077 0.9409523798076923 1 0.0009523798076923076 0.0007142860576923077 0.0019047620192307693 0 0.47714285817307694 0 0.9580428990384615
792 0.845 0.9057142860576923 0.8114285721153845 0.9019047620192308 0.6521428581730769 0.9133333341346154 0.065 0.9657142860576923 0.02928571394230769 0.967619048076923 0.02928571394230769 0.9990476201923078 0.7507142860576923 1 0.9985714278846154 0.9990476201923078 0.9985714278846154 0.9438095240384615 0.9414285721153846 0.9028571418269231 0.845 0.9057142860576923