1219 0.37357142788461534 0.0009523798076923076 0.3728571418269231 0.09047618990384615 0.5457142860576923 0.10380952403846154 0.547857141826923 0.0009523798076923076 0.37357142788461534 0.0009523798076923076
1219 0.5357142860576923 0.3771428581730769 0.5407142860576923 0.3771428581730769 0.5585714278846153 0.13047618990384616 0.3542857139423077 0.11047618990384615 0.35 0.24000000000000002 0.34142857211538463 0.33809523798076924 0.5357142860576923 0.3771428581730769
345 0.105 0.0009523798076923076 0.024285713942307694 0.0009523798076923076 0.022857141826923076 0.038095237980769234 0.10428571394230769 0.047619048076923076 0.105 0.0009523798076923076
678 0.7157142860576923 0.41047618990384616 0.7542857139423076 0.39809523798076923 0.7492857139423077 0.0009523798076923076 0.6121428581730769 0.0009523798076923076 0.592142858173077 0.4809523798076923 0.6028571418269231 0.4828571418269231 0.62 0.4885714278846154 0.6328571418269231 0.5066666658653847 0.7057142860576923 0.5038095240384616 0.7185714278846155 0.5 0.717142858173077 0.48000000000000004 0.7157142860576923 0.41047618990384616
678 0.9757142860576924 0.6542857139423077 0.9992857139423077 0.6552380961538462 0.9992857139423077 0.0009523798076923076 0.9221428581730768 0.0009523798076923076 0.917142858173077 0.06952381009615384 0.9107142860576923 0.13238095192307692 0.9071428581730768 0.21428571394230772 0.9035714278846154 0.3133333341346154 0.8907142860576923 0.4342857139423077 0.9028571418269231 0.58 0.9421428581730769 0.6266666658653846 0.955 0.6504761899038461 0.9571428581730769 0.6619047620192308 0.9614285721153847 0.7019047620192308 0.9450000000000001 0.764761903846154 0.9721428581730769 0.7552380961538462 0.9757142860576924 0.6542857139423077
1942 0.0014285721153846154 0.17238095192307692 0.05857142788461538 0.1828571418269231 0.06214285817307692 0.0009523798076923076 0.0007142860576923077 0 0.0014285721153846154 0.17238095192307692
118 0.03071428605769231 0.16857142788461538 0.03285714182692308 0.16190476201923076 0.03642857211538462 0.15238095192307693 0.03428571394230769 0.14285714182692308 0.027142858173076927 0.14 0.02 0.14 0.01571428605769231 0.14476190384615384 0.016428572115384614 0.1533333341346154 0.02 0.16190476201923076 0.020714286057692308 0.16666666586538462 0.03071428605769231 0.16857142788461538
118 0.0064285721153846155 0.13809523798076923 0.0035714278846153847 0.14 0.002857141826923077 0.16190476201923076 0.007857141826923077 0.16190476201923076 0.012857141826923076 0.16 0.015000000000000001 0.15238095192307693 0.015000000000000001 0.14190476201923077 0.011428572115384615 0.13714285817307692 0.0064285721153846155 0.13809523798076923
1735 0.04285714182692308 0.2066666658653846 0.04 0.21428571394230772 0.056428572115384615 0.2276190480769231 0.08714285817307693 0.2257142860576923 0.10285714182692307 0.21809523798076924 0.10428571394230769 0.20476190384615386 0.10357142788461539 0.17238095192307692 0.10071428605769231 0.1714285721153846 0.0792857139423077 0.15619047596153848 0.0792857139423077 0.14952381009615384 0.07285714182692307 0.14190476201923077 0.06785714182692307 0.14190476201923077 0.065 0.14380952403846153 0.06357142788461538 0.1457142860576923 0.06357142788461538 0.1533333341346154 0.05785714182692307 0.16095237980769234 0.04642857211538461 0.1657142860576923 0.03571428605769231 0.17333333413461538 0.032142858173076924 0.1876190480769231 0.03714285817307692 0.19714285817307695 0.04285714182692308 0.2066666658653846
679 0.10214285817307692 0.35142857211538464 0.10285714182692307 0.28380952403846155 0.043571427884615384 0.27047618990384614 0.040714286057692305 0.33523809615384614 0.10214285817307692 0.35142857211538464
679 0.0014285721153846154 0.3247619038461539 0.03928571394230769 0.3361904759615385 0.04 0.26952381009615384 0.0007142860576923077 0.2619047620192308 0.0014285721153846154 0.3247619038461539
545 0.037857141826923076 0.3390476201923077 0.0014285721153846154 0.3257142860576923 0.0014285721153846154 0.557142858173077 0.03428571394230769 0.562857141826923 0.037857141826923076 0.3390476201923077
1019 0.0742857139423077 0.3066666658653846 0.07 0.3066666658653846 0.07 0.31428571394230764 0.0742857139423077 0.3180952379807692 0.0792857139423077 0.31714285817307697 0.08214285817307693 0.31714285817307697 0.08499999999999999 0.3104761899038462 0.0792857139423077 0.3066666658653846 0.0742857139423077 0.3066666658653846
1019 0.03714285817307692 0.38190476201923074 0.040714286057692305 0.3876190480769231 0.043571427884615384 0.3895238100961539 0.04785714182692307 0.3790476201923077 0.047142858173076924 0.3752380961538462 0.04285714182692308 0.3752380961538462 0.040714286057692305 0.3752380961538462 0.03714285817307692 0.3790476201923077 0.03714285817307692 0.38190476201923074
545 0.10142857211538461 0.3542857139423077 0.041428572115384615 0.33523809615384614 0.03714285817307692 0.5666666658653846 0.04857142788461539 0.5714285721153846 0.04857142788461539 0.5485714278846154 0.05214285817307692 0.5485714278846154 0.07214285817307692 0.5485714278846154 0.08142857211538461 0.5514285721153847 0.09785714182692308 0.5438095240384615 0.10142857211538461 0.3542857139423077
1559 0.23142857211538462 0.4161904759615384 0.2392857139423077 0.4161904759615384 0.2464285721153846 0.40666666586538464 0.5264285721153846 0.46857142788461537 0.5535714278846154 0.4742857139423077 0.5528571418269231 0.5028571418269231 0.56 0.5085714278846154 0.5764285721153846 0.4885714278846154 0.58 0.4714285721153846 0.5928571418269231 0.45904762019230766 0.5985714278846154 0.3923809519230769 0.2607142860576923 0.3276190480769231 0.2007142860576923 0.35142857211538464 0.20142857211538462 0.3647619038461538 0.20714285817307693 0.3647619038461538 0.20642857211538462 0.3866666658653846 0.2 0.39904762019230766 0.20642857211538462 0.39904762019230766 0.20428571394230768 0.5657142860576923 0.2278571418269231 0.5809523798076923 0.22857142788461537 0.5761904759615384 0.22857142788461537 0.42666666586538465 0.23142857211538462 0.4161904759615384
1027 0.28785714182692307 0.10666666586538462 0.3192857139423077 0.10476190384615386 0.29714285817307695 0.038095237980769234 0.2707142860576923 0.03714285817307692 0.2464285721153846 0.10095237980769231 0.27928571394230767 0.10761904807692307 0.27785714182692306 0.1209523798076923 0.275 0.1209523798076923 0.2742857139423077 0.1257142860576923 0.27642857211538463 0.1333333341346154 0.2728571418269231 0.27238095192307693 0.2692857139423077 0.28190476201923076 0.2678571418269231 0.2942857139423077 0.2671428581730769 0.33047618990384614 0.265 0.33333333413461536 0.2592857139423077 0.33809523798076924 0.25785714182692304 0.34476190384615385 0.2607142860576923 0.3485714278846154 0.275 0.3485714278846154 0.27785714182692306 0.34666666586538464 0.27785714182692306 0.3247619038461539 0.2807142860576923 0.3057142860576923 0.28428571394230767 0.3 0.29071428605769234 0.2942857139423077 0.2928571418269231 0.28761904807692307 0.2928571418269231 0.2809523798076923 0.28642857211538464 0.27523809615384615 0.28785714182692307 0.13809523798076923 0.29214285817307695 0.1266666658653846 0.2892857139423077 0.12190476201923077 0.28785714182692307 0.10666666586538462
1382 0.30642857211538466 0.3647619038461538 0.3114285721153846 0.35619047596153847 0.3135714278846154 0.3342857139423077 0.30642857211538466 0.3 0.3 0.2942857139423077 0.2992857139423077 0.2857142860576923 0.2935714278846154 0.2857142860576923 0.2892857139423077 0.29523809615384616 0.28428571394230767 0.3019047620192308 0.27928571394230767 0.31714285817307697 0.27642857211538463 0.35142857211538464 0.28142857211538463 0.3619047620192308 0.30642857211538466 0.3647619038461538
1382 0.33 0.23142857211538462 0.3192857139423077 0.2409523798076923 0.31785714182692304 0.2485714278846154 0.3114285721153846 0.26857142788461535 0.3114285721153846 0.27238095192307693 0.3121428581730769 0.28476190384615385 0.315 0.3 0.3192857139423077 0.3114285721153846 0.32928571394230766 0.3276190480769231 0.3307142860576923 0.33238095192307693 0.3278571418269231 0.33523809615384614 0.3164285721153846 0.3390476201923077 0.3114285721153846 0.35142857211538464 0.31714285817307697 0.3571428581730769 0.32928571394230766 0.36095237980769235 0.34500000000000003 0.36095237980769235 0.33999999999999997 0.3409523798076923 0.33928571394230767 0.3257142860576923 0.3457142860576923 0.3057142860576923 0.3664285721153846 0.27238095192307693 0.36214285817307695 0.2619047620192308 0.35571428605769234 0.24380952403846154 0.3457142860576923 0.23428571394230768 0.3464285721153846 0.2228571418269231 0.34214285817307694 0.22 0.34214285817307694 0.2114285721153846 0.34500000000000003 0.20952381009615387 0.34714285817307694 0.20476190384615386 0.34714285817307694 0.19714285817307695 0.3464285721153846 0.1876190480769231 0.34214285817307694 0.1828571418269231 0.33714285817307693 0.1828571418269231 0.33285714182692305 0.18952381009615385 0.32928571394230766 0.2 0.3342857139423077 0.2066666658653846 0.33285714182692305 0.22380952403846152 0.33 0.23142857211538462
1382 0.36 0.3761904759615385 0.37357142788461534 0.37809523798076927 0.3857142860576923 0.3771428581730769 0.3957142860576923 0.3733333341346154 0.3964285721153846 0.362857141826923 0.4014285721153846 0.35333333413461543 0.4042857139423077 0.34285714182692306 0.4057142860576923 0.3247619038461539 0.40214285817307693 0.3133333341346154 0.39714285817307693 0.3019047620192308 0.3828571418269231 0.28285714182692306 0.38 0.27619047596153845 0.3778571418269231 0.2628571418269231 0.3835714278846154 0.25619047596153843 0.3807142860576923 0.24476190384615387 0.3742857139423077 0.23904762019230769 0.365 0.2485714278846154 0.36571428605769235 0.2571428581730769 0.3685714278846154 0.26476190384615383 0.3664285721153846 0.27619047596153845 0.362857141826923 0.28285714182692306 0.35285714182692307 0.29523809615384616 0.3442857139423077 0.31238095192307697 0.34071428605769233 0.33333333413461536 0.3464285721153846 0.362857141826923 0.3492857139423077 0.3752380961538462 0.36 0.3761904759615385
1382 0.46357142788461536 0.3895238100961539 0.46857142788461537 0.4 0.47642857211538464 0.4 0.4971428581730769 0.39904762019230766 0.5 0.39619047596153845 0.5021428581730769 0.39047618990384614 0.5021428581730769 0.3790476201923077 0.5014285721153846 0.3685714278846154 0.4978571418269231 0.3314285721153846 0.4928571418269231 0.3276190480769231 0.4864285721153846 0.3247619038461539 0.4864285721153846 0.31904762019230765 0.4814285721153846 0.3180952379807692 0.47785714182692307 0.32 0.47642857211538464 0.3276190480769231 0.47000000000000003 0.3342857139423077 0.46714285817307694 0.3542857139423077 0.46357142788461536 0.3685714278846154 0.46357142788461536 0.3895238100961539
1382 0.4892857139423077 0.2628571418269231 0.49071428605769235 0.2485714278846154 0.4914285721153846 0.24000000000000002 0.4892857139423077 0.2276190480769231 0.4828571418269231 0.23047618990384616 0.47642857211538464 0.2371428581730769 0.4792857139423077 0.2485714278846154 0.47642857211538464 0.2580952379807692 0.47642857211538464 0.26952381009615384 0.4735714278846154 0.27523809615384615 0.46571428605769233 0.28380952403846155 0.46071428605769227 0.29523809615384616 0.4564285721153846 0.3057142860576923 0.4564285721153846 0.3228571418269231 0.45428571394230766 0.34666666586538464 0.45785714182692305 0.36571428605769235 0.5035714278846154 0.3761904759615385 0.5057142860576923 0.3771428581730769 0.51 0.3714285721153846 0.5121428581730769 0.3504761899038461 0.5114285721153846 0.32857142788461535 0.51 0.30476190384615387 0.5064285721153846 0.2933333341346154 0.5035714278846154 0.28761904807692307 0.4992857139423077 0.27904762019230767 0.4914285721153846 0.27333333413461536 0.4892857139423077 0.2628571418269231
1382 0.5892857139423077 0.29238095192307695 0.5835714278846154 0.27809523798076924 0.582857141826923 0.26857142788461535 0.5642857139423076 0.2485714278846154 0.5607142860576924 0.24000000000000002 0.5585714278846153 0.21523809615384615 0.5614285721153845 0.20380952403846153 0.5607142860576924 0.19619047596153846 0.5564285721153847 0.18857142788461537 0.5507142860576922 0.18952381009615385 0.5457142860576923 0.19333333413461537 0.5407142860576923 0.2066666658653846 0.5457142860576923 0.21428571394230772 0.5407142860576923 0.24952381009615385 0.5264285721153846 0.2580952379807692 0.5178571418269231 0.27047618990384614 0.5192857139423077 0.27523809615384615 0.51 0.2914285721153846 0.51 0.3066666658653846 0.5121428581730769 0.3342857139423077 0.5164285721153846 0.34952381009615385 0.5357142860576923 0.3695238100961538 0.5371428581730769 0.3761904759615385 0.52 0.37809523798076927 0.51 0.3857142860576923 0.51 0.39523809615384614 0.5164285721153846 0.4038095240384615 0.532857141826923 0.40761904807692306 0.5485714278846154 0.40952381009615385 0.565 0.40857142788461537 0.58 0.40761904807692306 0.5914285721153847 0.4 0.5928571418269231 0.3914285721153846 0.5764285721153846 0.38 0.565 0.3723809519230769 0.5692857139423076 0.3666666658653846 0.5821428581730769 0.35809523798076925 0.5892857139423077 0.3409523798076923 0.592142858173077 0.3238095240384615 0.592142858173077 0.3076190480769231 0.5892857139423077 0.29238095192307695
1942 0.7514285721153846 0 0.7535714278846153 0.39904762019230766 0.7585714278846154 0.4 0.7857142860576923 0.39809523798076923 0.8107142860576922 0.40285714182692306 0.845 0.40952381009615385 0.875 0.42 0.8892857139423077 0.42952381009615387 0.9014285721153846 0.31619047596153843 0.9035714278846154 0.2580952379807692 0.9064285721153845 0.20380952403846153 0.9085714278846153 0.1266666658653846 0.9121428581730769 0.1 0.9214285721153845 0.0009523798076923076 0.8435714278846155 0 0.7514285721153846 0
1757 0.8435714278846155 0.5419047620192308 0.8692857139423077 0.5542857139423076 0.8678571418269231 0.5342857139423077 0.8657142860576923 0.4866666658653846 0.8664285721153846 0.4695238100961538 0.8714285721153847 0.45619047596153844 0.8771428581730769 0.4409523798076923 0.8771428581730769 0.4228571418269231 0.8814285721153846 0.41714285817307695 0.8814285721153846 0.40857142788461537 0.8742857139423077 0.40666666586538464 0.8407142860576923 0.4161904759615384 0.8357142860576924 0.41428571394230773 0.802142858173077 0.41238095192307694 0.7749999999999999 0.4038095240384615 0.7435714278846154 0.39619047596153845 0.7142857139423077 0.3866666658653846 0.7114285721153847 0.39428571394230766 0.72 0.41142857211538464 0.7207142860576923 0.4980952379807692 0.7278571418269231 0.4971428581730769 0.7371428581730769 0.5095238100961539 0.7507142860576923 0.5104761899038461 0.7507142860576923 0.4838095240384615 0.7621428581730769 0.47238095192307694 0.7692857139423077 0.47047618990384615 0.7885714278846153 0.4647619038461538 0.8049999999999999 0.4647619038461538 0.8214285721153847 0.46857142788461537 0.8364285721153847 0.47238095192307694 0.842142858173077 0.4819047620192308 0.8407142860576923 0.4942857139423077 0.8378571418269231 0.5095238100961539 0.8435714278846155 0.5419047620192308
1757 0.2757142860576923 0.5533333341346154 0.30642857211538466 0.5742857139423078 0.3457142860576923 0.5914285721153847 0.3778571418269231 0.6057142860576923 0.3914285721153846 0.5952380961538462 0.3935714278846154 0.5885714278846154 0.3914285721153846 0.5685714278846153 0.38428571394230765 0.5361904759615385 0.3757142860576923 0.4980952379807692 0.36214285817307695 0.4371428581730769 0.3578571418269231 0.41333333413461537 0.35285714182692307 0.3923809519230769 0.34785714182692307 0.38190476201923074 0.34357142788461537 0.38190476201923074 0.33285714182692305 0.39523809615384614 0.3207142860576923 0.40666666586538464 0.3057142860576923 0.41047618990384616 0.27785714182692306 0.4161904759615384 0.2514285721153846 0.42 0.24142857211538463 0.4180952379807692 0.2357142860576923 0.41904762019230773 0.23357142788461538 0.4219047620192308 0.2357142860576923 0.4419047620192308 0.2407142860576923 0.4695238100961538 0.25 0.5238095240384616 0.2528571418269231 0.5333333341346154 0.2757142860576923 0.5533333341346154
1757 0.19 0.5819047620192308 0.1821428581730769 0.5409523798076923 0.1657142860576923 0.4914285721153846 0.1564285721153846 0.47619047596153846 0.1464285721153846 0.49238095192307696 0.12285714182692307 0.522857141826923 0.10214285817307692 0.5419047620192308 0.0792857139423077 0.5504761899038462 0.0657142860576923 0.5495238100961538 0.04928571394230769 0.5495238100961538 0.052857141826923075 0.5885714278846154 0.056428572115384615 0.6228571418269231 0.07142857211538461 0.6819047620192307 0.0807142860576923 0.692380951923077 0.12214285817307692 0.7209523798076922 0.1492857139423077 0.7371428581730769 0.20500000000000002 0.7504761899038462 0.22 0.7409523798076924 0.21714285817307694 0.7295238100961539 0.215 0.7047619038461538 0.21214285817307693 0.6799999999999999 0.20500000000000002 0.6533333341346155 0.2 0.6266666658653846 0.19 0.5819047620192308
417 0.917142858173077 0.5504761899038462 0.927142858173077 0.5095238100961539 0.925 0.4819047620192308 0.917142858173077 0.45809523798076923 0.9014285721153846 0.4380952379807692 0.8885714278846154 0.42952381009615387 0.8592857139423077 0.41238095192307694 0.8407142860576923 0.4057142860576923 0.7907142860576923 0.39904762019230766 0.7785714278846154 0.39904762019230766 0.7542857139423076 0.39904762019230766 0.7185714278846155 0.41333333413461537 0.697857141826923 0.4209523798076923 0.6828571418269231 0.4438095240384615 0.6742857139423077 0.46857142788461537 0.682142858173077 0.5123809519230769 0.7435714278846154 0.5114285721153846 0.8678571418269231 0.5552380961538461 0.9042857139423077 0.5761904759615384 0.917142858173077 0.5504761899038462
417 0.2521428581730769 0.5961904759615385 0.28 0.6104761899038461 0.34785714182692307 0.6266666658653846 0.4914285721153846 0.5276190480769231 0.4557142860576923 0.5114285721153846 0.3885714278846154 0.4790476201923077 0.3728571418269231 0.4714285721153846 0.245 0.4876190480769231 0.2357142860576923 0.4914285721153846 0.22857142788461537 0.4990476201923077 0.22142857211538464 0.5171428581730769 0.2221428581730769 0.5380952379807693 0.23142857211538462 0.5542857139423076 0.2371428581730769 0.5857142860576923 0.2521428581730769 0.5961904759615385
417 0.0792857139423077 0.9142857139423076 0.07857142788461538 0.9247619038461538 0.08428571394230769 0.9361904759615385 0.08214285817307693 0.9514285721153846 0.0792857139423077 0.9504761899038462 0.115 0.9723809519230768 0.1257142860576923 0.9600000000000001 0.17214285817307692 0.9733333341346154 0.1542857139423077 0.8742857139423077 0.23785714182692308 0.9028571418269231 0.2357142860576923 0.8352380961538461 0.23642857211538462 0.7790476201923078 0.2514285721153846 0.7419047620192308 0.2671428581730769 0.7076190480769231 0.2857142860576923 0.6847619038461539 0.3492857139423077 0.6295238100961539 0.2807142860576923 0.6104761899038461 0.23642857211538462 0.582857141826923 0.20785714182692308 0.5704761899038462 0.1907142860576923 0.5619047620192308 0.04857142788461539 0.5847619038461539 0.03571428605769231 0.6038095240384616 0.027857141826923077 0.62 0.025 0.6447619038461538 0.027857141826923077 0.672380951923077 0.03285714182692308 0.6885714278846155 0.04928571394230769 0.7190476201923077 0.06928571394230769 0.8219047620192307 0.08214285817307693 0.8942857139423077 0.08 0.9019047620192308 0.0792857139423077 0.9142857139423076
1757 0.175 0.9857142860576923 0.18142857211538463 0.9990476201923078 0.3835714278846154 0.9980952379807693 0.34500000000000003 0.9666666658653846 0.32857142788461535 0.9590476201923077 0.2985714278846154 0.9333333341346154 0.2585714278846154 0.9114285721153846 0.2357142860576923 0.9028571418269231 0.15785714182692306 0.8771428581730769 0.15714285817307694 0.8771428581730769 0.17357142788461538 0.9666666658653846 0.175 0.9857142860576923
417 0.9299999999999999 0.9866666658653845 0.9564285721153846 0.9914285721153846 0.98 0.9971428581730769 0.9992857139423077 0.9990476201923078 0.9985714278846154 0.6571428581730768 0.9978571418269231 0.6561904759615385 0.967142858173077 0.6514285721153846 0.9571428581730769 0.6590476201923077 0.9592857139423077 0.6780952379807693 0.9607142860576924 0.7028571418269232 0.9349999999999999 0.8019047620192308 0.9385714278846155 0.8200000000000001 0.937142858173077 0.8238095240384615 0.9357142860576922 0.8447619038461538 0.9392857139423078 0.8657142860576923 0.942857141826923 0.8904761899038461 0.942857141826923 0.9095238100961538 0.9407142860576924 0.9323809519230769 0.9414285721153846 0.9447619038461539 0.937142858173077 0.9695238100961538 0.927142858173077 0.987619048076923 0.9299999999999999 0.9866666658653845
1341 0.797857141826923 0.697142858173077 0.822857141826923 0.697142858173077 0.8407142860576923 0.697142858173077 0.855 0.6819047620192307 0.857857141826923 0.6714285721153845 0.8621428581730769 0.6438095240384616 0.8621428581730769 0.6266666658653846 0.86 0.5990476201923077 0.8564285721153847 0.5838095240384615 0.8471428581730769 0.562857141826923 0.8428571418269232 0.5438095240384615 0.84 0.5257142860576923 0.8385714278846154 0.507619048076923 0.8435714278846155 0.48476190384615386 0.84 0.47523809615384616 0.8321428581730769 0.4695238100961538 0.8114285721153845 0.4666666658653846 0.7907142860576923 0.4647619038461538 0.7657142860576923 0.4714285721153846 0.7528571418269231 0.4819047620192308 0.7521428581730769 0.5 0.7542857139423076 0.522857141826923 0.7585714278846154 0.5457142860576923 0.7492857139423077 0.5714285721153846 0.7442857139423077 0.5990476201923077 0.7435714278846154 0.6266666658653846 0.7471428581730769 0.6523809519230769 0.7492857139423077 0.6714285721153845 0.767857141826923 0.6895238100961538 0.797857141826923 0.697142858173077
299 0.6385714278846154 0.7228571418269231 0.6485714278846154 0.7361904759615385 0.6707142860576922 0.7466666658653847 0.677857141826923 0.7590476201923076 0.7164285721153847 0.7638095240384615 0.7364285721153846 0.752380951923077 0.7471428581730769 0.752380951923077 0.7635714278846154 0.7428571418269231 0.765 0.7247619038461538 0.7521428581730769 0.7104761899038461 0.7314285721153847 0.697142858173077 0.642857141826923 0.6980952379807692 0.6414285721153846 0.6990476201923077 0.6357142860576922 0.7123809519230769 0.6385714278846154 0.7228571418269231
885 0.692857141826923 0.6657142860576923 0.6921428581730769 0.6571428581730768 0.682142858173077 0.6542857139423077 0.677142858173077 0.6580952379807693 0.6742857139423077 0.6533333341346155 0.67 0.6485714278846154 0.6635714278846153 0.6485714278846154 0.6592857139423077 0.6514285721153846 0.6571428581730768 0.6580952379807693 0.6542857139423077 0.6647619038461539 0.6557142860576923 0.6761904759615385 0.6499999999999999 0.6742857139423077 0.6442857139423077 0.677142858173077 0.6414285721153846 0.6952380961538461 0.6464285721153846 0.7019047620192308 0.6478571418269231 0.7123809519230769 0.6592857139423077 0.7228571418269231 0.6621428581730769 0.7342857139423077 0.6678571418269231 0.74 0.675 0.7447619038461538 0.687142858173077 0.7495238100961538 0.6964285721153847 0.7495238100961538 0.7028571418269232 0.7504761899038462 0.7114285721153847 0.752380951923077 0.7192857139423077 0.752380951923077 0.7264285721153846 0.7514285721153846 0.7314285721153847 0.7495238100961538 0.7392857139423078 0.7495238100961538 0.7464285721153847 0.7495238100961538 0.7464285721153847 0.7390476201923076 0.7464285721153847 0.732380951923077 0.7464285721153847 0.7257142860576924 0.7442857139423077 0.7152380961538461 0.7457142860576924 0.7066666658653846 0.7478571418269231 0.7019047620192308 0.7471428581730769 0.6952380961538461 0.7435714278846154 0.6914285721153846 0.7371428581730769 0.6876190480769231 0.7392857139423078 0.6819047620192307 0.7342857139423077 0.6704761899038462 0.7285714278846154 0.672380951923077 0.7257142860576924 0.6685714278846154 0.7214285721153846 0.6657142860576923 0.7157142860576923 0.6619047620192308 0.7121428581730769 0.6666666658653846 0.707857141826923 0.6542857139423077 0.7 0.6533333341346155 0.6942857139423076 0.6571428581730768 0.692857141826923 0.6657142860576923
1362 0.59 0.6790476201923077 0.5807142860576924 0.6571428581730768 0.557857141826923 0.6419047620192307 0.5214285721153846 0.6247619038461539 0.4378571418269231 0.6057142860576923 0.4035714278846154 0.6104761899038461 0.3914285721153846 0.612380951923077 0.37642857211538466 0.6190476201923077 0.36571428605769235 0.6285714278846153 0.362857141826923 0.6380952379807692 0.36571428605769235 0.6523809519230769 0.385 0.6752380961538461 0.41428571394230773 0.6914285721153846 0.4442857139423077 0.7066666658653846 0.5035714278846154 0.717142858173077 0.5292857139423077 0.717142858173077 0.55 0.7152380961538461 0.5807142860576924 0.7028571418269232 0.59 0.6790476201923077
166 0.5414285721153846 0.7085714278846154 0.5507142860576922 0.7009523798076922 0.5614285721153845 0.6961904759615384 0.5585714278846153 0.6695238100961538 0.5507142860576922 0.6704761899038462 0.5457142860576923 0.677142858173077 0.5357142860576923 0.6714285721153845 0.5 0.6609523798076923 0.45785714182692305 0.6533333341346155 0.4271428581730769 0.6504761899038461 0.4164285721153846 0.6504761899038461 0.40642857211538463 0.6638095240384616 0.40785714182692306 0.6742857139423077 0.4235714278846154 0.6876190480769231 0.44357142788461534 0.6961904759615384 0.4857142860576923 0.7047619038461538 0.5285714278846154 0.7076190480769231 0.5414285721153846 0.7085714278846154
166 0.5257142860576923 0.6342857139423077 0.5085714278846154 0.607619048076923 0.48714285817307695 0.5942857139423077 0.46642857211538463 0.5857142860576923 0.46071428605769227 0.5885714278846154 0.4478571418269231 0.5933333341346153 0.43571428605769236 0.5923809519230769 0.43285714182692303 0.5990476201923077 0.4457142860576923 0.612380951923077 0.4507142860576923 0.612380951923077 0.46071428605769227 0.62 0.48714285817307695 0.6285714278846153 0.5021428581730769 0.6352380961538462 0.5185714278846154 0.64 0.5221428581730769 0.6504761899038461 0.5192857139423077 0.6657142860576923 0.5342857139423077 0.6676190480769232 0.5335714278846153 0.6542857139423077 0.5257142860576923 0.6342857139423077
166 0.4192857139423077 0.5885714278846154 0.41000000000000003 0.5952380961538462 0.40499999999999997 0.6152380961538462 0.4192857139423077 0.6352380961538462 0.44285714182692304 0.6504761899038461 0.4735714278846154 0.6542857139423077 0.47785714182692307 0.6523809519230769 0.46785714182692306 0.6333333341346153 0.44285714182692304 0.6133333341346154 0.43285714182692303 0.5990476201923077 0.435 0.5895238100961538 0.43 0.5866666658653846 0.4192857139423077 0.5885714278846154
166 0.40928571394230767 0.6228571418269231 0.3835714278846154 0.6295238100961539 0.3771428581730769 0.6333333341346153 0.3785714278846154 0.6466666658653846 0.3928571418269231 0.6466666658653846 0.4 0.6504761899038461 0.41071428605769233 0.6590476201923077 0.4164285721153846 0.6504761899038461 0.42500000000000004 0.6514285721153846 0.47714285817307694 0.6552380961538462 0.5185714278846154 0.6638095240384616 0.522857141826923 0.6514285721153846 0.5178571418269231 0.6419047620192307 0.5021428581730769 0.6352380961538462 0.4585714278846154 0.62 0.40928571394230767 0.6228571418269231
1710 0.937142858173077 0.8123809519230769 0.927142858173077 0.78 0.8999999999999999 0.7438095240384615 0.8642857139423078 0.6809523798076923 0.8592857139423077 0.6819047620192307 0.855 0.6866666658653846 0.8514285721153846 0.6952380961538461 0.8435714278846155 0.7028571418269232 0.8385714278846154 0.7057142860576923 0.827142858173077 0.7085714278846154 0.807142858173077 0.7066666658653846 0.7985714278846154 0.7104761899038461 0.7749999999999999 0.7114285721153847 0.6371428581730769 0.7228571418269231 0.6028571418269231 0.7238095240384615 0.595 0.735238096153846 0.582857141826923 0.7428571418269231 0.542142858173077 0.7447619038461538 0.5092857139423077 0.7495238100961538 0.5007142860576923 0.7390476201923076 0.48071428605769234 0.7257142860576924 0.4614285721153846 0.7257142860576924 0.4278571418269231 0.732380951923077 0.3892857139423077 0.7247619038461538 0.36571428605769235 0.7152380961538461 0.33928571394230767 0.7066666658653846 0.28785714182692307 0.6904761899038461 0.2678571418269231 0.7095238100961538 0.24928571394230767 0.747619048076923 0.23785714182692308 0.7809523798076923 0.24000000000000002 0.9019047620192308 0.2671428581730769 0.9152380961538462 0.2928571418269231 0.9266666658653846 0.3057142860576923 0.9342857139423076 0.3264285721153846 0.9561904759615385 0.34285714182692306 0.9609523798076923 0.3857142860576923 0.9971428581730769 0.46214285817307693 0.9980952379807693 0.48071428605769234 0.9838095240384616 0.5071428581730769 0.9714285721153846 0.53 0.9628571418269231 0.5442857139423076 0.9628571418269231 0.5549999999999999 0.9628571418269231 0.5614285721153845 0.9571428581730769 0.5778571418269232 0.9619047620192307 0.5935714278846154 0.9561904759615385 0.6107142860576923 0.9561904759615385 0.67 0.9485714278846153 0.6950000000000001 0.9485714278846153 0.707857141826923 0.9390476201923076 0.7492857139423077 0.937142858173077 0.78 0.937142858173077 0.7878571418269231 0.9323809519230769 0.8092857139423076 0.9238095240384615 0.8235714278846153 0.9238095240384615 0.8292857139423078 0.9323809519230769 0.8364285721153847 0.9342857139423076 0.8471428581730769 0.9352380961538462 0.8757142860576923 0.9704761899038462 0.87 0.9990476201923078 0.9042857139423077 0.9980952379807693 0.9092857139423077 0.9971428581730769 0.925 0.9990476201923078 0.927142858173077 0.9904761899038461 0.9328571418269231 0.9838095240384616 0.9392857139423078 0.9638095240384617 0.9385714278846155 0.9419047620192308 0.9457142860576924 0.9085714278846153 0.942857141826923 0.88 0.937142858173077 0.8238095240384615 0.937142858173077 0.8123809519230769
1708 0.7121428581730769 0.5047619038461538 0.635 0.4990476201923077 0.5442857139423076 0.5104761899038461 0.5185714278846154 0.5209523798076924 0.5 0.5257142860576923 0.475 0.5333333341346154 0.4335714278846154 0.5542857139423076 0.3964285721153846 0.5876190480769231 0.3042857139423077 0.6676190480769232 0.2728571418269231 0.7038095240384615 0.2528571418269231 0.7495238100961538 0.2514285721153846 0.8285714278846155 0.46785714182692306 0.9971428581730769 0.7142857139423077 0.9980952379807693 0.875 0.9971428581730769 0.9364285721153845 0.7952380961538462 0.957857141826923 0.7228571418269231 0.9614285721153847 0.6933333341346154 0.9457142860576924 0.6314285721153846 0.9257142860576923 0.6019047620192308 0.9071428581730768 0.5838095240384615 0.892142858173077 0.5714285721153846 0.8500000000000001 0.5476190480769231 0.7514285721153846 0.5133333341346155 0.7121428581730769 0.5047619038461538
180 0.7335714278846154 0.6085714278846154 0.7407142860576923 0.5980952379807692 0.7414285721153846 0.5885714278846154 0.7378571418269231 0.577142858173077 0.7335714278846154 0.5857142860576923 0.7228571418269231 0.5857142860576923 0.7164285721153847 0.5923809519230769 0.7085714278846154 0.6028571418269231 0.7042857139423078 0.6057142860576923 0.697857141826923 0.6066666658653846 0.6835714278846154 0.6066666658653846 0.677142858173077 0.6133333341346154 0.6621428581730769 0.6133333341346154 0.642142858173077 0.6161904759615384 0.6257142860576923 0.6066666658653846 0.61 0.6066666658653846 0.5935714278846154 0.6047619038461538 0.5764285721153846 0.5914285721153847 0.5657142860576923 0.582857141826923 0.5535714278846154 0.5733333341346154 0.5407142860576923 0.5457142860576923 0.5321428581730769 0.5580952379807692 0.5342857139423077 0.5666666658653846 0.5321428581730769 0.5752380961538461 0.5371428581730769 0.5876190480769231 0.5392857139423077 0.5961904759615385 0.5457142860576923 0.6038095240384616 0.5557142860576924 0.6285714278846153 0.562142858173077 0.6380952379807692 0.575 0.6390476201923078 0.5821428581730769 0.6485714278846154 0.5971428581730769 0.6552380961538462 0.6228571418269231 0.6590476201923077 0.6464285721153846 0.6666666658653846 0.7092857139423077 0.6523809519230769 0.715 0.6466666658653846 0.7207142860576923 0.6323809519230769 0.735 0.6247619038461539 0.7335714278846154 0.6085714278846154
1105 0.6385714278846154 0.5447619038461539 0.64 0.5371428581730769 0.6385714278846154 0.5247619038461538 0.6342857139423077 0.5133333341346155 0.6285714278846153 0.5047619038461538 0.6235714278846154 0.4942857139423077 0.6078571418269231 0.48476190384615386 0.5964285721153846 0.4828571418269231 0.582857141826923 0.4866666658653846 0.5685714278846153 0.4990476201923077 0.5721428581730769 0.5028571418269231 0.5807142860576924 0.4990476201923077 0.5864285721153846 0.5095238100961539 0.5907142860576923 0.5095238100961539 0.5964285721153846 0.5104761899038461 0.5971428581730769 0.5238095240384616 0.6007142860576923 0.5266666658653846 0.602142858173077 0.5352380961538462 0.6042857139423077 0.5495238100961538 0.61 0.5457142860576923 0.6178571418269231 0.5438095240384615 0.6257142860576923 0.5428571418269231 0.6321428581730769 0.5428571418269231 0.6385714278846154 0.5447619038461539
375 0.66 0.6047619038461538 0.66 0.5980952379807692 0.657857141826923 0.5847619038461539 0.655 0.5714285721153846 0.6514285721153846 0.562857141826923 0.6442857139423077 0.5533333341346154 0.6385714278846154 0.5447619038461539 0.6271428581730769 0.5457142860576923 0.6164285721153846 0.5466666658653846 0.6085714278846154 0.5504761899038462 0.6014285721153846 0.5580952379807692 0.5964285721153846 0.5695238100961538 0.5928571418269231 0.5790476201923077 0.5928571418269231 0.5904761899038461 0.5942857139423077 0.6038095240384616 0.5978571418269231 0.6038095240384616 0.6035714278846154 0.6038095240384616 0.6128571418269231 0.6038095240384616 0.6278571418269231 0.6038095240384616 0.635 0.6085714278846154 0.642142858173077 0.6133333341346154 0.645 0.612380951923077 0.6492857139423076 0.612380951923077 0.6585714278846153 0.612380951923077 0.66 0.6104761899038461 0.66 0.6047619038461538
135 0.7314285721153847 0.582857141826923 0.7357142860576923 0.5761904759615384 0.7435714278846154 0.5619047620192308 0.745 0.5457142860576923 0.7435714278846154 0.5361904759615385 0.7435714278846154 0.5180952379807692 0.7378571418269231 0.5285714278846154 0.7357142860576923 0.5133333341346155 0.732857141826923 0.5009523798076922 0.7271428581730769 0.4990476201923077 0.7228571418269231 0.4980952379807692 0.7092857139423077 0.5 0.7014285721153846 0.507619048076923 0.6992857139423077 0.5171428581730769 0.6985714278846153 0.5238095240384616 0.705 0.5304761899038462 0.7100000000000001 0.5371428581730769 0.7142857139423077 0.5495238100961538 0.715 0.5657142860576923 0.7135714278846154 0.5780952379807692 0.7142857139423077 0.5895238100961538 0.7228571418269231 0.5838095240384615 0.7314285721153847 0.582857141826923
1335 0.6335714278846154 0.5038095240384616 0.6414285721153846 0.5114285721153846 0.6392857139423077 0.5161904759615384 0.6435714278846153 0.5266666658653846 0.6414285721153846 0.5371428581730769 0.6414285721153846 0.5447619038461539 0.6557142860576923 0.5676190480769231 0.657857141826923 0.5676190480769231 0.6635714278846153 0.557142858173077 0.6707142860576922 0.5466666658653846 0.6842857139423076 0.5314285721153846 0.6885714278846155 0.5257142860576923 0.6885714278846155 0.5114285721153846 0.6935714278846153 0.507619048076923 0.7014285721153846 0.5047619038461538 0.7057142860576923 0.4990476201923077 0.7071428581730769 0.48952381009615387 0.7071428581730769 0.48476190384615386 0.7014285721153846 0.47619047596153846 0.6964285721153847 0.46857142788461537 0.6907142860576924 0.46380952403846154 0.6842857139423076 0.46190476201923075 0.6828571418269231 0.4333333341346154 0.6785714278846153 0.4161904759615384 0.6785714278846153 0.4209523798076923 0.675 0.4466666658653846 0.6721428581730768 0.41523809615384616 0.67 0.41523809615384616 0.6621428581730769 0.4323809519230769 0.657857141826923 0.4257142860576923 0.6507142860576922 0.41904762019230773 0.642857141826923 0.41714285817307695 0.6392857139423077 0.4323809519230769 0.6342857139423077 0.42857142788461544 0.6357142860576922 0.4457142860576923 0.63 0.4466666658653846 0.6292857139423076 0.4504761899038462 0.6307142860576923 0.45809523798076923 0.6221428581730769 0.45714285817307687 0.6135714278846154 0.4676190480769231 0.6178571418269231 0.4714285721153846 0.6278571418269231 0.4828571418269231 0.62 0.4828571418269231 0.6192857139423077 0.48476190384615386 0.6221428581730769 0.4885714278846154 0.6371428581730769 0.4961904759615384 0.6335714278846154 0.5038095240384616
135 0.6664285721153846 0.5533333341346154 0.6571428581730768 0.5685714278846153 0.6614285721153846 0.5857142860576923 0.6649999999999999 0.6028571418269231 0.6635714278846153 0.607619048076923 0.6664285721153846 0.6104761899038461 0.6742857139423077 0.6133333341346154 0.6799999999999999 0.6104761899038461 0.6842857139423076 0.6057142860576923 0.6942857139423076 0.6057142860576923 0.7035714278846155 0.6038095240384616 0.7085714278846154 0.5971428581730769 0.7114285721153847 0.5942857139423077 0.7128571418269231 0.5857142860576923 0.7128571418269231 0.5685714278846153 0.7128571418269231 0.5542857139423076 0.7092857139423077 0.5371428581730769 0.6964285721153847 0.5247619038461538 0.692857141826923 0.5247619038461538 0.6885714278846155 0.5285714278846154 0.6849999999999999 0.5314285721153846 0.675 0.5409523798076923 0.6664285721153846 0.5533333341346154
135 0.552142858173077 0.5038095240384616 0.55 0.507619048076923 0.5471428581730768 0.5161904759615384 0.5471428581730768 0.5266666658653846 0.5414285721153846 0.5333333341346154 0.5414285721153846 0.5371428581730769 0.542142858173077 0.5457142860576923 0.5471428581730768 0.5523809519230769 0.5507142860576922 0.5647619038461539 0.5549999999999999 0.5723809519230769 0.5657142860576923 0.5790476201923077 0.575 0.5866666658653846 0.5835714278846154 0.5857142860576923 0.5892857139423077 0.582857141826923 0.5935714278846154 0.5723809519230769 0.6007142860576923 0.5561904759615385 0.602142858173077 0.5438095240384615 0.5992857139423077 0.5285714278846154 0.5964285721153846 0.52 0.592142858173077 0.5123809519230769 0.5857142860576923 0.5095238100961539 0.5785714278846154 0.5028571418269231 0.5778571418269232 0.5028571418269231 0.5757142860576923 0.5028571418269231 0.5685714278846153 0.5028571418269231 0.5657142860576923 0.5028571418269231 0.56 0.5057142860576923 0.552142858173077 0.5038095240384616