1027 0.8521428581730769 0.38 0.857142858173077 0.39047618990384614 0.8557142860576923 0.4180952379807692 0.8607142860576923 0.43142857211538466 0.8807142860576923 0.43142857211538466 0.8957142860576923 0.41142857211538464 0.8957142860576923 0.3752380961538462 0.8907142860576923 0.35333333413461543 0.8907142860576923 0.3095238100961539 0.917142858173077 0.3066666658653846 0.8935714278846153 0.2228571418269231 0.8457142860576923 0.2276190480769231 0.8192857139423076 0.3028571418269231 0.8607142860576923 0.3076190480769231 0.86 0.3552380961538461 0.8521428581730769 0.38
1349 0.7242857139423078 0.5085714278846154 0.7357142860576923 0.5104761899038461 0.7457142860576924 0.5238095240384616 0.7557142860576923 0.5409523798076923 0.7892857139423076 0.5485714278846154 0.8321428581730769 0.5485714278846154 0.8607142860576923 0.5371428581730769 0.8685714278846154 0.507619048076923 0.8721428581730769 0.46571428605769233 0.8521428581730769 0.4352380961538461 0.8321428581730769 0.39523809615384614 0.8078571418269231 0.39333333413461535 0.7842857139423077 0.39333333413461535 0.7564285721153846 0.39714285817307693 0.7607142860576922 0.41142857211538464 0.7428571418269231 0.4333333341346154 0.7278571418269231 0.45904762019230766 0.7242857139423078 0.5085714278846154
1349 0.7971428581730768 0.39809523798076923 0.8185714278846153 0.39333333413461535 0.8321428581730769 0.35619047596153847 0.8385714278846154 0.3247619038461539 0.807142858173077 0.2914285721153846 0.7892857139423076 0.2914285721153846 0.767857141826923 0.3066666658653846 0.7528571418269231 0.34952381009615385 0.7707142860576923 0.3838095240384615 0.7971428581730768 0.39809523798076923
1590 0.7278571418269231 0.5523809519230769 0.7264285721153846 0.7628571418269231 0.7542857139423076 0.7695238100961539 0.7621428581730769 0.7466666658653847 0.8607142860576923 0.7228571418269231 0.8707142860576924 0.78 0.8835714278846154 0.78 0.895 0.7447619038461538 0.8957142860576923 0.5590476201923077 0.9485714278846153 0.5419047620192308 0.8435714278846155 0.5019047620192307 0.7142857139423077 0.5190476201923077 0.7128571418269231 0.5371428581730769 0.7278571418269231 0.5523809519230769
1219 0.9185714278846154 0.0019047620192307693 0.9235714278846154 0.38190476201923074 0.995 0.38190476201923074 0.9964285721153847 0.0019047620192307693 0.9185714278846154 0.0019047620192307693
126 0.8535714278846154 0.4438095240384615 0.802142858173077 0.5704761899038462 0.802142858173077 0.6238095240384616 0.807142858173077 0.6657142860576923 0.9978571418269231 0.7295238100961539 0.9978571418269231 0.4457142860576923 0.9964285721153847 0.4 0.9400000000000001 0.39523809615384614 0.9121428581730769 0.39523809615384614 0.8857142860576922 0.4219047620192308 0.8535714278846154 0.4438095240384615
417 0.562142858173077 0.5942857139423077 0.5457142860576923 0.607619048076923 0.4592857139423077 0.6171428581730769 0.46071428605769227 0.6942857139423076 0.45428571394230766 0.8200000000000001 0.46214285817307693 0.9457142860576924 0.4742857139423077 0.9466666658653846 0.48071428605769234 0.7866666658653846 0.565 0.7961904759615385 0.635 0.802857141826923 0.6942857139423076 0.7752380961538462 0.707857141826923 0.7761904759615385 0.7128571418269231 0.5657142860576923 0.7357142860576923 0.4466666658653846 0.6942857139423076 0.45904762019230766 0.6535714278846154 0.46857142788461537 0.6335714278846154 0.5257142860576923 0.625 0.577142858173077 0.5607142860576924 0.577142858173077 0.562142858173077 0.5942857139423077
417 0.012857141826923076 0.9942857139423077 0.04 0.9885714278846154 0.044285713942307695 0.8952380961538461 0.15928571394230767 0.8380952379807692 0.1635714278846154 0.9942857139423077 0.17714285817307693 0.9885714278846154 0.1792857139423077 0.8447619038461538 0.1842857139423077 0.8304761899038462 0.1821428581730769 0.7619047620192307 0.1742857139423077 0.7028571418269232 0.1792857139423077 0.6590476201923077 0.1742857139423077 0.6380952379807692 0.08285714182692307 0.6609523798076923 0.052857141826923075 0.6523809519230769 0.030000000000000002 0.6228571418269231 0.022857141826923076 0.5723809519230769 0.0014285721153846154 0.5 0.0014285721153846154 0.892380951923077 0.012857141826923076 0.8952380961538461 0.012857141826923076 0.9942857139423077
126 0.5107142860576923 0.4838095240384615 0.5271428581730769 0.5019047620192307 0.5457142860576923 0.5857142860576923 0.5535714278846154 0.6457142860576923 0.592142858173077 0.6628571418269231 0.635 0.6590476201923077 0.7457142860576924 0.6447619038461538 0.7192857139423077 0.5476190480769231 0.6900000000000001 0.5390476201923077 0.67 0.5304761899038462 0.6514285721153846 0.4304761899038461 0.6464285721153846 0.38476190384615383 0.59 0.38 0.5457142860576923 0.38 0.5071428581730769 0.4019047620192308 0.5107142860576923 0.4838095240384615
1219 0.13928571394230768 0.0019047620192307693 0.14214285817307692 0.3885714278846154 0.7014285721153846 0.3866666658653846 0.7 0.0038095240384615385 0.13928571394230768 0.0019047620192307693
1710 0.24214285817307693 0.46 0.1257142860576923 0.47333333413461537 0.012857141826923076 0.4952380961538462 0 0.5590476201923077 0.002857141826923077 0.7266666658653846 0.1585714278846154 0.7495238100961538 0.1821428581730769 0.782857141826923 0.17857142788461539 0.9685714278846155 0.195 0.9885714278846154 0.39785714182692306 0.987619048076923 0.43928571394230764 0.9657142860576923 0.4592857139423077 0.9190476201923077 0.4557142860576923 0.6323809519230769 0.47285714182692307 0.6057142860576923 0.5321428581730769 0.6104761899038461 0.5549999999999999 0.6095238100961539 0.5385714278846154 0.5190476201923077 0.4992857139423077 0.4866666658653846 0.4492857139423077 0.47238095192307694 0.4057142860576923 0.46857142788461537 0.3228571418269231 0.46857142788461537 0.24214285817307693 0.46
126 0.5914285721153847 0.78 0.542142858173077 0.8285714278846155 0.53 0.9038095240384615 0.5257142860576923 0.9942857139423077 0.9978571418269231 0.9942857139423077 0.9964285721153847 0.8114285721153845 0.8857142860576922 0.7885714278846153 0.7971428581730768 0.7819047620192308 0.6614285721153846 0.78 0.5914285721153847 0.78
1329 0.9335714278846154 0.5504761899038462 0.9835714278846154 0.5504761899038462 0.9864285721153846 0.5190476201923077 0.9835714278846154 0.4666666658653846 0.9514285721153846 0.4666666658653846 0.8857142860576922 0.4666666658653846 0.8807142860576923 0.5352380961538462 0.9335714278846154 0.5504761899038462
180 0.12285714182692307 0.42380952403846156 0.14714285817307693 0.4466666658653846 0.1557142860576923 0.4533333341346154 0.16071428605769228 0.47047618990384615 0.2 0.47047618990384615 0.20571428605769232 0.4819047620192308 0.2257142860576923 0.47047618990384615 0.2514285721153846 0.4380952379807692 0.2535714278846154 0.39333333413461535 0.2357142860576923 0.3714285721153846 0.21714285817307694 0.33333333413461536 0.1985714278846154 0.33333333413461536 0.1835714278846154 0.34190476201923076 0.16857142788461538 0.3685714278846154 0.1557142860576923 0.38 0.1307142860576923 0.40476190384615385 0.12285714182692307 0.42380952403846156
245 0.2535714278846154 0.4866666658653846 0.32 0.4838095240384615 0.3664285721153846 0.48000000000000004 0.375 0.5038095240384616 0.3957142860576923 0.5019047620192307 0.3892857139423077 0.28761904807692307 0.362857141826923 0.27619047596153845 0.33 0.27619047596153845 0.32 0.19904762019230768 0.3135714278846154 0.27809523798076924 0.26999999999999996 0.28 0.2564285721153846 0.3028571418269231 0.2535714278846154 0.4866666658653846
806 0.4921428581730769 0.29809523798076926 0.5342857139423077 0.24190476201923075 0.5035714278846154 0.23619047596153847 0.4992857139423077 0.19238095192307691 0.4757142860576923 0.21714285817307694 0.4614285721153846 0.1857142860576923 0.42857142788461544 0.18952381009615385 0.4157142860576923 0.21619047596153845 0.3928571418269231 0.23523809615384617 0.35214285817307694 0.14476190384615384 0.3571428581730769 0.20380952403846153 0.34357142788461537 0.2323809519230769 0.33928571394230767 0.2666666658653846 0.35928571394230774 0.3895238100961539 0.3992857139423077 0.3923809519230769 0.4757142860576923 0.39619047596153845 0.487857141826923 0.35619047596153847 0.5028571418269231 0.35619047596153847 0.4921428581730769 0.29809523798076926
804 0.3692857139423077 0.39333333413461535 0.36 0.4019047620192308 0.35500000000000004 0.4676190480769231 0.4735714278846154 0.4742857139423077 0.4757142860576923 0.40476190384615385 0.46714285817307694 0.4 0.3692857139423077 0.39333333413461535
587 0.11428571394230769 0.42857142788461544 0.016428572115384614 0.4380952379807692 0.011428572115384615 0.5152380961538461 0.03142857211538462 0.5209523798076924 0.12071428605769231 0.5123809519230769 0.11428571394230769 0.42857142788461544
397 0.08928571394230769 0.42666666586538465 0.10428571394230769 0.42857142788461544 0.1092857139423077 0.41333333413461537 0.09714285817307691 0.3838095240384615 0.07785714182692308 0.3695238100961538 0.06071428605769231 0.3733333341346154 0.03142857211538462 0.3761904759615385 0.022857141826923076 0.4019047620192308 0.022857141826923076 0.42476190384615387 0.05571428605769231 0.42857142788461544 0.08928571394230769 0.42666666586538465
588 0.46714285817307694 0.47523809615384616 0.4707142860576923 0.45428571394230766 0.46785714182692306 0.4304761899038461 0.4585714278846154 0.41904762019230773 0.4521428581730769 0.41238095192307694 0.4378571418269231 0.42380952403846156 0.43142857211538466 0.4371428581730769 0.43142857211538466 0.45428571394230766 0.435 0.47809523798076925 0.46714285817307694 0.47523809615384616
315 0.445 0.5180952379807692 0.4735714278846154 0.52 0.4835714278846154 0.5133333341346155 0.4857142860576923 0.47047618990384615 0.42857142788461544 0.46190476201923075 0.4121428581730769 0.47238095192307694 0.41714285817307695 0.49047618990384617 0.415 0.5171428581730769 0.445 0.5180952379807692
805 0.11285714182692308 0.0019047620192307693 0.002142858173076923 0.0009523798076923076 0.0007142860576923077 0.1657142860576923 0.057142858173076926 0.16476190384615386 0.07071428605769231 0.053333334134615384 0.08785714182692309 0.030476189903846155 0.11285714182692308 0.0019047620192307693
591 0.1635714278846154 0.5342857139423077 0.1828571418269231 0.5361904759615385 0.19714285817307695 0.5295238100961538 0.20428571394230768 0.507619048076923 0.20142857211538462 0.4790476201923077 0.1914285721153846 0.47238095192307694 0.16785714182692307 0.47238095192307694 0.15714285817307694 0.4790476201923077 0.1535714278846154 0.5066666658653847 0.1635714278846154 0.5342857139423077
591 0.2621428581730769 0.522857141826923 0.2757142860576923 0.5257142860576923 0.2914285721153846 0.5209523798076924 0.2992857139423077 0.5038095240384616 0.3007142860576923 0.47619047596153846 0.2857142860576923 0.46190476201923075 0.2692857139423077 0.4628571418269231 0.255 0.47238095192307694 0.2535714278846154 0.5028571418269231 0.2621428581730769 0.522857141826923
1818 0.14714285817307693 0.5085714278846154 0.1442857139423077 0.5285714278846154 0.1528571418269231 0.5561904759615385 0.34142857211538463 0.5457142860576923 0.34071428605769233 0.5247619038461538 0.31857142788461534 0.5 0.30642857211538466 0.5028571418269231 0.14714285817307693 0.5085714278846154
1475 0.23500000000000001 0.5361904759615385 0.2464285721153846 0.5304761899038462 0.2457142860576923 0.4885714278846154 0.24142857211538463 0.4714285721153846 0.23357142788461538 0.4628571418269231 0.21214285817307693 0.4838095240384615 0.20571428605769232 0.4952380961538462 0.20642857211538462 0.5352380961538462 0.22142857211538464 0.5371428581730769 0.23500000000000001 0.5361904759615385
1314 0.8092857139423076 0.3752380961538462 0.792142858173077 0.3742857139423077 0.7878571418269231 0.39809523798076923 0.8057142860576924 0.40285714182692306 0.8092857139423076 0.3752380961538462