58 0.08666666586538462 0.5555555552884616 0.755 0.43555555528846157 0.7833333341346154 0.011111110576923076 0.06333333413461538 0.002222221153846154 0.08666666586538462 0.5555555552884616
93 0.955 0.0044444447115384615 0.9016666658653846 0.5422222211538462 0.995 0.58 0.9983333341346154 0.006666665865384615 0.955 0.0044444447115384615
84 0.7466666658653847 0.5333333341346154 0.09 0.6822222211538461 0.08833333413461539 0.7444444447115385 0.22499999999999998 0.9644444447115385 0.9383333341346154 0.6622222211538461 0.7533333341346153 0.5688888894230769 0.7466666658653847 0.5333333341346154
179 0.4416666658653846 0.728888889423077 0.4516666658653846 0.74 0.46833333413461536 0.7555555552884615 0.4766666658653846 0.7622222211538462 0.4916666658653846 0.7666666658653847 0.5016666658653846 0.7688888894230769 0.5166666658653847 0.7733333341346154 0.525 0.7733333341346154 0.535 0.7755555552884614 0.5516666658653846 0.7688888894230769 0.5583333341346154 0.771111110576923 0.5716666658653846 0.7733333341346154 0.5850000000000001 0.7733333341346154 0.5983333341346154 0.7733333341346154 0.615 0.7755555552884614 0.6316666658653846 0.7755555552884614 0.6416666658653847 0.7688888894230769 0.6583333341346154 0.7622222211538462 0.67 0.7422222211538462 0.6766666658653846 0.728888889423077 0.6799999999999999 0.7266666658653846 0.6866666658653846 0.7111111105769231 0.6916666658653846 0.7 0.6933333341346154 0.6844444447115384 0.6833333341346154 0.6644444447115384 0.66 0.6244444447115385 0.6516666658653846 0.6133333341346154 0.64 0.6133333341346154 0.6183333341346154 0.6133333341346154 0.5816666658653846 0.6044444447115385 0.5549999999999999 0.6022222211538462 0.5283333341346154 0.6022222211538462 0.5016666658653846 0.6066666658653846 0.48000000000000004 0.6133333341346154 0.47000000000000003 0.6266666658653846 0.4633333341346154 0.6377777788461538 0.44999999999999996 0.6466666658653846 0.4333333341346154 0.6644444447115384 0.43 0.6933333341346154 0.43 0.72 0.4416666658653846 0.728888889423077
1729 0.56 0.5866666658653846 0.545 0.52 0.51 0.5266666658653846 0.505 0.6511111105769231 0.5283333341346154 0.5555555552884616 0.5366666658653846 0.6022222211538462 0.56 0.5866666658653846
192 0.37833333413461534 0.4977777788461539 0.3 0.4377777788461538 0.09166666586538462 0.48222222115384616 0.09666666586538461 0.5488888894230769 0.37833333413461534 0.4977777788461539
1599 0.7966666658653847 0.52 0.8083333341346154 0.5155555552884615 0.8183333341346154 0.508888889423077 0.8216666658653846 0.4977777788461539 0.8216666658653846 0.48888888942307696 0.8216666658653846 0.4755555552884615 0.8166666658653846 0.46222222115384615 0.8116666658653846 0.45777777884615384 0.8033333341346154 0.4511111105769231 0.7916666658653846 0.4511111105769231 0.78 0.4511111105769231 0.7683333341346154 0.4511111105769231 0.7483333341346154 0.47333333413461537 0.745 0.52 0.7633333341346155 0.5266666658653846 0.785 0.5266666658653846 0.7966666658653847 0.52
914 0.47333333413461537 0.02888888942307692 0.4333333341346154 0.031111110576923076 0.4283333341346154 0.08 0.46833333413461536 0.09555555528846155 0.47333333413461537 0.02888888942307692
679 0.92 0.6822222211538461 0.7966666658653847 0.74 0.78 0.9355555552884615 0.91 0.8711111105769231 0.92 0.6822222211538461
1760 0.9166666658653846 0.3266666658653846 0.8466666658653845 0.3133333341346154 0.83 0.43555555528846157 0.8999999999999999 0.46888888942307694 0.9166666658653846 0.3266666658653846
1198 0.56 0.4866666658653846 0.5116666658653846 0.5 0.51 0.5444444447115384 0.5566666658653846 0.5355555552884615 0.56 0.4866666658653846
914 0.435 0.11777777884615384 0.435 0.11111111057692308 0.4216666658653846 0.10666666586538462 0.4216666658653846 0.08444444471153846 0.4116666658653846 0.08222222115384616 0.4116666658653846 0.09777777884615385 0.4 0.09777777884615385 0.40166666586538463 0.11777777884615384 0.41666666586538464 0.11777777884615384 0.435 0.11777777884615384