415 0.34375 0.85546875 0.3125 0.947265625 0.515625 0.947265625 0.5286458341346154 0.853515625 0.34375 0.85546875
29 0.640625 0.212890625 0.6041666658653846 0.662109375 0.6171875 0.697265625 0.671875 0.185546875 0.640625 0.212890625
1283 0.5338541658653846 0.4453125 0.53125 0.43359375 0.5442708341346154 0.4140625 0.5260416658653846 0.40234375 0.47395833413461536 0.4140625 0.46875 0.423828125 0.46875 0.45703125 0.47395833413461536 0.484375 0.47135416586538464 0.4921875 0.515625 0.4921875 0.5182291658653846 0.4765625 0.484375 0.458984375 0.5130208341346154 0.458984375 0.5338541658653846 0.46875 0.5677083341346154 0.470703125 0.546875 0.458984375 0.5338541658653846 0.4453125
339 0.5260416658653846 0.109375 0.5364583341346154 0.11328125 0.546875 0.111328125 0.5442708341346154 0.087890625 0.5260416658653846 0.087890625 0.5260416658653846 0.109375
1700 0.21875 0.5859375 0.2109375 0.5703125 0.19791666586538462 0.580078125 0.20572916586538462 0.630859375 0.22135416586538462 0.615234375 0.22395833413461538 0.611328125 0.22135416586538462 0.603515625 0.22135416586538462 0.59375 0.21875 0.5859375
1965 0.7916666658653846 0.998046875 0.8489583341346154 0.830078125 0.84375 0.818359375 0.671875 0.52734375 0.640625 0.697265625 0.7161458341346154 0.99609375 0.7734375 0.99609375 0.7916666658653846 0.998046875
402 0.2890625 0 0.44270833413461536 0.173828125 0.6015625 0.173828125 0.6041666658653846 0.1640625 0.6302083341346154 0.1640625 0.7317708341346154 0 0.2890625 0
903 0.71875 0.99609375 0.5963541658653846 0.552734375 0.46354166586538464 0.5546875 0.2942708341346154 0.99609375 0.71875 0.99609375
672 0.37239583413461536 0.169921875 0.3125 0.130859375 0.35416666586538464 0.814453125 0.3984375 0.7109375 0.37239583413461536 0.169921875
672 0.6041666658653846 0.2265625 0.453125 0.228515625 0.46614583413461536 0.552734375 0.6015625 0.548828125 0.6041666658653846 0.2265625
1885 0.46354166586538464 0.5546875 0.44270833413461536 0.173828125 0.2890625 0.001953125 0.002604165865384616 0 0.002604165865384616 0.99609375 0.2916666658653846 0.998046875 0.46354166586538464 0.5546875
1885 0.7682291658653846 0.998046875 0.9973958341346154 0.99609375 0.9973958341346154 0 0.7291666658653846 0.001953125 0.6302083341346154 0.1640625 0.6015625 0.166015625 0.6041666658653846 0.568359375 0.6276041658653846 0.5703125 0.7682291658653846 0.998046875