836 0.732638889423077 0.847222221153846 0.9479166658653846 0.8819444447115384 0.9774305552884616 0.19212962980769233 0.748263889423077 0.18981481490384616 0.732638889423077 0.847222221153846
1116 0.532986110576923 0.43981481490384616 0.7395833341346154 0.4490740745192308 0.7413194447115384 0.2569444447115385 0.5364583341346154 0.2592592596153846 0.532986110576923 0.43981481490384616
1199 0.529513889423077 0.701388889423077 0.730902778846154 0.722222221153846 0.7395833341346154 0.4537037043269231 0.532986110576923 0.4421296298076923 0.529513889423077 0.701388889423077
655 0.24479166586538462 0.9560185192307693 0.34027777884615384 0.8518518509615384 0.326388889423077 0.15277777884615384 0.234375 0.125 0.24479166586538462 0.9560185192307693
1708 0.5902777788461538 0.8356481490384616 0.5052083341346154 0.9953703701923077 0.998263889423077 0.9953703701923077 0.9756944447115384 0.8912037043269231 0.9600694447115384 0.8773148149038461 0.6163194447115384 0.8310185192307693 0.5902777788461538 0.8356481490384616
417 0.7239583341346154 0.7060185192307693 0.720486110576923 0.8425925937500001 0.9305555552884616 0.8703703701923077 0.9427083341346154 0.7291666658653846 0.9288194447115384 0.7291666658653846 0.923611110576923 0.7476851850961539 0.892361110576923 0.7314814807692307 0.857638889423077 0.7060185192307693 0.828125 0.6944444447115384 0.7916666658653846 0.701388889423077 0.765625 0.715277778846154 0.7413194447115384 0.7245370360576923 0.737847221153846 0.7060185192307693 0.7239583341346154 0.7060185192307693
417 0.35590277884615384 0.9699074062499999 0.361111110576923 0.9976851850961539 0.5069444447115384 0.9837962956730769 0.48784722115384616 0.8981481490384616 0.47916666586538464 0.763888889423077 0.451388889423077 0.7662037043269231 0.44965277884615384 0.7893518509615384 0.41666666586538464 0.7800925937500001 0.38715277884615384 0.7916666658653846 0.376736110576923 0.8310185192307693 0.36458333413461536 0.861111110576923 0.3506944447115385 0.8657407403846153 0.34722222115384616 0.9305555552884616 0.35590277884615384 0.9699074062499999
852 0.03993055528846154 0 0.04513888942307693 0.3703703701923077 0.19270833413461538 0.36574074038461535 0.19270833413461538 0.025462963942307695 0.14583333413461538 0 0.03993055528846154 0
852 0.746527778846154 0 0.748263889423077 0.18518518509615384 0.9739583341346154 0.1875 0.9774305552884616 0 0.746527778846154 0
852 0.5347222211538462 0 0.53125 0.2546296298076923 0.7430555552884616 0.2546296298076923 0.7447916658653846 0 0.5347222211538462 0
852 0.13194444471153846 0.9814814807692307 0.25 0.8703703701923077 0.2413194447115385 0.6296296298076923 0.001736110576923077 0.75 0.001736110576923077 0.9953703701923077 0.12673611057692308 0.9953703701923077 0.13194444471153846 0.9814814807692307
1772 0.001736110576923077 0.6481481490384616 0.017361110576923078 0.6481481490384616 0.06944444471153846 0.6180555552884616 0.05729166586538462 0.5578703701923077 0.029513889423076922 0.5532407403846153 0.001736110576923077 0.5648148149038461 0.001736110576923077 0.6481481490384616
1839 0.13888888942307692 0.4745370360576923 0.14583333413461538 0.4629629639423077 0.14236111057692308 0.423611110576923 0.11284722115384614 0.4189814807692308 0.09027777884615386 0.42824074038461535 0.09027777884615386 0.4768518509615385 0.109375 0.4837962956730769 0.13888888942307692 0.4745370360576923
655 0.41145833413461536 0.6898148149038461 0.484375 0.701388889423077 0.501736110576923 0.15509259375 0.4149305552884615 0.15972222115384616 0.41145833413461536 0.6898148149038461
1844 0.375 0.4884259254807692 0.36458333413461536 0.513888889423077 0.3663194447115385 0.5462962956730769 0.3819444447115385 0.59259259375 0.39409722115384616 0.5532407403846153 0.392361110576923 0.5185185192307692 0.3836805552884615 0.5023148149038461 0.3819444447115385 0.486111110576923 0.373263889423077 0.4629629639423077 0.357638889423077 0.46759259375 0.3506944447115385 0.4884259254807692 0.359375 0.49768518509615384 0.36284722115384616 0.49768518509615384 0.361111110576923 0.4814814807692308 0.3663194447115385 0.47222222115384616 0.375 0.4884259254807692
1844 0.40104166586538464 0.53009259375 0.39409722115384616 0.5439814807692308 0.404513889423077 0.59259259375 0.4305555552884615 0.5601851850961539 0.421875 0.5416666658653846 0.41666666586538464 0.5185185192307692 0.41666666586538464 0.5 0.421875 0.5 0.421875 0.5185185192307692 0.4288194447115385 0.5185185192307692 0.4288194447115385 0.5046296298076923 0.42534722115384616 0.49074074038461535 0.41666666586538464 0.4837962956730769 0.4149305552884615 0.486111110576923 0.40972222115384616 0.4930555552884615 0.407986110576923 0.5115740745192308 0.407986110576923 0.53009259375 0.40104166586538464 0.53009259375
1305 0.3680555552884615 0.3518518509615385 0.36979166586538464 0.31018518509615384 0.35416666586538464 0.29398148076923075 0.359375 0.3703703701923077 0.3680555552884615 0.3518518509615385
1116 0.10243055528846154 0.6319444447115384 0.19270833413461538 0.5995370360576924 0.1875 0.47916666586538464 0.10763888942307692 0.4537037043269231 0.015625 0.4884259254807692 0.013888889423076922 0.6180555552884616 0.10243055528846154 0.6319444447115384
70 0.8524305552884616 0.2662037043269231 0.8524305552884616 0.28240740625 0.8819444447115384 0.28472222115384616 0.8836805552884616 0.2638888894230769 0.8524305552884616 0.2662037043269231
1193 0.890625 0.9444444447115384 0.8854166658653846 0.9398148149038461 0.876736110576923 0.9375 0.8645833341346154 0.9375 0.8489583341346154 0.9629629639423077 0.845486110576923 0.9745370360576923 0.8524305552884616 0.986111110576923 0.862847221153846 0.986111110576923 0.8697916658653846 0.986111110576923 0.878472221153846 0.9930555552884616 0.887152778846154 0.9907407403846153 0.892361110576923 0.9837962956730769 0.8958333341346154 0.9675925937500001 0.8958333341346154 0.9537037043269231 0.890625 0.9444444447115384
600 0.22395833413461538 0.8078703701923077 0.2256944447115385 0.8425925937500001 0.21875 0.8773148149038461 0.265625 0.8865740745192308 0.25347222115384616 0.8379629639423077 0.2430555552884615 0.7708333341346154 0.234375 0.736111110576923 0.234375 0.6921296298076923 0.234375 0.652777778846154 0.22395833413461538 0.7291666658653846 0.22222222115384616 0.7615740745192308 0.22395833413461538 0.8078703701923077
1255 0.3993055552884615 0.6990740745192308 0.404513889423077 0.6967592596153847 0.404513889423077 0.5995370360576924 0.37847222115384616 0.59259259375 0.37847222115384616 0.6921296298076923 0.388888889423077 0.6990740745192308 0.3993055552884615 0.6990740745192308
112 0.48784722115384616 0.847222221153846 0.498263889423077 0.847222221153846 0.498263889423077 0.722222221153846 0.392361110576923 0.7037037043269231 0.34027777884615384 0.7592592596153847 0.34027777884615384 0.8240740745192308 0.373263889423077 0.826388889423077 0.48784722115384616 0.847222221153846
1767 0.6475694447115384 0.7592592596153847 0.657986110576923 0.7615740745192308 0.6614583341346154 0.7476851850961539 0.6319444447115384 0.7523148149038461 0.6145833341346154 0.7453703701923077 0.5989583341346154 0.7407407403846153 0.5972222211538462 0.7546296298076923 0.611111110576923 0.7546296298076923 0.626736110576923 0.7569444447115384 0.6475694447115384 0.7592592596153847
350 0.71875 0.8425925937500001 0.722222221153846 0.7291666658653846 0.53125 0.7060185192307693 0.529513889423077 0.8171296298076923 0.71875 0.8425925937500001
1088 0.8506944447115384 0.28240740625 0.878472221153846 0.28472222115384616 0.8836805552884616 0.2638888894230769 0.8524305552884616 0.2638888894230769 0.8506944447115384 0.28240740625
1088 0.800347221153846 0.3518518509615385 0.8038194447115384 0.361111110576923 0.815972221153846 0.3564814807692308 0.814236110576923 0.34259259375 0.8055555552884616 0.3379629639423077 0.8020833341346154 0.34027777884615384 0.800347221153846 0.3518518509615385
910 0.6458333341346154 0.16203703605769232 0.6475694447115384 0.2430555552884615 0.654513889423077 0.2407407403846154 0.654513889423077 0.15740740625 0.6458333341346154 0.16203703605769232
910 0.6197916658653846 0.24537037019230767 0.626736110576923 0.24537037019230767 0.628472221153846 0.15740740625 0.6180555552884616 0.15740740625 0.6197916658653846 0.24537037019230767
659 0.498263889423077 0.7453703701923077 0.529513889423077 0.7453703701923077 0.5277777788461538 0.10648148076923077 0.30902777884615384 0.11342592548076923 0.31597222115384616 0.7453703701923077 0.34027777884615384 0.7476851850961539 0.328125 0.15740740625 0.5052083341346154 0.14583333413461538 0.498263889423077 0.7453703701923077