415 0.47135416586538464 0.853515625 0.484375 0.947265625 0.6875 0.947265625 0.65625 0.85546875 0.47135416586538464 0.853515625
29 0.328125 0.185546875 0.3828125 0.697265625 0.39583333413461536 0.662109375 0.359375 0.212890625 0.328125 0.185546875
1283 0.453125 0.458984375 0.43229166586538464 0.470703125 0.46614583413461536 0.46875 0.48697916586538464 0.458984375 0.515625 0.458984375 0.48177083413461536 0.4765625 0.484375 0.4921875 0.5286458341346154 0.4921875 0.5260416658653846 0.484375 0.53125 0.45703125 0.53125 0.423828125 0.5260416658653846 0.4140625 0.47395833413461536 0.40234375 0.45572916586538464 0.4140625 0.46875 0.43359375 0.46614583413461536 0.4453125 0.453125 0.458984375
339 0.47395833413461536 0.087890625 0.45572916586538464 0.087890625 0.453125 0.111328125 0.46354166586538464 0.11328125 0.47395833413461536 0.109375 0.47395833413461536 0.087890625
1700 0.7786458341346154 0.59375 0.7786458341346154 0.603515625 0.7760416658653846 0.611328125 0.7786458341346154 0.615234375 0.7942708341346154 0.630859375 0.8020833341346154 0.580078125 0.7890625 0.5703125 0.78125 0.5859375 0.7786458341346154 0.59375
1965 0.2265625 0.99609375 0.2838541658653846 0.99609375 0.359375 0.697265625 0.328125 0.52734375 0.15625 0.818359375 0.15104166586538462 0.830078125 0.20833333413461538 0.998046875 0.2265625 0.99609375
402 0.2682291658653846 0 0.36979166586538464 0.1640625 0.39583333413461536 0.1640625 0.3984375 0.173828125 0.5572916658653846 0.173828125 0.7109375 0 0.2682291658653846 0
903 0.7057291658653846 0.99609375 0.5364583341346154 0.5546875 0.40364583413461536 0.552734375 0.28125 0.99609375 0.7057291658653846 0.99609375
672 0.6015625 0.7109375 0.6458333341346154 0.814453125 0.6875 0.130859375 0.6276041658653846 0.169921875 0.6015625 0.7109375
672 0.3984375 0.548828125 0.5338541658653846 0.552734375 0.546875 0.228515625 0.39583333413461536 0.2265625 0.3984375 0.548828125
1885 0.7083333341346154 0.998046875 0.9973958341346154 0.99609375 0.9973958341346154 0 0.7109375 0.001953125 0.5572916658653846 0.173828125 0.5364583341346154 0.5546875 0.7083333341346154 0.998046875
1885 0.37239583413461536 0.5703125 0.39583333413461536 0.568359375 0.3984375 0.166015625 0.36979166586538464 0.1640625 0.2708333341346154 0.001953125 0.002604165865384616 0 0.002604165865384616 0.99609375 0.23177083413461538 0.998046875 0.37239583413461536 0.5703125