1116 0.6979166658653846 0.6435185192307693 0.6944444447115384 0.7129629639423077 0.784722221153846 0.736111110576923 0.793402778846154 0.6689814807692307 0.6979166658653846 0.6435185192307693
1564 0.657986110576923 0.5995370360576924 0.689236110576923 0.6018518509615385 0.703125 0.5995370360576924 0.703125 0.5902777788461538 0.6875 0.5810185192307692 0.6805555552884616 0.5717592596153847 0.6805555552884616 0.5416666658653846 0.670138889423077 0.5254629639423076 0.6649305552884616 0.5277777788461538 0.671875 0.5439814807692308 0.671875 0.5648148149038461 0.6666666658653846 0.5555555552884616 0.6614583341346154 0.576388889423077 0.6197916658653846 0.5787037043269231 0.6197916658653846 0.5902777788461538 0.628472221153846 0.5972222211538462 0.657986110576923 0.5995370360576924
1743 0.4774305552884615 0.2638888894230769 0.41840277884615384 0.2662037043269231 0.41666666586538464 0.3379629639423077 0.470486110576923 0.34259259375 0.4774305552884615 0.3240740745192308 0.4774305552884615 0.2638888894230769
1219 0.26909722115384616 0.29398148076923075 0.26909722115384616 0.40740740625 0.3506944447115385 0.40740740625 0.35590277884615384 0.31018518509615384 0.26909722115384616 0.29398148076923075
417 0.3038194447115385 0.6828703701923077 0.2743055552884615 0.6643518509615384 0.2638888894230769 0.6689814807692307 0.2586805552884615 0.576388889423077 0.2100694447115385 0.5694444447115384 0.21354166586538462 0.7824074062499999 0.26215277884615384 0.8078703701923077 0.3038194447115385 0.7893518509615384 0.3038194447115385 0.6828703701923077
417 0.34895833413461536 0.8194444447115384 0.407986110576923 0.798611110576923 0.40625 0.5740740745192308 0.345486110576923 0.5856481490384615 0.345486110576923 0.6689814807692307 0.3125 0.6875 0.310763889423077 0.7800925937500001 0.34895833413461536 0.8194444447115384
417 0.359375 0.75 0.40277777884615384 0.7662037043269231 0.453125 0.7592592596153847 0.45659722115384616 0.5625 0.40277777884615384 0.5694444447115384 0.39583333413461536 0.652777778846154 0.357638889423077 0.6666666658653846 0.359375 0.75
1047 0.5868055552884616 0.3078703701923077 0.578125 0.2708333341346154 0.560763889423077 0.2708333341346154 0.5381944447115384 0.31018518509615384 0.5520833341346154 0.34259259375 0.5729166658653846 0.34259259375 0.5868055552884616 0.3078703701923077
558 0.7430555552884616 0.43981481490384616 0.829861110576923 0.44675925961538465 0.829861110576923 0.4953703701923077 0.902777778846154 0.5023148149038461 0.907986110576923 0.4884259254807692 0.920138889423077 0.2986111105769231 0.9010416658653846 0.28240740625 0.5746527788461538 0.30092592548076924 0.5746527788461538 0.46759259375 0.706597221153846 0.4837962956730769 0.7430555552884616 0.4814814807692308 0.7430555552884616 0.43981481490384616
558 0.887152778846154 0.6574074062499999 0.9114583341346154 0.6273148149038461 0.592013889423077 0.5625 0.5416666658653846 0.5787037043269231 0.5416666658653846 0.7731481490384616 0.862847221153846 0.8981481490384616 0.887152778846154 0.6574074062499999
1447 0.35590277884615384 0.8541666658653846 0.33854166586538464 0.8518518509615384 0.314236110576923 0.8796296298076923 0.314236110576923 0.8912037043269231 0.329861110576923 0.888888889423077 0.35590277884615384 0.8541666658653846
798 0.5416666658653846 0.8425925937500001 0.5034722211538462 0.8680555552884616 0.546875 0.8981481490384616 0.5885416658653846 0.8680555552884616 0.5416666658653846 0.8425925937500001
798 0.5503472211538462 0.902777778846154 0.6024305552884616 0.9305555552884616 0.642361110576923 0.8958333341346154 0.59375 0.8703703701923077 0.5503472211538462 0.902777778846154
798 0.7100694447115384 0.9259259254807692 0.644097221153846 0.8981481490384616 0.609375 0.9328703701923077 0.673611110576923 0.965277778846154 0.7100694447115384 0.9259259254807692
798 0.11284722115384614 0.8240740745192308 0.08854166586538462 0.7939814807692307 0.029513889423076922 0.8194444447115384 0.046875 0.847222221153846 0.11284722115384614 0.8240740745192308
1708 0.2256944447115385 0.9953703701923077 0.404513889423077 0.9976851850961539 0.41145833413461536 0.8703703701923077 0.31770833413461536 0.8032407403846153 0.20659722115384616 0.8587962956730769 0.20486111057692308 0.875 0.22222222115384616 0.8819444447115384 0.22222222115384616 0.986111110576923 0.2256944447115385 0.9953703701923077
1708 0.2569444447115385 0.625 0.30034722115384616 0.6412037043269231 0.29340277884615384 0.7939814807692307 0.326388889423077 0.7962962956730769 0.3194444447115385 0.6365740745192308 0.44270833413461536 0.6134259254807692 0.43229166586538464 0.7384259254807692 0.45659722115384616 0.7384259254807692 0.45659722115384616 0.6064814807692308 0.4774305552884615 0.5995370360576924 0.4756944447115385 0.5879629639423076 0.3819444447115385 0.5625 0.2256944447115385 0.5879629639423076 0.23611111057692308 0.7592592596153847 0.2586805552884615 0.763888889423077 0.2569444447115385 0.625
402 0.003472221153846154 0.1365740745192308 0.423611110576923 0.24537037019230767 0.9930555552884616 0.15972222115384616 0.996527778846154 0 0.001736110576923077 0.004629629807692308 0.003472221153846154 0.1365740745192308
792 0.05208333413461538 0.7731481490384616 0.001736110576923077 0.7916666658653846 0.001736110576923077 0.9953703701923077 0.996527778846154 0.9953703701923077 0.41145833413461536 0.6689814807692307 0.17708333413461538 0.736111110576923 0.17361111057692308 0.7037037043269231 0.05381944471153846 0.6342592596153847 0.05208333413461538 0.7731481490384616
910 0.6006944447115384 0.41666666586538464 0.6006944447115384 0.4537037043269231 0.6145833341346154 0.451388889423077 0.6128472211538462 0.4120370360576923 0.6006944447115384 0.41666666586538464
910 0.6510416658653846 0.4212962956730769 0.6475694447115384 0.451388889423077 0.657986110576923 0.4537037043269231 0.6614583341346154 0.423611110576923 0.6510416658653846 0.4212962956730769
910 0.671875 0.423611110576923 0.6649305552884616 0.423611110576923 0.6631944447115384 0.451388889423077 0.673611110576923 0.451388889423077 0.671875 0.423611110576923
910 0.7604166658653846 0.3356481490384615 0.7569444447115384 0.375 0.769097221153846 0.375 0.769097221153846 0.3379629639423077 0.7604166658653846 0.3356481490384615
910 0.7760416658653846 0.33333333413461536 0.777777778846154 0.37731481490384616 0.7881944447115384 0.375 0.7864583341346154 0.33333333413461536 0.7760416658653846 0.33333333413461536
910 0.84375 0.4305555552884615 0.831597221153846 0.4305555552884615 0.8350694447115384 0.4745370360576923 0.847222221153846 0.4768518509615385 0.84375 0.4305555552884615
910 0.8211805552884616 0.6689814807692307 0.8211805552884616 0.6805555552884616 0.8506944447115384 0.6875 0.8506944447115384 0.6759259254807692 0.8211805552884616 0.6689814807692307
910 0.8072916658653846 0.7060185192307693 0.8038194447115384 0.75 0.814236110576923 0.7476851850961539 0.814236110576923 0.7037037043269231 0.8072916658653846 0.7060185192307693
910 0.717013889423077 0.7685185192307693 0.720486110576923 0.784722221153846 0.75 0.7893518509615384 0.75 0.777777778846154 0.717013889423077 0.7685185192307693
910 0.638888889423077 0.6273148149038461 0.637152778846154 0.659722221153846 0.6458333341346154 0.659722221153846 0.6458333341346154 0.625 0.638888889423077 0.6273148149038461
910 0.621527778846154 0.6226851850961539 0.6197916658653846 0.6574074062499999 0.6302083341346154 0.6574074062499999 0.6302083341346154 0.6226851850961539 0.621527778846154 0.6226851850961539
910 0.5555555552884616 0.6041666658653846 0.5538194447115384 0.6157407403846153 0.576388889423077 0.6180555552884616 0.578125 0.6087962956730769 0.5555555552884616 0.6041666658653846
910 0.5746527788461538 0.6435185192307693 0.5729166658653846 0.6782407403846153 0.5815972211538462 0.6759259254807692 0.5833333341346154 0.6458333341346154 0.5746527788461538 0.6435185192307693
673 0.171875 0.3078703701923077 0.1805555552884615 0.7291666658653846 0.19097222115384616 0.7291666658653846 0.1875 0.2916666658653846 0.029513889423076922 0.2731481490384616 0.03993055528846154 0.7731481490384616 0.05381944471153846 0.7685185192307693 0.046875 0.29398148076923075 0.171875 0.3078703701923077
1942 0.15972222115384616 0.3356481490384615 0.05381944471153846 0.3287037043269231 0.05381944471153846 0.46759259375 0.15972222115384616 0.46759259375 0.15972222115384616 0.3356481490384615
533 0.592013889423077 0.5555555552884616 0.5399305552884616 0.5740740745192308 0.888888889423077 0.6574074062499999 0.9114583341346154 0.6273148149038461 0.592013889423077 0.5555555552884616
1681 0.732638889423077 0.611111110576923 0.7256944447115384 0.6203703701923077 0.732638889423077 0.6296296298076923 0.7708333341346154 0.6296296298076923 0.793402778846154 0.611111110576923 0.7569444447115384 0.5972222211538462 0.732638889423077 0.611111110576923
486 0.8524305552884616 0.6296296298076923 0.857638889423077 0.5694444447115384 0.8350694447115384 0.5648148149038461 0.828125 0.5740740745192308 0.824652778846154 0.6296296298076923 0.8524305552884616 0.6296296298076923
207 0.16840277884615384 0.6018518509615385 0.1649305552884615 0.5509259254807692 0.06770833413461538 0.5462962956730769 0.06076388942307693 0.5578703701923077 0.05729166586538462 0.6296296298076923 0.11805555528846154 0.6967592596153847 0.16840277884615384 0.6967592596153847 0.16840277884615384 0.6018518509615385
203 0.640625 0.22916666586538462 0.6614583341346154 0.22222222115384616 0.6631944447115384 0.19907407451923076 0.28125 0.013888889423076922 0.2881944447115385 0.04629629567307692 0.5052083341346154 0.15740740625 0.640625 0.22916666586538462
660 0.9444444447115384 0.4768518509615385 0.9427083341346154 0.4930555552884615 0.9444444447115384 0.5115740745192308 0.940972221153846 0.5254629639423076 0.9479166658653846 0.5277777788461538 0.953125 0.5208333341346154 0.954861110576923 0.5023148149038461 0.951388889423077 0.4837962956730769 0.967013889423077 0.486111110576923 0.9739583341346154 0.4884259254807692 0.984375 0.4745370360576923 0.9739583341346154 0.4745370360576923 0.965277778846154 0.46990740625 0.954861110576923 0.47222222115384616 0.956597221153846 0.4490740745192308 0.9461805552884616 0.4560185192307692 0.9444444447115384 0.4629629639423077 0.9444444447115384 0.4768518509615385
839 0.923611110576923 0.576388889423077 0.8993055552884616 0.5740740745192308 0.8680555552884616 0.9166666658653846 0.8958333341346154 0.9212962956730769 0.9166666658653846 0.6828703701923077 0.923611110576923 0.576388889423077
1047 0.7430555552884616 0.11342592548076923 0.7256944447115384 0.1203703701923077 0.7239583341346154 0.14814814903846155 0.7447916658653846 0.14814814903846155 0.7430555552884616 0.11342592548076923
521 0.704861110576923 0.4212962956730769 0.824652778846154 0.4421296298076923 0.824652778846154 0.423611110576923 0.704861110576923 0.4212962956730769
203 0.84375 0.16435185096153845 0.722222221153846 0.009259259615384615 0.6979166658653846 0.01157407451923077 0.8211805552884616 0.17592592548076924 0.84375 0.16435185096153845
752 0.779513889423077 0.20370370432692309 0.777777778846154 0.28009259375 0.8020833341346154 0.28240740625 0.8020833341346154 0.19907407451923076 0.779513889423077 0.20370370432692309
299 0.314236110576923 0.5995370360576924 0.2899305552884615 0.5879629639423076 0.2864583341346154 0.5995370360576924 0.3038194447115385 0.6064814807692308 0.314236110576923 0.5995370360576924
203 0.4756944447115385 0.02314814903846154 0.560763889423077 0.07638888942307692 0.6788194447115384 0.15740740625 0.753472221153846 0.20601851923076925 0.763888889423077 0.19212962980769233 0.715277778846154 0.14814814903846155 0.623263889423077 0.07638888942307692 0.5260416658653846 0.004629629807692308 0.45833333413461536 0.01157407451923077 0.4756944447115385 0.02314814903846154
203 0.9479166658653846 0.1875 0.9600694447115384 0.16666666586538462 0.9427083341346154 0.11111111057692308 0.904513889423077 0.01851851923076923 0.861111110576923 0.013888889423076922 0.9131944447115384 0.13425925961538462 0.9479166658653846 0.1875
1885 0.998263889423077 0.9976851850961539 0.998263889423077 0.1875 0.998263889423077 0.15509259375 0.420138889423077 0.24768518509615384 0.41145833413461536 0.6666666658653846 0.998263889423077 0.9976851850961539
1885 0.420138889423077 0.24768518509615384 0.001736110576923077 0.13425925961538462 0.001736110576923077 0.43518518509615384 0.001736110576923077 0.7893518509615384 0.41145833413461536 0.6689814807692307 0.420138889423077 0.24768518509615384