58 0.9366666658653846 0.002222221153846154 0.2166666658653846 0.011111110576923076 0.245 0.43555555528846157 0.9133333341346154 0.5555555552884616 0.9366666658653846 0.002222221153846154
93 0.0016666658653846154 0.006666665865384615 0.005 0.58 0.09833333413461538 0.5422222211538462 0.045 0.0044444447115384615 0.0016666658653846154 0.006666665865384615
84 0.2466666658653846 0.5688888894230769 0.061666665865384614 0.6622222211538461 0.7749999999999999 0.9644444447115385 0.9116666658653846 0.7444444447115385 0.91 0.6822222211538461 0.2533333341346154 0.5333333341346154 0.2466666658653846 0.5688888894230769
179 0.5700000000000001 0.72 0.5700000000000001 0.6933333341346154 0.5666666658653846 0.6644444447115384 0.55 0.6466666658653846 0.5366666658653846 0.6377777788461538 0.53 0.6266666658653846 0.52 0.6133333341346154 0.4983333341346154 0.6066666658653846 0.47166666586538464 0.6022222211538462 0.445 0.6022222211538462 0.4183333341346154 0.6044444447115385 0.3816666658653846 0.6133333341346154 0.36 0.6133333341346154 0.34833333413461537 0.6133333341346154 0.33999999999999997 0.6244444447115385 0.3166666658653846 0.6644444447115384 0.3066666658653846 0.6844444447115384 0.3083333341346154 0.7 0.3133333341346154 0.7111111105769231 0.32 0.7266666658653846 0.32333333413461535 0.728888889423077 0.33 0.7422222211538462 0.3416666658653846 0.7622222211538462 0.3583333341346154 0.7688888894230769 0.3683333341346154 0.7755555552884614 0.385 0.7755555552884614 0.40166666586538463 0.7733333341346154 0.415 0.7733333341346154 0.4283333341346154 0.7733333341346154 0.4416666658653846 0.771111110576923 0.44833333413461535 0.7688888894230769 0.46499999999999997 0.7755555552884614 0.475 0.7733333341346154 0.4833333341346154 0.7733333341346154 0.4983333341346154 0.7688888894230769 0.5083333341346153 0.7666666658653847 0.5233333341346154 0.7622222211538462 0.5316666658653847 0.7555555552884615 0.5483333341346154 0.74 0.5583333341346154 0.728888889423077 0.5700000000000001 0.72
1729 0.4633333341346154 0.6022222211538462 0.47166666586538464 0.5555555552884616 0.495 0.6511111105769231 0.49 0.5266666658653846 0.455 0.52 0.44 0.5866666658653846 0.4633333341346154 0.6022222211538462
192 0.9033333341346155 0.5488888894230769 0.9083333341346154 0.48222222115384616 0.7 0.4377777788461538 0.6216666658653847 0.4977777788461539 0.9033333341346155 0.5488888894230769
1599 0.215 0.5266666658653846 0.23666666586538462 0.5266666658653846 0.255 0.52 0.2516666658653846 0.47333333413461537 0.23166666586538462 0.4511111105769231 0.22 0.4511111105769231 0.20833333413461538 0.4511111105769231 0.19666666586538462 0.4511111105769231 0.18833333413461537 0.45777777884615384 0.1833333341346154 0.46222222115384615 0.17833333413461538 0.4755555552884615 0.17833333413461538 0.48888888942307696 0.17833333413461538 0.4977777788461539 0.18166666586538463 0.508888889423077 0.1916666658653846 0.5155555552884615 0.2033333341346154 0.52 0.215 0.5266666658653846
914 0.5316666658653847 0.09555555528846155 0.5716666658653846 0.08 0.5666666658653846 0.031111110576923076 0.5266666658653846 0.02888888942307692 0.5316666658653847 0.09555555528846155
679 0.09 0.8711111105769231 0.22 0.9355555552884615 0.2033333341346154 0.74 0.08 0.6822222211538461 0.09 0.8711111105769231
1760 0.1 0.46888888942307694 0.16999999999999998 0.43555555528846157 0.1533333341346154 0.3133333341346154 0.08333333413461538 0.3266666658653846 0.1 0.46888888942307694
1198 0.4433333341346154 0.5355555552884615 0.49 0.5444444447115384 0.4883333341346154 0.5 0.44 0.4866666658653846 0.4433333341346154 0.5355555552884615
914 0.5833333341346154 0.11777777884615384 0.5983333341346154 0.11777777884615384 0.6 0.09777777884615385 0.5883333341346154 0.09777777884615385 0.5883333341346154 0.08222222115384616 0.5783333341346154 0.08444444471153846 0.5783333341346154 0.10666666586538462 0.565 0.11111111057692308 0.565 0.11777777884615384 0.5833333341346154 0.11777777884615384