1116 0.20659722115384616 0.6689814807692307 0.21527777884615384 0.736111110576923 0.3055555552884615 0.7129629639423077 0.3020833341346154 0.6435185192307693 0.20659722115384616 0.6689814807692307
1564 0.37152777884615384 0.5972222211538462 0.38020833413461536 0.5902777788461538 0.38020833413461536 0.5787037043269231 0.33854166586538464 0.576388889423077 0.33333333413461536 0.5555555552884616 0.328125 0.5648148149038461 0.328125 0.5439814807692308 0.3350694447115385 0.5277777788461538 0.329861110576923 0.5254629639423076 0.3194444447115385 0.5416666658653846 0.3194444447115385 0.5717592596153847 0.3125 0.5810185192307692 0.296875 0.5902777788461538 0.296875 0.5995370360576924 0.310763889423077 0.6018518509615385 0.342013889423077 0.5995370360576924 0.37152777884615384 0.5972222211538462
1743 0.5225694447115384 0.3240740745192308 0.529513889423077 0.34259259375 0.5833333341346154 0.3379629639423077 0.5815972211538462 0.2662037043269231 0.5225694447115384 0.2638888894230769 0.5225694447115384 0.3240740745192308
1219 0.644097221153846 0.31018518509615384 0.6493055552884616 0.40740740625 0.730902778846154 0.40740740625 0.730902778846154 0.29398148076923075 0.644097221153846 0.31018518509615384
417 0.6961805552884616 0.7893518509615384 0.737847221153846 0.8078703701923077 0.7864583341346154 0.7824074062499999 0.7899305552884616 0.5694444447115384 0.7413194447115384 0.576388889423077 0.736111110576923 0.6689814807692307 0.7256944447115384 0.6643518509615384 0.6961805552884616 0.6828703701923077 0.6961805552884616 0.7893518509615384
417 0.689236110576923 0.7800925937500001 0.6875 0.6875 0.654513889423077 0.6689814807692307 0.654513889423077 0.5856481490384615 0.59375 0.5740740745192308 0.592013889423077 0.798611110576923 0.6510416658653846 0.8194444447115384 0.689236110576923 0.7800925937500001
417 0.642361110576923 0.6666666658653846 0.6041666658653846 0.652777778846154 0.5972222211538462 0.5694444447115384 0.5434027788461538 0.5625 0.546875 0.7592592596153847 0.5972222211538462 0.7662037043269231 0.640625 0.75 0.642361110576923 0.6666666658653846
1047 0.42708333413461536 0.34259259375 0.44791666586538464 0.34259259375 0.4618055552884615 0.31018518509615384 0.439236110576923 0.2708333341346154 0.421875 0.2708333341346154 0.4131944447115385 0.3078703701923077 0.42708333413461536 0.34259259375
558 0.2569444447115385 0.4814814807692308 0.29340277884615384 0.4837962956730769 0.42534722115384616 0.46759259375 0.42534722115384616 0.30092592548076924 0.09895833413461538 0.28240740625 0.07986111057692308 0.2986111105769231 0.09201388942307692 0.4884259254807692 0.09722222115384614 0.5023148149038461 0.17013888942307692 0.4953703701923077 0.17013888942307692 0.44675925961538465 0.2569444447115385 0.43981481490384616 0.2569444447115385 0.4814814807692308
558 0.13715277884615384 0.8981481490384616 0.45833333413461536 0.7731481490384616 0.45833333413461536 0.5787037043269231 0.407986110576923 0.5625 0.08854166586538462 0.6273148149038461 0.11284722115384614 0.6574074062499999 0.13715277884615384 0.8981481490384616
1447 0.670138889423077 0.888888889423077 0.685763889423077 0.8912037043269231 0.685763889423077 0.8796296298076923 0.6614583341346154 0.8518518509615384 0.644097221153846 0.8541666658653846 0.670138889423077 0.888888889423077
798 0.41145833413461536 0.8680555552884616 0.453125 0.8981481490384616 0.49652777884615384 0.8680555552884616 0.45833333413461536 0.8425925937500001 0.41145833413461536 0.8680555552884616
798 0.40625 0.8703703701923077 0.357638889423077 0.8958333341346154 0.3975694447115385 0.9305555552884616 0.44965277884615384 0.902777778846154 0.40625 0.8703703701923077
798 0.326388889423077 0.965277778846154 0.390625 0.9328703701923077 0.35590277884615384 0.8981481490384616 0.2899305552884615 0.9259259254807692 0.326388889423077 0.965277778846154
798 0.953125 0.847222221153846 0.970486110576923 0.8194444447115384 0.9114583341346154 0.7939814807692307 0.887152778846154 0.8240740745192308 0.953125 0.847222221153846
1708 0.777777778846154 0.986111110576923 0.777777778846154 0.8819444447115384 0.795138889423077 0.875 0.793402778846154 0.8587962956730769 0.6822916658653846 0.8032407403846153 0.5885416658653846 0.8703703701923077 0.595486110576923 0.9976851850961539 0.7743055552884616 0.9953703701923077 0.777777778846154 0.986111110576923
1708 0.7413194447115384 0.763888889423077 0.763888889423077 0.7592592596153847 0.7743055552884616 0.5879629639423076 0.6180555552884616 0.5625 0.5243055552884616 0.5879629639423076 0.5225694447115384 0.5995370360576924 0.5434027788461538 0.6064814807692308 0.5434027788461538 0.7384259254807692 0.5677083341346154 0.7384259254807692 0.5572916658653846 0.6134259254807692 0.6805555552884616 0.6365740745192308 0.673611110576923 0.7962962956730769 0.706597221153846 0.7939814807692307 0.699652778846154 0.6412037043269231 0.7430555552884616 0.625 0.7413194447115384 0.763888889423077
402 0.998263889423077 0.004629629807692308 0.003472221153846154 0 0.006944444711538461 0.15972222115384616 0.576388889423077 0.24537037019230767 0.996527778846154 0.1365740745192308 0.998263889423077 0.004629629807692308
792 0.9461805552884616 0.6342592596153847 0.826388889423077 0.7037037043269231 0.8229166658653846 0.736111110576923 0.5885416658653846 0.6689814807692307 0.003472221153846154 0.9953703701923077 0.998263889423077 0.9953703701923077 0.998263889423077 0.7916666658653846 0.9479166658653846 0.7731481490384616 0.9461805552884616 0.6342592596153847
910 0.38715277884615384 0.4120370360576923 0.38541666586538464 0.451388889423077 0.3993055552884615 0.4537037043269231 0.3993055552884615 0.41666666586538464 0.38715277884615384 0.4120370360576923
910 0.33854166586538464 0.423611110576923 0.342013889423077 0.4537037043269231 0.3524305552884615 0.451388889423077 0.34895833413461536 0.4212962956730769 0.33854166586538464 0.423611110576923
910 0.326388889423077 0.451388889423077 0.3368055552884615 0.451388889423077 0.3350694447115385 0.423611110576923 0.328125 0.423611110576923 0.326388889423077 0.451388889423077
910 0.23090277884615384 0.3379629639423077 0.23090277884615384 0.375 0.2430555552884615 0.375 0.23958333413461538 0.3356481490384615 0.23090277884615384 0.3379629639423077
910 0.21354166586538462 0.33333333413461536 0.2118055552884615 0.375 0.22222222115384616 0.37731481490384616 0.22395833413461538 0.33333333413461536 0.21354166586538462 0.33333333413461536
910 0.15277777884615384 0.4768518509615385 0.1649305552884615 0.4745370360576923 0.16840277884615384 0.4305555552884615 0.15625 0.4305555552884615 0.15277777884615384 0.4768518509615385
910 0.14930555528846154 0.6759259254807692 0.14930555528846154 0.6875 0.1788194447115385 0.6805555552884616 0.1788194447115385 0.6689814807692307 0.14930555528846154 0.6759259254807692
910 0.18576388942307692 0.7037037043269231 0.18576388942307692 0.7476851850961539 0.1961805552884615 0.75 0.19270833413461538 0.7060185192307693 0.18576388942307692 0.7037037043269231
910 0.25 0.777777778846154 0.25 0.7893518509615384 0.2795138894230769 0.784722221153846 0.2829861105769231 0.7685185192307693 0.25 0.777777778846154
910 0.35416666586538464 0.625 0.35416666586538464 0.659722221153846 0.36284722115384616 0.659722221153846 0.361111110576923 0.6273148149038461 0.35416666586538464 0.625
910 0.36979166586538464 0.6226851850961539 0.36979166586538464 0.6574074062499999 0.38020833413461536 0.6574074062499999 0.37847222115384616 0.6226851850961539 0.36979166586538464 0.6226851850961539
910 0.421875 0.6087962956730769 0.423611110576923 0.6180555552884616 0.4461805552884615 0.6157407403846153 0.4444444447115385 0.6041666658653846 0.421875 0.6087962956730769
910 0.41666666586538464 0.6458333341346154 0.41840277884615384 0.6759259254807692 0.42708333413461536 0.6782407403846153 0.42534722115384616 0.6435185192307693 0.41666666586538464 0.6458333341346154
673 0.953125 0.29398148076923075 0.9461805552884616 0.7685185192307693 0.9600694447115384 0.7731481490384616 0.970486110576923 0.2731481490384616 0.8125 0.2916666658653846 0.809027778846154 0.7291666658653846 0.8194444447115384 0.7291666658653846 0.828125 0.3078703701923077 0.953125 0.29398148076923075
1942 0.840277778846154 0.46759259375 0.9461805552884616 0.46759259375 0.9461805552884616 0.3287037043269231 0.840277778846154 0.3356481490384615 0.840277778846154 0.46759259375
533 0.08854166586538462 0.6273148149038461 0.11111111057692308 0.6574074062499999 0.4600694447115385 0.5740740745192308 0.407986110576923 0.5555555552884616 0.08854166586538462 0.6273148149038461
1681 0.2430555552884615 0.5972222211538462 0.20659722115384616 0.611111110576923 0.22916666586538462 0.6296296298076923 0.2673611105769231 0.6296296298076923 0.2743055552884615 0.6203703701923077 0.2673611105769231 0.611111110576923 0.2430555552884615 0.5972222211538462
486 0.17534722115384616 0.6296296298076923 0.171875 0.5740740745192308 0.1649305552884615 0.5648148149038461 0.14236111057692308 0.5694444447115384 0.14756944471153846 0.6296296298076923 0.17534722115384616 0.6296296298076923
207 0.831597221153846 0.6967592596153847 0.8819444447115384 0.6967592596153847 0.9427083341346154 0.6296296298076923 0.939236110576923 0.5578703701923077 0.9322916658653846 0.5462962956730769 0.8350694447115384 0.5509259254807692 0.831597221153846 0.6018518509615385 0.831597221153846 0.6967592596153847
203 0.49479166586538464 0.15740740625 0.7118055552884616 0.04629629567307692 0.71875 0.013888889423076922 0.3368055552884615 0.19907407451923076 0.33854166586538464 0.22222222115384616 0.359375 0.22916666586538462 0.49479166586538464 0.15740740625
660 0.05555555528846154 0.4629629639423077 0.05381944471153846 0.4560185192307692 0.043402778846153844 0.4490740745192308 0.04513888942307693 0.47222222115384616 0.034722221153846156 0.46990740625 0.026041665865384613 0.4745370360576923 0.015625 0.4745370360576923 0.026041665865384613 0.4884259254807692 0.03298611057692308 0.486111110576923 0.04861111057692307 0.4837962956730769 0.04513888942307693 0.5023148149038461 0.046875 0.5208333341346154 0.05208333413461538 0.5277777788461538 0.059027778846153844 0.5254629639423076 0.05555555528846154 0.5115740745192308 0.05729166586538462 0.4930555552884615 0.05555555528846154 0.4768518509615385 0.05555555528846154 0.4629629639423077
839 0.08333333413461538 0.6828703701923077 0.10416666586538462 0.9212962956730769 0.13194444471153846 0.9166666658653846 0.10069444471153846 0.5740740745192308 0.07638888942307692 0.576388889423077 0.08333333413461538 0.6828703701923077
1047 0.2552083341346154 0.14814814903846155 0.2760416658653846 0.14814814903846155 0.2743055552884615 0.1203703701923077 0.2569444447115385 0.11342592548076923 0.2552083341346154 0.14814814903846155
521 0.17534722115384616 0.423611110576923 0.17534722115384616 0.4421296298076923 0.2951388894230769 0.4212962956730769 0.17534722115384616 0.423611110576923
203 0.1788194447115385 0.17592592548076924 0.3020833341346154 0.01157407451923077 0.27777777884615384 0.009259259615384615 0.15625 0.16435185096153845 0.1788194447115385 0.17592592548076924
752 0.19791666586538462 0.19907407451923076 0.19791666586538462 0.28240740625 0.22222222115384616 0.28009259375 0.22048611057692308 0.20370370432692309 0.19791666586538462 0.19907407451923076
299 0.6961805552884616 0.6064814807692308 0.7135416658653846 0.5995370360576924 0.7100694447115384 0.5879629639423076 0.685763889423077 0.5995370360576924 0.6961805552884616 0.6064814807692308
203 0.5416666658653846 0.01157407451923077 0.47395833413461536 0.004629629807692308 0.376736110576923 0.07638888942307692 0.28472222115384616 0.14814814903846155 0.23611111057692308 0.19212962980769233 0.24652777884615384 0.20601851923076925 0.3211805552884615 0.15740740625 0.439236110576923 0.07638888942307692 0.5243055552884616 0.02314814903846154 0.5416666658653846 0.01157407451923077
203 0.08680555528846154 0.13425925961538462 0.13888888942307692 0.013888889423076922 0.09548611057692308 0.01851851923076923 0.05729166586538462 0.11111111057692308 0.03993055528846154 0.16666666586538462 0.05208333413461538 0.1875 0.08680555528846154 0.13425925961538462
1885 0.5885416658653846 0.6666666658653846 0.579861110576923 0.24768518509615384 0.001736110576923077 0.15509259375 0.001736110576923077 0.1875 0.001736110576923077 0.9976851850961539 0.5885416658653846 0.6666666658653846
1885 0.5885416658653846 0.6689814807692307 0.998263889423077 0.7893518509615384 0.998263889423077 0.43518518509615384 0.998263889423077 0.13425925961538462 0.579861110576923 0.24768518509615384 0.5885416658653846 0.6689814807692307