466 0.3 0.9984375000000001 0.9979166658653846 0.9984375000000001 0.9875 0.9234374999999999 0.2541666658653846 0.6078125 0.2666666658653846 0.96875 0.3 0.9984375000000001
1564 0.7041666658653847 0.6156250000000001 0.5229166658653847 0.640625 0.7479166658653846 0.7203124999999999 0.9895833341346154 0.6890624999999999 0.95 0.671875 0.7041666658653847 0.6156250000000001
77 0.2416666658653846 0.603125 0.2375 0.5828125 0.2145833341346154 0.575 0.1375 0.5453125 0.15 0.8656250000000001 0.2458333341346154 0.96875 0.2416666658653846 0.603125
558 0.9979166658653846 0.0046875 0.4145833341346154 0.003125 0.42500000000000004 0.25625 0.9979166658653846 0.2109375 0.9979166658653846 0.0046875
867 0.2895833341346154 0.4765625 0.2833333341346154 0.0515625 0.2645833341346154 0.0421875 0.008333334134615384 0.021875 0.010416665865384615 0.875 0.1479166658653846 0.8515625 0.125 0.546875 0.125 0.521875 0.16666666586538462 0.525 0.17708333413461538 0.5171875 0.23541666586538462 0.5125 0.2479166658653846 0.49687499999999996 0.2791666658653846 0.4828125 0.2875 0.4828125 0.2895833341346154 0.4765625
36 0.8041666658653847 0.49531250000000004 0.8374999999999999 0.525 0.9020833341346154 0.590625 0.8625 0.509375 0.8125 0.484375 0.7541666658653846 0.46562499999999996 0.7291666658653846 0.4703125 0.7124999999999999 0.49687499999999996 0.7229166658653846 0.50625 0.7395833341346154 0.503125 0.7395833341346154 0.48750000000000004 0.7562500000000001 0.478125 0.8041666658653847 0.49531250000000004
69 0.6541666658653846 0.4125 0.6395833341346153 0.37812500000000004 0.60625 0.375 0.5729166658653846 0.38749999999999996 0.5520833341346154 0.40937500000000004 0.5520833341346154 0.43281250000000004 0.5625 0.453125 0.6020833341346153 0.46406250000000004 0.6187499999999999 0.4625 0.6541666658653846 0.44062500000000004 0.6541666658653846 0.4125
1152 0.5041666658653846 0.5578125 0.5520833341346154 0.5671875 0.5520833341346154 0.5078125 0.5208333341346154 0.5078125 0.5041666658653846 0.5578125
1203 0.3083333341346154 0.559375 0.2833333341346154 0.5640625 0.2791666658653846 0.58125 0.32291666586538464 0.590625 0.4708333341346154 0.575 0.4729166658653846 0.5578125 0.45625000000000004 0.546875 0.3083333341346154 0.559375
1617 0.7104166658653847 0.5515625 0.7083333341346154 0.565625 0.7145833341346154 0.575 0.7520833341346154 0.58125 0.7520833341346154 0.55625 0.7104166658653847 0.5515625
632 0.7583333341346153 0.5390625 0.7583333341346153 0.5890625 0.7770833341346154 0.6125 0.8062499999999999 0.60625 0.8020833341346154 0.525 0.7979166658653847 0.5203125 0.7916666658653846 0.515625 0.76875 0.5125 0.7666666658653847 0.525 0.7583333341346153 0.5390625
910 0.9437500000000001 0.1484375 0.95 0.021875 0.925 0.0796875 0.9437500000000001 0.1484375
910 0.625 0.18125000000000002 0.625 0.09375 0.6020833341346153 0.1359375 0.625 0.18125000000000002
910 0.5854166658653847 0.1828125 0.5895833341346154 0.10468749999999999 0.5729166658653846 0.1390625 0.5854166658653847 0.1828125
910 0.95 0.9875 0.8104166658653846 0.921875 0.8500000000000001 0.95625 0.95 0.9875
910 0.43125 0.8265625000000001 0.4395833341346154 0.7390625 0.41666666586538464 0.778125 0.43125 0.8265625000000001
910 0.4041666658653846 0.8078125 0.4083333341346154 0.7234375 0.38749999999999996 0.7640625000000001 0.4041666658653846 0.8078125
1201 0.4833333341346154 0.3578125 0.4916666658653846 0.31718749999999996 0.5 0.2671875 0.4645833341346154 0.2515625 0.4083333341346154 0.253125 0.4083333341346154 0.3421875 0.4416666658653846 0.3421875 0.4833333341346154 0.3578125
1382 0.2583333341346154 0.5578125 0.2854166658653846 0.5609375 0.3291666658653846 0.546875 0.3291666658653846 0.5 0.3354166658653846 0.49531250000000004 0.2854166658653846 0.484375 0.24375000000000002 0.49687499999999996 0.2458333341346154 0.546875 0.2583333341346154 0.5578125
1735 0.42708333413461536 0.5453125 0.4770833341346154 0.534375 0.46875 0.5046875 0.5 0.5015625 0.5 0.490625 0.4604166658653846 0.48906249999999996 0.4520833341346154 0.484375 0.4354166658653846 0.4828125 0.43125 0.48124999999999996 0.4208333341346154 0.47968750000000004 0.4145833341346154 0.4859375 0.39375000000000004 0.490625 0.3916666658653846 0.49687499999999996 0.3770833341346154 0.503125 0.3729166658653846 0.5390625 0.42708333413461536 0.5453125