1120 0.2458333341346154 0.2828125 0.23958333413461538 0.46406250000000004 0.4354166658653846 0.46406250000000004 0.4375 0.2984375 0.2458333341346154 0.2828125
1564 0.2479166658653846 0.6468750000000001 0.23541666586538462 0.6578124999999999 0.2375 0.7 0.3041666658653846 0.7281249999999999 0.3166666658653846 0.7375 0.2958333341346154 0.9328125 0.3083333341346154 0.9468749999999999 0.3291666658653846 0.9546874999999999 0.35624999999999996 0.9640625 0.38541666586538464 0.9593750000000001 0.39375000000000004 0.9390624999999999 0.39583333413461536 0.8999999999999999 0.3979166658653846 0.85625 0.39583333413461536 0.7984374999999999 0.3895833341346154 0.75 0.3979166658653846 0.721875 0.4541666658653846 0.6859375000000001 0.475 0.675 0.48750000000000004 0.6609375 0.4541666658653846 0.6328125 0.3583333341346154 0.6328125 0.3083333341346154 0.6421874999999999 0.2791666658653846 0.6453125 0.2479166658653846 0.6468750000000001
1774 0.5666666658653846 0.8515625 0.59375 0.9015625 0.5895833341346154 0.9390624999999999 0.6041666658653846 0.96875 0.6375 0.9906250000000001 0.6833333341346154 0.9953125 0.7104166658653847 0.9953125 0.7375 0.9781249999999999 0.7375 0.95625 0.7437499999999999 0.9468749999999999 0.7583333341346153 0.9046875000000001 0.7583333341346153 0.8828125 0.7770833341346154 0.8453124999999999 0.7729166658653847 0.7953125000000001 0.6833333341346154 0.75 0.59375 0.7640625000000001 0.5541666658653847 0.7765625 0.5520833341346154 0.8046875 0.5666666658653846 0.8515625
1760 0.5520833341346154 0.259375 0.48750000000000004 0.253125 0.4854166658653846 0.30781250000000004 0.55 0.30781250000000004 0.5520833341346154 0.259375
1198 0.48750000000000004 0.5109375 0.4229166658653846 0.5140625 0.41666666586538464 0.5546875 0.49375 0.5453125 0.48750000000000004 0.5109375
241 0.5770833341346153 0.8421875000000001 0.5020833341346154 0.796875 0.41666666586538464 0.8234375 0.45625000000000004 0.934375 0.5416666658653846 0.940625 0.5770833341346153 0.8421875000000001
1780 0.49375 0.79375 0.525 0.7734375 0.5166666658653847 0.7640625000000001 0.4979166658653846 0.7640625000000001 0.48750000000000004 0.7749999999999999 0.44375 0.7765625 0.4354166658653846 0.7749999999999999 0.4416666658653846 0.76875 0.4708333341346154 0.7609375 0.46875 0.7421875 0.4145833341346154 0.7625 0.41666666586538464 0.7921875 0.43125 0.79375 0.49375 0.79375
1885 0.4979166658653846 0.6640625 0.3916666658653846 0.7515624999999999 0.42500000000000004 0.8 0.6 0.7625 0.7916666658653846 0.784375 0.8395833341346154 0.003125 0.19374999999999998 0.00625 0.23333333413461538 0.64375 0.4458333341346154 0.6234375000000001 0.4979166658653846 0.6640625
757 0.3208333341346154 0.60625 0.3208333341346154 0.6499999999999999 0.3583333341346154 0.6499999999999999 0.3520833341346154 0.60625 0.3208333341346154 0.60625
1760 0.6520833341346154 0.09687499999999999 0.6416666658653847 0.034375 0.5708333341346153 0.034375 0.5729166658653846 0.0859375 0.6520833341346154 0.09687499999999999
1760 0.7708333341346154 0.10468749999999999 0.7104166658653847 0.10468749999999999 0.7104166658653847 0.15625 0.7791666658653846 0.15625 0.7708333341346154 0.10468749999999999