836 0.2517361105769231 0.18981481490384616 0.022569444711538465 0.19212962980769233 0.05208333413461538 0.8819444447115384 0.2673611105769231 0.847222221153846 0.2517361105769231 0.18981481490384616
1116 0.46354166586538464 0.2592592596153846 0.2586805552884615 0.2569444447115385 0.2604166658653846 0.4490740745192308 0.467013889423077 0.43981481490384616 0.46354166586538464 0.2592592596153846
1199 0.467013889423077 0.4421296298076923 0.2604166658653846 0.4537037043269231 0.26909722115384616 0.722222221153846 0.470486110576923 0.701388889423077 0.467013889423077 0.4421296298076923
655 0.765625 0.125 0.673611110576923 0.15277777884615384 0.659722221153846 0.8518518509615384 0.7552083341346154 0.9560185192307693 0.765625 0.125
1708 0.3836805552884615 0.8310185192307693 0.03993055528846154 0.8773148149038461 0.024305555288461535 0.8912037043269231 0.001736110576923077 0.9953703701923077 0.49479166586538464 0.9953703701923077 0.40972222115384616 0.8356481490384616 0.3836805552884615 0.8310185192307693
417 0.26215277884615384 0.7060185192307693 0.2586805552884615 0.7245370360576923 0.234375 0.715277778846154 0.20833333413461538 0.701388889423077 0.171875 0.6944444447115384 0.14236111057692308 0.7060185192307693 0.10763888942307692 0.7314814807692307 0.07638888942307692 0.7476851850961539 0.07118055528846154 0.7291666658653846 0.05729166586538462 0.7291666658653846 0.06944444471153846 0.8703703701923077 0.2795138894230769 0.8425925937500001 0.2760416658653846 0.7060185192307693 0.26215277884615384 0.7060185192307693
417 0.652777778846154 0.9305555552884616 0.6493055552884616 0.8657407403846153 0.6354166658653846 0.861111110576923 0.623263889423077 0.8310185192307693 0.6128472211538462 0.7916666658653846 0.5833333341346154 0.7800925937500001 0.5503472211538462 0.7893518509615384 0.548611110576923 0.7662037043269231 0.5208333341346154 0.763888889423077 0.5121527788461538 0.8981481490384616 0.4930555552884615 0.9837962956730769 0.638888889423077 0.9976851850961539 0.644097221153846 0.9699074062499999 0.652777778846154 0.9305555552884616
852 0.8541666658653846 0 0.8072916658653846 0.025462963942307695 0.8072916658653846 0.36574074038461535 0.954861110576923 0.3703703701923077 0.9600694447115384 0 0.8541666658653846 0
852 0.022569444711538465 0 0.026041665865384613 0.1875 0.2517361105769231 0.18518518509615384 0.25347222115384616 0 0.022569444711538465 0
852 0.2552083341346154 0 0.2569444447115385 0.2546296298076923 0.46875 0.2546296298076923 0.46527777884615384 0 0.2552083341346154 0
852 0.873263889423077 0.9953703701923077 0.998263889423077 0.9953703701923077 0.998263889423077 0.75 0.7586805552884616 0.6296296298076923 0.75 0.8703703701923077 0.8680555552884616 0.9814814807692307 0.873263889423077 0.9953703701923077
1772 0.998263889423077 0.5648148149038461 0.970486110576923 0.5532407403846153 0.9427083341346154 0.5578703701923077 0.9305555552884616 0.6180555552884616 0.982638889423077 0.6481481490384616 0.998263889423077 0.6481481490384616 0.998263889423077 0.5648148149038461
1839 0.890625 0.4837962956730769 0.909722221153846 0.4768518509615385 0.909722221153846 0.42824074038461535 0.887152778846154 0.4189814807692308 0.857638889423077 0.423611110576923 0.8541666658653846 0.4629629639423077 0.861111110576923 0.4745370360576923 0.890625 0.4837962956730769
655 0.5850694447115384 0.15972222115384616 0.498263889423077 0.15509259375 0.515625 0.701388889423077 0.5885416658653846 0.6898148149038461 0.5850694447115384 0.15972222115384616
1844 0.6336805552884616 0.47222222115384616 0.638888889423077 0.4814814807692308 0.637152778846154 0.49768518509615384 0.640625 0.49768518509615384 0.6493055552884616 0.4884259254807692 0.642361110576923 0.46759259375 0.626736110576923 0.4629629639423077 0.6180555552884616 0.486111110576923 0.6163194447115384 0.5023148149038461 0.607638889423077 0.5185185192307692 0.6059027788461538 0.5532407403846153 0.6180555552884616 0.59259259375 0.6336805552884616 0.5462962956730769 0.6354166658653846 0.513888889423077 0.625 0.4884259254807692 0.6336805552884616 0.47222222115384616
1844 0.592013889423077 0.53009259375 0.592013889423077 0.5115740745192308 0.5902777788461538 0.4930555552884615 0.5850694447115384 0.486111110576923 0.5833333341346154 0.4837962956730769 0.5746527788461538 0.49074074038461535 0.5711805552884616 0.5046296298076923 0.5711805552884616 0.5185185192307692 0.578125 0.5185185192307692 0.578125 0.5 0.5833333341346154 0.5 0.5833333341346154 0.5185185192307692 0.578125 0.5416666658653846 0.5694444447115384 0.5601851850961539 0.595486110576923 0.59259259375 0.6059027788461538 0.5439814807692308 0.5989583341346154 0.53009259375 0.592013889423077 0.53009259375
1305 0.640625 0.3703703701923077 0.6458333341346154 0.29398148076923075 0.6302083341346154 0.31018518509615384 0.6319444447115384 0.3518518509615385 0.640625 0.3703703701923077
1116 0.986111110576923 0.6180555552884616 0.984375 0.4884259254807692 0.892361110576923 0.4537037043269231 0.8125 0.47916666586538464 0.8072916658653846 0.5995370360576924 0.8975694447115384 0.6319444447115384 0.986111110576923 0.6180555552884616
70 0.11631944471153846 0.2638888894230769 0.11805555528846154 0.28472222115384616 0.14756944471153846 0.28240740625 0.14756944471153846 0.2662037043269231 0.11631944471153846 0.2638888894230769
1193 0.10416666586538462 0.9537037043269231 0.10416666586538462 0.9675925937500001 0.10763888942307692 0.9837962956730769 0.11284722115384614 0.9907407403846153 0.12152777884615386 0.9930555552884616 0.13020833413461538 0.986111110576923 0.13715277884615384 0.986111110576923 0.14756944471153846 0.986111110576923 0.15451388942307692 0.9745370360576923 0.15104166586538462 0.9629629639423077 0.13541666586538462 0.9375 0.12326388942307692 0.9375 0.11458333413461538 0.9398148149038461 0.109375 0.9444444447115384 0.10416666586538462 0.9537037043269231
600 0.777777778846154 0.7615740745192308 0.7760416658653846 0.7291666658653846 0.765625 0.652777778846154 0.765625 0.6921296298076923 0.765625 0.736111110576923 0.7569444447115384 0.7708333341346154 0.746527778846154 0.8379629639423077 0.734375 0.8865740745192308 0.78125 0.8773148149038461 0.7743055552884616 0.8425925937500001 0.7760416658653846 0.8078703701923077 0.777777778846154 0.7615740745192308
1255 0.611111110576923 0.6990740745192308 0.621527778846154 0.6921296298076923 0.621527778846154 0.59259259375 0.595486110576923 0.5995370360576924 0.595486110576923 0.6967592596153847 0.6006944447115384 0.6990740745192308 0.611111110576923 0.6990740745192308
112 0.626736110576923 0.826388889423077 0.659722221153846 0.8240740745192308 0.659722221153846 0.7592592596153847 0.607638889423077 0.7037037043269231 0.501736110576923 0.722222221153846 0.501736110576923 0.847222221153846 0.5121527788461538 0.847222221153846 0.626736110576923 0.826388889423077
1767 0.373263889423077 0.7569444447115384 0.388888889423077 0.7546296298076923 0.40277777884615384 0.7546296298076923 0.40104166586538464 0.7407407403846153 0.38541666586538464 0.7453703701923077 0.3680555552884615 0.7523148149038461 0.33854166586538464 0.7476851850961539 0.342013889423077 0.7615740745192308 0.3524305552884615 0.7592592596153847 0.373263889423077 0.7569444447115384
350 0.470486110576923 0.8171296298076923 0.46875 0.7060185192307693 0.27777777884615384 0.7291666658653846 0.28125 0.8425925937500001 0.470486110576923 0.8171296298076923
1088 0.14756944471153846 0.2638888894230769 0.11631944471153846 0.2638888894230769 0.12152777884615386 0.28472222115384616 0.14930555528846154 0.28240740625 0.14756944471153846 0.2638888894230769
1088 0.19791666586538462 0.34027777884615384 0.1944444447115385 0.3379629639423077 0.18576388942307692 0.34259259375 0.18402777884615384 0.3564814807692308 0.1961805552884615 0.361111110576923 0.19965277884615384 0.3518518509615385 0.19791666586538462 0.34027777884615384
910 0.345486110576923 0.15740740625 0.345486110576923 0.2407407403846154 0.3524305552884615 0.2430555552884615 0.35416666586538464 0.16203703605769232 0.345486110576923 0.15740740625
910 0.3819444447115385 0.15740740625 0.37152777884615384 0.15740740625 0.373263889423077 0.24537037019230767 0.38020833413461536 0.24537037019230767 0.3819444447115385 0.15740740625
659 0.49479166586538464 0.14583333413461538 0.671875 0.15740740625 0.659722221153846 0.7476851850961539 0.684027778846154 0.7453703701923077 0.690972221153846 0.11342592548076923 0.47222222115384616 0.10648148076923077 0.470486110576923 0.7453703701923077 0.501736110576923 0.7453703701923077 0.49479166586538464 0.14583333413461538