655 0.671875 0.5794392524038462 0.75 0.6588785048076923 0.7953125000000001 0.09579439182692308 0.6890624999999999 0.12383177644230768 0.671875 0.5794392524038462
1708 0.9984375000000001 0.9065420552884615 0.9984375000000001 0.6448598125 0.9390624999999999 0.6144859807692308 0.44999999999999996 0.7593457932692308 0.628125 0.9929906538461538 0.89375 0.9953271033653847 0.9984375000000001 0.9065420552884615
1712 0.43125 0.41121495432692307 0.44218749999999996 0.40654205528846155 0.446875 0.19626168269230768 0.4125 0.20093457932692307 0.4140625 0.40186915865384615 0.42656249999999996 0.41121495432692307 0.4296875 0.4719626177884615 0.41874999999999996 0.4719626177884615 0.41718750000000004 0.49299065384615387 0.44062500000000004 0.49299065384615387 0.44843750000000004 0.47897196153846155 0.4375 0.47897196153846155 0.43125 0.41121495432692307
403 0.265625 0.09579439182692308 0.275 0.08644859855769231 0.36250000000000004 0.07943925240384615 0.271875 0.05841121394230769 0.246875 0.030373831730769234 0.2390625 0 0.23281249999999998 0.007009346153846153 0.2265625 0.030373831730769234 0.2109375 0.03504672836538462 0.20625 0.04906542067307692 0.12187500000000001 0.03504672836538462 0.11406250000000001 0.039719625 0.18125000000000002 0.06074766346153847 0.125 0.07242990625 0.1296875 0.07943925240384615 0.20468750000000002 0.07943925240384615 0.20937499999999998 0.09579439182692308 0.22812500000000002 0.1074766346153846 0.265625 0.09579439182692308
1603 0.17031249999999998 0.6074766346153846 0.41874999999999996 0.5584112139423077 0.41718750000000004 0.4509345793269231 0.3609375 0.4228971971153846 0.34843749999999996 0.39953270913461536 0.10625000000000001 0.41822429807692313 0.1015625 0.4509345793269231 0.08281250000000001 0.4485981298076923 0.0734375 0.49065420673076926 0.084375 0.5841121490384615 0.11875 0.5934579447115385 0.134375 0.6144859807692308 0.17031249999999998 0.6074766346153846
1774 0.721875 0.45794392548076923 0.6890624999999999 0.44158878605769225 0.7046874999999999 0.39252336538461535 0.684375 0.39252336538461535 0.675 0.5303738317307692 0.7124999999999999 0.5350467283653846 0.7124999999999999 0.49299065384615387 0.721875 0.45794392548076923
1219 0.1515625 0.1261682235576923 0.1515625 0.18691588701923076 0.3734375 0.19392523317307694 0.37031250000000004 0.14018691586538462 0.1515625 0.1261682235576923
1219 0.2609375 0.33878504567307693 0.35624999999999996 0.33411214903846154 0.35624999999999996 0.20560747596153844 0.2546875 0.20093457932692307 0.2609375 0.33878504567307693
1219 0.15625 0.2593457932692308 0.2390625 0.2640186923076923 0.2375 0.20794392548076923 0.15468749999999998 0.210280375 0.15625 0.2593457932692308
1219 0.01875 0.289719625 0.01875 0.3457943918269231 0.221875 0.33644859855769227 0.221875 0.2850467283653846 0.01875 0.289719625
1219 0.0328125 0.11915887740384615 0.040624999999999994 0.27570093509615384 0.1265625 0.2686915889423077 0.12031249999999999 0.12383177644230768 0.0328125 0.11915887740384615
1760 0.31718749999999996 0.9883177572115385 0.34843749999999996 0.983644860576923 0.321875 0.9112149543269231 0.23125 0.9415887860576924 0.24375000000000002 0.9906542067307692 0.31718749999999996 0.9883177572115385
1760 0.08906249999999999 0.8060747668269231 0.08906249999999999 0.766355139423077 0.0328125 0.7757009350961539 0.020312499999999997 0.8247663557692307 0.08906249999999999 0.8060747668269231
417 0.3671875 0.7920560745192307 0.3890625 0.9953271033653847 0.45781249999999996 0.9929906538461538 0.4453125 0.9392523365384615 0.3671875 0.7920560745192307
417 0.5796875 0.6308411225961539 0.578125 0.710280375 0.6953125 0.6799065408653846 0.6890624999999999 0.6074766346153846 0.5796875 0.6308411225961539
417 0.428125 0.8668224302884616 0.4390625 0.8574766346153846 0.44375 0.8200934591346154 0.46406250000000004 0.8200934591346154 0.4546875 0.8037383173076923 0.4453125 0.7546728966346153 0.575 0.710280375 0.58125 0.6261682235576923 0.628125 0.6121495336538462 0.6234375000000001 0.6028037379807692 0.625 0.5771028028846155 0.51875 0.5210280384615384 0.5 0.5303738317307692 0.49531250000000004 0.556074766826923 0.446875 0.57242990625 0.44375 0.6074766346153846 0.37187499999999996 0.5443925240384615 0.34843749999999996 0.5514018701923077 0.34375 0.5864485985576923 0.375 0.6308411225961539 0.37812500000000004 0.7710280384615384 0.4125 0.8271028028846155 0.4125 0.8528037379807691 0.428125 0.8668224302884616
1708 0.0640625 0.5210280384615384 0.0015625 0.523364485576923 0.0046875 0.5677570096153846 0.0015625 0.6752336442307693 0.0765625 0.6588785048076923 0.065625 0.549065420673077 0.0640625 0.5210280384615384
417 0.73125 0.5934579447115385 0.7375 0.6799065408653846 0.8265625000000001 0.6495327091346154 0.8203125 0.5630841129807692 0.73125 0.5934579447115385
417 0.11875 0.9696261682692308 0.146875 0.9579439254807693 0.1453125 0.9112149543269231 0.34375 0.8481308413461538 0.34843749999999996 0.8901869158653846 0.365625 0.8808411225961539 0.37187499999999996 0.8387850456730769 0.38125 0.8387850456730769 0.3765625 0.6355140192307692 0.31562500000000004 0.549065420673077 0.278125 0.5654205600961538 0.275 0.5957943918269231 0.1375 0.621495326923077 0.128125 0.5794392524038462 0.08124999999999999 0.5841121490384615 0.09062500000000001 0.6892523365384615 0.09843750000000001 0.9182242980769231 0.11406250000000001 0.9182242980769231 0.11875 0.9696261682692308
1885 0.7703125 0 0.5234375 0.08878504567307692 0.51875 0.5116822427884615 0.640625 0.57242990625 0.6546875000000001 0.1074766346153846 0.809375 0.08411214903846154 0.7640625000000001 0.6728971971153845 0.9875 0.8411214951923077 0.9984375000000001 0 0.7703125 0
402 0.0015625 0 0.003125 0.021028038461538463 0.5265625 0.08878504567307692 0.7703125 0 0.0015625 0