655 0.3109375 0.12383177644230768 0.20468750000000002 0.09579439182692308 0.25 0.6588785048076923 0.328125 0.5794392524038462 0.3109375 0.12383177644230768
1708 0.10625000000000001 0.9953271033653847 0.37187499999999996 0.9929906538461538 0.55 0.7593457932692308 0.060937500000000006 0.6144859807692308 0.0015625 0.6448598125 0.0015625 0.9065420552884615 0.10625000000000001 0.9953271033653847
1712 0.5625 0.47897196153846155 0.5515625 0.47897196153846155 0.559375 0.49299065384615387 0.5828125 0.49299065384615387 0.58125 0.4719626177884615 0.5703125 0.4719626177884615 0.5734375 0.41121495432692307 0.5859375 0.40186915865384615 0.5875 0.20093457932692307 0.553125 0.19626168269230768 0.5578125 0.40654205528846155 0.56875 0.41121495432692307 0.5625 0.47897196153846155
403 0.7718750000000001 0.1074766346153846 0.7906249999999999 0.09579439182692308 0.7953125000000001 0.07943925240384615 0.8703125 0.07943925240384615 0.875 0.07242990625 0.8187500000000001 0.06074766346153847 0.8859375 0.039719625 0.878125 0.03504672836538462 0.79375 0.04906542067307692 0.7890625 0.03504672836538462 0.7734375 0.030373831730769234 0.7671874999999999 0.007009346153846153 0.7609375 0 0.753125 0.030373831730769234 0.7281249999999999 0.05841121394230769 0.6375 0.07943925240384615 0.7250000000000001 0.08644859855769231 0.734375 0.09579439182692308 0.7718750000000001 0.1074766346153846
1603 0.8656250000000001 0.6144859807692308 0.8812500000000001 0.5934579447115385 0.9156249999999999 0.5841121490384615 0.9265625 0.49065420673076926 0.9171875 0.4485981298076923 0.8984375 0.4509345793269231 0.89375 0.41822429807692313 0.6515625 0.39953270913461536 0.6390625000000001 0.4228971971153846 0.5828125 0.4509345793269231 0.58125 0.5584112139423077 0.8296874999999999 0.6074766346153846 0.8656250000000001 0.6144859807692308
1774 0.2875 0.49299065384615387 0.2875 0.5350467283653846 0.32499999999999996 0.5303738317307692 0.31562500000000004 0.39252336538461535 0.2953125 0.39252336538461535 0.3109375 0.44158878605769225 0.278125 0.45794392548076923 0.2875 0.49299065384615387
1219 0.6296875 0.14018691586538462 0.6265624999999999 0.19392523317307694 0.8484375 0.18691588701923076 0.8484375 0.1261682235576923 0.6296875 0.14018691586538462
1219 0.7453125 0.20093457932692307 0.64375 0.20560747596153844 0.64375 0.33411214903846154 0.7390625 0.33878504567307693 0.7453125 0.20093457932692307
1219 0.8453124999999999 0.210280375 0.7625 0.20794392548076923 0.7609375 0.2640186923076923 0.84375 0.2593457932692308 0.8453124999999999 0.210280375
1219 0.778125 0.2850467283653846 0.778125 0.33644859855769227 0.98125 0.3457943918269231 0.98125 0.289719625 0.778125 0.2850467283653846
1219 0.8796875 0.12383177644230768 0.8734375000000001 0.2686915889423077 0.9593750000000001 0.27570093509615384 0.9671875000000001 0.11915887740384615 0.8796875 0.12383177644230768
1760 0.7562500000000001 0.9906542067307692 0.76875 0.9415887860576924 0.6781250000000001 0.9112149543269231 0.6515625 0.983644860576923 0.6828125 0.9883177572115385 0.7562500000000001 0.9906542067307692
1760 0.9796875 0.8247663557692307 0.9671875000000001 0.7757009350961539 0.9109375 0.766355139423077 0.9109375 0.8060747668269231 0.9796875 0.8247663557692307
417 0.5546875 0.9392523365384615 0.5421875 0.9929906538461538 0.6109375 0.9953271033653847 0.6328125 0.7920560745192307 0.5546875 0.9392523365384615
417 0.3109375 0.6074766346153846 0.3046875 0.6799065408653846 0.421875 0.710280375 0.4203125 0.6308411225961539 0.3109375 0.6074766346153846
417 0.5875 0.8528037379807691 0.5875 0.8271028028846155 0.621875 0.7710280384615384 0.625 0.6308411225961539 0.65625 0.5864485985576923 0.6515625 0.5514018701923077 0.628125 0.5443925240384615 0.55625 0.6074766346153846 0.553125 0.57242990625 0.5046875 0.556074766826923 0.5 0.5303738317307692 0.48124999999999996 0.5210280384615384 0.375 0.5771028028846155 0.3765625 0.6028037379807692 0.37187499999999996 0.6121495336538462 0.41874999999999996 0.6261682235576923 0.42500000000000004 0.710280375 0.5546875 0.7546728966346153 0.5453125 0.8037383173076923 0.5359375 0.8200934591346154 0.55625 0.8200934591346154 0.5609375 0.8574766346153846 0.571875 0.8668224302884616 0.5875 0.8528037379807691
1708 0.934375 0.549065420673077 0.9234374999999999 0.6588785048076923 0.9984375000000001 0.6752336442307693 0.9953125 0.5677570096153846 0.9984375000000001 0.523364485576923 0.9359375000000001 0.5210280384615384 0.934375 0.549065420673077
417 0.1796875 0.5630841129807692 0.17343750000000002 0.6495327091346154 0.2625 0.6799065408653846 0.26875 0.5934579447115385 0.1796875 0.5630841129807692
417 0.8859375 0.9182242980769231 0.9015625 0.9182242980769231 0.909375 0.6892523365384615 0.91875 0.5841121490384615 0.871875 0.5794392524038462 0.8625 0.621495326923077 0.7250000000000001 0.5957943918269231 0.721875 0.5654205600961538 0.684375 0.549065420673077 0.6234375000000001 0.6355140192307692 0.6187499999999999 0.8387850456730769 0.628125 0.8387850456730769 0.6343749999999999 0.8808411225961539 0.6515625 0.8901869158653846 0.65625 0.8481308413461538 0.8546875 0.9112149543269231 0.8531249999999999 0.9579439254807693 0.8812500000000001 0.9696261682692308 0.8859375 0.9182242980769231
1885 0.0015625 0 0.0125 0.8411214951923077 0.23593750000000002 0.6728971971153845 0.190625 0.08411214903846154 0.3453125 0.1074766346153846 0.359375 0.57242990625 0.48124999999999996 0.5116822427884615 0.4765625 0.08878504567307692 0.2296875 0 0.0015625 0
402 0.2296875 0 0.47343749999999996 0.08878504567307692 0.996875 0.021028038461538463 0.9984375000000001 0 0.2296875 0