402 0.0015625 0.0020833341346153844 0.00234375 0.175 0.23593750000000002 0.2114583341346154 0.9359375000000001 0.11249999999999999 0.9398437500000001 0.0020833341346153844 0.0015625 0.0020833341346153844
1885 1 0.003125 0.9390624999999999 0 0.90625 0.91875 0.9898437499999999 0.95 0.98828125 1 1 1 1 0.003125
1755 0.96015625 0.3552083341346154 0.96015625 0.41874999999999996 1 0.41874999999999996 0.9984375000000001 0.35624999999999996 0.96015625 0.3552083341346154
1708 0.9889423076923076 1 0.9859374999999999 0.9479166658653846 0.7593749999999999 0.859375 0.6851562499999999 0.9333333341346154 0.6781250000000001 0.9989583341346153 0.7817708341346153 1 0.9889423076923076 1
771 0.7945312499999999 0.7833333341346154 0.74609375 0.8197916658653847 0.74296875 0.8625 0.7234375 0.8760416658653847 0.72734375 0.9333333341346154 0.78828125 0.9552083341346154 0.80546875 0.9520833341346153 0.8343750000000001 0.9229166658653847 0.83125 0.8833333341346153 0.846875 0.7906249999999999 0.81328125 0.7718750000000001 0.7945312499999999 0.7833333341346154
1314 0.8882812499999999 0.984375 0.90234375 0.9312499999999999 0.8335937499999999 0.9177083341346154 0.81328125 0.9614583341346153 0.8882812499999999 0.984375
1942 0.06953125 0.2979166658653846 0.00234375 0.2947916658653846 0.0015625 0.5083333341346153 0.075 0.5041666658653846 0.06953125 0.2979166658653846
771 0.88984375 0.6499999999999999 0.8671875 0.6781250000000001 0.85546875 0.8020833341346154 0.9085937500000001 0.8125 0.9203125000000001 0.65625 0.88984375 0.6499999999999999
1146 0.90703125 0.6354166658653846 0.8968750000000001 0.6375 0.909375 0.6458333341346154 0.9125000000000001 0.6375 0.90703125 0.6354166658653846
1738 0.8960937499999999 0.4802083341346154 0.9015625 0.4697916658653846 0.8921874999999999 0.46562499999999996 0.8773437500000001 0.4625 0.87421875 0.4864583341346154 0.87421875 0.5083333341346153 0.89453125 0.5125 0.88984375 0.47916666586538464 0.8960937499999999 0.4802083341346154
1132 0.8531249999999999 0.6333333341346153 0.8570312499999999 0.6447916658653846 0.903125 0.6499999999999999 0.91796875 0.6312500000000001 0.925 0.5177083341346154 0.8531249999999999 0.5145833341346153 0.846875 0.6166666658653847 0.86015625 0.6270833341346154 0.8531249999999999 0.6333333341346153
973 0.70234375 0.559375 0.70234375 0.5833333341346154 0.69609375 0.590625 0.6968749999999999 0.603125 0.70703125 0.6052083341346154 0.7164062499999999 0.6052083341346154 0.71484375 0.5927083341346153 0.7124999999999999 0.58125 0.7124999999999999 0.5645833341346154 0.70234375 0.559375
1254 0.6812499999999999 0.609375 0.671875 0.6041666658653846 0.65703125 0.6135416658653846 0.71015625 0.6260416658653847 0.71796875 0.6114583341346154 0.6921875 0.603125 0.6812499999999999 0.609375
1239 0.625 0.603125 0.6421874999999999 0.6125 0.6640625 0.603125 0.65234375 0.5947916658653847 0.625 0.603125
1768 0.659375 0.5958333341346154 0.67890625 0.5979166658653846 0.6929687499999999 0.59375 0.6953125 0.5572916658653846 0.6875 0.5552083341346153 0.6781250000000001 0.5322916658653847 0.67109375 0.559375 0.66015625 0.559375 0.659375 0.5958333341346154
180 0.83203125 0.7791666658653846 0.8570312499999999 0.78125 0.85625 0.7291666658653846 0.8335937499999999 0.721875 0.80859375 0.7447916658653846 0.809375 0.765625 0.83203125 0.7791666658653846
506 0.73359375 0.7760416658653846 0.70625 0.7479166658653846 0.7164062499999999 0.7281249999999999 0.703125 0.7260416658653847 0.6968749999999999 0.8385416658653846 0.73515625 0.8552083341346154 0.7398437499999999 0.7979166658653847 0.73359375 0.7760416658653846
417 0.7445312500000001 0.7958333341346153 0.7359374999999999 0.8520833341346153 0.7421875 0.8520833341346153 0.7484375000000001 0.8135416658653847 0.7640625000000001 0.79375 0.7718750000000001 0.7645833341346153 0.8101562499999999 0.7270833341346153 0.8062499999999999 0.6656249999999999 0.7914062500000001 0.6270833341346154 0.7601562500000001 0.6114583341346154 0.73125 0.6072916658653846 0.7140625 0.6291666658653846 0.70625 0.671875 0.7 0.7166666658653846 0.71953125 0.7281249999999999 0.7085937499999999 0.746875 0.7445312500000001 0.7958333341346153
605 0.69609375 0.8177083341346154 0.69921875 0.6385416658653846 0.8703125 0.6697916658653846 0.7640625000000001 0.7666666658653847 0.7640625000000001 0.79375 0.846875 0.8125 0.8359375 0.8843749999999999 0.90546875 0.909375 0.91796875 0.6114583341346154 0.6984375 0.571875 0.61484375 0.609375 0.6195312500000001 0.7124999999999999 0.6375 0.7239583341346154 0.6312500000000001 0.8031250000000001 0.69609375 0.8177083341346154
1283 0.77734375 0.5625 0.75390625 0.578125 0.7359374999999999 0.5989583341346154 0.7484375000000001 0.6072916658653846 0.78203125 0.6114583341346154 0.80546875 0.6552083341346153 0.809375 0.71875 0.8171875 0.7291666658653846 0.8515625 0.7020833341346153 0.8492187499999999 0.65625 0.83515625 0.5854166658653847 0.8062499999999999 0.56875 0.8171875 0.5333333341346154 0.8148437500000001 0.5041666658653846 0.7984374999999999 0.4854166658653846 0.77421875 0.4854166658653846 0.76640625 0.5125 0.76953125 0.5510416658653846 0.77734375 0.5625
1942 0.7640625000000001 0.4885416658653846 0.76484375 0.23333333413461538 0.6171875 0.2427083341346154 0.61640625 0.4708333341346154 0.7640625000000001 0.4885416658653846
342 0.73515625 0.4666666658653846 0.7390625 0.4510416658653846 0.71953125 0.4510416658653846 0.7203124999999999 0.4625 0.73515625 0.4666666658653846
342 0.6640625 0.4572916658653846 0.68359375 0.4614583341346154 0.68359375 0.44791666586538464 0.6695312499999999 0.44999999999999996 0.6640625 0.4572916658653846
1047 0.6567708341346153 0 0.6203125 0.014583334134615385 0.621875 0.05208333413461538 0.76484375 0.1291666658653846 0.8968750000000001 0.11145833413461538 0.9039062499999999 0.078125 0.81640625 0 0.6567708341346153 0
1047 0.2640625 0.1333333341346154 0.271875 0.1364583341346154 0.43828124999999996 0.17812499999999998 0.5234375 0.159375 0.5265625 0.1322916658653846 0.35390625 0.08020833413461538 0.26484375 0.10520833413461537 0.2640625 0.1333333341346154
1047 0.021875 0.08333333413461538 0.10234375000000001 0.045833334134615385 0.0015625 0.01875 0.00234375 0.07083333413461539 0.021875 0.08333333413461538
1047 0.296875 0.1760416658653846 0.128125 0.1479166658653846 0.075 0.16249999999999998 0.075 0.1791666658653846 0.23593750000000002 0.20937499999999998 0.296875 0.19791666586538462 0.296875 0.1760416658653846
1873 0.08984375 0.1270833341346154 0.11796875000000001 0.109375 0.060937500000000006 0.09791666586538463 0.03203125 0.11145833413461538 0.08984375 0.1270833341346154
1219 0.5421875 0.4416666658653846 0.54140625 0.2760416658653846 0.421875 0.2833333341346154 0.4234375 0.43229166586538464 0.5421875 0.4416666658653846
1942 0.36953125 0.44791666586538464 0.3671875 0.2614583341346154 0.28359375 0.2697916658653846 0.28046875 0.446875 0.36953125 0.44791666586538464
1885 0.0015625 0.5427083341346154 0.23515625 0.5052083341346154 0.23125 0.22395833413461538 0.23046875 0.2114583341346154 0.0015625 0.1802083341346154 0.0015625 0.5427083341346154
1885 0.23203125000000002 0.2114583341346154 0.2375 0.5177083341346154 0.9195312499999999 0.6260416658653847 0.9312499999999999 0.11145833413461538 0.23203125000000002 0.2114583341346154
792 0.7210937500000001 0.8989583341346153 0.7210937500000001 0.871875 0.7390625 0.8604166658653847 0.6929687499999999 0.8374999999999999 0.6375 0.8291666658653847 0.62890625 0.8656250000000001 0.58203125 0.875 0.54921875 0.8604166658653847 0.45859375 0.9083333341346154 0.4359375 0.89375 0.43515625 0.8031250000000001 0.41718750000000004 0.79375 0.38593750000000004 0.7833333341346154 0.35703125 0.7718750000000001 0.35546875 0.7270833341346153 0.33984375 0.7177083341346153 0.31640625 0.7281249999999999 0.26484375 0.7 0.24453124999999998 0.7239583341346154 0.18515625000000002 0.7385416658653846 0.17343750000000002 0.7239583341346154 0.13359375 0.721875 0.1453125 0.6812499999999999 0.00234375 0.7364583341346154 0.00078125 0.9979166658653846 0.675 0.9979166658653846 0.684375 0.9312499999999999 0.7210937500000001 0.8989583341346153
1814 0.6312500000000001 0.8666666658653847 0.6304687499999999 0.7260416658653847 0.60703125 0.7114583341346153 0.55703125 0.71875 0.54453125 0.7604166658653846 0.55703125 0.765625 0.55546875 0.8552083341346154 0.57421875 0.8760416658653847 0.59921875 0.878125 0.6312500000000001 0.8666666658653847
609 0.553125 0.859375 0.55390625 0.765625 0.54140625 0.7552083341346154 0.55 0.7135416658653846 0.6140625 0.7145833341346154 0.61328125 0.609375 0.69609375 0.58125 0.7 0.5135416658653846 0.6742187500000001 0.5072916658653847 0.43046874999999996 0.5479166658653847 0.4375 0.5666666658653846 0.44296875 0.571875 0.44218749999999996 0.6604166658653846 0.4359375 0.8927083341346154 0.46015625000000004 0.903125 0.553125 0.859375
1132 0.59609375 0.48958333413461536 0.559375 0.478125 0.55625 0.5239583341346153 0.6265624999999999 0.5114583341346154 0.59609375 0.48958333413461536
605 0.35859375000000004 0.6083333341346153 0.3515625 0.5645833341346154 0.353125 0.5458333341346153 0.33359375 0.559375 0.33828125 0.7052083341346154 0.3609375 0.7083333341346154 0.35546875 0.6885416658653847 0.35859375000000004 0.6083333341346153
1283 0.43984375 0.6312500000000001 0.4453125 0.571875 0.43125 0.5479166658653847 0.4765625 0.5354166658653846 0.46796875000000004 0.5239583341346153 0.44218749999999996 0.5072916658653847 0.453125 0.478125 0.4453125 0.453125 0.42421875 0.44270833413461536 0.40546875000000004 0.459375 0.396875 0.490625 0.40156250000000004 0.4989583341346154 0.38593750000000004 0.5083333341346153 0.37187499999999996 0.53125 0.38203125000000004 0.5416666658653846 0.41718750000000004 0.56875 0.43984375 0.6312500000000001
417 0.41796875 0.5625 0.37812500000000004 0.5447916658653846 0.35546875 0.5447916658653846 0.36015624999999996 0.603125 0.36015624999999996 0.7114583341346153 0.359375 0.75 0.36953125 0.7749999999999999 0.37890625 0.7697916658653846 0.3921875 0.753125 0.40625 0.7739583341346153 0.42656249999999996 0.73125 0.43359375 0.7416666658653847 0.43359375 0.6781250000000001 0.43828124999999996 0.6197916658653846 0.41796875 0.5625
1314 0.38749999999999996 0.4520833341346154 0.38749999999999996 0.4802083341346154 0.39609375 0.4802083341346154 0.39921874999999996 0.453125 0.38749999999999996 0.4520833341346154
1651 0.30703125 0.484375 0.33203125 0.484375 0.32890624999999996 0.47187500000000004 0.30625 0.475 0.30703125 0.484375
609 0.33125000000000004 0.5604166658653846 0.37109375 0.5322916658653847 0.39921874999999996 0.4958333341346154 0.39609375 0.47916666586538464 0.29453125 0.4854166658653846 0.3015625 0.7124999999999999 0.3125 0.721875 0.3359375 0.7135416658653846 0.33125000000000004 0.5604166658653846
1147 0.27109375 0.5416666658653846 0.27109375 0.5260416658653846 0.25 0.528125 0.253125 0.5458333341346153 0.27109375 0.5416666658653846
1132 0.23593750000000002 0.5270833341346154 0.2515625 0.5260416658653846 0.25234375 0.45625000000000004 0.246875 0.45625000000000004 0.21015625 0.4510416658653846 0.19921875 0.47916666586538464 0.22109374999999998 0.49479166586538464 0.23593750000000002 0.5270833341346154
1239 0.1015625 0.540625 0.125 0.546875 0.15234375 0.540625 0.13046875 0.5322916658653847 0.1015625 0.540625
180 0.0109375 0.5385416658653847 0.0359375 0.5447916658653846 0.06484375 0.55 0.07421875 0.51875 0.044531249999999994 0.5114583341346154 0.00546875 0.5145833341346153 0.0109375 0.5385416658653847
314 0.12187500000000001 0.5291666658653846 0.12187500000000001 0.4989583341346154 0.09453125000000001 0.4989583341346154 0.09453125000000001 0.528125 0.10703125 0.5291666658653846 0.12187500000000001 0.5291666658653846
314 0.1515625 0.53125 0.15234375 0.4864583341346154 0.11953125 0.49375 0.12109375 0.5260416658653846 0.1515625 0.53125
605 0.28125 0.6989583341346154 0.2984375 0.7041666658653847 0.29921875 0.5145833341346153 0.23359375 0.5020833341346154 0.00078125 0.540625 0.0015625 0.7291666658653846 0.078125 0.6927083341346154 0.0765625 0.5614583341346153 0.21953125 0.5510416658653846 0.28046875 0.559375 0.28125 0.6989583341346154
1814 0.10703125 0.6937500000000001 0.10703125 0.6229166658653846 0.0765625 0.6291666658653846 0.078125 0.6989583341346154 0.10703125 0.6937500000000001
506 0.2625 0.6083333341346153 0.2609375 0.6927083341346154 0.27890625 0.6979166658653846 0.28046875 0.6145833341346154 0.2625 0.6083333341346153
417 0.20625 0.7145833341346154 0.22031250000000002 0.6958333341346153 0.234375 0.6614583341346154 0.23203125000000002 0.6041666658653846 0.22031250000000002 0.5447916658653846 0.17890625 0.5291666658653846 0.15703125 0.5427083341346154 0.1421875 0.578125 0.13828125 0.659375 0.13359375 0.6614583341346154 0.17031249999999998 0.7135416658653846 0.20625 0.7145833341346154
1283 0.15546875 0.4927083341346154 0.15546875 0.5416666658653846 0.17421874999999998 0.528125 0.21796875 0.540625 0.23828125 0.5510416658653846 0.24609375 0.5416666658653846 0.21484375 0.4885416658653846 0.19921875 0.4802083341346154 0.21015625 0.4510416658653846 0.18906250000000002 0.4260416658653846 0.1765625 0.44270833413461536 0.1765625 0.4614583341346154 0.17812499999999998 0.47916666586538464 0.15546875 0.4927083341346154