402 0.060156249999999994 0.0020833341346153844 0.0640625 0.11249999999999999 0.7640625000000001 0.2114583341346154 0.9976562499999999 0.175 0.9984375000000001 0.0020833341346153844 0.060156249999999994 0.0020833341346153844
1885 0.01171875 1 0.010156249999999999 0.95 0.09375 0.91875 0.060937500000000006 0 0 0.003125 0 1 0.01171875 1
1755 0.0015625 0.35624999999999996 0 0.41874999999999996 0.03984375 0.41874999999999996 0.03984375 0.3552083341346154 0.0015625 0.35624999999999996
1708 0.2182291658653846 1 0.321875 0.9989583341346153 0.31484375 0.9333333341346154 0.24062499999999998 0.859375 0.014062499999999999 0.9479166658653846 0.011057692307692307 1 0.2182291658653846 1
771 0.18671875 0.7718750000000001 0.153125 0.7906249999999999 0.16875 0.8833333341346153 0.16562500000000002 0.9229166658653847 0.19453125 0.9520833341346153 0.21171875 0.9552083341346154 0.27265625 0.9333333341346154 0.2765625 0.8760416658653847 0.25703125 0.8625 0.25390625 0.8197916658653847 0.20546874999999998 0.7833333341346154 0.18671875 0.7718750000000001
1314 0.18671875 0.9614583341346153 0.16640624999999998 0.9177083341346154 0.09765625 0.9312499999999999 0.11171875 0.984375 0.18671875 0.9614583341346153
1942 0.925 0.5041666658653846 0.9984375000000001 0.5083333341346153 0.9976562499999999 0.2947916658653846 0.93046875 0.2979166658653846 0.925 0.5041666658653846
771 0.0796875 0.65625 0.09140625 0.8125 0.14453125 0.8020833341346154 0.1328125 0.6781250000000001 0.11015625000000001 0.6499999999999999 0.0796875 0.65625
1146 0.0875 0.6375 0.09062500000000001 0.6458333341346154 0.103125 0.6375 0.09296874999999999 0.6354166658653846 0.0875 0.6375
1738 0.11015625000000001 0.47916666586538464 0.10546875 0.5125 0.12578125 0.5083333341346153 0.12578125 0.4864583341346154 0.12265625 0.4625 0.1078125 0.46562499999999996 0.09843750000000001 0.4697916658653846 0.10390625 0.4802083341346154 0.11015625000000001 0.47916666586538464
1132 0.13984375 0.6270833341346154 0.153125 0.6166666658653847 0.146875 0.5145833341346153 0.075 0.5177083341346154 0.08203125 0.6312500000000001 0.09687499999999999 0.6499999999999999 0.14296875 0.6447916658653846 0.146875 0.6333333341346153 0.13984375 0.6270833341346154
973 0.2875 0.5645833341346154 0.2875 0.58125 0.28515625 0.5927083341346153 0.28359375 0.6052083341346154 0.29296875 0.6052083341346154 0.303125 0.603125 0.30390625 0.590625 0.29765625 0.5833333341346154 0.29765625 0.559375 0.2875 0.5645833341346154
1254 0.30781250000000004 0.603125 0.28203125 0.6114583341346154 0.28984375 0.6260416658653847 0.34296875000000004 0.6135416658653846 0.328125 0.6041666658653846 0.31875 0.609375 0.30781250000000004 0.603125
1239 0.34765625 0.5947916658653847 0.3359375 0.603125 0.3578125 0.6125 0.375 0.603125 0.34765625 0.5947916658653847
1768 0.33984375 0.559375 0.32890624999999996 0.559375 0.321875 0.5322916658653847 0.3125 0.5552083341346153 0.3046875 0.5572916658653846 0.30703125 0.59375 0.32109374999999996 0.5979166658653846 0.34062499999999996 0.5958333341346154 0.33984375 0.559375
180 0.190625 0.765625 0.19140625 0.7447916658653846 0.16640624999999998 0.721875 0.14375 0.7291666658653846 0.14296875 0.78125 0.16796875 0.7791666658653846 0.190625 0.765625
506 0.26015625 0.7979166658653847 0.26484375 0.8552083341346154 0.303125 0.8385416658653846 0.296875 0.7260416658653847 0.28359375 0.7281249999999999 0.29375 0.7479166658653846 0.26640625 0.7760416658653846 0.26015625 0.7979166658653847
417 0.29140625 0.746875 0.28046875 0.7281249999999999 0.3 0.7166666658653846 0.29375 0.671875 0.2859375 0.6291666658653846 0.26875 0.6072916658653846 0.23984375000000002 0.6114583341346154 0.20859375000000002 0.6270833341346154 0.19374999999999998 0.6656249999999999 0.18984374999999998 0.7270833341346153 0.22812500000000002 0.7645833341346153 0.23593750000000002 0.79375 0.2515625 0.8135416658653847 0.2578125 0.8520833341346153 0.2640625 0.8520833341346153 0.25546875 0.7958333341346153 0.29140625 0.746875
605 0.36875 0.8031250000000001 0.36250000000000004 0.7239583341346154 0.38046875 0.7124999999999999 0.38515625 0.609375 0.3015625 0.571875 0.08203125 0.6114583341346154 0.09453125000000001 0.909375 0.1640625 0.8843749999999999 0.153125 0.8125 0.23593750000000002 0.79375 0.23593750000000002 0.7666666658653847 0.1296875 0.6697916658653846 0.30078125 0.6385416658653846 0.30390625 0.8177083341346154 0.36875 0.8031250000000001
1283 0.23046875 0.5510416658653846 0.23359375 0.5125 0.22578125 0.4854166658653846 0.20156249999999998 0.4854166658653846 0.18515625000000002 0.5041666658653846 0.1828125 0.5333333341346154 0.19374999999999998 0.56875 0.16484375 0.5854166658653847 0.15078125 0.65625 0.1484375 0.7020833341346153 0.1828125 0.7291666658653846 0.190625 0.71875 0.19453125 0.6552083341346153 0.21796875 0.6114583341346154 0.2515625 0.6072916658653846 0.2640625 0.5989583341346154 0.24609375 0.578125 0.22265625 0.5625 0.23046875 0.5510416658653846
1942 0.38359374999999996 0.4708333341346154 0.3828125 0.2427083341346154 0.23515625 0.23333333413461538 0.23593750000000002 0.4885416658653846 0.38359374999999996 0.4708333341346154
342 0.2796875 0.4625 0.28046875 0.4510416658653846 0.2609375 0.4510416658653846 0.26484375 0.4666666658653846 0.2796875 0.4625
342 0.33046875 0.44999999999999996 0.31640625 0.44791666586538464 0.31640625 0.4614583341346154 0.3359375 0.4572916658653846 0.33046875 0.44999999999999996
1047 0.18359375 0 0.09609375 0.078125 0.103125 0.11145833413461538 0.23515625 0.1291666658653846 0.37812500000000004 0.05208333413461538 0.37968749999999996 0.014583334134615385 0.3432291658653846 0 0.18359375 0
1047 0.73515625 0.10520833413461537 0.6460937499999999 0.08020833413461538 0.47343749999999996 0.1322916658653846 0.4765625 0.159375 0.56171875 0.17812499999999998 0.7281249999999999 0.1364583341346154 0.7359374999999999 0.1333333341346154 0.73515625 0.10520833413461537
1047 0.9976562499999999 0.07083333413461539 0.9984375000000001 0.01875 0.89765625 0.045833334134615385 0.9781249999999999 0.08333333413461538 0.9976562499999999 0.07083333413461539
1047 0.703125 0.19791666586538462 0.7640625000000001 0.20937499999999998 0.925 0.1791666658653846 0.925 0.16249999999999998 0.871875 0.1479166658653846 0.703125 0.1760416658653846 0.703125 0.19791666586538462
1873 0.96796875 0.11145833413461538 0.9390624999999999 0.09791666586538463 0.88203125 0.109375 0.91015625 0.1270833341346154 0.96796875 0.11145833413461538
1219 0.5765625 0.43229166586538464 0.578125 0.2833333341346154 0.45859375 0.2760416658653846 0.45781249999999996 0.4416666658653846 0.5765625 0.43229166586538464
1942 0.71953125 0.446875 0.7164062499999999 0.2697916658653846 0.6328125 0.2614583341346154 0.6304687499999999 0.44791666586538464 0.71953125 0.446875
1885 0.9984375000000001 0.1802083341346154 0.76953125 0.2114583341346154 0.76875 0.22395833413461538 0.76484375 0.5052083341346154 0.9984375000000001 0.5427083341346154 0.9984375000000001 0.1802083341346154
1885 0.06875 0.11145833413461538 0.08046875 0.6260416658653847 0.7625 0.5177083341346154 0.7679687500000001 0.2114583341346154 0.06875 0.11145833413461538
792 0.31562500000000004 0.9312499999999999 0.32499999999999996 0.9979166658653846 0.99921875 0.9979166658653846 0.9976562499999999 0.7364583341346154 0.8546875 0.6812499999999999 0.86640625 0.721875 0.8265625000000001 0.7239583341346154 0.8148437500000001 0.7385416658653846 0.7554687499999999 0.7239583341346154 0.73515625 0.7 0.68359375 0.7281249999999999 0.66015625 0.7177083341346153 0.64453125 0.7270833341346153 0.6429687500000001 0.7718750000000001 0.6140625 0.7833333341346154 0.5828125 0.79375 0.56484375 0.8031250000000001 0.5640625 0.89375 0.54140625 0.9083333341346154 0.45078125 0.8604166658653847 0.41796875 0.875 0.37109375 0.8656250000000001 0.36250000000000004 0.8291666658653847 0.30703125 0.8374999999999999 0.2609375 0.8604166658653847 0.27890625 0.871875 0.27890625 0.8989583341346153 0.31562500000000004 0.9312499999999999
1814 0.40078125 0.878125 0.42578125 0.8760416658653847 0.44453125000000004 0.8552083341346154 0.44296875 0.765625 0.45546875 0.7604166658653846 0.44296875 0.71875 0.39296875 0.7114583341346153 0.36953125 0.7260416658653847 0.36875 0.8666666658653847 0.40078125 0.878125
609 0.53984375 0.903125 0.5640625 0.8927083341346154 0.5578125 0.6604166658653846 0.55703125 0.571875 0.5625 0.5666666658653846 0.56953125 0.5479166658653847 0.32578125 0.5072916658653847 0.3 0.5135416658653846 0.30390625 0.58125 0.38671875 0.609375 0.38593750000000004 0.7145833341346154 0.44999999999999996 0.7135416658653846 0.45859375 0.7552083341346154 0.44609374999999996 0.765625 0.446875 0.859375 0.53984375 0.903125
1132 0.3734375 0.5114583341346154 0.44375 0.5239583341346153 0.44062500000000004 0.478125 0.40390625 0.48958333413461536 0.3734375 0.5114583341346154
605 0.64453125 0.6885416658653847 0.6390625000000001 0.7083333341346154 0.6617187499999999 0.7052083341346154 0.6664062500000001 0.559375 0.6468750000000001 0.5458333341346153 0.6484375 0.5645833341346154 0.64140625 0.6083333341346153 0.64453125 0.6885416658653847
1283 0.5828125 0.56875 0.61796875 0.5416666658653846 0.628125 0.53125 0.6140625 0.5083333341346153 0.5984375 0.4989583341346154 0.603125 0.490625 0.59453125 0.459375 0.57578125 0.44270833413461536 0.5546875 0.453125 0.546875 0.478125 0.5578125 0.5072916658653847 0.53203125 0.5239583341346153 0.5234375 0.5354166658653846 0.56875 0.5479166658653847 0.5546875 0.571875 0.56015625 0.6312500000000001 0.5828125 0.56875
417 0.56171875 0.6197916658653846 0.56640625 0.6781250000000001 0.56640625 0.7416666658653847 0.5734375 0.73125 0.59375 0.7739583341346153 0.6078125 0.753125 0.62109375 0.7697916658653846 0.6304687499999999 0.7749999999999999 0.640625 0.75 0.63984375 0.7114583341346153 0.63984375 0.603125 0.64453125 0.5447916658653846 0.621875 0.5447916658653846 0.58203125 0.5625 0.56171875 0.6197916658653846
1314 0.60078125 0.453125 0.60390625 0.4802083341346154 0.6125 0.4802083341346154 0.6125 0.4520833341346154 0.60078125 0.453125
1651 0.6937500000000001 0.475 0.67109375 0.47187500000000004 0.66796875 0.484375 0.6929687499999999 0.484375 0.6937500000000001 0.475
609 0.6640625 0.7135416658653846 0.6875 0.721875 0.6984375 0.7124999999999999 0.7054687500000001 0.4854166658653846 0.60390625 0.47916666586538464 0.60078125 0.4958333341346154 0.62890625 0.5322916658653847 0.66875 0.5604166658653846 0.6640625 0.7135416658653846
1147 0.746875 0.5458333341346153 0.75 0.528125 0.7289062500000001 0.5260416658653846 0.7289062500000001 0.5416666658653846 0.746875 0.5458333341346153
1132 0.7789062499999999 0.49479166586538464 0.80078125 0.47916666586538464 0.78984375 0.4510416658653846 0.753125 0.45625000000000004 0.7476562499999999 0.45625000000000004 0.7484375000000001 0.5260416658653846 0.7640625000000001 0.5270833341346154 0.7789062499999999 0.49479166586538464
1239 0.8695312500000001 0.5322916658653847 0.84765625 0.540625 0.875 0.546875 0.8984375 0.540625 0.8695312500000001 0.5322916658653847
180 0.9945312500000001 0.5145833341346153 0.9554687500000001 0.5114583341346154 0.92578125 0.51875 0.9351562499999999 0.55 0.9640625 0.5447916658653846 0.9890625 0.5385416658653847 0.9945312500000001 0.5145833341346153
314 0.8929687500000001 0.5291666658653846 0.90546875 0.528125 0.90546875 0.4989583341346154 0.878125 0.4989583341346154 0.878125 0.5291666658653846 0.8929687500000001 0.5291666658653846
314 0.87890625 0.5260416658653846 0.8804687499999999 0.49375 0.84765625 0.4864583341346154 0.8484375 0.53125 0.87890625 0.5260416658653846
605 0.71953125 0.559375 0.78046875 0.5510416658653846 0.9234374999999999 0.5614583341346153 0.921875 0.6927083341346154 0.9984375000000001 0.7291666658653846 0.99921875 0.540625 0.76640625 0.5020833341346154 0.7007812499999999 0.5145833341346153 0.7015625000000001 0.7041666658653847 0.71875 0.6989583341346154 0.71953125 0.559375
1814 0.921875 0.6989583341346154 0.9234374999999999 0.6291666658653846 0.8929687500000001 0.6229166658653846 0.8929687500000001 0.6937500000000001 0.921875 0.6989583341346154
506 0.71953125 0.6145833341346154 0.7210937500000001 0.6979166658653846 0.7390625 0.6927083341346154 0.7375 0.6083333341346153 0.71953125 0.6145833341346154
417 0.8296874999999999 0.7135416658653846 0.86640625 0.6614583341346154 0.8617187500000001 0.659375 0.8578125000000001 0.578125 0.84296875 0.5427083341346154 0.82109375 0.5291666658653846 0.7796875000000001 0.5447916658653846 0.7679687500000001 0.6041666658653846 0.765625 0.6614583341346154 0.7796875000000001 0.6958333341346153 0.79375 0.7145833341346154 0.8296874999999999 0.7135416658653846
1283 0.8218749999999999 0.47916666586538464 0.8234375 0.4614583341346154 0.8234375 0.44270833413461536 0.8109375000000001 0.4260416658653846 0.78984375 0.4510416658653846 0.80078125 0.4802083341346154 0.78515625 0.4885416658653846 0.75390625 0.5416666658653846 0.76171875 0.5510416658653846 0.78203125 0.540625 0.8257812499999999 0.528125 0.84453125 0.5416666658653846 0.84453125 0.4927083341346154 0.8218749999999999 0.47916666586538464