1739 0.45479704807692306 0.6608333341346154 0.4677121778846154 0.6416666658653847 0.44833948317307687 0.62 0.4630996298076923 0.6141666658653846 0.40313653125000004 0.5591666658653847 0.387453875 0.5141666658653846 0.30996309855769233 0.5241666658653846 0.3081180817307692 0.5533333341346154 0.3182656826923077 0.5675 0.28413284134615385 0.5966666658653846 0.2887453870192308 0.63 0.31642066346153847 0.6333333341346153 0.36439114423076924 0.655 0.3773062740384615 0.6475000000000001 0.3985239855769231 0.6491666658653846 0.45479704807692306 0.6608333341346154
1942 0.7832103317307693 0.09833333413461538 0.4206642067307692 0.0475 0.4160516610576923 0.5675 0.7813653125000001 0.5433333341346154 0.7832103317307693 0.09833333413461538
1396 0.20387453846153847 0.41083333413461537 0.03505535096153846 0.41083333413461537 0.0313653125 0.4833333341346154 0.21494464903846153 0.47916666586538464 0.20387453846153847 0.41083333413461537
285 0.6512915120192309 0.7133333341346154 0.6605166057692308 0.5516666658653846 0.6190036899038461 0.5533333341346154 0.6282287812499999 0.6825 0.601476014423077 0.7158333341346155 0.6107011081730769 0.7250000000000001 0.6512915120192309 0.7133333341346154
1309 0.9086715865384616 0.4283333341346154 0.8523985240384615 0.4283333341346154 0.8505535048076923 0.48916666586538465 0.9068265673076923 0.4908333341346154 0.9086715865384616 0.4283333341346154
1309 0.898523985576923 0.32499999999999996 0.8579335793269232 0.32333333413461535 0.8496309951923077 0.3766666658653846 0.8966789663461537 0.3766666658653846 0.898523985576923 0.32499999999999996
385 0 0.9933351153846155 0.8616236153846154 0.995 0.8948339495192308 0.9341666658653847 0.54059040625 0.7875000000000001 0.1651291514423077 0.8466666658653845 0.15682656730769232 0.8791666658653846 0.15498155048076923 0.8908333341346153 0.13099631009615384 0.9033333341346155 0.13099631009615384 0.9158333341346154 0.09225092307692308 0.9383333341346154 0.0599630985576923 0.9383333341346154 0.0313653125 0.9566666658653846 0 0.9615238100961538 0 0.9933351153846155
118 0.016605165865384616 0.5158333341346154 0.019372694711538463 0.5341666658653846 0.045202951923076926 0.5325 0.05719557211538462 0.52 0.04335793269230769 0.5016666658653846 0.02306273076923077 0.5033333341346153 0.016605165865384616 0.5158333341346154
1397 0.07380073798076923 0.2566666658653846 0.05073800721153846 0.27333333413461536 0.05719557211538462 0.2916666658653846 0.03690037019230769 0.3616666658653846 0.06642066346153847 0.3658333341346154 0.10516605048076923 0.3591666658653846 0.08671586778846155 0.29416666586538465 0.09409593990384615 0.2716666658653846 0.07380073798076923 0.2566666658653846
1943 0.44372693750000003 0.045 0.4418819182692308 0.2725 0.7693726947115385 0.2908333341346154 0.7693726947115385 0.10250000000000001 0.44372693750000003 0.045
204 0.5387453870192307 0.7366666658653845 0.5452029519230769 0.6766666658653846 0.5101476009615384 0.6291666658653846 0.47509225 0.6166666658653847 0.46586715865384615 0.6566666658653847 0.41051660576923077 0.6591666658653845 0.33487084855769234 0.6525 0.29059040625 0.6391666658653846 0.2887453870192308 0.755 0.33118081250000003 0.7766666658653846 0.39298893028846155 0.7725000000000001 0.5387453870192307 0.7366666658653845
605 0 0.5387500000000001 0.0009225096153846154 0.5525 0.10701106971153845 0.5508333341346154 0.10239852403846153 0.8266666658653846 0.28413284134615385 0.8049999999999999 0.2887453870192308 0.5325 0.22416974278846155 0.5091666658653846 0 0.524935108173077 0 0.5387500000000001
1329 0.7915129158653845 0.5691666658653847 0.7361623605769231 0.5549999999999999 0.7223247235576923 0.6691666658653846 0.851476014423077 0.6950000000000001 0.8643911442307692 0.5708333341346153 0.7915129158653845 0.5691666658653847
1309 0.9197416971153847 0.42500000000000004 0.9197416971153847 0.4825 0.9640221394230769 0.48916666586538465 0.9686346874999999 0.4291666658653846 0.9197416971153847 0.42500000000000004
558 0.8422509230769231 0.5666666658653846 0.8625461249999999 0.605 0.9953874543269231 0.5908333341346154 0.9907749086538461 0.07916666586538461 0.833025829326923 0.11249999999999999 0.8293357932692308 0.495 0.8090405913461538 0.5008333341346154 0.810885608173077 0.5691666658653847 0.8422509230769231 0.5666666658653846