402 0.00470759375 0 0.0031545745192307693 0.13389121394230769 0.1561514206730769 0.13389121394230769 0.25394321875 0.1276150625 0.8170346995192308 0.2322175721153846 0.9826498413461539 0.21338912019230769 0.9858044158653846 0.04811715384615385 1 0.04811715384615385 1 0 0.00470759375 0
1027 0.6924290216346154 0.12970711298076923 0.8548895889423077 0.1694560673076923 0.9731861201923077 0.1506276153846154 0.8044164038461539 0.10251045913461539 0.6924290216346154 0.12970711298076923
1029 0.4621451105769231 0.0020920504807692307 0.1719242908653846 0.0020920504807692307 0.44164037740384615 0.07322175721153847 0.5536277596153846 0.029288701923076924 0.4621451105769231 0.0020920504807692307
836 0.3485804423076923 0.6338912139423076 0.47476340625 0.6066945600961539 0.47634069471153845 0.3179916322115384 0.33438485817307695 0.30543933173076926 0.2697160889423077 0.31589958173076926 0.2697160889423077 0.6129707115384615 0.3485804423076923 0.6338912139423076
340 0.0031545745192307693 0.13598326442307693 0.004731860576923077 0.3179916322115384 0.16088328125 0.3179916322115384 0.1719242908653846 0.31380753125000005 0.1782334375 0.29288702884615386 0.17034700240384615 0.14016736298076923 0.16561514182692308 0.13389121394230769 0.0031545745192307693 0.13598326442307693
1885 0.0031545745192307693 0.13807531490384617 0.006309149038461539 0.6213389110576923 0.24132492067307693 0.6359832644230768 0.25078864423076924 0.1276150625 0.0031545745192307693 0.13807531490384617
1885 0.24132492067307693 0.6422594134615385 0.8059936899038462 0.5794979086538462 0.8170346995192308 0.25941422596153846 0.8170346995192308 0.2280334735576923 0.25078864423076924 0.1276150625 0.24132492067307693 0.6422594134615385
1885 0.8123028389423077 0.577405858173077 0.9684542596153847 0.6317991634615385 0.9842271298076923 0.25104602403846155 0.9842271298076923 0.2112970721153846 0.8170346995192308 0.2280334735576923 0.8123028389423077 0.577405858173077
1885 1 0.04581589903846154 0.9858044158653846 0.04393305528846154 0.9589905360576924 0.9937238485576922 1 0.99170928125 1 0.04581589903846154
531 0.9037854879807692 0.6087866105769231 0.36435331249999997 0.7112970721153846 0.006309149038461539 0.7008368197115384 0.0031545745192307693 0.9958158990384616 0.9526813870192308 0.991631798076923 0.9700315456730769 0.6317991634615385 0.9037854879807692 0.6087866105769231
852 0.8123028389423077 0.577405858173077 0.23817034615384614 0.6338912139423076 0.007886435096153846 0.6192468629807693 0.004731860576923077 0.6694560673076922 0.006309149038461539 0.7008368197115384 0.36277602403846154 0.7071129711538462 0.8864353317307692 0.6066945600961539 0.8123028389423077 0.577405858173077
1286 0.5883280745192307 0.4790794975961538 0.5725552043269231 0.5 0.5599369086538462 0.5146443509615385 0.5473186129807692 0.5564853557692307 0.54258675 0.5878661081730769 0.54258675 0.6317991634615385 0.5488958990384616 0.6485355649038461 0.5552050480769231 0.667364016826923 0.5757097788461538 0.6485355649038461 0.6056782331730769 0.6652719663461538 0.6246056778846154 0.6736401682692308 0.6372239759615385 0.6736401682692308 0.6577287067307692 0.6694560673076922 0.6577287067307692 0.6589958149038462 0.6671924278846154 0.6401673629807692 0.6735015769230769 0.6359832644230768 0.6593059927884616 0.6108786610576923 0.665615141826923 0.5899581586538462 0.6577287067307692 0.55857740625 0.656151420673077 0.529288701923077 0.6435331225961539 0.5 0.630914826923077 0.4937238485576923 0.6388012620192308 0.4832635985576923 0.6388012620192308 0.47280334615384617 0.6435331225961539 0.44142259375 0.6388012620192308 0.4205020913461538 0.630914826923077 0.3974895408653846 0.6167192427884616 0.36820083653846153 0.5930599375 0.38075313701923075 0.5804416394230769 0.4037656899038462 0.5820189278846154 0.42259414182692306 0.5851735024038461 0.44142259375 0.5835962139423077 0.46234309615384617 0.5883280745192307 0.4790794975961538
340 0.47949526923076924 0.3179916322115384 0.48264984134615385 0.3347280336538461 0.7697160889423077 0.3661087860576923 0.7886435336538462 0.23012552403846154 0.3233438485576923 0.1443514639423077 0.31861198798076923 0.14853556490384617 0.3154574134615385 0.1610878653846154 0.2981072548076923 0.30962343028846157 0.47949526923076924 0.3179916322115384
835 0.07728706730769232 0.4916317980769231 0.11514195673076923 0.4937238485576923 0.1735015769230769 0.4958158990384615 0.22239747596153844 0.48953975 0.23974763461538462 0.4916317980769231 0.23974763461538462 0.4811715480769231 0.23974763461538462 0.4665271971153846 0.23817034615384614 0.4539748942307692 0.2334384855769231 0.44560669471153846 0.2334384855769231 0.42887029326923076 0.22712933653846154 0.4205020913461538 0.20820189182692309 0.41841004086538464 0.08517350240384616 0.4205020913461538 0.0662460576923077 0.43305439423076925 0.07413249278846154 0.44560669471153846 0.06466876923076924 0.4539748942307692 0.06309148317307692 0.47280334615384617 0.06466876923076924 0.48953975 0.07728706730769232 0.4916317980769231
1818 0.7160883269230769 0.6422594134615385 0.6577287067307692 0.6548117163461539 0.6545741322115385 0.6778242668269231 0.7255520504807692 0.6841004182692308 0.7444794951923076 0.6820083677884615 0.7744479495192308 0.67573221875 0.7744479495192308 0.6527196658653847 0.7160883269230769 0.6422594134615385
1285 0.9305993701923078 0.7719665264423077 0.9305993701923078 0.7280334735576923 0.9148264975961538 0.6861924687500001 0.9100946370192309 0.6631799158653846 0.9305993701923078 0.6548117163461539 0.9305993701923078 0.5920502091346154 0.9258675072115385 0.55857740625 0.9305993701923078 0.5355648533653846 0.9211356466346154 0.5062761514423078 0.9211356466346154 0.47280334615384617 0.9037854879807692 0.4351464447115384 0.9022082019230768 0.39539749038461536 0.876971608173077 0.3598326370192308 0.8659305985576923 0.3598326370192308 0.8359621442307692 0.36820083653846153 0.8233438485576923 0.39539749038461536 0.8264984230769231 0.41631799278846154 0.834384858173077 0.4497907956730769 0.83911671875 0.4665271971153846 0.8470031538461539 0.4874476995192308 0.8280757091346154 0.5062761514423078 0.8264984230769231 0.5376569038461538 0.8233438485576923 0.5627615072115385 0.8264984230769231 0.5962343100961538 0.8280757091346154 0.6359832644230768 0.8044164038461539 0.6652719663461538 0.7839116730769231 0.67573221875 0.7681388004807693 0.6799163173076923 0.7492113557692307 0.6820083677884615 0.7397476346153845 0.6924686201923076 0.7618296538461539 0.6945606682692307 0.7854889591346154 0.7008368197115384 0.8075709783653846 0.69665271875 0.8201892740384615 0.6903765697115385 0.8201892740384615 0.7280334735576923 0.8186119879807693 0.8012552307692308 0.8217665625 0.8661087860576924 0.8264984230769231 0.9184100408653847 0.8485804423076923 0.9874476995192307 0.8864353317307692 0.991631798076923 0.876971608173077 0.9539748942307693 0.869085173076923 0.9267782427884614 0.8722397475961539 0.8891213389423077 0.8722397475961539 0.8640167355769232 0.8817034711538461 0.9016736394230769 0.8927444783653846 0.9225941418269231 0.8927444783653846 0.9895397499999999 0.9274447956730769 0.9874476995192307 0.9258675072115385 0.9456066947115385 0.9211356466346154 0.9079497908653846 0.9195583605769231 0.8682008365384615 0.9211356466346154 0.82426778125 0.9211356466346154 0.7949790793269231 0.9305993701923078 0.7719665264423077