402 0 0 0 0.04811715384615385 0.014195584134615385 0.04811715384615385 0.017350158653846155 0.21338912019230769 0.18296530048076923 0.2322175721153846 0.74605678125 0.1276150625 0.843848579326923 0.13389121394230769 0.9968454254807693 0.13389121394230769 0.99529240625 0 0 0
1027 0.19558359615384616 0.10251045913461539 0.026813879807692308 0.1506276153846154 0.14511041105769232 0.1694560673076923 0.3075709783653846 0.12970711298076923 0.19558359615384616 0.10251045913461539
1029 0.4463722403846154 0.029288701923076924 0.5583596225961538 0.07322175721153847 0.8280757091346154 0.0020920504807692307 0.5378548894230769 0.0020920504807692307 0.4463722403846154 0.029288701923076924
836 0.7302839110576923 0.6129707115384615 0.7302839110576923 0.31589958173076926 0.665615141826923 0.30543933173076926 0.5236593052884616 0.3179916322115384 0.52523659375 0.6066945600961539 0.6514195576923077 0.6338912139423076 0.7302839110576923 0.6129707115384615
340 0.834384858173077 0.13389121394230769 0.8296529975961539 0.14016736298076923 0.8217665625 0.29288702884615386 0.8280757091346154 0.31380753125000005 0.83911671875 0.3179916322115384 0.9952681394230769 0.3179916322115384 0.9968454254807693 0.13598326442307693 0.834384858173077 0.13389121394230769
1885 0.7492113557692307 0.1276150625 0.7586750793269231 0.6359832644230768 0.9936908509615384 0.6213389110576923 0.9968454254807693 0.13807531490384617 0.7492113557692307 0.1276150625
1885 0.7492113557692307 0.1276150625 0.18296530048076923 0.2280334735576923 0.18296530048076923 0.25941422596153846 0.19400631009615385 0.5794979086538462 0.7586750793269231 0.6422594134615385 0.7492113557692307 0.1276150625
1885 0.18296530048076923 0.2280334735576923 0.015772870192307692 0.2112970721153846 0.015772870192307692 0.25104602403846155 0.031545740384615384 0.6317991634615385 0.18769716105769232 0.577405858173077 0.18296530048076923 0.2280334735576923
1885 0 0.99170928125 0.04100946394230769 0.9937238485576922 0.014195584134615385 0.04393305528846154 0 0.04581589903846154 0 0.99170928125
531 0.029968454326923077 0.6317991634615385 0.04731861298076923 0.991631798076923 0.9968454254807693 0.9958158990384616 0.9936908509615384 0.7008368197115384 0.6356466875 0.7112970721153846 0.09621451201923076 0.6087866105769231 0.029968454326923077 0.6317991634615385
852 0.11356466826923077 0.6066945600961539 0.6372239759615385 0.7071129711538462 0.9936908509615384 0.7008368197115384 0.9952681394230769 0.6694560673076922 0.9921135649038462 0.6192468629807693 0.7618296538461539 0.6338912139423076 0.18769716105769232 0.577405858173077 0.11356466826923077 0.6066945600961539
1286 0.4164037860576923 0.46234309615384617 0.41482649759615386 0.44142259375 0.4179810721153846 0.42259414182692306 0.4195583605769231 0.4037656899038462 0.40694006250000003 0.38075313701923075 0.3832807572115385 0.36820083653846153 0.36908517307692307 0.3974895408653846 0.36119873798076924 0.4205020913461538 0.35646687740384614 0.44142259375 0.36119873798076924 0.47280334615384617 0.36119873798076924 0.4832635985576923 0.36908517307692307 0.4937238485576923 0.35646687740384614 0.5 0.3438485793269231 0.529288701923077 0.3422712932692308 0.55857740625 0.33438485817307695 0.5899581586538462 0.3406940072115385 0.6108786610576923 0.32649842307692306 0.6359832644230768 0.3328075721153846 0.6401673629807692 0.3422712932692308 0.6589958149038462 0.3422712932692308 0.6694560673076922 0.36277602403846154 0.6736401682692308 0.37539432211538465 0.6736401682692308 0.3943217668269231 0.6652719663461538 0.4242902211538461 0.6485355649038461 0.4447949519230769 0.667364016826923 0.4511041009615384 0.6485355649038461 0.45741325 0.6317991634615385 0.45741325 0.5878661081730769 0.4526813870192308 0.5564853557692307 0.44006309134615385 0.5146443509615385 0.4274447956730769 0.5 0.4116719254807692 0.4790794975961538 0.4164037860576923 0.46234309615384617
340 0.7018927451923077 0.30962343028846157 0.6845425865384616 0.1610878653846154 0.6813880120192307 0.14853556490384617 0.6766561514423077 0.1443514639423077 0.21135646634615385 0.23012552403846154 0.2302839110576923 0.3661087860576923 0.5173501586538461 0.3347280336538461 0.5205047307692308 0.3179916322115384 0.7018927451923077 0.30962343028846157
835 0.9353312307692309 0.48953975 0.9369085168269231 0.47280334615384617 0.9353312307692309 0.4539748942307692 0.9258675072115385 0.44560669471153846 0.9337539423076924 0.43305439423076925 0.9148264975961538 0.4205020913461538 0.7917981081730769 0.41841004086538464 0.7728706634615385 0.4205020913461538 0.766561514423077 0.42887029326923076 0.766561514423077 0.44560669471153846 0.7618296538461539 0.4539748942307692 0.7602523653846155 0.4665271971153846 0.7602523653846155 0.4811715480769231 0.7602523653846155 0.4916317980769231 0.7776025240384615 0.48953975 0.8264984230769231 0.4958158990384615 0.8848580432692308 0.4937238485576923 0.9227129326923078 0.4916317980769231 0.9353312307692309 0.48953975
1818 0.2255520504807692 0.6527196658653847 0.2255520504807692 0.67573221875 0.25552050480769234 0.6820083677884615 0.2744479495192308 0.6841004182692308 0.3454258677884615 0.6778242668269231 0.3422712932692308 0.6548117163461539 0.2839116730769231 0.6422594134615385 0.2255520504807692 0.6527196658653847
1285 0.07886435336538462 0.7949790793269231 0.07886435336538462 0.82426778125 0.08044163942307692 0.8682008365384615 0.07886435336538462 0.9079497908653846 0.07413249278846154 0.9456066947115385 0.07255520432692307 0.9874476995192307 0.10725552163461538 0.9895397499999999 0.10725552163461538 0.9225941418269231 0.11829652884615385 0.9016736394230769 0.12776025240384617 0.8640167355769232 0.12776025240384617 0.8891213389423077 0.13091482692307693 0.9267782427884614 0.12302839182692307 0.9539748942307693 0.11356466826923077 0.991631798076923 0.1514195576923077 0.9874476995192307 0.1735015769230769 0.9184100408653847 0.1782334375 0.8661087860576924 0.18138801201923077 0.8012552307692308 0.17981072596153844 0.7280334735576923 0.17981072596153844 0.6903765697115385 0.19242902163461537 0.69665271875 0.2145110408653846 0.7008368197115384 0.23817034615384614 0.6945606682692307 0.2602523653846154 0.6924686201923076 0.25078864423076924 0.6820083677884615 0.23186119951923076 0.6799163173076923 0.21608832692307692 0.67573221875 0.19558359615384616 0.6652719663461538 0.1719242908653846 0.6359832644230768 0.1735015769230769 0.5962343100961538 0.17665615144230767 0.5627615072115385 0.1735015769230769 0.5376569038461538 0.1719242908653846 0.5062761514423078 0.15299684615384615 0.4874476995192308 0.16088328125 0.4665271971153846 0.16561514182692308 0.4497907956730769 0.1735015769230769 0.41631799278846154 0.17665615144230767 0.39539749038461536 0.16403785576923077 0.36820083653846153 0.1340694014423077 0.3598326370192308 0.12302839182692307 0.3598326370192308 0.09779179807692308 0.39539749038461536 0.09621451201923076 0.4351464447115384 0.07886435336538462 0.47280334615384617 0.07886435336538462 0.5062761514423078 0.06940062980769231 0.5355648533653846 0.07413249278846154 0.55857740625 0.06940062980769231 0.5920502091346154 0.06940062980769231 0.6548117163461539 0.08990536298076922 0.6631799158653846 0.08517350240384616 0.6861924687500001 0.06940062980769231 0.7280334735576923 0.06940062980769231 0.7719665264423077 0.07886435336538462 0.7949790793269231