340 0.5525 0.4 0.56 0.4333333341346154 0.6325000000000001 0.4333333341346154 0.6325000000000001 0.35666666586538465 0.6224999999999999 0.35666666586538465 0.5125 0.35333333413461543 0.515 0.39666666586538457 0.52 0.39666666586538457 0.5525 0.4
279 0.6024999999999999 0.51 0.6575 0.5133333341346155 0.6575 0.4433333341346154 0.6075 0.4366666658653846 0.5975 0.4566666658653846 0.6024999999999999 0.51
1768 0.6325000000000001 0.36 0.6325000000000001 0.4366666658653846 0.655 0.4366666658653846 0.6675 0.41000000000000003 0.6849999999999999 0.37 0.6625000000000001 0.35666666586538465 0.6325000000000001 0.36
1396 0.6575 0.5133333341346155 0.7575000000000001 0.52 0.77 0.5066666658653847 0.7675 0.41333333413461537 0.6725 0.41000000000000003 0.6575 0.4333333341346154 0.6575 0.5133333341346155
1612 0.34500000000000003 0.49666666586538466 0.36250000000000004 0.5066666658653847 0.3775 0.49666666586538466 0.3725 0.4466666658653846 0.3575 0.4466666658653846 0.34500000000000003 0.4533333341346154 0.34500000000000003 0.49666666586538466
1239 0.28500000000000003 0.6333333341346153 0.3575 0.6233333341346154 0.34750000000000003 0.6033333341346154 0.2725 0.61 0.28500000000000003 0.6333333341346153
355 0.20249999999999999 0.58 0.2175 0.6233333341346154 0.265 0.6166666658653847 0.2475 0.5666666658653846 0.20249999999999999 0.58
552 0.245 0.5633333341346154 0.2675 0.5966666658653846 0.2675 0.5566666658653846 0.2375 0.5566666658653846 0.2375 0.5633333341346154 0.245 0.5633333341346154
1274 0.2375 0.53 0.2175 0.5066666658653847 0.19749999999999998 0.53 0.23249999999999998 0.55 0.2675 0.5433333341346154 0.2725 0.5166666658653847 0.2625 0.5 0.2525 0.52 0.2375 0.53
1740 0.2875 0.6033333341346154 0.34500000000000003 0.5966666658653846 0.3675 0.61 0.40249999999999997 0.6133333341346154 0.4225 0.5966666658653846 0.40750000000000003 0.5833333341346154 0.3575 0.5833333341346154 0.33999999999999997 0.5766666658653846 0.3225 0.5633333341346154 0.2675 0.5533333341346154 0.2725 0.5966666658653846 0.2875 0.6033333341346154
1254 0.32499999999999996 0.56 0.34249999999999997 0.5766666658653846 0.385 0.58 0.4 0.5433333341346154 0.32 0.5366666658653846 0.3075 0.5566666658653846 0.32499999999999996 0.56
1885 0.0025 0 0.0025 0.6933333341346154 0.34750000000000003 0.49 0.3575 0 0.0025 0
1885 0.3574292451923077 0 0.34249999999999997 0.7033333341346153 0.9400000000000001 0.7233333341346154 0.9600000000000001 0 0.3574292451923077 0
792 0.7575000000000001 0.7166666658653846 0.75 0.78 0.6425 0.7533333341346153 0.6675 0.7899999999999999 0.67 0.8200000000000001 0.6525 0.8833333341346153 0.6775 0.9033333341346155 0.6775 0.9133333341346154 0.655 0.9166666658653846 0.6575 0.9966666658653847 0.9974999999999999 0.9966666658653847 0.9974999999999999 0.8433333341346153 0.925 0.8466666658653845 0.9125000000000001 0.7233333341346154 0.7575000000000001 0.7166666658653846
1942 0.0825 0.0033333341346153847 0.0975 0.5433333341346154 0.2475 0.4766666658653846 0.2375 0.006666665865384615 0.0825 0.0033333341346153847
1349 0.1325 0.5033333341346153 0.13 0.4566666658653846 0.095 0.4633333341346154 0.1 0.5166666658653847 0.1325 0.5033333341346153
594 0.215 0.4 0.215 0.34333333413461536 0.2 0.33333333413461536 0.1825 0.33999999999999997 0.17750000000000002 0.39666666586538457 0.17750000000000002 0.40333333413461536 0.19 0.40666666586538464 0.19 0.4333333341346154 0.20249999999999999 0.4566666658653846 0.18 0.47333333413461537 0.19749999999999998 0.4766666658653846 0.215 0.47000000000000003 0.21250000000000002 0.43 0.19749999999999998 0.43 0.19749999999999998 0.40333333413461536 0.215 0.4
1027 0.155 0.5833333341346154 0.1525 0.5966666658653846 0.14 0.6166666658653847 0.155 0.6266666658653846 0.18 0.6166666658653847 0.1675 0.6033333341346154 0.1675 0.5833333341346154 0.17250000000000001 0.5700000000000001 0.165 0.5666666658653846 0.165 0.5566666658653846 0.16999999999999998 0.55 0.165 0.55 0.165 0.47000000000000003 0.19749999999999998 0.4566666658653846 0.175 0.36 0.16249999999999998 0.3633333341346154 0.165 0.34666666586538464 0.1575 0.34333333413461536 0.1575 0.35666666586538465 0.14250000000000002 0.35666666586538465 0.14250000000000002 0.38 0.14250000000000002 0.41666666586538464 0.1325 0.44999999999999996 0.1525 0.47333333413461537 0.155 0.5566666658653846 0.155 0.5833333341346154
340 0.255 0.13666666586538462 0.26 0.3766666658653846 0.3225 0.3633333341346154 0.3225 0.14666666586538463 0.255 0.13666666586538462
1239 0.3025 0.3266666658653846 0.3 0.26 0.2675 0.27666666586538463 0.2725 0.34333333413461536 0.3025 0.3266666658653846
1239 0.3025 0.33 0.3 0.33 0.2975 0.3866666658653846 0.32 0.4 0.3175 0.31 0.3075 0.31 0.3025 0.33
605 0.0825 0.6499999999999999 0.455 0.6966666658653846 0.62 0.7233333341346154 0.7274999999999999 0.7066666658653846 0.75 0.6900000000000001 0.7325 0.6533333341346155 0.6799999999999999 0.63 0.6024999999999999 0.6233333341346154 0.51 0.62 0.4375 0.6 0.4525 0.5700000000000001 0.48000000000000004 0.5333333341346154 0.7625 0.5433333341346154 0.7775 0.5366666658653846 0.7875000000000001 0.2033333341346154 0.34750000000000003 0.19666666586538462 0.35 0.4833333341346154 0.0825 0.6499999999999999
417 0.53 0.6166666658653847 0.5625 0.6166666658653847 0.5725 0.5366666658653846 0.55 0.40333333413461536 0.5025 0.4 0.49 0.4233333341346154 0.4775 0.5166666658653847 0.47000000000000003 0.61 0.53 0.6166666658653847
1132 0.3825 0.4 0.3825 0.4766666658653846 0.3925 0.49666666586538466 0.43 0.5133333341346155 0.435 0.49666666586538466 0.475 0.4933333341346154 0.48000000000000004 0.4833333341346154 0.4975 0.40333333413461536 0.505 0.39 0.5025 0.35 0.40750000000000003 0.35666666586538465 0.38749999999999996 0.35666666586538465 0.3925 0.39666666586538457 0.3825 0.4
992 0.435 0.5033333341346153 0.4525 0.5399999999999999 0.47250000000000003 0.5366666658653846 0.4775 0.5 0.435 0.5033333341346153
417 0.2 0.7733333341346154 0.195 0.6833333341346154 0.1575 0.6666666658653846 0.08499999999999999 0.66 0.0325 0.6666666658653846 0.0025 0.6966666658653846 0.0025 0.8766666658653846 0.0025 0.9966666658653847 0.14 0.9966666658653847 0.21250000000000002 0.9566666658653846 0.2075 0.89 0.2375 0.8566666658653846 0.22 0.7733333341346154 0.2 0.7733333341346154
417 0.6575 0.9966666658653847 0.6525 0.9133333341346154 0.6799999999999999 0.91 0.6525 0.8833333341346153 0.6649999999999999 0.8033333341346154 0.6425 0.75 0.5825 0.7166666658653846 0.52 0.7166666658653846 0.4975 0.7166666658653846 0.4825 0.7866666658653846 0.42 0.8033333341346154 0.3175 0.86 0.33249999999999996 0.8766666658653846 0.3375 0.9933333341346154 0.6575 0.9966666658653847
1814 0.995 0.7233333341346154 0.9375 0.7233333341346154 0.9624999999999999 0.8933333341346154 0.9974999999999999 0.9166666658653846 0.995 0.7233333341346154
772 0.9974999999999999 0.42666666586538465 0.9349999999999999 0.4233333341346154 0.9125000000000001 0.72 0.9325 0.8433333341346153 0.995 0.84 0.9974999999999999 0.42666666586538465
1219 0.995 0.10666666586538462 0.98 0.10666666586538462 0.9774999999999999 0.3133333341346154 0.9974999999999999 0.3166666658653846 0.995 0.10666666586538462
279 0.9974999999999999 0.3666666658653846 0.9774999999999999 0.37 0.9825 0.4433333341346154 0.9974999999999999 0.4433333341346154 0.9974999999999999 0.3666666658653846
1349 0.9575 0.2633333341346154 0.9725 0.23666666586538462 0.9725 0.29 0.9575 0.2933333341346154 0.9525 0.3266666658653846 0.9624999999999999 0.3133333341346154 0.98 0.3166666658653846 0.9750000000000001 0.35333333413461543 0.9974999999999999 0.33999999999999997 0.995 0.19333333413461537 0.9675 0.2033333341346154 0.9575 0.2633333341346154
314 0.78 0.13666666586538462 0.6950000000000001 0.1333333341346154 0.6925 0.2 0.78 0.2 0.78 0.13666666586538462
595 0.63 0.10666666586538462 0.61 0.12000000000000001 0.6 0.1533333341346154 0.605 0.1833333341346154 0.6075 0.2 0.6475000000000001 0.19333333413461537 0.645 0.18 0.6575 0.1533333341346154 0.6525 0.12333333413461538 0.63 0.10666666586538462
1314 0.5925 0.19666666586538462 0.5925 0.08666666586538462 0.5275 0.08333333413461538 0.5275 0.19666666586538462 0.5925 0.19666666586538462
1349 0.4125 0.03666666586538461 0.3925 0.05 0.36 0.08 0.33249999999999996 0.1266666658653846 0.34249999999999997 0.16666666586538462 0.3525 0.16999999999999998 0.3725 0.1566666658653846 0.39499999999999996 0.14666666586538463 0.40249999999999997 0.18666666586538463 0.46 0.19666666586538462 0.48750000000000004 0.19333333413461537 0.48750000000000004 0.15 0.4975 0.1533333341346154 0.4975 0.14 0.48000000000000004 0.09 0.44999999999999996 0.030000000000000002 0.42500000000000004 0.03333333413461538 0.39499999999999996 0.0033333341346153847 0.4125 0.03666666586538461
1239 0.5425 0.6799999999999999 0.5425 0.6566666658653847 0.4825 0.6499999999999999 0.47250000000000003 0.7 0.5625 0.7033333341346153 0.5625 0.6866666658653846 0.5425 0.6799999999999999
1184 0.5425 0.6766666658653846 0.5925 0.6799999999999999 0.6024999999999999 0.6533333341346155 0.6174999999999999 0.6466666658653846 0.615 0.6366666658653847 0.5525 0.6266666658653846 0.5375 0.6433333341346154 0.5425 0.6766666658653846
1631 0.5875 0.6933333341346154 0.6024999999999999 0.6966666658653846 0.6024999999999999 0.7133333341346154 0.715 0.7133333341346154 0.7225 0.6866666658653846 0.7225 0.6366666658653847 0.6325000000000001 0.6366666658653847 0.605 0.6533333341346155 0.5875 0.6933333341346154
1186 0.2725 0.5533333341346154 0.3025 0.5533333341346154 0.33 0.5266666658653846 0.3225 0.47000000000000003 0.3 0.4766666658653846 0.2975 0.5 0.2675 0.5 0.2725 0.5533333341346154
360 0.515 0.19666666586538462 0.515 0.13666666586538462 0.495 0.13666666586538462 0.495 0.19666666586538462 0.515 0.19666666586538462
1186 0.595 0.51 0.5975 0.51 0.5925 0.47000000000000003 0.5825 0.47000000000000003 0.5725 0.47333333413461537 0.5675 0.5033333341346153 0.5775 0.5133333341346155 0.595 0.51