340 0.48000000000000004 0.39666666586538457 0.485 0.39666666586538457 0.48750000000000004 0.35333333413461543 0.3775 0.35666666586538465 0.3675 0.35666666586538465 0.3675 0.4333333341346154 0.44 0.4333333341346154 0.4475 0.4 0.48000000000000004 0.39666666586538457
279 0.40249999999999997 0.4566666658653846 0.3925 0.4366666658653846 0.34249999999999997 0.4433333341346154 0.34249999999999997 0.5133333341346155 0.3975 0.51 0.40249999999999997 0.4566666658653846
1768 0.3375 0.35666666586538465 0.315 0.37 0.33249999999999996 0.41000000000000003 0.34500000000000003 0.4366666658653846 0.3675 0.4366666658653846 0.3675 0.36 0.3375 0.35666666586538465
1396 0.34249999999999997 0.4333333341346154 0.3275 0.41000000000000003 0.23249999999999998 0.41333333413461537 0.23 0.5066666658653847 0.2425 0.52 0.34249999999999997 0.5133333341346155 0.34249999999999997 0.4333333341346154
1612 0.655 0.4533333341346154 0.6425 0.4466666658653846 0.6275000000000001 0.4466666658653846 0.6224999999999999 0.49666666586538466 0.6375 0.5066666658653847 0.655 0.49666666586538466 0.655 0.4533333341346154
1239 0.7274999999999999 0.61 0.6525 0.6033333341346154 0.6425 0.6233333341346154 0.715 0.6333333341346153 0.7274999999999999 0.61
355 0.7525000000000001 0.5666666658653846 0.735 0.6166666658653847 0.7825 0.6233333341346154 0.7975 0.58 0.7525000000000001 0.5666666658653846
552 0.7625 0.5633333341346154 0.7625 0.5566666658653846 0.7325 0.5566666658653846 0.7325 0.5966666658653846 0.755 0.5633333341346154 0.7625 0.5633333341346154
1274 0.7474999999999999 0.52 0.7375 0.5 0.7274999999999999 0.5166666658653847 0.7325 0.5433333341346154 0.7675 0.55 0.8025 0.53 0.7825 0.5066666658653847 0.7625 0.53 0.7474999999999999 0.52
1740 0.7274999999999999 0.5966666658653846 0.7325 0.5533333341346154 0.6775 0.5633333341346154 0.66 0.5766666658653846 0.6425 0.5833333341346154 0.5925 0.5833333341346154 0.5775 0.5966666658653846 0.5975 0.6133333341346154 0.6325000000000001 0.61 0.655 0.5966666658653846 0.7124999999999999 0.6033333341346154 0.7274999999999999 0.5966666658653846
1254 0.6925 0.5566666658653846 0.6799999999999999 0.5366666658653846 0.6 0.5433333341346154 0.615 0.58 0.6575 0.5766666658653846 0.675 0.56 0.6925 0.5566666658653846
1885 0.6425 0 0.6525 0.49 0.9974999999999999 0.6933333341346154 0.9974999999999999 0 0.6425 0
1885 0.04 0 0.060000000000000005 0.7233333341346154 0.6575 0.7033333341346153 0.6425707548076923 0 0.04 0
792 0.0875 0.7233333341346154 0.075 0.8466666658653845 0.0025 0.8433333341346153 0.0025 0.9966666658653847 0.34249999999999997 0.9966666658653847 0.34500000000000003 0.9166666658653846 0.3225 0.9133333341346154 0.3225 0.9033333341346155 0.34750000000000003 0.8833333341346153 0.33 0.8200000000000001 0.33249999999999996 0.7899999999999999 0.3575 0.7533333341346153 0.25 0.78 0.2425 0.7166666658653846 0.0875 0.7233333341346154
1942 0.7625 0.006666665865384615 0.7525000000000001 0.4766666658653846 0.9025 0.5433333341346154 0.9175 0.0033333341346153847 0.7625 0.006666665865384615
1349 0.8999999999999999 0.5166666658653847 0.905 0.4633333341346154 0.87 0.4566666658653846 0.8674999999999999 0.5033333341346153 0.8999999999999999 0.5166666658653847
594 0.8025 0.40333333413461536 0.8025 0.43 0.7875000000000001 0.43 0.785 0.47000000000000003 0.8025 0.4766666658653846 0.8200000000000001 0.47333333413461537 0.7975 0.4566666658653846 0.8099999999999999 0.4333333341346154 0.8099999999999999 0.40666666586538464 0.8225 0.40333333413461536 0.8225 0.39666666586538457 0.8175 0.33999999999999997 0.8 0.33333333413461536 0.785 0.34333333413461536 0.785 0.4 0.8025 0.40333333413461536
1027 0.845 0.5566666658653846 0.8475 0.47333333413461537 0.8674999999999999 0.44999999999999996 0.8575 0.41666666586538464 0.8575 0.38 0.8575 0.35666666586538465 0.8425 0.35666666586538465 0.8425 0.34333333413461536 0.8350000000000001 0.34666666586538464 0.8374999999999999 0.3633333341346154 0.825 0.36 0.8025 0.4566666658653846 0.8350000000000001 0.47000000000000003 0.8350000000000001 0.55 0.83 0.55 0.8350000000000001 0.5566666658653846 0.8350000000000001 0.5666666658653846 0.8275 0.5700000000000001 0.8325 0.5833333341346154 0.8325 0.6033333341346154 0.8200000000000001 0.6166666658653847 0.845 0.6266666658653846 0.86 0.6166666658653847 0.8475 0.5966666658653846 0.845 0.5833333341346154 0.845 0.5566666658653846
340 0.6775 0.14666666586538463 0.6775 0.3633333341346154 0.74 0.3766666658653846 0.745 0.13666666586538462 0.6775 0.14666666586538463
1239 0.7274999999999999 0.34333333413461536 0.7325 0.27666666586538463 0.7 0.26 0.6975 0.3266666658653846 0.7274999999999999 0.34333333413461536
1239 0.6925 0.31 0.6825 0.31 0.6799999999999999 0.4 0.7025 0.3866666658653846 0.7 0.33 0.6975 0.33 0.6925 0.31
605 0.6499999999999999 0.4833333341346154 0.6525 0.19666666586538462 0.21250000000000002 0.2033333341346154 0.2225 0.5366666658653846 0.2375 0.5433333341346154 0.52 0.5333333341346154 0.5475 0.5700000000000001 0.5625 0.6 0.49 0.62 0.3975 0.6233333341346154 0.32 0.63 0.2675 0.6533333341346155 0.25 0.6900000000000001 0.2725 0.7066666658653846 0.38 0.7233333341346154 0.545 0.6966666658653846 0.9175 0.6499999999999999 0.6499999999999999 0.4833333341346154
417 0.53 0.61 0.5225000000000001 0.5166666658653847 0.51 0.4233333341346154 0.4975 0.4 0.44999999999999996 0.40333333413461536 0.4275 0.5366666658653846 0.4375 0.6166666658653847 0.47000000000000003 0.6166666658653847 0.53 0.61
1132 0.6075 0.39666666586538457 0.6125 0.35666666586538465 0.5925 0.35666666586538465 0.4975 0.35 0.495 0.39 0.5025 0.40333333413461536 0.52 0.4833333341346154 0.525 0.4933333341346154 0.565 0.49666666586538466 0.5700000000000001 0.5133333341346155 0.6075 0.49666666586538466 0.6174999999999999 0.4766666658653846 0.6174999999999999 0.4 0.6075 0.39666666586538457
992 0.5225000000000001 0.5 0.5275 0.5366666658653846 0.5475 0.5399999999999999 0.565 0.5033333341346153 0.5225000000000001 0.5
417 0.78 0.7733333341346154 0.7625 0.8566666658653846 0.7925 0.89 0.7875000000000001 0.9566666658653846 0.86 0.9966666658653847 0.9974999999999999 0.9966666658653847 0.9974999999999999 0.8766666658653846 0.9974999999999999 0.6966666658653846 0.9675 0.6666666658653846 0.9149999999999999 0.66 0.8425 0.6666666658653846 0.8049999999999999 0.6833333341346154 0.8 0.7733333341346154 0.78 0.7733333341346154
417 0.6625000000000001 0.9933333341346154 0.6675 0.8766666658653846 0.6825 0.86 0.58 0.8033333341346154 0.5175 0.7866666658653846 0.5025 0.7166666658653846 0.48000000000000004 0.7166666658653846 0.41750000000000004 0.7166666658653846 0.3575 0.75 0.335 0.8033333341346154 0.34750000000000003 0.8833333341346153 0.32 0.91 0.34750000000000003 0.9133333341346154 0.34249999999999997 0.9966666658653847 0.6625000000000001 0.9933333341346154
1814 0.0025 0.9166666658653846 0.0375 0.8933333341346154 0.0625 0.7233333341346154 0.005 0.7233333341346154 0.0025 0.9166666658653846
772 0.005 0.84 0.06749999999999999 0.8433333341346153 0.0875 0.72 0.065 0.4233333341346154 0.0025 0.42666666586538465 0.005 0.84
1219 0.0025 0.3166666658653846 0.0225 0.3133333341346154 0.02 0.10666666586538462 0.005 0.10666666586538462 0.0025 0.3166666658653846
279 0.0025 0.4433333341346154 0.0175 0.4433333341346154 0.0225 0.37 0.0025 0.3666666658653846 0.0025 0.4433333341346154
1349 0.0325 0.2033333341346154 0.005 0.19333333413461537 0.0025 0.33999999999999997 0.025 0.35333333413461543 0.02 0.3166666658653846 0.0375 0.3133333341346154 0.0475 0.3266666658653846 0.042499999999999996 0.2933333341346154 0.0275 0.29 0.0275 0.23666666586538462 0.042499999999999996 0.2633333341346154 0.0325 0.2033333341346154
314 0.22 0.2 0.3075 0.2 0.305 0.1333333341346154 0.22 0.13666666586538462 0.22 0.2
595 0.34750000000000003 0.12333333413461538 0.34249999999999997 0.1533333341346154 0.35500000000000004 0.18 0.3525 0.19333333413461537 0.3925 0.2 0.39499999999999996 0.1833333341346154 0.4 0.1533333341346154 0.39 0.12000000000000001 0.37 0.10666666586538462 0.34750000000000003 0.12333333413461538
1314 0.47250000000000003 0.19666666586538462 0.47250000000000003 0.08333333413461538 0.40750000000000003 0.08666666586538462 0.40750000000000003 0.19666666586538462 0.47250000000000003 0.19666666586538462
1349 0.605 0.0033333341346153847 0.575 0.03333333413461538 0.55 0.030000000000000002 0.52 0.09 0.5025 0.14 0.5025 0.1533333341346154 0.5125 0.15 0.5125 0.19333333413461537 0.5399999999999999 0.19666666586538462 0.5975 0.18666666586538463 0.605 0.14666666586538463 0.6275000000000001 0.1566666658653846 0.6475000000000001 0.16999999999999998 0.6575 0.16666666586538462 0.6675 0.1266666658653846 0.64 0.08 0.6075 0.05 0.5875 0.03666666586538461 0.605 0.0033333341346153847
1239 0.4375 0.6866666658653846 0.4375 0.7033333341346153 0.5275 0.7 0.5175 0.6499999999999999 0.45749999999999996 0.6566666658653847 0.45749999999999996 0.6799999999999999 0.4375 0.6866666658653846
1184 0.4625 0.6433333341346154 0.4475 0.6266666658653846 0.385 0.6366666658653847 0.3825 0.6466666658653846 0.3975 0.6533333341346155 0.40750000000000003 0.6799999999999999 0.45749999999999996 0.6766666658653846 0.4625 0.6433333341346154
1631 0.39499999999999996 0.6533333341346155 0.3675 0.6366666658653847 0.27749999999999997 0.6366666658653847 0.27749999999999997 0.6866666658653846 0.28500000000000003 0.7133333341346154 0.3975 0.7133333341346154 0.3975 0.6966666658653846 0.4125 0.6933333341346154 0.39499999999999996 0.6533333341346155
1186 0.7325 0.5 0.7025 0.5 0.7 0.4766666658653846 0.6775 0.47000000000000003 0.67 0.5266666658653846 0.6975 0.5533333341346154 0.7274999999999999 0.5533333341346154 0.7325 0.5
360 0.505 0.19666666586538462 0.505 0.13666666586538462 0.485 0.13666666586538462 0.485 0.19666666586538462 0.505 0.19666666586538462
1186 0.4225 0.5133333341346155 0.4325 0.5033333341346153 0.4275 0.47333333413461537 0.41750000000000004 0.47000000000000003 0.40750000000000003 0.47000000000000003 0.40249999999999997 0.51 0.40499999999999997 0.51 0.4225 0.5133333341346155