402 0 0 0 0.022916665865384617 0.0015625 0.047916665865384615 0.2375 0.2708333341346154 0.37031250000000004 0.2416666658653846 0.44062500000000004 0.2729166658653846 0.9937499999999999 0.10625000000000001 0.995282451923077 0 0 0
1885 0 0.4239583341346154 0.0015625 0.8041666658653847 0.2390625 0.4041666658653846 0.2421875 0.2708333341346154 0 0.04520566346153846 0 0.4239583341346154
1885 0.996875 0.6979166658653846 0.9984375000000001 0.2416666658653846 0.9953125 0.09791666586538463 0.4359375 0.2770833341346154 0.4296875 0.3833333341346154 0.996875 0.6979166658653846
1885 0.36875 0.2416666658653846 0.24062499999999998 0.26875 0.24062499999999998 0.39375000000000004 0.275 0.39375000000000004 0.43281250000000004 0.3833333341346154 0.4375 0.2708333341346154 0.36875 0.2416666658653846
792 0.43281250000000004 0.3833333341346154 0.2421875 0.39375000000000004 0.0015625 0.8062499999999999 0.0015625 0.9958333341346154 0.9953125 0.9958333341346154 0.9984375000000001 0.6979166658653846 0.43281250000000004 0.3833333341346154
1352 0.83125 0.8854166658653846 0.8578125000000001 0.8770833341346154 0.8703125 0.8666666658653847 0.875 0.7666666658653847 0.8796875 0.7562500000000001 0.8703125 0.7416666658653847 0.8359375 0.7333333341346153 0.8015625 0.7333333341346153 0.7890625 0.7395833341346154 0.7765625 0.7562500000000001 0.7828124999999999 0.7770833341346154 0.79375 0.8666666658653847 0.8078125 0.8770833341346154 0.83125 0.8854166658653846
348 0.8484375 0.7583333341346153 0.859375 0.7437499999999999 0.8703125 0.7208333341346154 0.8765624999999999 0.6916666658653846 0.871875 0.6854166658653846 0.8609374999999999 0.6979166658653846 0.8656250000000001 0.7229166658653846 0.85625 0.7291666658653846 0.8500000000000001 0.7166666658653846 0.846875 0.7 0.846875 0.6770833341346154 0.8515625 0.6541666658653846 0.85625 0.6333333341346153 0.8500000000000001 0.6270833341346154 0.84375 0.6291666658653846 0.8343750000000001 0.6229166658653846 0.83125 0.6333333341346153 0.8296874999999999 0.6458333341346154 0.83125 0.66875 0.8343750000000001 0.7020833341346153 0.8390625 0.7291666658653846 0.846875 0.7520833341346154 0.8218749999999999 0.7541666658653846 0.8171875 0.7458333341346154 0.8218749999999999 0.7333333341346153 0.825 0.7104166658653847 0.8218749999999999 0.6833333341346154 0.8218749999999999 0.6645833341346153 0.8203125 0.6541666658653846 0.8140624999999999 0.6416666658653847 0.8046875 0.64375 0.8 0.6499999999999999 0.8031250000000001 0.6625000000000001 0.8078125 0.6729166658653847 0.8062499999999999 0.6833333341346154 0.8 0.70625 0.7984374999999999 0.7333333341346153 0.8078125 0.7562500000000001 0.8140624999999999 0.7604166658653846 0.8328125 0.7562500000000001 0.8484375 0.7583333341346153
1352 0.9937499999999999 0.8541666658653846 0.9765625 0.8374999999999999 0.9375 0.8187500000000001 0.8984375 0.825 0.8843749999999999 0.8374999999999999 0.8734375000000001 0.8520833341346153 0.8765624999999999 0.8645833341346154 0.8828125 0.8916666658653847 0.8984375 0.9958333341346154 0.9953125 0.9958333341346154 0.9937499999999999 0.8541666658653846
348 0.9515625000000001 0.8541666658653846 0.9624999999999999 0.8479166658653846 0.9624999999999999 0.8374999999999999 0.9578125 0.8291666658653847 0.9578125 0.8041666658653847 0.95625 0.7749999999999999 0.95625 0.7375 0.9609375 0.6958333341346153 0.9640625 0.6395833341346153 0.9624999999999999 0.5916666658653846 0.95 0.5708333341346153 0.9375 0.5708333341346153 0.9234374999999999 0.5791666658653847 0.9203125000000001 0.6083333341346153 0.921875 0.6291666658653846 0.9203125000000001 0.66875 0.9171875 0.7104166658653847 0.9156249999999999 0.7749999999999999 0.9156249999999999 0.8229166658653846 0.91875 0.85625 0.9312499999999999 0.8666666658653847 0.940625 0.8666666658653847 0.9515625000000001 0.8541666658653846
1352 0.6921875 0.8395833341346154 0.7281249999999999 0.8416666658653846 0.7406250000000001 0.8333333341346154 0.7453125 0.7333333341346153 0.7093750000000001 0.7145833341346154 0.6890624999999999 0.7145833341346154 0.6781250000000001 0.71875 0.6656249999999999 0.7333333341346153 0.66875 0.7541666658653846 0.671875 0.7958333341346153 0.6812499999999999 0.8270833341346153 0.6921875 0.8395833341346154
348 0.7625 0.7104166658653847 0.746875 0.6958333341346153 0.7281249999999999 0.6833333341346154 0.715625 0.6833333341346154 0.7093750000000001 0.6895833341346154 0.7046874999999999 0.6729166658653847 0.6921875 0.6645833341346153 0.6921875 0.6770833341346154 0.6937500000000001 0.7 0.6984375 0.7124999999999999 0.7 0.7333333341346153 0.70625 0.73125 0.7124999999999999 0.7124999999999999 0.7234375 0.7270833341346153 0.7359374999999999 0.7291666658653846 0.7375 0.75 0.7296875 0.76875 0.7250000000000001 0.76875 0.7140625 0.7645833341346153 0.7 0.7645833341346153 0.6968749999999999 0.7770833341346154 0.6937500000000001 0.7916666658653846 0.7046874999999999 0.8020833341346154 0.71875 0.7958333341346153 0.7281249999999999 0.7875000000000001 0.7375 0.7854166658653846 0.746875 0.76875 0.7562500000000001 0.7416666658653847 0.7625 0.73125 0.7625 0.7229166658653846 0.7625 0.7104166658653847
1354 0.76875 0.6479166658653847 0.7828124999999999 0.6541666658653846 0.796875 0.6375 0.8 0.6229166658653846 0.8218749999999999 0.6145833341346154 0.825 0.59375 0.8390625 0.5979166658653846 0.8484375 0.5875 0.8453124999999999 0.5666666658653846 0.8078125 0.5666666658653846 0.7703125 0.5583333341346154 0.7578125 0.5583333341346154 0.7453125 0.5729166658653846 0.746875 0.6 0.7718750000000001 0.6020833341346153 0.7718750000000001 0.6229166658653846 0.76875 0.6479166658653847
348 0.809375 0.5854166658653847 0.8218749999999999 0.5770833341346153 0.825 0.5125 0.815625 0.43125 0.815625 0.3895833341346154 0.8234375 0.3458333341346154 0.8265625000000001 0.3291666658653846 0.8218749999999999 0.32291666586538464 0.8109375000000001 0.33333333413461536 0.8046875 0.3270833341346154 0.8 0.3270833341346154 0.78125 0.3833333341346154 0.7718750000000001 0.4291666658653846 0.7718750000000001 0.4729166658653846 0.7718750000000001 0.5104166658653846 0.7749999999999999 0.53125 0.7765625 0.5625 0.7765625 0.58125 0.7921875 0.5875 0.809375 0.5854166658653847
1352 0.6156250000000001 0.7395833341346154 0.640625 0.7375 0.6546875000000001 0.7291666658653846 0.6515625 0.6625000000000001 0.6609375 0.6583333341346154 0.6578124999999999 0.6416666658653847 0.640625 0.6354166658653846 0.6109375 0.6354166658653846 0.59375 0.6416666658653847 0.5796875 0.65625 0.58125 0.6708333341346153 0.5890625 0.6729166658653847 0.5984375 0.7395833341346154 0.6156250000000001 0.7395833341346154
348 0.625 0.58125 0.6203125 0.5875 0.6187499999999999 0.5958333341346154 0.6187499999999999 0.6104166658653847 0.6187499999999999 0.6291666658653846 0.6171875 0.6354166658653846 0.6171875 0.64375 0.6171875 0.6541666658653846 0.625 0.65625 0.6296875 0.65625 0.6359375 0.6499999999999999 0.6343749999999999 0.6333333341346153 0.6343749999999999 0.6125 0.6312500000000001 0.59375 0.625 0.58125
1352 0.48750000000000004 0.9937499999999999 0.6 0.9916666658653847 0.6078125 0.9729166658653846 0.6156250000000001 0.9520833341346153 0.6203125 0.91875 0.6187499999999999 0.8999999999999999 0.603125 0.8791666658653846 0.5796875 0.8729166658653846 0.5484375 0.8625 0.51875 0.8666666658653847 0.4921875 0.875 0.475 0.8875 0.46406250000000004 0.9020833341346154 0.459375 0.9312499999999999 0.46875 0.9604166658653847 0.478125 0.9854166658653847 0.48750000000000004 0.9937499999999999
348 0.5921875 0.8104166658653846 0.5828125 0.8229166658653846 0.5859375 0.8729166658653846 0.5859375 0.8895833341346153 0.5890625 0.8958333341346154 0.5984375 0.9083333341346154 0.603125 0.8583333341346153 0.603125 0.83125 0.603125 0.8166666658653846 0.5921875 0.8104166658653846
348 0.5796875 0.8770833341346154 0.5796875 0.8583333341346153 0.578125 0.8333333341346154 0.571875 0.7958333341346153 0.571875 0.7791666658653846 0.5703125 0.7875000000000001 0.5671875 0.8041666658653847 0.565625 0.83125 0.5703125 0.89375 0.5765625 0.8999999999999999 0.5796875 0.89375 0.5796875 0.8770833341346154
348 0.5875 0.9312499999999999 0.590625 0.9166666658653846 0.5859375 0.9145833341346153 0.578125 0.9125000000000001 0.571875 0.8979166658653847 0.5625 0.9083333341346154 0.5515625 0.9145833341346153 0.55625 0.925 0.5625 0.9437500000000001 0.5703125 0.95 0.578125 0.9437500000000001 0.5875 0.9312499999999999
1352 0.7281249999999999 0.6791666658653847 0.746875 0.6937500000000001 0.7562500000000001 0.6958333341346153 0.7671874999999999 0.6666666658653846 0.76875 0.6479166658653847 0.7718750000000001 0.6166666658653847 0.7515624999999999 0.60625 0.7203124999999999 0.60625 0.6984375 0.6125 0.6875 0.6270833341346154 0.6968749999999999 0.6520833341346154 0.6984375 0.6645833341346153 0.7078125 0.6770833341346154 0.7281249999999999 0.6791666658653847
348 0.7437499999999999 0.6020833341346153 0.7421875 0.5666666658653846 0.7390625 0.5208333341346154 0.734375 0.51875 0.7250000000000001 0.51875 0.7203124999999999 0.5270833341346154 0.71875 0.5416666658653846 0.71875 0.5604166658653846 0.7203124999999999 0.5875 0.7250000000000001 0.625 0.7375 0.625 0.7437499999999999 0.6208333341346154 0.7437499999999999 0.6020833341346153
348 0.9890625 0.8145833341346154 0.9953125 0.8 0.9953125 0.7041666658653847 0.9937499999999999 0.6333333341346153 0.9890625 0.6229166658653846 0.96875 0.6145833341346154 0.9671875000000001 0.6187499999999999 0.9624999999999999 0.6312500000000001 0.9640625 0.65625 0.9671875000000001 0.6833333341346154 0.9734375 0.7 0.9593750000000001 0.7 0.9640625 0.7250000000000001 0.9765625 0.7395833341346154 0.96875 0.7583333341346153 0.965625 0.7749999999999999 0.9671875000000001 0.7916666658653846 0.96875 0.8145833341346154 0.9796875 0.8187500000000001 0.9890625 0.8145833341346154
348 0.9109375 0.6625000000000001 0.9203125000000001 0.6625000000000001 0.9203125000000001 0.6270833341346154 0.921875 0.5916666658653846 0.9281250000000001 0.575 0.9453125 0.56875 0.9578125 0.5791666658653847 0.9640625 0.60625 0.971875 0.6125 0.9906250000000001 0.6 0.9921875 0.5729166658653846 0.9781249999999999 0.55 0.9624999999999999 0.5458333341346153 0.9515625000000001 0.5416666658653846 0.9421875 0.53125 0.9359375000000001 0.5354166658653846 0.9281250000000001 0.5145833341346153 0.91875 0.51875 0.9203125000000001 0.5354166658653846 0.9125000000000001 0.5354166658653846 0.8875 0.4520833341346154 0.8734375000000001 0.45833333413461536 0.8921874999999999 0.48958333413461536 0.8953125 0.5145833341346153 0.9046875000000001 0.54375 0.9015625 0.5583333341346154 0.8843749999999999 0.5541666658653847 0.9015625 0.5791666658653847 0.9140625 0.6020833341346153 0.9156249999999999 0.6145833341346154 0.89375 0.6104166658653847 0.8843749999999999 0.6166666658653847 0.8734375000000001 0.6291666658653846 0.8765624999999999 0.6479166658653847 0.8828125 0.6583333341346154 0.89375 0.6625000000000001 0.8999999999999999 0.6583333341346154 0.9046875000000001 0.6499999999999999 0.9109375 0.6625000000000001
1520 0.996875 0.7458333341346154 0.503125 0.4229166658653846 0.375 0.4416666658653846 0.39531249999999996 0.4645833341346154 0.40312499999999996 0.5979166658653846 0.415625 0.59375 0.41093749999999996 0.4729166658653846 0.4515625 0.5208333341346154 0.44999999999999996 0.7229166658653846 0.46562499999999996 0.71875 0.4703125 0.5416666658653846 0.5671875 0.7 0.575 0.8625 0.59375 0.8625 0.6 0.7479166658653846 0.734375 0.9624999999999999 0.7515624999999999 0.9916666658653847 0.9953125 0.9937499999999999 0.996875 0.7458333341346154
1352 0.3984375 0.55625 0.3921875 0.55625 0.37968749999999996 0.5520833341346154 0.37968749999999996 0.5916666658653846 0.38593750000000004 0.59375 0.40156250000000004 0.59375 0.3984375 0.55625
348 0.396875 0.55 0.39531249999999996 0.4666666658653846 0.390625 0.45625000000000004 0.38125 0.4541666658653846 0.37968749999999996 0.4666666658653846 0.37968749999999996 0.48958333413461536 0.38125 0.5166666658653847 0.3828125 0.5520833341346154 0.3890625 0.5520833341346154 0.396875 0.55
1353 0.6312500000000001 0.59375 0.6359375 0.6166666658653847 0.6359375 0.6354166658653846 0.65625 0.6416666658653847 0.6609375 0.6604166658653846 0.6515625 0.6625000000000001 0.65625 0.70625 0.6656249999999999 0.7104166658653847 0.6875 0.7083333341346154 0.6968749999999999 0.7 0.6968749999999999 0.6645833341346153 0.6859375000000001 0.6270833341346154 0.6968749999999999 0.6104166658653847 0.7140625 0.6 0.7140625 0.5875 0.703125 0.58125 0.6828125 0.58125 0.6609375 0.58125 0.6468750000000001 0.5854166658653847 0.6312500000000001 0.59375
348 0.6781250000000001 0.60625 0.6765625 0.5958333341346154 0.671875 0.55 0.6671875 0.4625 0.6656249999999999 0.4333333341346154 0.6609375 0.42708333413461536 0.653125 0.4333333341346154 0.65625 0.4604166658653846 0.659375 0.4854166658653846 0.6609375 0.55 0.6609375 0.5979166658653846 0.659375 0.6083333341346153 0.6671875 0.6083333341346153 0.6781250000000001 0.60625
1353 0.640625 0.5666666658653846 0.6468750000000001 0.5354166658653846 0.6468750000000001 0.5083333341346153 0.6421874999999999 0.4979166658653846 0.625 0.4958333341346154 0.6078125 0.4958333341346154 0.5921875 0.5020833341346154 0.5984375 0.5520833341346154 0.6078125 0.5666666658653846 0.6265624999999999 0.56875 0.640625 0.5666666658653846
348 0.6343749999999999 0.5041666658653846 0.6390625000000001 0.4958333341346154 0.6421874999999999 0.4645833341346154 0.6468750000000001 0.4104166658653846 0.6546875000000001 0.3729166658653846 0.6546875000000001 0.3354166658653846 0.6546875000000001 0.30625 0.6609375 0.2770833341346154 0.6578124999999999 0.2479166658653846 0.6578124999999999 0.22499999999999998 0.64375 0.2208333341346154 0.6375 0.22499999999999998 0.6375 0.2458333341346154 0.6375 0.26875 0.6359375 0.2895833341346154 0.6312500000000001 0.32291666586538464 0.628125 0.36458333413461536 0.6343749999999999 0.39583333413461536 0.625 0.42500000000000004 0.6234375000000001 0.4854166658653846 0.621875 0.5 0.6234375000000001 0.5041666658653846 0.6343749999999999 0.5041666658653846
1353 0.590625 0.6979166658653846 0.5875 0.6791666658653847 0.5796875 0.66875 0.5796875 0.65625 0.596875 0.6416666658653847 0.6140625 0.6333333341346153 0.6171875 0.6229166658653846 0.6046875 0.6083333341346153 0.5859375 0.6083333341346153 0.5703125 0.6125 0.5578125 0.6166666658653847 0.5515625 0.6291666658653846 0.55 0.6479166658653847 0.55625 0.6499999999999999 0.5625 0.6895833341346154 0.590625 0.6979166658653846
348 0.59375 0.6125 0.5890625 0.59375 0.5890625 0.5729166658653846 0.5765625 0.5520833341346154 0.56875 0.55 0.5625 0.55625 0.55625 0.5666666658653846 0.5671875 0.5854166658653847 0.575 0.5979166658653846 0.578125 0.6187499999999999 0.59375 0.6208333341346154 0.59375 0.6125
1352 0.53125 0.56875 0.540625 0.51875 0.53125 0.5125 0.4984375 0.5083333341346153 0.4984375 0.5270833341346154 0.5 0.5645833341346154 0.5125 0.5666666658653846 0.53125 0.56875
348 0.5203125 0.5208333341346154 0.525 0.5 0.51875 0.49375 0.5109375 0.4979166658653846 0.509375 0.5166666658653847 0.5171875 0.5208333341346154 0.5203125 0.5208333341346154
1353 0.521875 0.48958333413461536 0.5296875 0.5145833341346153 0.54375 0.5166666658653847 0.534375 0.5583333341346154 0.546875 0.5520833341346154 0.55625 0.53125 0.575 0.525 0.578125 0.48958333413461536 0.5609375 0.48124999999999996 0.5328125 0.47916666586538464 0.521875 0.48958333413461536
348 0.55625 0.35624999999999996 0.5484375 0.35416666586538464 0.54375 0.3604166658653846 0.546875 0.4145833341346154 0.546875 0.44375 0.5515625 0.4833333341346154 0.5390625 0.44375 0.5390625 0.41666666586538464 0.5296875 0.4145833341346154 0.5296875 0.4333333341346154 0.5359375 0.4666666658653846 0.55 0.4833333341346154 0.5546875 0.48958333413461536 0.5546875 0.4645833341346154 0.55625 0.43125 0.5578125 0.4020833341346154 0.5578125 0.375 0.55625 0.35624999999999996
1520 0 0.7572916658653847 0.0015625 0.7854166658653846 0.0015625 0.8625 0.015625 0.8479166658653846 0.025 0.9833333341346153 0.056249999999999994 0.9937499999999999 0.046875 0.7916666658653846 0.15 0.5854166658653847 0.1515625 0.7479166658653846 0.16562500000000002 0.7562500000000001 0.17343750000000002 0.7458333341346154 0.16562500000000002 0.56875 0.19687500000000002 0.50625 0.2 0.60625 0.2109375 0.6020833341346153 0.20937499999999998 0.4854166658653846 0.2140625 0.4708333341346154 0.15468749999999998 0.4770833341346154 0 0.7266458341346154 0 0.7572916658653847
1353 0.01875 0.6729166658653847 0.0015625 0.6729166658653847 0.0015625 0.7958333341346153 0.00625 0.7979166658653847 0.028124999999999997 0.7958333341346153 0.053125000000000006 0.7749999999999999 0.0578125 0.6583333341346154 0.046875 0.6666666658653846 0.0328125 0.66875 0.01875 0.6729166658653847
1352 0.08281250000000001 0.58125 0.0859375 0.6312500000000001 0.0921875 0.6312500000000001 0.103125 0.6312500000000001 0.115625 0.6229166658653846 0.115625 0.5770833341346153 0.10625000000000001 0.5854166658653847 0.09375 0.5875 0.08281250000000001 0.58125
348 0.103125 0.5770833341346153 0.115625 0.5708333341346153 0.11875 0.55 0.134375 0.54375 0.1375 0.5208333341346154 0.15468749999999998 0.5020833341346154 0.1328125 0.50625 0.1234375 0.5166666658653847 0.1109375 0.5208333341346154 0.103125 0.525 0.09843750000000001 0.5083333341346153 0.08906249999999999 0.5020833341346154 0.1015625 0.48750000000000004 0.09687499999999999 0.48124999999999996 0.08906249999999999 0.48750000000000004 0.0796875 0.4958333341346154 0.06875 0.49375 0.0703125 0.50625 0.059375 0.5104166658653846 0.0578125 0.5291666658653846 0.065625 0.5479166658653847 0.0765625 0.54375 0.084375 0.5395833341346153 0.0875 0.55 0.08124999999999999 0.5645833341346154 0.09375 0.5770833341346153 0.103125 0.5770833341346153
1353 0.5078125 0.5020833341346154 0.5046875 0.49375 0.4921875 0.4958333341346154 0.475 0.4916666658653846 0.47968750000000004 0.5395833341346153 0.4984375 0.5458333341346153 0.4984375 0.50625 0.5078125 0.5020833341346154
348 0.5015625 0.48958333413461536 0.5015625 0.48124999999999996 0.49531250000000004 0.4770833341346154 0.4859375 0.47916666586538464 0.4859375 0.4916666658653846 0.49687499999999996 0.49375 0.5015625 0.48958333413461536
348 0.6937500000000001 0.575 0.6937500000000001 0.5520833341346154 0.6937500000000001 0.53125 0.6968749999999999 0.44375 0.7 0.41666666586538464 0.6968749999999999 0.4083333341346154 0.6859375000000001 0.4104166658653846 0.6828125 0.4208333341346154 0.6828125 0.4291666658653846 0.6781250000000001 0.4541666658653846 0.6828125 0.5083333341346153 0.6812499999999999 0.5625 0.6828125 0.58125 0.6921875 0.58125 0.6937500000000001 0.575
348 0.45625000000000004 0.4229166658653846 0.45781249999999996 0.40625 0.4625 0.3520833341346154 0.45625000000000004 0.3458333341346154 0.45625000000000004 0.3395833341346154 0.446875 0.3458333341346154 0.44375 0.35416666586538464 0.44218749999999996 0.3729166658653846 0.44062500000000004 0.3979166658653846 0.4359375 0.42500000000000004 0.44375 0.43125 0.453125 0.4333333341346154 0.45625000000000004 0.4229166658653846
1357 0.4921875 0.43125 0.5046875 0.42500000000000004 0.5234375 0.43125 0.546875 0.4354166658653846 0.559375 0.4375 0.5703125 0.4395833341346154 0.571875 0.42500000000000004 0.5703125 0.4 0.5828125 0.35 0.58125 0.31875 0.5640625 0.3166666658653846 0.5453125 0.3208333341346154 0.5328125 0.31875 0.521875 0.3145833341346154 0.5171875 0.32499999999999996 0.5125 0.3416666658653846 0.5125 0.3604166658653846 0.49531250000000004 0.3708333341346154 0.49375 0.3833333341346154 0.5015625 0.4 0.4921875 0.43125