402 0.109375 0 0.359375 0.62109375 0.3984375 0.609375 0.3984375 0.5859375 0.41796875 0.5703125 0.4453125 0.55859375 0.46484375 0.55859375 0.5 0.56640625 0.52734375 0.59375 0.52734375 0.60546875 0.56640625 0.62109375 0.690625 0 0.109375 0
1942 0.49609375 0.61328125 0.46484375 0.6015625 0.4296875 0.6171875 0.40625 0.640625 0.3828125 0.6796875 0.3828125 0.88671875 0.5546875 0.8828125 0.55078125 0.67578125 0.5234375 0.640625 0.49609375 0.61328125
1885 0.57421875 0.7265625 0.56640625 0.62109375 0.52734375 0.60546875 0.52734375 0.58984375 0.5234375 0.5859375 0.50390625 0.56640625 0.48046875 0.55859375 0.44921875 0.55859375 0.42578125 0.56640625 0.3984375 0.5859375 0.40234375 0.60546875 0.36328125 0.62109375 0.3515625 0.9921875 0.59765625 0.9921875 0.58203125 0.73046875 0.57421875 0.7265625
1885 0 0.578125 0.00390625 0.9921875 0.33203125 0.9921875 0.33203125 0.78125 0 0.17123909855769232 0 0.578125
121 0 0 0 0.33203125 0.00390625 0.66796875 0.01953125 0.48828125 0.03125 0.48046875 0.03515625 0.44921875 0.05078125 0.41015625 0.0546875 0.41796875 0.0625 0.4296875 0.0625 0.453125 0.06640625 0.484375 0.06640625 0.51953125 0.07421875 0.59375 0.07421875 0.62109375 0.0859375 0.63671875 0.07421875 0.98828125 0.12890625 0.98828125 0.140625 0.625 0.15234375 0.6171875 0.16015625 0.6015625 0.1640625 0.62109375 0.16015625 0.65625 0.16015625 0.70703125 0.16796875 0.70703125 0.17578125 0.734375 0.16796875 0.9921875 0.20703125 0.98828125 0.21875 0.70703125 0.2265625 0.69140625 0.2265625 0.65625 0.23046875 0.66015625 0.234375 0.6796875 0.23828125 0.703125 0.23828125 0.734375 0.23046875 0.984375 0.265625 0.98828125 0.265625 0.7734375 0.26953125 0.76953125 0.2734375 0.71484375 0.27734375 0.7109375 0.2890625 0.7265625 0.296875 0.73828125 0.296875 0.75390625 0.28125 0.98828125 0.30859375 0.984375 0.3125 0.7421875 0.328125 0.765625 0.32421875 0.98828125 0.34765625 0.98828125 0.36328125 0.625 0.10707006971153846 0 0 0
1885 0.9921875 0.9921875 0.98828125 0.56640625 0.78515625 0.7421875 0.80078125 0.9921875 0.9921875 0.9921875
402 0.87109375 0.14453125 0.859375 0.2890625 0.86328125 0.41015625 0.86328125 0.4375 0.85546875 0.45703125 0.8828125 0.65234375 0.98828125 0.5625 0.984375 0.51171875 0.921875 0.171875 0.90234375 0.140625 0.88671875 0.09375 0.87109375 0.14453125
121 0.6906200865384615 0 0.56640625 0.6171875 0.57421875 0.7265625 0.58203125 0.7265625 0.6015625 0.98828125 0.80078125 0.9921875 0.765625 0.59765625 0.77734375 0.5859375 0.7734375 0.45703125 0.828125 0.9921875 0.9296875 0.98828125 0.8515625 0.45703125 0.859375 0.4296875 0.859375 0.22265625 0.87109375 0.140625 0.88671875 0.09375 0.90234375 0.1328125 0.91796875 0.15625 0.98828125 0.5703125 0.9921609254807693 0 0.6906200865384615 0
402 0.77734375 0.5859375 0.765625 0.59765625 0.78125 0.73828125 0.80078125 0.7265625 0.78125 0.53125 0.77734375 0.55859375 0.77734375 0.5859375
1027 0.45703125 0.3359375 0.45703125 0.32421875 0.44921875 0.31640625 0.4296875 0.31640625 0.4296875 0.33203125 0.43359375 0.3359375 0.44921875 0.3359375 0.45703125 0.3359375
1027 0.4609375 0.3828125 0.4609375 0.375 0.45703125 0.3671875 0.4453125 0.36328125 0.4296875 0.37109375 0.43359375 0.3828125 0.4453125 0.38671875 0.4609375 0.3828125
1027 0.4609375 0.4296875 0.46484375 0.421875 0.4609375 0.4140625 0.44921875 0.40625 0.4375 0.41796875 0.44140625 0.4296875 0.44921875 0.43359375 0.4609375 0.4296875
1027 0.45703125 0.46484375 0.46484375 0.45703125 0.453125 0.4453125 0.4453125 0.453125 0.44140625 0.4609375 0.44921875 0.46484375 0.45703125 0.46484375