402 0 0 0 0.08464364663461538 0.6171875 0.60546875 0.8921874999999999 0.607421875 1 0.5075316995192307 1 0.0011425384615384615 0.4604166658653846 0 0 0
1622 0.34765625 0.0166015625 0.34296875000000004 0.0166015625 0.34296875000000004 0.0419921875 0.353125 0.0517578125 0.34687500000000004 0.0615234375 0.36484375 0.0830078125 0.37031250000000004 0.0673828125 0.36796874999999996 0.0615234375 0.37031250000000004 0.0576171875 0.34765625 0.0166015625
1622 0.42109375000000004 0.1708984375 0.43203125 0.1748046875 0.428125 0.1845703125 0.44140625 0.1943359375 0.44375 0.1796875 0.42265624999999996 0.1396484375 0.42109375000000004 0.1708984375
1622 0.57109375 0.41015625 0.56953125 0.4169921875 0.57890625 0.431640625 0.58125 0.4140625 0.5890625 0.4052734375 0.58515625 0.3974609375 0.57109375 0.41015625
1622 0.8304687500000001 0.41015625 0.82890625 0.423828125 0.8374999999999999 0.4287109375 0.84375 0.4169921875 0.8578125000000001 0.4091796875 0.8515625 0.390625 0.84375 0.392578125 0.8414062499999999 0.4091796875 0.8304687500000001 0.41015625
655 0.69921875 0.689453125 0.65234375 0.685546875 0.6499999999999999 0.7939453125 0.7007812499999999 0.796875 0.69921875 0.689453125
1498 0.6890624999999999 0.7509765625 0.68359375 0.740234375 0.6773437499999999 0.73828125 0.6773437499999999 0.7216796875 0.6695312499999999 0.7216796875 0.6695312499999999 0.7314453125 0.6703125000000001 0.736328125 0.6656249999999999 0.7431640625 0.6617187499999999 0.7744140625 0.6640625 0.798828125 0.65234375 0.796875 0.6507812500000001 0.8173828125 0.703125 0.8134765625 0.7046874999999999 0.8056640625 0.6851562499999999 0.80078125 0.6890624999999999 0.7509765625
1498 0.58515625 0.767578125 0.571875 0.7744140625 0.5640625 0.7841796875 0.56015625 0.791015625 0.56171875 0.8017578125 0.5671875 0.80859375 0.559375 0.8251953125 0.59609375 0.8251953125 0.60859375 0.8154296875 0.596875 0.796875 0.59453125 0.779296875 0.58515625 0.767578125
1498 0.87109375 0.7626953125 0.8648437499999999 0.75 0.85546875 0.759765625 0.8414062499999999 0.7509765625 0.8515625 0.7451171875 0.8492187499999999 0.73046875 0.8414062499999999 0.7216796875 0.8335937499999999 0.7265625 0.828125 0.7353515625 0.82890625 0.7451171875 0.8203125 0.7509765625 0.82109375 0.759765625 0.8148437500000001 0.77734375 0.8335937499999999 0.7666015625 0.8539062500000001 0.7744140625 0.8648437499999999 0.7763671875 0.87109375 0.7626953125
1314 0.18046875 0.6181640625 0.11328125 0.60546875 0.09609375 0.60546875 0.09375 0.74609375 0.11171875 0.7431640625 0.17890625 0.7412109375 0.18046875 0.6181640625
1314 0.32421875 0.576171875 0.2375 0.5478515625 0.22499999999999998 0.546875 0.22578125 0.8271484375 0.24062499999999998 0.822265625 0.321875 0.80859375 0.32421875 0.576171875
1314 0.34765625 0.6484375 0.34765625 0.74609375 0.39531249999999996 0.7412109375 0.396875 0.654296875 0.34765625 0.6484375
1314 0.41093749999999996 0.6005859375 0.41484374999999996 0.8017578125 0.459375 0.7958984375 0.45781249999999996 0.6171875 0.41093749999999996 0.6005859375
1314 0.48828125 0.6435546875 0.4859375 0.7744140625 0.53125 0.7666015625 0.53125 0.654296875 0.48828125 0.6435546875
1314 0.5484375 0.7607421875 0.57734375 0.759765625 0.5765625 0.6171875 0.5484375 0.60546875 0.5484375 0.7607421875
1314 1 0.6804584711538462 0.9890625 0.6826171875 0.9906250000000001 0.736328125 1 0.7356387860576923 1 0.6804584711538462
223 0.73359375 0.798828125 0.72578125 0.8134765625 0.72578125 0.8232421875 0.73359375 0.8232421875 0.7609375 0.822265625 0.7640625000000001 0.8525390625 0.7718750000000001 0.849609375 0.76875 0.8134765625 0.7679687500000001 0.796875 0.73359375 0.798828125
1648 0.8031250000000001 0.9150390625 0.8828125 0.9150390625 0.8859375 0.904296875 0.91484375 0.904296875 0.91328125 0.7744140625 0.87421875 0.7763671875 0.8031250000000001 0.779296875 0.8031250000000001 0.9150390625
1647 0.7318138870192308 1 0.73125 0.8251953125 0.73125 0.810546875 0.6273437500000001 0.8037109375 0.6156250000000001 0.8203125 0.5515625 0.8154296875 0.515625 0.8330078125 0.5165895769230769 1 0.7318138870192308 1
1885 0.2513899831730769 1 0.61796875 0.8154296875 0.61796875 0.6103515625 0 0.08855029807692308 0 0.36953125 0.0026079375 1 0.2513899831730769 1
1885 0.8999999999999999 0.810546875 0.89453125 0.658203125 0.89375 0.60546875 0.61796875 0.60546875 0.61796875 0.8134765625 0.8999999999999999 0.810546875