402 0.11216730048076923 0 0.1216730048076923 0.30124999999999996 0.6273764254807692 0.36125 0.8174904951923078 0.24875 0.8916349807692308 0.25875 1 0.21329741346153847 1 0 0.11216730048076923 0
693 0.3307984783653846 0.7162499999999999 0.45247148317307695 0.7162499999999999 0.45437262259615385 0.7325 0.4752851706730769 0.58 0.19581749038461538 0.56625 0.17870722355769234 0.70875 0.1920152091346154 0.72875 0.32699619711538463 0.72875 0.3307984783653846 0.7162499999999999
1661 0.09505703365384616 0.5925 0.11216730048076923 0.5925 0.15019011298076923 0.73 0.16349809855769232 0.7262500000000001 0.12547528605769231 0.59375 0.13498098798076924 0.59375 0.13498098798076924 0.56875 0.07984790865384615 0.56375 0.028517110576923077 0.56375 0.024714829326923076 0.5850000000000001 0.03612167307692308 0.5875 0.00380228125 0.6487499999999999 0.00380228125 0.6575 0.045627377403846155 0.59 0.06653992307692308 0.59 0.034220531250000005 0.7225 0.04182509615384615 0.7212500000000001 0.07604562740384616 0.58875 0.08555133173076923 0.59125 0.06273764182692308 0.73875 0.07604562740384616 0.73875 0.09505703365384616 0.5925
1523 0.005777978365384615 0 0.028517110576923077 0.38125 0.11216730048076923 0.38125 0.15019011298076923 0.1525 0.13117870673076923 0.10375 0.1368821298076923 0.05375 0.12357414423076923 0.04875 0.12547528605769231 0.01875 0.11216730048076923 0.01625 0.11406843990384616 0 0.005777978365384615 0
1523 0.12357414423076923 0.32125 0.11216730048076923 0.38 0.028517110576923077 0.38125 0.005703423076923077 0.5087499999999999 0.6558935360576924 0.54875 0.6615969591346154 0.38625000000000004 0.12357414423076923 0.32125
1022 0.7756653990384615 0.28 0.6387832692307692 0.26875 0.6463878317307692 0.26 0.6387832692307692 0.24625 0.5057034230769231 0.37 0.515209125 0.38625000000000004 0.5589353605769231 0.38625000000000004 0.7984790865384616 0.27875 0.7984790865384616 0.265 0.7756653990384615 0.28
1764 0.3060836490384615 0.4225 0.3250950576923077 0.4225 0.3479087451923077 0.42624999999999996 0.34980988701923077 0.40375 0.3117870721153846 0.39625 0.3060836490384615 0.4225
1764 0.3536121682692308 0.40375 0.35171102644230773 0.42500000000000004 0.3840304182692308 0.43 0.3840304182692308 0.40375 0.3536121682692308 0.40375
1885 1 0.415625 0.9980988581730769 0.21250000000000002 0.8897338413461539 0.25875 0.8174904951923078 0.24625 0.6216730048076923 0.36250000000000004 0.6064638774038461 0.66625 0.6026615961538462 0.6950000000000001 0.6482889735576923 0.72375 0.7205323197115384 0.7212500000000001 0.7756653990384615 0.74 0.7756653990384615 0.76 0.7908745240384616 0.765 0.8612167307692308 0.76625 1 0.7983108100961539 1 0.415625
1885 0.6064638774038461 0.6925 0.6121673004807693 0.55125 0.005703423076923077 0.5075000000000001 0.005703423076923077 0.68875 0.6064638774038461 0.6925
792 0.6463878317307692 0.7250000000000001 0.6007604567307692 0.6925 0.005703423076923077 0.68875 0.00380228125 0.9974999999999999 0.9980988581730769 0.9937499999999999 0.9980988581730769 0.8 0.8593155889423076 0.765 0.7908745240384616 0.765 0.7775665408653847 0.7587499999999999 0.7775665408653847 0.7375 0.7224334591346153 0.7212500000000001 0.6463878317307692 0.7250000000000001
334 0.01140684375 0.71875 0.024714829326923076 0.71875 0.06653992307692308 0.7212500000000001 0.10836501923076923 0.71375 0.12357414423076923 0.6024999999999999 0.1406844110576923 0.6012500000000001 0.1406844110576923 0.595 0.013307985576923077 0.5875 0.01140684375 0.71875
171 0.1368821298076923 0.2425 0.7604562740384615 0.32375000000000004 0.7737642596153846 0.3125 0.13498098798076924 0.2275 0.1368821298076923 0.2425
1283 0.5 0.73125 0.5171102668269231 0.75125 0.532319391826923 0.7587499999999999 0.5855513317307692 0.76375 0.5950570336538461 0.78 0.6102661586538461 0.78625 0.6121673004807693 0.79125 0.6235741442307692 0.8037500000000001 0.6558935360576924 0.8062499999999999 0.6711026610576922 0.8075 0.7072243341346154 0.81125 0.7262357403846154 0.81125 0.7414448677884615 0.8037500000000001 0.7490494302884615 0.7975 0.7471482884615385 0.7887500000000001 0.7319391634615384 0.78 0.7262357403846154 0.7749999999999999 0.7395437259615385 0.76625 0.7224334591346153 0.7575000000000001 0.6958174903846154 0.75125 0.6634980985576924 0.74625 0.6749049423076923 0.74 0.6901140673076923 0.72875 0.6901140673076923 0.7112499999999999 0.6711026610576922 0.70625 0.6539923966346154 0.70375 0.6368821298076923 0.6962499999999999 0.6463878317307692 0.68375 0.6216730048076923 0.67375 0.5893536129807692 0.6775 0.5684410649038462 0.6825 0.53422053125 0.69125 0.51140684375 0.70375 0.5 0.73125