402 0.07646356009615385 0 0.07870370432692307 0.09259259375 0.23611111057692308 0.09876543269230768 0.23842592548076924 0.1203703701923077 0.6365740745192308 0.1512345673076923 0.9884259254807692 0.04320987740384615 0.9862654326923077 0 0.07646356009615385 0
655 0.7199074062499999 0.7623456778846154 0.8287037043269231 0.8209876538461539 0.8425925937500001 0.27777777884615384 0.7314814807692307 0.2870370360576923 0.7199074062499999 0.7623456778846154
1113 0.08101851923076923 0.2870370360576923 0.09722222115384614 0.8209876538461539 0.5740740745192308 0.746913579326923 0.576388889423077 0.2962962956730769 0.08101851923076923 0.2870370360576923
1142 0.5370370360576924 0.1512345673076923 0.5 0.16049382692307693 0.4953703701923077 0.17283950721153846 0.326388889423077 0.2283950625 0.3356481490384615 0.2407407403846154 0.3495370360576923 0.23765432211538462 0.34259259375 0.3456790120192308 0.3518518509615385 0.2407407403846154 0.3518518509615385 0.23148148076923075 0.4930555552884615 0.18518518509615384 0.49074074038461535 0.20679012259615387 0.5069444447115384 0.20679012259615387 0.5092592596153847 0.21604938221153847 0.5879629639423076 0.2283950625 0.6412037043269231 0.20987654326923078 0.6435185192307693 0.16975308653846152 0.6342592596153847 0.16975308653846152 0.6342592596153847 0.16049382692307693 0.5370370360576924 0.1512345673076923
1764 0.8495370360576923 0.9043209879807693 0.8587962956730769 0.9043209879807693 0.8703703701923077 0.8981481490384616 0.8703703701923077 0.8518518509615384 0.8587962956730769 0.8425925937500001 0.8449074062499999 0.8425925937500001 0.8379629639423077 0.8425925937500001 0.8379629639423077 0.8950617283653847 0.8495370360576923 0.9043209879807693
1764 0.9444444447115384 0.8919753076923077 0.9305555552884616 0.8919753076923077 0.9212962956730769 0.9043209879807693 0.9189814807692307 0.9567901225961539 0.9259259254807692 0.9598765432692308 0.9375 0.9629629639423077 0.9490740745192308 0.9629629639423077 0.9537037043269231 0.9567901225961539 0.9560185192307693 0.9043209879807693 0.9537037043269231 0.9012345673076924 0.9444444447115384 0.8919753076923077
655 0.9883221225961538 0 0.965277778846154 0.6851851850961539 0.9490740745192308 0.996913579326923 1 0.996913579326923 1 0 0.9883221225961538 0
1885 0.9884259254807692 0.04320987740384615 0.6412037043269231 0.1512345673076923 0.6273148149038461 0.7283950625 0.902777778846154 0.9104938269230769 0.9490740745192308 0.9382716057692307 0.9884259254807692 0.04320987740384615
1885 0.23611111057692308 0.1203703701923077 0.23379629567307691 0.09876543269230768 0.07870370432692307 0.08950617307692309 0.07638888942307692 0.19135802403846155 0.08101851923076923 0.2870370360576923 0.5787037043269231 0.2962962956730769 0.576388889423077 0.7345679014423077 0.625 0.7283950625 0.6435185192307693 0.1512345673076923 0.23611111057692308 0.1203703701923077
1885 0.004629629807692308 0 0.004629629807692308 0.9938271610576923 0.11111111057692308 0.996913579326923 0.07418838701923078 0 0.004629629807692308 0
792 0.10185185096153847 0.8209876538461539 0.11342592548076923 0.9938271610576923 0.909722221153846 0.9938271610576923 0.9490740745192308 0.9938271610576923 0.951388889423077 0.9382716057692307 0.6273148149038461 0.7283950625 0.5740740745192308 0.7314814807692307 0.5740740745192308 0.746913579326923 0.10185185096153847 0.8209876538461539