402 0 0 0 0.24924924999999998 0.002 0.5015015024038462 0.012 0.516516516826923 0.056 0.48348348317307693 0.098 0.5465465456730769 0.14 0.516516516826923 0.16999999999999998 0.5645645649038461 0.196 0.5375375384615384 0.222 0.5765765769230768 0.24000000000000002 0.5525525528846154 0.264 0.5915915913461538 0.28 0.5855855865384615 0.298 0.5255255264423077 0.322 0.49849849759615383 0.36 0.4804804807692308 0.504 0.42942943028846153 0.638 0.4774774783653846 0.678 0.4954954951923077 0.7 0.5135135144230769 0.728 0.5435435432692308 0.7420000000000001 0.6126126129807692 0.756 0.5975975985576923 0.7759999999999999 0.5735735745192307 0.788 0.5885885889423077 0.804 0.5615615625 0.826 0.5855855865384615 0.8520000000000001 0.5405405408653846 0.878 0.5765765769230768 0.9159999999999999 0.5195195192307692 0.962 0.5585585576923077 0.996 0.516516516826923 0.996 0 0 0
876 0.722 0.5345345336538462 0.702 0.5135135144230769 0.67 0.4924924927884616 0.506 0.42642642548076926 0.36 0.4774774783653846 0.32399999999999995 0.4954954951923077 0.298 0.5195195192307692 0.286 0.5555555552884616 0.28 0.5915915913461538 0.302 0.5975975985576923 0.7420000000000001 0.6096096105769231 0.728 0.5495495504807693 0.722 0.5345345336538462
823 0.276 0.5855855865384615 0.23 0.59459459375 0.216 0.6936936947115384 0.53 0.7117117115384615 0.78 0.7147147139423077 0.764 0.6156156153846154 0.74 0.6096096105769231 0.276 0.5855855865384615
1424 0.606 0.8648648653846155 0.5760000000000001 0.7537537548076922 0.584 0.7177177187499999 0.49 0.7117117115384615 0.498 0.7387387379807693 0.46799999999999997 0.7807807812499999 0.454 0.8318318317307691 0.43 0.9009009014423076 0.412 0.9879879879807691 0.6679999999999999 0.9909909903846154 0.6479999999999999 0.954954954326923 0.606 0.8648648653846155
1643 0.412 0.7237237235576923 0.40599999999999997 0.7477477475961538 0.432 0.75075075 0.438 0.7147147139423077 0.446 0.6936936947115384 0.41800000000000004 0.6966966971153846 0.412 0.7237237235576923
1643 0.698 0.7687687692307693 0.714 0.7627627620192308 0.7080000000000001 0.7117117115384615 0.6679999999999999 0.7117117115384615 0.6819999999999999 0.7837837836538462 0.6900000000000001 0.7867867860576924 0.698 0.7807807812499999 0.698 0.7687687692307693
1367 0.462 0.7837837836538462 0.492 0.7477477475961538 0.494 0.7207207211538461 0.482 0.7087087091346155 0.444 0.7087087091346155 0.432 0.75075075 0.40399999999999997 0.75075075 0.33399999999999996 0.8228228221153846 0.296 0.8708708701923077 0.27399999999999997 0.8858858870192308 0.182 0.9849849855769232 0.402 0.9879879879807691 0.412 0.9879879879807691 0.43 0.9009009014423076 0.452 0.8378378389423078 0.462 0.7837837836538462
1367 0.296 0.8648648653846155 0.348 0.7987987980769231 0.38799999999999996 0.7657657668269231 0.402 0.7477477475961538 0.414 0.7087087091346155 0.398 0.7177177187499999 0.336 0.7717717716346153 0.23399999999999999 0.8408408413461538 0.12000000000000001 0.9339339350961539 0.044 0.9819819831730769 0.08600000000000001 0.9849849855769232 0.17200000000000001 0.9819819831730769 0.256 0.8978978990384616 0.276 0.873873875 0.296 0.8648648653846155
1810 0 0.9849849855769232 0.04 0.9849849855769232 0.384 0.7267267259615384 0.4 0.7057057067307693 0.364 0.7027027019230769 0 0.843072579326923 0 0.9849849855769232
1367 0.628 0.8198198197115385 0.596 0.7657657668269231 0.59 0.7177177187499999 0.584 0.7177177187499999 0.5780000000000001 0.7417417427884616 0.574 0.7597597596153847 0.59 0.7987987980769231 0.6 0.8378378389423078 0.614 0.8798798798076923 0.642 0.9429429423076924 0.6679999999999999 0.9879879879807691 0.762 0.9939939951923077 0.734 0.9639639639423077 0.6819999999999999 0.9009009014423076 0.628 0.8198198197115385
1810 0.732 0.8348348341346153 0.6940000000000001 0.8048048052884614 0.6639999999999999 0.7747747740384615 0.652 0.7657657668269231 0.638 0.7687687692307693 0.6319999999999999 0.7747747740384615 0.628 0.8108108100961539 0.652 0.8558558557692308 0.6880000000000001 0.9039039038461538 0.764 0.9909909903846154 0.9159999999999999 0.9879879879807691 0.8979999999999999 0.9579579591346155 0.838 0.9129129134615385 0.7899999999999999 0.8768768774038461 0.732 0.8348348341346153
1424 0.592 0.7177177187499999 0.598 0.7567567572115385 0.608 0.7867867860576924 0.628 0.8078078076923076 0.628 0.7927927932692308 0.6319999999999999 0.7717717716346153 0.624 0.7657657668269231 0.6180000000000001 0.7477477475961538 0.6180000000000001 0.7237237235576923 0.62 0.7147147139423077 0.592 0.7177177187499999
1367 0.736 0.7477477475961538 0.714 0.7297297307692308 0.714 0.7567567572115385 0.698 0.7717717716346153 0.698 0.7867867860576924 0.6819999999999999 0.7867867860576924 0.674 0.7597597596153847 0.6639999999999999 0.7387387379807693 0.652 0.7207207211538461 0.62 0.7207207211538461 0.62 0.7477477475961538 0.63 0.7657657668269231 0.64 0.7627627620192308 0.6499999999999999 0.7597597596153847 0.6900000000000001 0.8018018028846154 0.764 0.8588588581730769 0.8979999999999999 0.9579579591346155 0.9179999999999999 0.9879879879807691 0.996 0.9879879879807691 0.996 0.8858858870192308 0.922 0.8528528533653846 0.8079999999999999 0.7927927932692308 0.736 0.7477477475961538
1810 0.786 0.7717717716346153 0.822 0.7987987980769231 0.8840000000000001 0.8318318317307691 0.9420000000000001 0.8618618629807693 0.9740000000000001 0.873873875 0.994 0.8858858870192308 0.998 0.8618618629807693 0.996 0.8108108100961539 0.8059999999999999 0.7387387379807693 0.786 0.75075075 0.786 0.7717717716346153
1648 0.734 0.7567567572115385 0.722 0.75075075 0.714 0.7657657668269231 0.702 0.7657657668269231 0.702 0.8018018028846154 0.748 0.84384384375 0.762 0.8378378389423078 0.778 0.8348348341346153 0.778 0.7867867860576924 0.748 0.7657657668269231 0.734 0.7567567572115385
1648 0.33199999999999996 0.888888889423077 0.314 0.888888889423077 0.3 0.8618618629807693 0.27399999999999997 0.888888889423077 0.24400000000000002 0.888888889423077 0.2 0.9489489495192308 0.216 0.9729729735576923 0.216 0.9849849855769232 0.368 0.9789789783653846 0.358 0.9189189182692308 0.364 0.8978978990384616 0.348 0.9009009014423076 0.34600000000000003 0.891891891826923 0.33199999999999996 0.888888889423077
1885 0.878 0.5735735745192307 0.8520000000000001 0.5375375384615384 0.824 0.5855855865384615 0.8 0.5585585576923077 0.788 0.5855855865384615 0.778 0.5735735745192307 0.746 0.6096096105769231 0.764 0.6156156153846154 0.778 0.7177177187499999 0.804 0.7357357355769231 0.996 0.8048048052884614 0.996 0.7477477475961538 0.994 0.5135135144230769 0.962 0.5555555552884616 0.9159999999999999 0.5195195192307692 0.878 0.5735735745192307
1424 0.7100000000000001 0.7177177187499999 0.722 0.7357357355769231 0.768 0.7627627620192308 0.786 0.7717717716346153 0.78 0.75075075 0.7899999999999999 0.7447447451923076 0.798 0.7357357355769231 0.7739999999999999 0.7207207211538461 0.7100000000000001 0.7177177187499999
1379 0.9319999999999999 0.6276276274038461 0.892 0.6276276274038461 0.894 0.7837837836538462 0.9319999999999999 0.7897897908653846 0.9319999999999999 0.6276276274038461
1379 0.858 0.6306306298076922 0.83 0.6306306298076922 0.8320000000000001 0.7627627620192308 0.856 0.777777778846154 0.858 0.6306306298076922
1379 0.152 0.6036036033653847 0.12000000000000001 0.59459459375 0.12000000000000001 0.7357357355769231 0.146 0.732732733173077 0.152 0.6036036033653847
1379 0.076 0.5975975985576923 0.032 0.59459459375 0.026000000000000002 0.7627627620192308 0.07 0.7537537548076922 0.076 0.5975975985576923
1885 0 0.7502272908653846 0.216 0.6936936947115384 0.232 0.59459459375 0.264 0.5855855865384615 0.242 0.5495495504807693 0.224 0.5705705697115385 0.196 0.5375375384615384 0.16999999999999998 0.5585585576923077 0.14 0.516516516826923 0.1 0.5465465456730769 0.056 0.48348348317307693 0.012 0.516516516826923 0 0.5010725024038462 0 0.7502272908653846
1367 0.214 0.6966966971153846 0.002 0.7537537548076922 0.002 0.8198198197115385 0.002 0.8408408413461538 0.33999999999999997 0.7057057067307693 0.214 0.6966966971153846
1276 0.398 0.8228228221153846 0.398 0.8138138149038461 0.392 0.8138138149038461 0.38799999999999996 0.8048048052884614 0.382 0.8108108100961539 0.38 0.8288288293269231 0.374 0.8348348341346153 0.372 0.8498498509615384 0.37 0.8678678677884615 0.372 0.8708708701923077 0.372 0.888888889423077 0.384 0.8858858870192308 0.384 0.9009009014423076 0.386 0.9039039038461538 0.382 0.9219219230769231 0.386 0.9399399399038462 0.39 0.9489489495192308 0.394 0.9249249254807693 0.398 0.9279279278846153 0.398 0.9129129134615385 0.40599999999999997 0.9099099110576923 0.402 0.8948948942307692 0.402 0.8768768774038461 0.40599999999999997 0.8528528533653846 0.40599999999999997 0.8468468461538462 0.40599999999999997 0.8348348341346153 0.398 0.8228228221153846
1562 0.652 0.6336336346153846 0.566 0.6306306298076922 0.566 0.6606606610576923 0.5680000000000001 0.6606606610576923 0.652 0.6636636634615385 0.652 0.6336336346153846
1562 0.424 0.6276276274038461 0.34199999999999997 0.6246246249999999 0.33999999999999997 0.6546546538461538 0.422 0.6576576586538461 0.424 0.6276276274038461
1562 0.6799999999999999 0.6366366370192308 0.6799999999999999 0.6666666658653846 0.766 0.6666666658653846 0.766 0.6396396394230769 0.6799999999999999 0.6366366370192308
1562 0.23399999999999999 0.6186186177884616 0.232 0.6486486490384615 0.314 0.6516516514423076 0.314 0.6216216225961539 0.23399999999999999 0.6186186177884616