1811 0.87 0.4238578677884615 0.41600000000000004 0.4593908629807692 0.412 0.48477157451923075 0.95 0.5482233509615384 0.964 0.47461928846153845 0.87 0.4238578677884615
402 0.004 0 0.004 0.1776649735576923 0.262 0.4340101514423077 0.298 0.4365482235576923 0.298 0.4568527908653846 0.33199999999999996 0.4568527908653846 1 0.05450412980769231 1 0.02538071153846154 0.9981818173076923 0 0.004 0
1885 1 0.05450054326923077 0.33 0.4568527908653846 0.336 0.48223350240384616 0.444 0.4974619278846154 0.464 0.49492385817307694 0.462 0.4670050769230769 0.5 0.45177664903846154 0.49600000000000005 0.5050761418269231 0.536 0.5076142139423078 0.532 0.44162436538461536 0.5940000000000001 0.44162436538461536 0.588 0.5177664975961538 0.604 0.5253807115384616 0.6340000000000001 0.5228426394230768 0.63 0.43908629326923077 0.858 0.4238578677884615 0.888 0.4263959399038461 0.954 0.4644670048076923 0.968 0.47208121875 0.946 0.5837563461538461 1 0.5886511947115385 1 0.05450054326923077
1367 1 0.5581428533653846 0.326 0.47969543028846157 0.326 0.4873096442307692 1 0.73783528125 1 0.5581428533653846
1808 1 0.7352919158653847 0.32399999999999995 0.48223350240384616 0.3 0.47969543028846157 0.40399999999999997 0.9949238581730769 1 0.9949238581730769 1 0.7352919158653847
1294 0.272 0.5380710649038462 0.268 0.5203045697115385 0.266 0.5050761418269231 0.266 0.4923857860576923 0.266 0.48477157451923075 0.266 0.47969543028846157 0.268 0.4771573605769231 0.266 0.4695431466346154 0.262 0.4695431466346154 0.26 0.48477157451923075 0.26 0.4898477163461538 0.26 0.5253807115384616 0.264 0.5304568533653846 0.258 0.5380710649038462 0.272 0.5380710649038462
1294 0.228 0.4771573605769231 0.222 0.4873096442307692 0.224 0.5 0.228 0.5101522836538461 0.228 0.5304568533653846 0.228 0.5431472091346154 0.238 0.5380710649038462 0.238 0.5355329951923077 0.246 0.5456852788461538 0.24000000000000002 0.52791878125 0.24000000000000002 0.5076142139423078 0.23600000000000002 0.4873096442307692 0.23399999999999999 0.47969543028846157 0.23399999999999999 0.4644670048076923 0.224 0.4644670048076923 0.228 0.4771573605769231
1276 0.224 0.5507614206730769 0.22 0.5380710649038462 0.222 0.52791878125 0.22 0.5076142139423078 0.22 0.5 0.21 0.4923857860576923 0.212 0.48477157451923075 0.21 0.47969543028846157 0.206 0.47461928846153845 0.20400000000000001 0.4644670048076923 0.19399999999999998 0.4695431466346154 0.19399999999999998 0.47969543028846157 0.188 0.47969543028846157 0.188 0.4695431466346154 0.182 0.4695431466346154 0.18 0.4771573605769231 0.174 0.48223350240384616 0.174 0.5076142139423078 0.178 0.5253807115384616 0.178 0.5431472091346154 0.178 0.5609137067307692 0.186 0.5532994927884615 0.19 0.5609137067307692 0.192 0.5532994927884615 0.2 0.5583756346153846 0.2 0.5532994927884615 0.20800000000000002 0.5583756346153846 0.212 0.5583756346153846 0.218 0.5583756346153846 0.224 0.5507614206730769
1298 0.15799999999999997 0.48223350240384616 0.16199999999999998 0.48477157451923075 0.15799999999999997 0.4873096442307692 0.15 0.5025380721153846 0.15799999999999997 0.5177664975961538 0.15799999999999997 0.5329949230769231 0.156 0.5532994927884615 0.16199999999999998 0.5558375625 0.16599999999999998 0.5253807115384616 0.174 0.5532994927884615 0.174 0.5406091370192307 0.16999999999999998 0.5253807115384616 0.16999999999999998 0.5126903557692308 0.16999999999999998 0.4974619278846154 0.17200000000000001 0.4898477163461538 0.164 0.4873096442307692 0.16599999999999998 0.47969543028846157 0.16199999999999998 0.47461928846153845 0.15799999999999997 0.48223350240384616
861 0.33 0.47969543028846157 0.33 0.4568527908653846 0.296 0.45431472115384613 0.296 0.4670050769230769 0.298 0.48223350240384616 0.33 0.47969543028846157
1885 0.258 0.4365482235576923 0.26 0.4873096442307692 0.29 0.4873096442307692 0.298 0.48223350240384616 0.296 0.4365482235576923 0.258 0.4365482235576923
1885 0.254 0.4898477163461538 0.258 0.4340101514423077 0.006 0.1776649735576923 0.004 0.5862944158653847 0.254 0.4898477163461538
1942 0.024 0.3527918774038462 0.026000000000000002 0.49492385817307694 0.074 0.4923857860576923 0.074 0.37563451682692306 0.024 0.3527918774038462
1367 0.302 0.48223350240384616 0.258 0.48477157451923075 0.004 0.5862944158653847 0.004 0.9974619278846154 0.402 0.9949238581730769 0.302 0.48223350240384616
1027 0.292 0.058375634615384614 0.302 0.053299492788461536 0.298 0.030456853365384617 0.28800000000000003 0.01269035576923077 0.276 0.02791878125 0.272 0.045685278846153844 0.276 0.058375634615384614 0.292 0.058375634615384614
1027 0.074 0.05076142067307692 0.084 0.04060913701923077 0.07200000000000001 0.022842639423076922 0.060000000000000005 0.007614213942307693 0.05 0.020304569711538458 0.044 0.030456853365384617 0.048 0.04060913701923077 0.058 0.048223350961538465 0.074 0.05076142067307692
1027 0.3 0.20558375721153846 0.304 0.1928934014423077 0.292 0.18781725961538462 0.294 0.17005076201923078 0.28400000000000003 0.16497462019230769 0.282 0.1852791875 0.27399999999999997 0.19543147115384615 0.27799999999999997 0.20558375721153846 0.28800000000000003 0.20812182692307693 0.3 0.20558375721153846
1027 0.14 0.2005076153846154 0.15 0.20304568509615384 0.16 0.2005076153846154 0.15 0.18020304567307693 0.14 0.18781725961538462 0.138 0.19543147115384615 0.14 0.2005076153846154
1027 0.848 0.129441625 0.862 0.129441625 0.864 0.11421319711538461 0.854 0.08375634615384617 0.842 0.08883248798076923 0.8320000000000001 0.11421319711538461 0.8340000000000001 0.129441625 0.848 0.129441625
1562 0.7100000000000001 0.5406091370192307 0.7579999999999999 0.5456852788461538 0.7579999999999999 0.4467005072115385 0.7100000000000001 0.4467005072115385 0.7100000000000001 0.5406091370192307
1562 0.55 0.4467005072115385 0.552 0.5177664975961538 0.5780000000000001 0.5177664975961538 0.574 0.44416243749999995 0.55 0.4467005072115385
1622 0.33999999999999997 0.06852791826923077 0.33999999999999997 0.08121827403846155 0.35 0.09898477163461537 0.372 0.1218274110576923 0.376 0.10659898557692307 0.372 0.09644669951923078 0.38 0.07614213221153845 0.366 0.06598984855769231 0.358 0.06598984855769231 0.34600000000000003 0.07360406009615385 0.33999999999999997 0.06852791826923077
1622 0.322 0.23604060817307693 0.326 0.24619289423076923 0.33 0.25888324759615383 0.33999999999999997 0.26903553365384614 0.34199999999999997 0.2487309639423077 0.34400000000000003 0.2436548221153846 0.338 0.23604060817307693 0.33 0.23604060817307693 0.322 0.23604060817307693