866 0.005985074519230769 0 0.004 0.35752688221153844 0.056 0.8548387091346155 0.074 0.8145161298076923 0.108 0.7768817211538461 0.15399999999999997 0.74462365625 0.19 0.7392473125 0.224 0.7473118269230768 0.258 0.76612903125 0.282 0.7956989254807693 0.314 0.8225806442307693 0.948 0 0.005985074519230769 0
1885 0.05 0.9166666658653846 0.048 0.9973118269230768 0.302 0.9973118269230768 0.306 0.8225806442307693 0.28800000000000003 0.7983870961538462 0.272 0.7768817211538461 0.23399999999999999 0.75 0.20800000000000002 0.7392473125 0.176 0.7365591394230768 0.146 0.7473118269230768 0.11800000000000001 0.76612903125 0.094 0.7876344086538462 0.068 0.8306451610576923 0.056 0.8548387091346155 0.05 0.9166666658653846
1885 0.056 0.8548387091346155 0.006 0.36290322596153846 0.004 0.99462365625 0.046 0.99462365625 0.056 0.8548387091346155
1885 0.9440000000000001 0 0.30799999999999994 0.8225806442307693 0.3 0.99462365625 1 0.9973041682692307 1 0 0.9440000000000001 0
1942 0.89 0.22580645192307694 0.8819999999999999 0.2392473125 0.902 0.529569891826923 0.984 0.47043010817307696 0.962 0.1451612908653846 0.9359999999999999 0.15322580528846153 0.912 0.1720430096153846 0.896 0.20161290384615385 0.89 0.22580645192307694
1942 0.718 0.41935483894230774 0.7240000000000001 0.6639784951923077 0.772 0.6263440865384615 0.76 0.37096774278846156 0.748 0.3682795697115384 0.732 0.3817204302884616 0.7260000000000001 0.38978494711538464 0.722 0.4059139783653846 0.718 0.41935483894230774
1942 0.604 0.5430107524038461 0.608 0.74462365625 0.638 0.7204301081730768 0.63 0.5107526875 0.62 0.5134408605769231 0.612 0.5241935480769231 0.606 0.5376344086538462 0.604 0.5430107524038461
1942 0.526 0.6317204302884616 0.526 0.8037634399038461 0.55 0.7876344086538462 0.546 0.6102150528846153 0.542 0.6048387091346153 0.536 0.6075268822115384 0.532 0.6155913990384616 0.526 0.6317204302884616
1942 0.46799999999999997 0.6908602139423077 0.46799999999999997 0.6989247307692307 0.46599999999999997 0.8467741947115385 0.482 0.8333333341346154 0.486 0.7016129038461538 0.48000000000000004 0.6774193557692307 0.476 0.6774193557692307 0.47000000000000003 0.6827956995192307 0.46799999999999997 0.6908602139423077
1942 0.20800000000000002 0.8817204302884616 0.20800000000000002 0.9623655913461538 0.242 0.9623655913461538 0.246 0.8817204302884616 0.20800000000000002 0.8817204302884616
1942 0.16 0.8844086009615384 0.15799999999999997 0.9623655913461538 0.19399999999999998 0.9623655913461538 0.196 0.8844086009615384 0.16 0.8844086009615384
1942 0.266 0.9032258052884615 0.264 0.9596774182692307 0.28800000000000003 0.9569892475961539 0.28800000000000003 0.9032258052884615 0.266 0.9032258052884615
1942 0.112 0.8844086009615384 0.108 0.9596774182692307 0.14 0.9596774182692307 0.146 0.8844086009615384 0.112 0.8844086009615384
1942 0.062000000000000006 0.9005376346153846 0.058 0.9543010745192307 0.08 0.9569892475961539 0.084 0.9005376346153846 0.062000000000000006 0.9005376346153846