402 0.004 0 0.004 0.516516516826923 0.038 0.5585585576923077 0.084 0.5195195192307692 0.12200000000000001 0.5765765769230768 0.148 0.5405405408653846 0.174 0.5855855865384615 0.196 0.5615615625 0.212 0.5885885889423077 0.224 0.5735735745192307 0.24400000000000002 0.5975975985576923 0.258 0.6126126129807692 0.272 0.5435435432692308 0.3 0.5135135144230769 0.322 0.4954954951923077 0.36200000000000004 0.4774774783653846 0.49600000000000005 0.42942943028846153 0.64 0.4804804807692308 0.678 0.49849849759615383 0.702 0.5255255264423077 0.72 0.5855855865384615 0.736 0.5915915913461538 0.76 0.5525525528846154 0.778 0.5765765769230768 0.804 0.5375375384615384 0.83 0.5645645649038461 0.86 0.516516516826923 0.902 0.5465465456730769 0.9440000000000001 0.48348348317307693 0.988 0.516516516826923 0.998 0.5015015024038462 1 0.24924924999999998 1 0 0.004 0
876 0.272 0.5495495504807693 0.258 0.6096096105769231 0.698 0.5975975985576923 0.72 0.5915915913461538 0.714 0.5555555552884616 0.702 0.5195195192307692 0.676 0.4954954951923077 0.64 0.4774774783653846 0.494 0.42642642548076926 0.33 0.4924924927884616 0.298 0.5135135144230769 0.27799999999999997 0.5345345336538462 0.272 0.5495495504807693
823 0.26 0.6096096105769231 0.23600000000000002 0.6156156153846154 0.22 0.7147147139423077 0.47000000000000003 0.7117117115384615 0.784 0.6936936947115384 0.77 0.59459459375 0.7240000000000001 0.5855855865384615 0.26 0.6096096105769231
1424 0.352 0.954954954326923 0.33199999999999996 0.9909909903846154 0.588 0.9879879879807691 0.5700000000000001 0.9009009014423076 0.546 0.8318318317307691 0.532 0.7807807812499999 0.502 0.7387387379807693 0.51 0.7117117115384615 0.41600000000000004 0.7177177187499999 0.424 0.7537537548076922 0.394 0.8648648653846155 0.352 0.954954954326923
1643 0.582 0.6966966971153846 0.554 0.6936936947115384 0.562 0.7147147139423077 0.5680000000000001 0.75075075 0.5940000000000001 0.7477477475961538 0.588 0.7237237235576923 0.582 0.6966966971153846
1643 0.302 0.7807807812499999 0.31 0.7867867860576924 0.318 0.7837837836538462 0.33199999999999996 0.7117117115384615 0.292 0.7117117115384615 0.286 0.7627627620192308 0.302 0.7687687692307693 0.302 0.7807807812499999
1367 0.5479999999999999 0.8378378389423078 0.5700000000000001 0.9009009014423076 0.588 0.9879879879807691 0.598 0.9879879879807691 0.8180000000000001 0.9849849855769232 0.7260000000000001 0.8858858870192308 0.704 0.8708708701923077 0.6659999999999999 0.8228228221153846 0.596 0.75075075 0.5680000000000001 0.75075075 0.5559999999999999 0.7087087091346155 0.518 0.7087087091346155 0.506 0.7207207211538461 0.508 0.7477477475961538 0.538 0.7837837836538462 0.5479999999999999 0.8378378389423078
1367 0.7240000000000001 0.873873875 0.744 0.8978978990384616 0.828 0.9819819831730769 0.9139999999999999 0.9849849855769232 0.9560000000000001 0.9819819831730769 0.88 0.9339339350961539 0.766 0.8408408413461538 0.6639999999999999 0.7717717716346153 0.602 0.7177177187499999 0.5860000000000001 0.7087087091346155 0.598 0.7477477475961538 0.612 0.7657657668269231 0.652 0.7987987980769231 0.704 0.8648648653846155 0.7240000000000001 0.873873875
1810 1 0.843072579326923 0.636 0.7027027019230769 0.6 0.7057057067307693 0.6159999999999999 0.7267267259615384 0.9600000000000001 0.9849849855769232 1 0.9849849855769232 1 0.843072579326923
1367 0.318 0.9009009014423076 0.266 0.9639639639423077 0.238 0.9939939951923077 0.33199999999999996 0.9879879879807691 0.358 0.9429429423076924 0.386 0.8798798798076923 0.4 0.8378378389423078 0.41000000000000003 0.7987987980769231 0.42600000000000005 0.7597597596153847 0.422 0.7417417427884616 0.41600000000000004 0.7177177187499999 0.41000000000000003 0.7177177187499999 0.40399999999999997 0.7657657668269231 0.372 0.8198198197115385 0.318 0.9009009014423076
1810 0.21 0.8768768774038461 0.16199999999999998 0.9129129134615385 0.10200000000000001 0.9579579591346155 0.084 0.9879879879807691 0.23600000000000002 0.9909909903846154 0.312 0.9039039038461538 0.348 0.8558558557692308 0.372 0.8108108100961539 0.368 0.7747747740384615 0.36200000000000004 0.7687687692307693 0.348 0.7657657668269231 0.336 0.7747747740384615 0.306 0.8048048052884614 0.268 0.8348348341346153 0.21 0.8768768774038461
1424 0.38 0.7147147139423077 0.382 0.7237237235576923 0.382 0.7477477475961538 0.376 0.7657657668269231 0.368 0.7717717716346153 0.372 0.7927927932692308 0.372 0.8078078076923076 0.392 0.7867867860576924 0.402 0.7567567572115385 0.40800000000000003 0.7177177187499999 0.38 0.7147147139423077
1367 0.192 0.7927927932692308 0.078 0.8528528533653846 0.004 0.8858858870192308 0.004 0.9879879879807691 0.082 0.9879879879807691 0.10200000000000001 0.9579579591346155 0.23600000000000002 0.8588588581730769 0.31 0.8018018028846154 0.35 0.7597597596153847 0.36 0.7627627620192308 0.37 0.7657657668269231 0.38 0.7477477475961538 0.38 0.7207207211538461 0.348 0.7207207211538461 0.336 0.7387387379807693 0.326 0.7597597596153847 0.318 0.7867867860576924 0.302 0.7867867860576924 0.302 0.7717717716346153 0.286 0.7567567572115385 0.286 0.7297297307692308 0.264 0.7477477475961538 0.192 0.7927927932692308
1810 0.214 0.75075075 0.19399999999999998 0.7387387379807693 0.004 0.8108108100961539 0.002 0.8618618629807693 0.006 0.8858858870192308 0.026000000000000002 0.873873875 0.058 0.8618618629807693 0.116 0.8318318317307691 0.178 0.7987987980769231 0.214 0.7717717716346153 0.214 0.75075075
1648 0.252 0.7657657668269231 0.222 0.7867867860576924 0.222 0.8348348341346153 0.238 0.8378378389423078 0.252 0.84384384375 0.298 0.8018018028846154 0.298 0.7657657668269231 0.286 0.7657657668269231 0.27799999999999997 0.75075075 0.266 0.7567567572115385 0.252 0.7657657668269231
1648 0.654 0.891891891826923 0.652 0.9009009014423076 0.636 0.8978978990384616 0.642 0.9189189182692308 0.6319999999999999 0.9789789783653846 0.784 0.9849849855769232 0.784 0.9729729735576923 0.8 0.9489489495192308 0.756 0.888888889423077 0.7260000000000001 0.888888889423077 0.7 0.8618618629807693 0.6859999999999999 0.888888889423077 0.6679999999999999 0.888888889423077 0.654 0.891891891826923
1885 0.084 0.5195195192307692 0.038 0.5555555552884616 0.006 0.5135135144230769 0.004 0.7477477475961538 0.004 0.8048048052884614 0.196 0.7357357355769231 0.222 0.7177177187499999 0.23600000000000002 0.6156156153846154 0.254 0.6096096105769231 0.222 0.5735735745192307 0.212 0.5855855865384615 0.2 0.5585585576923077 0.176 0.5855855865384615 0.148 0.5375375384615384 0.12200000000000001 0.5735735745192307 0.084 0.5195195192307692
1424 0.226 0.7207207211538461 0.20199999999999999 0.7357357355769231 0.21 0.7447447451923076 0.22 0.75075075 0.214 0.7717717716346153 0.232 0.7627627620192308 0.27799999999999997 0.7357357355769231 0.29 0.7177177187499999 0.226 0.7207207211538461
1379 0.068 0.7897897908653846 0.106 0.7837837836538462 0.108 0.6276276274038461 0.068 0.6276276274038461 0.068 0.7897897908653846
1379 0.14400000000000002 0.777777778846154 0.168 0.7627627620192308 0.16999999999999998 0.6306306298076922 0.14200000000000002 0.6306306298076922 0.14400000000000002 0.777777778846154
1379 0.854 0.732732733173077 0.88 0.7357357355769231 0.88 0.59459459375 0.848 0.6036036033653847 0.854 0.732732733173077
1379 0.9299999999999999 0.7537537548076922 0.9740000000000001 0.7627627620192308 0.968 0.59459459375 0.924 0.5975975985576923 0.9299999999999999 0.7537537548076922
1885 1 0.5010725024038462 0.988 0.516516516826923 0.9440000000000001 0.48348348317307693 0.8999999999999999 0.5465465456730769 0.86 0.516516516826923 0.83 0.5585585576923077 0.804 0.5375375384615384 0.7759999999999999 0.5705705697115385 0.7579999999999999 0.5495495504807693 0.736 0.5855855865384615 0.768 0.59459459375 0.784 0.6936936947115384 1 0.7502272908653846 1 0.5010725024038462
1367 0.66 0.7057057067307693 0.998 0.8408408413461538 0.998 0.8198198197115385 0.998 0.7537537548076922 0.786 0.6966966971153846 0.66 0.7057057067307693
1276 0.5940000000000001 0.8348348341346153 0.5940000000000001 0.8468468461538462 0.5940000000000001 0.8528528533653846 0.598 0.8768768774038461 0.598 0.8948948942307692 0.5940000000000001 0.9099099110576923 0.602 0.9129129134615385 0.602 0.9279279278846153 0.606 0.9249249254807693 0.61 0.9489489495192308 0.614 0.9399399399038462 0.6180000000000001 0.9219219230769231 0.614 0.9039039038461538 0.6159999999999999 0.9009009014423076 0.6159999999999999 0.8858858870192308 0.628 0.888888889423077 0.628 0.8708708701923077 0.63 0.8678678677884615 0.628 0.8498498509615384 0.626 0.8348348341346153 0.62 0.8288288293269231 0.6180000000000001 0.8108108100961539 0.612 0.8048048052884614 0.608 0.8138138149038461 0.602 0.8138138149038461 0.602 0.8228228221153846 0.5940000000000001 0.8348348341346153
1562 0.348 0.6636636634615385 0.432 0.6606606610576923 0.43400000000000005 0.6606606610576923 0.43400000000000005 0.6306306298076922 0.348 0.6336336346153846 0.348 0.6636636634615385
1562 0.5780000000000001 0.6576576586538461 0.66 0.6546546538461538 0.658 0.6246246249999999 0.5760000000000001 0.6276276274038461 0.5780000000000001 0.6576576586538461
1562 0.23399999999999999 0.6396396394230769 0.23399999999999999 0.6666666658653846 0.32 0.6666666658653846 0.32 0.6366366370192308 0.23399999999999999 0.6396396394230769
1562 0.6859999999999999 0.6216216225961539 0.6859999999999999 0.6516516514423076 0.768 0.6486486490384615 0.766 0.6186186177884616 0.6859999999999999 0.6216216225961539