866 0.9909365552884615 0 0.3413897283653846 0.002 0.49546827884615385 0.482 0.6072507548076923 0.456 0.7462235649038462 0.482 0.9939577043269231 0.108 0.9909365552884615 0
402 0.0030211490384615385 0 0.0030211490384615385 0.516 0.10271903365384616 0.5559999999999999 0.48338368509615387 0.486 0.33595413942307695 0 0.0030211490384615385 0
402 0.9909365552884615 0.5399999999999999 0.9939577043269231 0.108 0.7462235649038462 0.484 0.9909365552884615 0.5399999999999999
1885 0.7945619326923077 0.7260000000000001 0.9939577043269231 0.7080000000000001 0.9909365552884615 0.538 0.6042296081730769 0.454 0.10574018028846154 0.5559999999999999 0.4864048341346154 0.6940000000000001 0.5015105745192308 0.762 0.77039275 0.7579999999999999 0.7945619326923077 0.7260000000000001
1810 0 0.9920869567307692 0.06646525721153845 0.994 0.5015105745192308 0.764 0.4803625384615385 0.6880000000000001 0.0030211490384615385 0.514 0 0.753 0 0.9920869567307692
1810 0.7824773413461539 0.7579999999999999 0.9909365552884615 0.788 0.9939577043269231 0.7060000000000001 0.7945619326923077 0.7240000000000001 0.7824773413461539 0.7579999999999999
1367 0.7794561923076924 0.76 0.5075528701923078 0.766 0.06646525721153845 0.9920000000000001 0.3625377644230769 0.996 0.9909365552884615 0.994 0.9939577043269231 0.7939999999999999 0.7794561923076924 0.76
1032 0.8308157091346153 0.6499999999999999 0.8277945624999999 0.624 0.8096676730769231 0.6180000000000001 0.8096676730769231 0.598 0.7915407860576923 0.5700000000000001 0.7643504543269231 0.5760000000000001 0.7492447139423077 0.598 0.7552870096153845 0.6180000000000001 0.77039275 0.624 0.7673716009615384 0.63 0.7401812692307692 0.64 0.7129909375 0.622 0.694864048076923 0.624 0.6797583076923076 0.642 0.637462235576923 0.656 0.6042296081730769 0.6880000000000001 0.5830815721153846 0.702 0.5981873100961539 0.7060000000000001 0.6072507548076923 0.716 0.6465256802884615 0.714 0.7311178245192308 0.678 0.7613293052884615 0.662 0.7975830817307692 0.656 0.8308157091346153 0.6499999999999999
1276 0.6132930504807692 0.8079999999999999 0.6102719038461538 0.78 0.64350453125 0.7899999999999999 0.637462235576923 0.772 0.6767371610576922 0.782 0.6797583076923076 0.732 0.6525679759615385 0.7240000000000001 0.6344410865384614 0.718 0.6283987908653846 0.728 0.6102719038461538 0.732 0.5800604230769231 0.7260000000000001 0.5679758317307692 0.7240000000000001 0.5649546826923078 0.732 0.5438066466346154 0.73 0.5377643509615384 0.738 0.5166163149038462 0.734 0.5105740192307692 0.744 0.5135951658653846 0.77 0.49848942548076924 0.8 0.5226586105769231 0.8160000000000001 0.5317220552884615 0.796 0.5498489423076923 0.784 0.5649546826923078 0.8059999999999999 0.5830815721153846 0.8160000000000001 0.6132930504807692 0.8079999999999999
1942 0.08459214423076923 0.628 0.03625377644230769 0.624 0.021148036057692308 0.762 0.07854984855769231 0.762 0.08459214423076923 0.628
1942 0.15709969711538463 0.646 0.12084592067307692 0.642 0.10876132932692308 0.76 0.1480362548076923 0.756 0.15709969711538463 0.646
1942 0.21148036298076922 0.6499999999999999 0.17522658653846154 0.6499999999999999 0.1722054375 0.754 0.19939576923076924 0.748 0.21148036298076922 0.6499999999999999
655 0.3323262836538462 0.7919999999999999 0.36858006009615385 0.7899999999999999 0.37462235576923075 0.6839999999999999 0.3413897283653846 0.6819999999999999 0.3323262836538462 0.7919999999999999