866 0.052000000000000005 0 0.6859999999999999 0.8225806442307693 0.718 0.7956989254807693 0.7420000000000001 0.76612903125 0.7759999999999999 0.7473118269230768 0.8099999999999999 0.7392473125 0.846 0.74462365625 0.892 0.7768817211538461 0.926 0.8145161298076923 0.9440000000000001 0.8548387091346155 0.996 0.35752688221153844 0.9940149254807692 0 0.052000000000000005 0
1885 0.9440000000000001 0.8548387091346155 0.9319999999999999 0.8306451610576923 0.906 0.7876344086538462 0.8819999999999999 0.76612903125 0.854 0.7473118269230768 0.824 0.7365591394230768 0.7919999999999999 0.7392473125 0.766 0.75 0.728 0.7768817211538461 0.712 0.7983870961538462 0.6940000000000001 0.8225806442307693 0.698 0.9973118269230768 0.952 0.9973118269230768 0.95 0.9166666658653846 0.9440000000000001 0.8548387091346155
1885 0.954 0.99462365625 0.996 0.99462365625 0.994 0.36290322596153846 0.9440000000000001 0.8548387091346155 0.954 0.99462365625
1885 0 0 0 0.9973041682692307 0.7 0.99462365625 0.6920000000000001 0.8225806442307693 0.056 0 0 0
1942 0.10400000000000001 0.20161290384615385 0.088 0.1720430096153846 0.064 0.15322580528846153 0.038 0.1451612908653846 0.016 0.47043010817307696 0.098 0.529569891826923 0.11800000000000001 0.2392473125 0.11 0.22580645192307694 0.10400000000000001 0.20161290384615385
1942 0.27799999999999997 0.4059139783653846 0.27399999999999997 0.38978494711538464 0.268 0.3817204302884616 0.252 0.3682795697115384 0.24000000000000002 0.37096774278846156 0.228 0.6263440865384615 0.276 0.6639784951923077 0.282 0.41935483894230774 0.27799999999999997 0.4059139783653846
1942 0.394 0.5376344086538462 0.38799999999999996 0.5241935480769231 0.38 0.5134408605769231 0.37 0.5107526875 0.36200000000000004 0.7204301081730768 0.392 0.74462365625 0.39599999999999996 0.5430107524038461 0.394 0.5376344086538462
1942 0.46799999999999997 0.6155913990384616 0.464 0.6075268822115384 0.45799999999999996 0.6048387091346153 0.454 0.6102150528846153 0.44999999999999996 0.7876344086538462 0.474 0.8037634399038461 0.474 0.6317204302884616 0.46799999999999997 0.6155913990384616
1942 0.53 0.6827956995192307 0.524 0.6774193557692307 0.52 0.6774193557692307 0.514 0.7016129038461538 0.518 0.8333333341346154 0.534 0.8467741947115385 0.532 0.6989247307692307 0.532 0.6908602139423077 0.53 0.6827956995192307
1942 0.754 0.8817204302884616 0.7579999999999999 0.9623655913461538 0.7919999999999999 0.9623655913461538 0.7919999999999999 0.8817204302884616 0.754 0.8817204302884616
1942 0.804 0.8844086009615384 0.8059999999999999 0.9623655913461538 0.842 0.9623655913461538 0.84 0.8844086009615384 0.804 0.8844086009615384
1942 0.712 0.9032258052884615 0.712 0.9569892475961539 0.736 0.9596774182692307 0.734 0.9032258052884615 0.712 0.9032258052884615
1942 0.854 0.8844086009615384 0.86 0.9596774182692307 0.892 0.9596774182692307 0.888 0.8844086009615384 0.854 0.8844086009615384
1942 0.9159999999999999 0.9005376346153846 0.92 0.9569892475961539 0.9420000000000001 0.9543010745192307 0.9380000000000001 0.9005376346153846 0.9159999999999999 0.9005376346153846