866 0.006042295673076923 0.108 0.2537764350961539 0.482 0.3927492451923077 0.456 0.5045317211538461 0.482 0.6586102716346154 0.002 0.00906344471153846 0 0.006042295673076923 0.108
402 0.6640458605769232 0 0.5166163149038462 0.486 0.8972809663461538 0.5559999999999999 0.9969788509615385 0.516 0.9969788509615385 0 0.6640458605769232 0
402 0.2537764350961539 0.484 0.006042295673076923 0.108 0.00906344471153846 0.5399999999999999 0.2537764350961539 0.484
1885 0.22960724999999998 0.7579999999999999 0.49848942548076924 0.762 0.5135951658653846 0.6940000000000001 0.8942598197115385 0.5559999999999999 0.39577039182692303 0.454 0.00906344471153846 0.538 0.006042295673076923 0.7080000000000001 0.20543806730769232 0.7260000000000001 0.22960724999999998 0.7579999999999999
1810 1 0.753 0.9969788509615385 0.514 0.5196374615384616 0.6880000000000001 0.49848942548076924 0.764 0.9335347427884616 0.994 1 0.9920869567307692 1 0.753
1810 0.20543806730769232 0.7240000000000001 0.006042295673076923 0.7060000000000001 0.00906344471153846 0.788 0.21752265865384615 0.7579999999999999 0.20543806730769232 0.7240000000000001
1367 0.006042295673076923 0.7939999999999999 0.00906344471153846 0.994 0.637462235576923 0.996 0.9335347427884616 0.9920000000000001 0.4924471298076923 0.766 0.2205438076923077 0.76 0.006042295673076923 0.7939999999999999
1032 0.20241691826923078 0.656 0.23867069471153846 0.662 0.2688821754807692 0.678 0.3534743197115385 0.714 0.3927492451923077 0.716 0.40181268990384617 0.7060000000000001 0.41691842788461536 0.702 0.39577039182692303 0.6880000000000001 0.3625377644230769 0.656 0.3202416923076923 0.642 0.3051359519230769 0.624 0.2870090625 0.622 0.2598187307692308 0.64 0.23262839903846155 0.63 0.22960724999999998 0.624 0.24471299038461541 0.6180000000000001 0.2507552860576923 0.598 0.23564954567307692 0.5760000000000001 0.20845921394230768 0.5700000000000001 0.19033232692307692 0.598 0.19033232692307692 0.6180000000000001 0.1722054375 0.624 0.1691842908653846 0.6499999999999999 0.20241691826923078 0.656
1276 0.41691842788461536 0.8160000000000001 0.4350453173076923 0.8059999999999999 0.45015105769230773 0.784 0.4682779447115385 0.796 0.4773413894230769 0.8160000000000001 0.5015105745192308 0.8 0.4864048341346154 0.77 0.48942598076923083 0.744 0.48338368509615387 0.734 0.46223564903846154 0.738 0.4561933533653846 0.73 0.4350453173076923 0.732 0.4320241682692308 0.7240000000000001 0.41993957692307693 0.7260000000000001 0.3897280961538462 0.732 0.3716012091346154 0.728 0.36555891346153846 0.718 0.3474320240384615 0.7240000000000001 0.3202416923076923 0.732 0.3232628389423077 0.782 0.3625377644230769 0.772 0.35649546875 0.7899999999999999 0.3897280961538462 0.78 0.3867069495192308 0.8079999999999999 0.41691842788461536 0.8160000000000001
1942 0.9214501514423077 0.762 0.9788519639423078 0.762 0.9637462235576923 0.624 0.9154078557692308 0.628 0.9214501514423077 0.762
1942 0.8519637451923077 0.756 0.8912386706730769 0.76 0.879154079326923 0.642 0.8429003028846154 0.646 0.8519637451923077 0.756
1942 0.8006042307692307 0.748 0.8277945624999999 0.754 0.8247734134615385 0.6499999999999999 0.7885196370192307 0.6499999999999999 0.8006042307692307 0.748
655 0.6586102716346154 0.6819999999999999 0.6253776442307692 0.6839999999999999 0.6314199399038463 0.7899999999999999 0.6676737163461539 0.7919999999999999 0.6586102716346154 0.6819999999999999