402 0.046875 0 0.3984375 0.3359375 0.61328125 0.33203125 0.9375 0 0.046875 0
792 0.99609375 0.9375 0.62109375 0.54296875 0.3984375 0.54296875 0.00390625 0.953125 0.00390625 0.99609375 0.99609375 0.99609375 0.99609375 0.9375
1885 0.00390625 0 0.00390625 0.9453125 0.3984375 0.5390625 0.40625 0.3359375 0.04296875 0 0.00390625 0
1885 0.9453125 0 0.61328125 0.33203125 0.6171875 0.5390625 0.99609375 0.9296875 0.99609375 0 0.9453125 0
748 0.51953125 0.33203125 0.49609375 0.33203125 0.4921875 0.3515625 0.51953125 0.3515625 0.51953125 0.33203125
1314 0.9453125 0.40234375 0.98046875 0.40234375 0.98046875 0.21875 0.94140625 0.234375 0.9453125 0.40234375
655 0.828125 0.75390625 0.90625 0.828125 0.91796875 0.109375 0.828125 0.1796875 0.828125 0.75390625
1314 0.765625 0.48046875 0.7890625 0.48046875 0.7890625 0.31640625 0.765625 0.32421875 0.765625 0.48046875
776 0.76953125 0.23046875 0.765625 0.26953125 0.77734375 0.27734375 0.78125 0.23046875 0.76953125 0.23046875
1314 0.72265625 0.40625 0.734375 0.40625 0.734375 0.34765625 0.71875 0.34765625 0.72265625 0.40625
655 0.6796875 0.59765625 0.703125 0.6171875 0.69921875 0.28515625 0.67578125 0.30859375 0.6796875 0.59765625
655 0.66796875 0.5859375 0.66796875 0.3203125 0.6640625 0.3125 0.65234375 0.32421875 0.65234375 0.5703125 0.66796875 0.5859375
655 0.625 0.54296875 0.6328125 0.55078125 0.62890625 0.34375 0.62109375 0.35546875 0.625 0.54296875
1314 0.21484375 0.51953125 0.2109375 0.29296875 0.18359375 0.28125 0.171875 0.52734375 0.21484375 0.51953125
1047 0.1796875 0.19140625 0.08984375 0.18359375 0.1328125 0.2265625 0.1796875 0.19140625
655 0.26953125 0.671875 0.265625 0.25 0.21875 0.2109375 0.22265625 0.7109375 0.26953125 0.671875
655 0.3203125 0.6171875 0.31640625 0.2890625 0.28125 0.265625 0.2890625 0.640625 0.3203125 0.6171875
655 0.38671875 0.54296875 0.3828125 0.33984375 0.37109375 0.33203125 0.37109375 0.55859375 0.38671875 0.54296875
1047 0.29296875 0 0.29296875 0.015625 0.7109375 0.01171875 0.7109375 0 0.29296875 0
1047 0.74609375 0.30078125 0.76953125 0.27734375 0.71484375 0.2734375 0.74609375 0.30078125
1047 0.375 0.16796875 0.38671875 0.19140625 0.625 0.19140625 0.63671875 0.16796875 0.375 0.16796875
1047 0.41796875 0.25 0.41796875 0.265625 0.58984375 0.265625 0.59765625 0.25390625 0.41796875 0.25
1047 0.44140625 0.3046875 0.5703125 0.30859375 0.57421875 0.296875 0.44140625 0.296875 0.44140625 0.3046875
1047 0.5625 0.3203125 0.453125 0.31640625 0.44921875 0.328125 0.5625 0.328125 0.5625 0.3203125
1885 0.61328125 0.33203125 0.40625 0.3359375 0.3984375 0.33984375 0.3984375 0.54296875 0.6171875 0.5390625 0.61328125 0.33203125