510 0.4228515625 0.42841880288461537 0.5634765625 0.4241452980769231 0.568359375 0.2938034182692308 0.4248046875 0.2948717956730769 0.4228515625 0.42841880288461537
417 0.685546875 0.7585470096153847 0.68359375 0.8237179495192308 0.5634765625 0.8408119663461538 0.5625 0.8931623942307693 0.5625 0.9305555552884616 0.57421875 0.955128204326923 0.6455078125 0.8974358966346153 0.693359375 0.888888889423077 0.6796875 0.9166666658653846 0.697265625 0.924145298076923 0.703125 0.9006410264423077 0.7470703125 0.9519230769230769 0.748046875 0.9775641033653847 0.765625 0.9743589735576923 0.7216796875 0.8739316250000001 0.8349609375 0.8974358966346153 0.84375 0.9230769230769231 0.861328125 0.9305555552884616 0.86328125 0.90598290625 0.8466796875 0.8814102572115385 0.7255859375 0.8493589735576923 0.697265625 0.8173076923076923 0.693359375 0.7692307692307693 0.720703125 0.7286324783653846 0.78515625 0.7083333341346154 0.80078125 0.6923076923076923 0.806640625 0.6303418798076923 0.7919921875 0.5502136754807693 0.833984375 0.43696581250000005 0.8505859375 0.40598290625 0.7421875 0.44017093990384615 0.716796875 0.4882478629807692 0.7041015625 0.5470085480769231 0.7001953125 0.5897435889423077 0.685546875 0.6036324783653846 0.640625 0.5854700865384616 0.5908203125 0.5630341875 0.5634765625 0.5737179495192307 0.58984375 0.5918803413461539 0.6240234375 0.611111110576923 0.6552734375 0.6164529903846153 0.65625 0.6410256418269231 0.626953125 0.6399572644230769 0.5673828125 0.6463675216346154 0.53515625 0.6634615384615384 0.6162109375 0.6794871802884616 0.59375 0.7297008557692308 0.6689453125 0.767094016826923 0.685546875 0.7585470096153847
279 0.3642578125 0.23824786298076922 0.423828125 0.23931624038461538 0.453125 0.23611111057692308 0.451171875 0.11538461538461539 0.4443359375 0.11538461538461539 0.435546875 0.10470085576923077 0.4150390625 0.11004273557692307 0.3857421875 0.10790598317307692 0.3759765625 0.11004273557692307 0.357421875 0.11111111057692308 0.337890625 0.11111111057692308 0.322265625 0.11324786298076923 0.302734375 0.10897435817307694 0.2880859375 0.10790598317307692 0.2880859375 0.2403846153846154 0.3193359375 0.2403846153846154 0.3642578125 0.23824786298076922
279 0.6328125 0.23611111057692308 0.6953125 0.23504273557692307 0.7197265625 0.23076923076923078 0.7216796875 0.08653846153846154 0.703125 0.08119658173076923 0.693359375 0.08760683653846153 0.681640625 0.09188034134615385 0.662109375 0.09722222115384614 0.630859375 0.0982905985576923 0.61328125 0.09935897355769231 0.59765625 0.1025641033653846 0.576171875 0.10790598317307692 0.5654296875 0.2243589735576923 0.5791015625 0.23611111057692308 0.59375 0.23611111057692308 0.6328125 0.23611111057692308
992 0.3505859375 0.517094016826923 0.359375 0.5502136754807693 0.55078125 0.5459401706730769 0.544921875 0.5117521370192308 0.3505859375 0.517094016826923
1146 0.625 0.5277777788461538 0.615234375 0.517094016826923 0.59375 0.5245726490384615 0.5986328125 0.5352564110576923 0.609375 0.5395299134615384 0.623046875 0.5373931634615384 0.625 0.5277777788461538
552 0.087890625 0.5352564110576923 0.0986328125 0.5373931634615384 0.1142578125 0.5405982908653846 0.126953125 0.5352564110576923 0.126953125 0.486111110576923 0.1162109375 0.4786324783653846 0.1044921875 0.47970085576923077 0.09375 0.4850427355769231 0.09375 0.49572649519230766 0.0810546875 0.49679487259615385 0.078125 0.5074786322115384 0.080078125 0.5256410264423077 0.087890625 0.5352564110576923
126 0.306640625 0.9967948725961538 0.30078125 0.96794871875 0.3134765625 0.9433760673076923 0.3017578125 0.9091880336538462 0.2880859375 0.888888889423077 0.2626953125 0.8717948725961538 0.2333984375 0.8365384615384616 0.2314453125 0.8194444447115384 0.2451171875 0.7831196586538461 0.236328125 0.7617521370192308 0.21875 0.7553418798076923 0.1513671875 0.7564102572115385 0.0908203125 0.763888889423077 0.03125 0.7788461538461539 0.02734375 0.71901709375 0.0205078125 0.5747863245192307 0.0078125 0.5341880336538462 0.0009765625 0.5224358966346154 0.0009765625 0.9989316250000001 0.2255859375 0.9989316250000001 0.306640625 0.9967948725961538
279 0.755859375 0.7275641033653847 0.748046875 0.7724358966346153 0.7529296875 0.7873931634615385 0.806640625 0.7863247860576923 0.9326171875 0.7873931634615385 0.9951171875 0.7841880336538462 0.998046875 0.13141025721153846 0.939453125 0.13354700961538463 0.9404296875 0.7660256418269231 0.9111328125 0.7628205120192307 0.7783203125 0.722222221153846 0.755859375 0.7275641033653847
1027 0.34765625 0.46794871875 0.3701171875 0.46581196634615385 0.3740234375 0.4519230769230769 0.357421875 0.4444444447115385 0.3447265625 0.4433760673076923 0.3447265625 0.38247863221153844 0.333984375 0.3376068365384616 0.34375 0.30341880288461537 0.3603515625 0.2863247860576923 0.376953125 0.28525641105769234 0.38671875 0.29059829086538463 0.3916015625 0.30448718028846156 0.3974609375 0.3194444447115385 0.40234375 0.3376068365384616 0.4052734375 0.36538461538461536 0.419921875 0.36538461538461536 0.4306640625 0.35149572596153844 0.4208984375 0.3386752139423077 0.41015625 0.3183760673076923 0.396484375 0.2948717956730769 0.38671875 0.28098290625 0.3662109375 0.2756410264423077 0.3447265625 0.28952991346153845 0.333984375 0.31303418749999995 0.3291015625 0.32905982932692307 0.33203125 0.3579059831730769 0.3369140625 0.376068375 0.3388671875 0.4113247860576923 0.3349609375 0.4455128197115385 0.3125 0.4519230769230769 0.30859375 0.46581196634615385 0.3251953125 0.46794871875 0.34765625 0.46794871875
852 0.2919921875 0.8311965817307693 0.2958984375 0.794871795673077 0.72265625 0.7863247860576923 0.7373046875 0.8237179495192308 0.7548828125 0.8215811971153847 0.75390625 0.7403846153846154 0.7646484375 0.722222221153846 0.791015625 0.7232905985576923 0.87890625 0.7510683749999999 0.931640625 0.767094016826923 0.9404296875 0.7403846153846154 0.9365234375 0.023504274038461538 0.90625 0.019230769230769232 0.759765625 0.018162394230769232 0.7578125 0.008547009615384616 0.2548828125 0.019230769230769232 0.2587890625 0.028846153846153848 0.0322265625 0.033119658653846154 0.0380859375 0.7232905985576923 0.2744140625 0.71901709375 0.2724609375 0.8269230769230769 0.2919921875 0.8311965817307693
792 0.3115234375 0.919871795673077 0.3173828125 0.9711538461538461 0.31640625 0.9989316250000001 0.9970703125 0.9989316250000001 0.9970703125 0.7970085480769231 0.759765625 0.7970085480769231 0.75 0.8290598293269231 0.7373046875 0.8311965817307693 0.728515625 0.8066239326923077 0.7294921875 0.7905982908653846 0.306640625 0.8023504278846154 0.29296875 0.8141025649038462 0.302734375 0.8344017091346154 0.2822265625 0.8386752139423077 0.265625 0.8322649567307692 0.2705078125 0.8066239326923077 0.23828125 0.8076923076923077 0.23828125 0.8536324783653846 0.2744140625 0.8782051274038462 0.3115234375 0.919871795673077
329 0.0419921875 0.029914528846153848 0.244140625 0.027777778846153844 0.251953125 0.011752137019230769 0.314453125 0.01602564182692308 0.7490234375 0.010683759615384616 0.89453125 0.023504274038461538 0.9296875 0.01709401682692308 0.9375 0.052350427884615386 0.9375 0.1207264951923077 0.9873046875 0.123931625 0.998046875 0.002136752403846154 0 0.001068375 0.001953125 0.13247863221153847 0.0263671875 0.13247863221153847 0.02734375 0.04166666586538462 0.0419921875 0.029914528846153848
506 0.470703125 0.5876068365384616 0.30859375 0.59401709375 0.3115234375 0.6997863245192307 0.4873046875 0.6955128197115384 0.486328125 0.6303418798076923 0.470703125 0.5876068365384616
1176 0.08203125 0.5502136754807693 0.138671875 0.5683760673076923 0.244140625 0.5416666658653846 0.1796875 0.5224358966346154 0.08203125 0.5502136754807693
1612 0.685546875 0.35149572596153844 0.6435546875 0.3557692307692308 0.6416015625 0.4081196586538462 0.67578125 0.4102564110576923 0.6884765625 0.4102564110576923 0.685546875 0.35149572596153844