1759 0.4345703125 0.4214092139423077 0.4072265625 0.4051490504807692 0.404296875 0.4241192403846154 0.3837890625 0.4241192403846154 0.369140625 0.4512195120192307 0.3740234375 0.46341463461538457 0.435546875 0.46070460817307696 0.4345703125 0.4214092139423077
723 0.4462890625 0.4986449855769231 0.4609375 0.4986449855769231 0.4853515625 0.4972899735576923 0.5068359375 0.48780487740384615 0.505859375 0.4810298100961538 0.505859375 0.46070460817307696 0.5048828125 0.43495934855769225 0.494140625 0.43089431009615387 0.482421875 0.43089431009615387 0.4716796875 0.43631436298076925 0.4658203125 0.4457994591346154 0.4697265625 0.4688346875 0.4658203125 0.4810298100961538 0.4462890625 0.4986449855769231
1498 0.55859375 0.39837398317307693 0.5576171875 0.42682926923076925 0.5615234375 0.4688346875 0.5537109375 0.48373983653846153 0.5673828125 0.4972899735576923 0.583984375 0.5040650408653846 0.6396484375 0.4986449855769231 0.6533203125 0.49186991826923077 0.6494140625 0.4715447163461538 0.63671875 0.4674796754807692 0.63671875 0.4485094855769231 0.6435546875 0.4241192403846154 0.634765625 0.3956639567307692 0.6240234375 0.37804878125 0.6162109375 0.36043360336538466 0.6083984375 0.35501355048076927 0.5966796875 0.35501355048076927 0.5869140625 0.36720867307692306 0.57421875 0.3739837403846154 0.5654296875 0.38753387499999997 0.55859375 0.39837398317307693
1160 0.21875 0.19376693749999999 0.228515625 0.23306233173076923 0.2490234375 0.2371273701923077 0.28515625 0.24119241105769232 0.30078125 0.22086720913461538 0.2998046875 0.18834688461538462 0.283203125 0.14905149038461538 0.263671875 0.10162601682692309 0.265625 0.059620596153846156 0.2548828125 0.06639566346153845 0.2470703125 0.10840108413461538 0.2421875 0.13143631490384616 0.232421875 0.15176151682692307 0.21875 0.19376693749999999
1389 0.796875 0.4498644975961538 0.80859375 0.45392953846153844 0.8134765625 0.43495934855769225 0.8291015625 0.4498644975961538 0.83984375 0.42682926923076925 0.833984375 0.3929539302884616 0.8388671875 0.3902439014423077 0.8583984375 0.38617886298076926 0.8203125 0.36585365865384617 0.8154296875 0.35501355048076927 0.82421875 0.3428184278846154 0.8037109375 0.3048780480769231 0.791015625 0.33333333413461536 0.775390625 0.3428184278846154 0.7685546875 0.32791327884615384 0.7509765625 0.3360433605769231 0.748046875 0.35636856250000004 0.7236328125 0.3536585360576923 0.701171875 0.36178861778846155 0.693359375 0.3699186995192308 0.712890625 0.37804878125 0.70703125 0.3970189711538462 0.7216796875 0.4214092139423077 0.740234375 0.43224932211538464 0.7353515625 0.4661246610576923 0.7529296875 0.49322493269230766 0.7861328125 0.49051490625 0.791015625 0.4620596201923077 0.8046875 0.4661246610576923 0.796875 0.4498644975961538
931 0.2568359375 0.6219512187499999 0.263671875 0.6436314375 0.287109375 0.6571815721153846 0.30859375 0.6544715456730769 0.328125 0.6205962067307692 0.3330078125 0.5731707307692308 0.31640625 0.529810298076923 0.302734375 0.5257452572115384 0.2802734375 0.5271002716346154 0.2646484375 0.551490514423077 0.2548828125 0.5813008125 0.2568359375 0.6219512187499999
1498 0.4423828125 0.18970189663461537 0.4453125 0.17886178846153847 0.455078125 0.18563685576923075 0.45703125 0.19376693749999999 0.4677734375 0.18970189663461537 0.4677734375 0.17615176201923077 0.4609375 0.14363143750000001 0.4443359375 0.12466124759615385 0.4287109375 0.13414634134615386 0.4326171875 0.15311653125 0.4375 0.16937669471153846 0.4345703125 0.1869918701923077 0.4423828125 0.18970189663461537
314 0.41015625 0.19512195192307694 0.4140625 0.24796748076923075 0.4814453125 0.24390243990384614 0.4814453125 0.18970189663461537 0.41015625 0.19512195192307694
1942 0.005859375 0.7466124663461537 0.021484375 0.7262872620192307 0.017578125 0.00813008173076923 0.0029296875 0 0.005859375 0.7466124663461537
279 0.408203125 0.3495934951923077 0.4658203125 0.3495934951923077 0.466796875 0.26693766826923077 0.4208984375 0.27642276442307695 0.408203125 0.3495934951923077
1314 0.115234375 0.18834688461538462 0.1357421875 0.19105691105769232 0.1376953125 0.24390243990384614 0.15625 0.23983739903846152 0.1533203125 0.15176151682692307 0.11328125 0.15447154567307694 0.115234375 0.18834688461538462
973 0.1171875 0.24796748076923075 0.134765625 0.24932249278846155 0.13671875 0.2005420048076923 0.11328125 0.19647696394230768 0.1171875 0.24796748076923075
1122 0.7783203125 0.4715447163461538 0.7744140625 0.35636856250000004 0.775390625 0.3387533870192308 0.7734375 0.10840108413461538 0.77734375 0.08943089423076923 0.7578125 0.08265582692307692 0.740234375 0.07588075961538462 0.7236328125 0.05420054086538462 0.7021484375 0.05149051442307692 0.6826171875 0.058265581730769234 0.693359375 0.07046070432692307 0.7001953125 0.0840108389423077 0.6982421875 0.09756097596153847 0.6884765625 0.10704606971153846 0.6796875 0.10027100240384615 0.677734375 0.07588075961538462 0.677734375 0.04065040625 0.673828125 0.03929539182692307 0.6640625 0.04065040625 0.6630859375 0.062330622596153844 0.6611328125 0.08265582692307692 0.66015625 0.10162601682692309 0.64453125 0.1056910576923077 0.642578125 0.09078590865384616 0.6455078125 0.07723577163461538 0.6533203125 0.05149051442307692 0.6181640625 0.05420054086538462 0.58984375 0.0840108389423077 0.5634765625 0.09078590865384616 0.57421875 0.11653116586538462 0.576171875 0.3699186995192308 0.5791015625 0.4756097572115384 0.640625 0.4742547427884615 0.7783203125 0.4715447163461538
1738 0.970703125 0.5975609759615385 0.955078125 0.5596205961538462 0.958984375 0.5311653125 0.9560546875 0.50948509375 0.9423828125 0.48915989182692304 0.931640625 0.4986449855769231 0.908203125 0.4972899735576923 0.8984375 0.5040650408653846 0.8994140625 0.5189701899038461 0.900390625 0.5636856370192308 0.8984375 0.5840108389423077 0.8671875 0.6382113822115384 0.8466796875 0.6476964759615385 0.8369140625 0.6476964759615385 0.828125 0.662601625 0.830078125 0.6802168028846154 0.841796875 0.6964769639423077 0.9150390625 0.6937669375000001 0.91796875 0.704607045673077 0.9248046875 0.7059620600961539 0.9345703125 0.7073170721153846 0.9716796875 0.6910569110576923 0.97265625 0.6680216802884615 0.9697265625 0.6544715456730769 0.970703125 0.5975609759615385
279 0.4873046875 0.17344173557692308 0.486328125 0.24525745192307694 0.5166015625 0.24525745192307694 0.5166015625 0.16395663942307692 0.4921875 0.162601625 0.4873046875 0.17344173557692308
279 0.3955078125 0.17615176201923077 0.388671875 0.162601625 0.3603515625 0.16395663942307692 0.35546875 0.16395663942307692 0.35546875 0.24525745192307694 0.3681640625 0.24525745192307694 0.40625 0.24525745192307694 0.4072265625 0.17479674759615385 0.3955078125 0.17615176201923077
1632 0.1533203125 0.48915989182692304 0.1513671875 0.47831978365384614 0.115234375 0.4864498653846154 0.115234375 0.5189701899038461 0.1640625 0.5176151754807692 0.162109375 0.48915989182692304 0.1533203125 0.48915989182692304
279 0.1611328125 0.4295392956730769 0.1171875 0.4254742548076923 0.115234375 0.47696476923076925 0.1611328125 0.4810298100961538 0.1611328125 0.4295392956730769
536 0.140625 0.33333333413461536 0.130859375 0.34146341346153847 0.130859375 0.3035230360576923 0.134765625 0.2994579951923077 0.1396484375 0.2953929543269231 0.140625 0.28048780528846157 0.126953125 0.28048780528846157 0.1181640625 0.28048780528846157 0.1201171875 0.36178861778846155 0.138671875 0.3644986442307693 0.1474609375 0.36043360336538466 0.1484375 0.3387533870192308 0.140625 0.33333333413461536
1314 0.326171875 0.25745257451923076 0.189453125 0.2588075889423077 0.189453125 0.40785907932692306 0.328125 0.40921409134615383 0.326171875 0.25745257451923076
589 0.2822265625 0.3766937668269231 0.28125 0.49051490625 0.3291015625 0.49051490625 0.3310546875 0.3739837403846154 0.2822265625 0.3766937668269231
951 0.2333984375 0.47831978365384614 0.2138671875 0.46341463461538457 0.2080078125 0.4457994591346154 0.224609375 0.40921409134615383 0.2333984375 0.4119241201923077 0.244140625 0.3997289975961538 0.240234375 0.4200541995192308 0.2451171875 0.43224932211538464 0.251953125 0.42276422836538463 0.251953125 0.3915989158653846 0.248046875 0.38075880769230774 0.2392578125 0.39837398317307693 0.2392578125 0.38617886298076926 0.2353515625 0.3726287259615385 0.224609375 0.3726287259615385 0.220703125 0.36043360336538466 0.2294921875 0.36585365865384617 0.23046875 0.35501355048076927 0.212890625 0.3238482379807692 0.2021484375 0.33062330528846157 0.1982421875 0.36720867307692306 0.2021484375 0.38482384855769236 0.2001953125 0.4051490504807692 0.1845703125 0.43902438942307687 0.1875 0.4715447163461538 0.19921875 0.4742547427884615 0.21875 0.48238482451923076 0.22265625 0.49186991826923077 0.2109375 0.49322493269230766 0.2060546875 0.5 0.275390625 0.5040650408653846 0.2734375 0.49051490625 0.2421875 0.48780487740384615 0.2333984375 0.47831978365384614
1520 0.1845703125 0.5081300817307692 0.1845703125 0.10162601682692309 0.1884765625 0.0813008125 0.107421875 0.062330622596153844 0.0234375 0.06639566346153845 0.0244140625 0.5379403798076923 0.1083984375 0.5379403798076923 0.1845703125 0.5081300817307692
1520 0.533203125 0.5 0.5439453125 0.48915989182692304 0.541015625 0.08672086778846154 0.533203125 0.0840108389423077 0.3369140625 0.08265582692307692 0.3359375 0.4959349591346154 0.51953125 0.5 0.533203125 0.5
279 0.1279296875 0.31571815625 0.126953125 0.34146341346153847 0.1513671875 0.34146341346153847 0.154296875 0.36314363221153845 0.1708984375 0.36314363221153845 0.1669921875 0.27777777884615384 0.14453125 0.27777777884615384 0.1279296875 0.31571815625
599 0.40625 0.2588075889423077 0.39453125 0.2710027091346154 0.4033203125 0.27777777884615384 0.400390625 0.30216802163461537 0.3837890625 0.30216802163461537 0.37890625 0.31300812980769227 0.357421875 0.3116531153846154 0.3544921875 0.34823848317307693 0.3984375 0.35094850961538465 0.4169921875 0.28048780528846157 0.4169921875 0.2615176153846154 0.40625 0.2588075889423077
588 0.5146484375 0.28861788701923075 0.4697265625 0.2859078581730769 0.470703125 0.34823848317307693 0.51171875 0.35094850961538465 0.5146484375 0.28861788701923075
504 0.845703125 0.9241192403846153 0.8681640625 0.9159891610576923 0.9453125 0.9214092139423078 0.9658203125 0.9227642283653845 0.9990234375 0.9227642283653845 0.9970703125 0.6680216802884615 0.8212890625 0.6666666658653846 0.796875 0.6761517620192308 0.78125 0.6951219519230769 0.7646484375 0.745257451923077 0.73046875 0.8590785913461538 0.7138671875 0.92818428125 0.716796875 0.9322493221153846 0.7646484375 0.9146341466346153 0.79296875 0.9092140913461539 0.8212890625 0.9092140913461539 0.845703125 0.9241192403846153
218 0.7626953125 0.998644985576923 0.998046875 0.9972899735576923 0.998046875 0.9254742548076924 0.7744140625 0.9146341466346153 0.7626953125 0.998644985576923
1469 0.24609375 0.8956639567307693 0.71875 0.8997289975961539 0.7392578125 0.81571815625 0.3193359375 0.8170731706730769 0.24609375 0.8956639567307693
1469 0.380859375 0.9227642283653845 0.314453125 0.998644985576923 0.7607421875 0.9972899735576923 0.76953125 0.9173441730769232 0.380859375 0.9227642283653845
692 0.109375 0.54065040625 0.0224609375 0.54065040625 0.0244140625 0.8699186995192308 0.0400390625 0.8726287259615385 0.0458984375 0.8644986442307693 0.0458984375 0.8130081298076923 0.1416015625 0.8116531153846154 0.142578125 0.8712737115384616 0.15625 0.8712737115384616 0.162109375 0.8631436322115384 0.162109375 0.8360433605769231 0.201171875 0.837398375 0.20703125 0.837398375 0.212890625 0.8089430889423077 0.2255859375 0.8143631442307692 0.2353515625 0.8075880769230769 0.2822265625 0.8008130072115385 0.330078125 0.7940379399038461 0.349609375 0.795392954326923 0.353515625 0.7872628725961538 0.359375 0.7737127379807693 0.365234375 0.7696476971153847 0.375 0.7696476971153847 0.380859375 0.7764227644230769 0.3837890625 0.7764227644230769 0.3896484375 0.7723577235576923 0.3994140625 0.7723577235576923 0.4052734375 0.7723577235576923 0.412109375 0.777777778846154 0.4248046875 0.7818428173076923 0.43359375 0.7818428173076923 0.44140625 0.777777778846154 0.4501953125 0.7737127379807693 0.45703125 0.7737127379807693 0.462890625 0.7737127379807693 0.4677734375 0.7764227644230769 0.47265625 0.777777778846154 0.478515625 0.7723577235576923 0.4833984375 0.7710027091346153 0.4892578125 0.7710027091346153 0.4931640625 0.7723577235576923 0.5 0.7804878052884615 0.5068359375 0.7926829278846154 0.5078125 0.795392954326923 0.5537109375 0.795392954326923 0.5576171875 0.785907858173077 0.5615234375 0.7764227644230769 0.5693359375 0.7696476971153847 0.58203125 0.7723577235576923 0.5869140625 0.7764227644230769 0.59375 0.7723577235576923 0.6005859375 0.7723577235576923 0.609375 0.7723577235576923 0.6220703125 0.7791327908653846 0.6357421875 0.785907858173077 0.6494140625 0.7886178870192307 0.6650390625 0.7886178870192307 0.677734375 0.7886178870192307 0.69140625 0.7886178870192307 0.7021484375 0.7804878052884615 0.71484375 0.7764227644230769 0.7236328125 0.7723577235576923 0.732421875 0.7723577235576923 0.740234375 0.777777778846154 0.748046875 0.7737127379807693 0.75390625 0.7669376682692307 0.7568359375 0.7655826562500001 0.779296875 0.6910569110576923 0.7998046875 0.6720867211538462 0.8017578125 0.48915989182692304 0.546875 0.48373983653846153 0.189453125 0.48915989182692304 0.1845703125 0.5081300817307692 0.109375 0.54065040625
679 0.546875 0.5189701899038461 0.54296875 0.5203252043269231 0.5458984375 0.57181571875 0.78125 0.5731707307692308 0.78125 0.5230352307692308 0.546875 0.5189701899038461
679 0.544921875 0.5799458004807693 0.544921875 0.6233062331730769 0.6591796875 0.6260162596153845 0.6591796875 0.5785907860576923 0.544921875 0.5799458004807693
679 0.666015625 0.5785907860576923 0.666015625 0.6233062331730769 0.78125 0.6233062331730769 0.78125 0.5785907860576923 0.666015625 0.5785907860576923
679 0.5439453125 0.6300813004807692 0.544921875 0.6747967475961538 0.662109375 0.6761517620192308 0.66015625 0.6273712740384615 0.5439453125 0.6300813004807692
679 0.666015625 0.6287262884615384 0.666015625 0.6761517620192308 0.783203125 0.6775067740384616 0.7822265625 0.6287262884615384 0.666015625 0.6287262884615384
679 0.5439453125 0.6829268293269231 0.5439453125 0.7371273701923078 0.6630859375 0.735772358173077 0.662109375 0.68428184375 0.5439453125 0.6829268293269231
679 0.6669921875 0.6829268293269231 0.6689453125 0.735772358173077 0.7646484375 0.7371273701923078 0.7783203125 0.6883468846153846 0.7841796875 0.68428184375 0.6669921875 0.6829268293269231
180 0.2353515625 0.7032520336538461 0.2314453125 0.7439024399038462 0.234375 0.7439024399038462 0.2626953125 0.745257451923077 0.271484375 0.745257451923077 0.287109375 0.7127371274038462 0.2353515625 0.7032520336538461
679 0.513671875 0.5257452572115384 0.3662109375 0.5216802163461538 0.35546875 0.57181571875 0.513671875 0.57181571875 0.513671875 0.5257452572115384
679 0.5126953125 0.6219512187499999 0.5146484375 0.5799458004807693 0.353515625 0.5772357716346154 0.345703125 0.6219512187499999 0.5126953125 0.6219512187499999
679 0.5146484375 0.6761517620192308 0.5146484375 0.6273712740384615 0.34375 0.6287262884615384 0.34375 0.6747967475961538 0.5146484375 0.6761517620192308
679 0.5146484375 0.7425474254807691 0.513671875 0.6856368557692308 0.34375 0.6829268293269231 0.34375 0.7398373990384616 0.5146484375 0.7425474254807691
417 0.1748046875 0.8279132788461538 0.1689453125 0.8536585360576924 0.1708984375 0.8604336033653847 0.1728515625 0.8658536586538462 0.18359375 0.8644986442307693 0.1865234375 0.8482384831730769 0.1875 0.8319783197115385 0.2216796875 0.8346883461538461 0.2333984375 0.8387533870192307 0.2392578125 0.8387533870192307 0.2451171875 0.8428184278846154 0.251953125 0.8401084014423077 0.2626953125 0.8401084014423077 0.28125 0.8414634134615385 0.28125 0.8699186995192308 0.283203125 0.8739837403846155 0.2919921875 0.8739837403846155 0.2978515625 0.8699186995192308 0.2919921875 0.8170731706730769 0.30078125 0.8170731706730769 0.3212890625 0.8197831971153846 0.33203125 0.8197831971153846 0.3359375 0.8211382115384616 0.34375 0.8455284543269231 0.345703125 0.8536585360576924 0.357421875 0.8509485096153846 0.326171875 0.7086720865384616 0.3359375 0.7018970192307693 0.3369140625 0.6883468846153846 0.333984375 0.6802168028846154 0.330078125 0.6734417355769231 0.353515625 0.5569105697115385 0.3583984375 0.529810298076923 0.365234375 0.5054200552884616 0.3603515625 0.5040650408653846 0.3515625 0.5 0.3447265625 0.4972899735576923 0.3359375 0.4986449855769231 0.322265625 0.5040650408653846 0.3056640625 0.5121951225961539 0.2978515625 0.5121951225961539 0.2939453125 0.5067750673076923 0.2939453125 0.4986449855769231 0.2939453125 0.49186991826923077 0.28515625 0.49051490625 0.2822265625 0.49322493269230766 0.28125 0.5176151754807692 0.263671875 0.6639566394230769 0.232421875 0.6612466129807693 0.189453125 0.68428184375 0.1904296875 0.6951219519230769 0.201171875 0.6991869927884615 0.1826171875 0.7981029807692307 0.1748046875 0.8279132788461538
910 0.6142578125 0.5934959350961538 0.6044921875 0.5853658533653846 0.59375 0.5948509495192308 0.587890625 0.5989159879807692 0.59765625 0.612466125 0.6083984375 0.611111110576923 0.6220703125 0.5989159879807692 0.6142578125 0.5934959350961538
910 0.7353515625 0.5921409206730769 0.7236328125 0.5826558269230769 0.712890625 0.5934959350961538 0.7060546875 0.5934959350961538 0.71875 0.612466125 0.734375 0.6084010841346154 0.7431640625 0.5989159879807692 0.7353515625 0.5921409206730769
910 0.732421875 0.6409214086538462 0.724609375 0.6355013557692307 0.7099609375 0.6476964759615385 0.716796875 0.6612466129807693 0.732421875 0.662601625 0.7431640625 0.6476964759615385 0.732421875 0.6409214086538462
910 0.6201171875 0.6449864495192308 0.6103515625 0.6409214086538462 0.6044921875 0.6368563677884616 0.595703125 0.642276423076923 0.5859375 0.6490514903846154 0.59765625 0.6612466129807693 0.609375 0.6612466129807693 0.619140625 0.65311653125 0.6201171875 0.6449864495192308
910 0.73828125 0.6978319783653847 0.7236328125 0.6910569110576923 0.7119140625 0.7005420048076924 0.70703125 0.7059620600961539 0.716796875 0.7181571826923077 0.7333984375 0.7168021682692308 0.7431640625 0.7059620600961539 0.73828125 0.6978319783653847
910 0.61328125 0.6991869927884615 0.603515625 0.6910569110576923 0.5947265625 0.6951219519230769 0.58984375 0.7005420048076924 0.5869140625 0.7059620600961539 0.595703125 0.7181571826923077 0.6123046875 0.7154471538461539 0.6181640625 0.704607045673077 0.61328125 0.6991869927884615
910 0.490234375 0.5934959350961538 0.48046875 0.5853658533653846 0.47265625 0.5921409206730769 0.4638671875 0.5948509495192308 0.4638671875 0.5989159879807692 0.474609375 0.612466125 0.490234375 0.612466125 0.4990234375 0.6002710024038461 0.490234375 0.5934959350961538
910 0.3583984375 0.5934959350961538 0.361328125 0.6056910576923077 0.3720703125 0.612466125 0.380859375 0.611111110576923 0.392578125 0.6002710024038461 0.376953125 0.5853658533653846 0.365234375 0.5907859086538462 0.3583984375 0.5934959350961538
910 0.36328125 0.642276423076923 0.3583984375 0.6517615168269231 0.36328125 0.6598915985576923 0.376953125 0.6666666658653846 0.3798828125 0.6639566394230769 0.3896484375 0.6544715456730769 0.3896484375 0.6463414639423076 0.373046875 0.6368563677884616 0.36328125 0.642276423076923
910 0.4951171875 0.6476964759615385 0.486328125 0.642276423076923 0.48046875 0.6382113822115384 0.4716796875 0.642276423076923 0.4638671875 0.6504065048076922 0.4736328125 0.6653116538461539 0.490234375 0.6639566394230769 0.498046875 0.65311653125 0.4951171875 0.6476964759615385
910 0.49609375 0.7005420048076924 0.4833984375 0.6937669375000001 0.4716796875 0.6991869927884615 0.46484375 0.7086720865384616 0.474609375 0.7195121947115385 0.4912109375 0.7195121947115385 0.49609375 0.7100271009615385 0.49609375 0.7005420048076924
910 0.359375 0.7100271009615385 0.365234375 0.714092141826923 0.37109375 0.7208672091346154 0.3837890625 0.7195121947115385 0.3916015625 0.7073170721153846 0.375 0.6924119230769231 0.359375 0.7018970192307693 0.359375 0.7100271009615385
1019 0.4755859375 0.5433604326923077 0.4736328125 0.551490514423077 0.4765625 0.5555555552884616 0.478515625 0.5582655817307692 0.4833984375 0.5569105697115385 0.48828125 0.5487804879807693 0.484375 0.5433604326923077 0.48046875 0.5420054206730769 0.4755859375 0.5433604326923077
1019 0.3671875 0.5474254735576923 0.3671875 0.5555555552884616 0.37109375 0.5569105697115385 0.376953125 0.5569105697115385 0.380859375 0.5487804879807693 0.37890625 0.5433604326923077 0.373046875 0.54065040625 0.3701171875 0.5433604326923077 0.3671875 0.5474254735576923
1019 0.578125 0.5569105697115385 0.5830078125 0.5582655817307692 0.5888671875 0.5542005408653846 0.5888671875 0.5474254735576923 0.58203125 0.54065040625 0.576171875 0.5474254735576923 0.576171875 0.5528455288461539 0.578125 0.5569105697115385
1019 0.7373046875 0.5420054206730769 0.7373046875 0.5501355024038461 0.7421875 0.5555555552884616 0.748046875 0.5542005408653846 0.75 0.5447154471153847 0.744140625 0.5392953918269231 0.7421875 0.5392953918269231 0.7373046875 0.5420054206730769
655 0.9423828125 0.4864498653846154 0.947265625 0.49051490625 0.953125 0.5 0.962890625 0.5162601634615385 0.96484375 0.5325203245192308 0.9609375 0.5582655817307692 0.962890625 0.5609756105769231 0.9765625 0.5989159879807692 0.9716796875 0.6544715456730769 0.9775390625 0.6653116538461539 1 0.6653116538461539 0.998046875 0.04336043269230769 0.90625 0.04336043269230769 0.9072265625 0.4945799447115385 0.9306640625 0.4959349591346154 0.9423828125 0.4864498653846154