402 0.06423611057692308 0 0.08246527884615386 0.015046295673076924 0.451388889423077 0 0.06423611057692308 0
251 0.701388889423077 0.39699074038461535 0.698784721153846 0.16898148076923075 0.09201388942307692 0.18981481490384616 0.09982638942307692 0.42708333413461536 0.701388889423077 0.39699074038461535
615 0.6649305552884616 0.43402777884615384 0.6727430552884616 0.4502314807692308 0.665798610576923 0.5983796298076923 0.7994791658653846 0.795138889423077 0.9296875 0.7905092596153847 0.9296875 0.784722221153846 0.927951389423077 0.5625 0.9375 0.5625 0.9383680552884616 0.5509259254807692 0.9036458341346154 0.5254629639423076 0.865451389423077 0.5277777788461538 0.865451389423077 0.5162037043269231 0.8758680552884616 0.513888889423077 0.853298610576923 0.48958333413461536 0.816840278846154 0.4953703701923077 0.816840278846154 0.4872685192307692 0.8272569447115384 0.4849537043269231 0.802951389423077 0.4618055552884615 0.78125 0.4618055552884615 0.779513889423077 0.44097222115384616 0.7899305552884616 0.43634259375 0.7725694447115384 0.420138889423077 0.6649305552884616 0.43402777884615384
615 0.4756944447115385 0.642361110576923 0.49565972115384616 0.9976851850961539 0.865451389423077 0.996527778846154 0.829861110576923 0.9444444447115384 0.751736110576923 0.954861110576923 0.753472221153846 0.8599537043269231 0.7743055552884616 0.857638889423077 0.737847221153846 0.7743055552884616 0.6866319447115384 0.7708333341346154 0.6866319447115384 0.7268518509615384 0.701388889423077 0.7256944447115384 0.675347221153846 0.6631944447115384 0.6458333341346154 0.6643518509615384 0.644965278846154 0.6435185192307693 0.6588541658653846 0.638888889423077 0.644965278846154 0.5983796298076923 0.6137152788461538 0.5995370360576924 0.6137152788461538 0.5810185192307692 0.621527778846154 0.5775462956730769 0.609375 0.5439814807692308 0.59375 0.5462962956730769 0.59375 0.5347222211538462 0.599826389423077 0.5335648149038461 0.592013889423077 0.5081018509615385 0.578125 0.5081018509615385 0.578125 0.5 0.5850694447115384 0.49884259375 0.5729166658653846 0.47916666586538464 0.5625 0.4803240745192308 0.5633680552884616 0.4733796298076923 0.568576389423077 0.4733796298076923 0.568576389423077 0.4571759254807692 0.47135416586538464 0.45833333413461536 0.470486110576923 0.4745370360576923 0.47135416586538464 0.4849537043269231 0.46875 0.486111110576923 0.470486110576923 0.5 0.4765625 0.5150462956730769 0.47135416586538464 0.5370370360576924 0.47395833413461536 0.5810185192307692 0.4756944447115385 0.642361110576923
615 0.002604165865384616 0.8379629639423077 0.004340278846153846 0.9976851850961539 0.3116319447115385 0.9930555552884616 0.38715277884615384 0.6064814807692308 0.38628472115384616 0.46527777884615384 0.2899305552884615 0.4641203701923077 0.20138888942307692 0.5902777788461538 0.20833333413461538 0.5995370360576924 0.20833333413461538 0.6087962956730769 0.17447916586538462 0.6064814807692308 0.14670138942307692 0.6516203701923077 0.15885416586538462 0.6539351850961539 0.16059027884615384 0.6851851850961539 0.11979166586538462 0.684027778846154 0.08333333413461538 0.7430555552884616 0.09722222115384614 0.7523148149038461 0.10329861057692308 0.798611110576923 0.022569444711538465 0.809027778846154 0.002604165865384616 0.8379629639423077
605 0.25347222115384616 0.5555555552884616 0.25347222115384616 0.4502314807692308 0.10503472115384614 0.451388889423077 0.08767361057692308 0.46875 0.17708333413461538 0.46875 0.17013888942307692 0.4930555552884615 0.1710069447115385 0.59259259375 0.23784722115384616 0.5810185192307692 0.25347222115384616 0.5555555552884616
423 0.17534722115384616 0.4502314807692308 0.1710069447115385 0.43865740625 0.15625 0.43402777884615384 0.12760416586538462 0.43634259375 0.12065972115384614 0.44791666586538464 0.17534722115384616 0.4502314807692308
615 0.16927083413461538 0.47222222115384616 0.07899305528846154 0.46875 0.002604165865384616 0.53009259375 0.002604165865384616 0.5995370360576924 0.004340278846153846 0.8310185192307693 0.015625 0.809027778846154 0.050347221153846156 0.795138889423077 0.08159722115384614 0.7488425937500001 0.11631944471153846 0.6817129639423077 0.14583333413461538 0.6724537043269231 0.17013888942307692 0.6030092596153847 0.16927083413461538 0.47222222115384616
1942 0.7083333341346154 0.00115740625 0.7100694447115384 0.17476851923076925 0.743923610576923 0.17013888942307692 0.7430555552884616 0.004629629807692308 0.7083333341346154 0.00115740625
1234 0.9991319447115384 0.00115740625 0.75 0.00115740625 0.7491319447115384 0.1655092596153846 0.9991319447115384 0.11574074038461538 0.9991319447115384 0.00115740625
658 0.9991319447115384 0.8229166658653846 0.9991319447115384 0.18287037019230767 0.9817708341346154 0.18171296394230768 0.9739583341346154 0.7916666658653846 0.9991319447115384 0.8229166658653846
1885 0.7369791658653846 0.5462962956730769 0.9973958341346154 0.8182870360576923 0.9991319447115384 0.14930555528846154 0.9991319447115384 0.003472221153846154 0.7447916658653846 0 0.7369791658653846 0.5462962956730769
1885 0.7335069447115384 0.5474537043269231 0.7447916658653846 0.00115740625 0.08420138942307692 0.015046295673076924 0.08506944471153846 0.05555555528846154 0.10329861057692308 0.5567129639423076 0.7335069447115384 0.5474537043269231
1885 0.10069444471153846 0.56134259375 0.08246527884615386 0.017361110576923078 0.0625 0.00115740625 0.002604165865384616 0.00115740625 0.005208334134615384 0.7094907403846153 0.10069444471153846 0.56134259375
792 0.002604165865384616 0.7083333341346154 0.004340278846153846 0.9953703701923077 0.9991319447115384 0.9976851850961539 0.9991319447115384 0.8240740745192308 0.734375 0.5474537043269231 0.10069444471153846 0.5567129639423076 0.002604165865384616 0.7083333341346154