37 0.2625 0.5145833341346153 0.2625 0.5333333341346154 0.2828125 0.5416666658653846 0.44062500000000004 0.51875 0.44218749999999996 0.50625 0.40937500000000004 0.5 0.37187499999999996 0.5020833341346154 0.36406249999999996 0.4979166658653846 0.45781249999999996 0.4854166658653846 0.4609375 0.2645833341346154 0.22812500000000002 0.25625 0.22812500000000002 0.5104166658653846 0.31562500000000004 0.5020833341346154 0.31562500000000004 0.5104166658653846 0.2625 0.5145833341346153
655 0.515625 0.5229166658653847 0.5109375 0.79375 0.515625 0.8 0.5234375 0.8270833341346153 0.5328125 0.8333333341346154 0.553125 0.8291666658653847 0.5625 0.008333334134615384 0.503125 0.0625 0.49687499999999996 0.5020833341346154 0.5234375 0.51875 0.515625 0.5229166658653847
1019 0.5828125 0.5 0.584375 0.48958333413461536 0.5703125 0.4916666658653846 0.5703125 0.5104166658653846 0.5796875 0.5104166658653846 0.5828125 0.5
679 0.1875 0.5708333341346153 0.1921875 0.6354166658653846 0.30625 0.6166666658653847 0.3046875 0.55625 0.1875 0.5708333341346153
1120 0.7578125 0.16875 0.7484375000000001 0.4083333341346154 0.8703125 0.42708333413461536 0.8734375000000001 0.175 0.7578125 0.16875
664 0.71875 0.09791666586538463 0.7015625000000001 0.7145833341346154 0.8531249999999999 0.7645833341346153 0.8828125 0.07708333413461539 0.71875 0.09791666586538463
618 0.9937499999999999 0.7291666658653846 0.9890625 0.7250000000000001 0.9781249999999999 0.7250000000000001 0.965625 0.7229166658653846 0.95 0.7229166658653846 0.9296875 0.7229166658653846 0.7359374999999999 0.7979166658653847 0.528125 0.8999999999999999 0.50625 0.9125000000000001 0.4609375 0.9958333341346154 0.9984375000000001 0.9979166658653846 0.996875 0.7333333341346153 0.9937499999999999 0.7291666658653846
207 0.9468749999999999 0.7250000000000001 0.9468749999999999 0.71875 0.9468749999999999 0.7166666658653846 0.9484375 0.7124999999999999 0.9484375 0.6854166658653846 0.934375 0.6708333341346153 0.940625 0.6708333341346153 0.9468749999999999 0.6541666658653846 0.934375 0.6416666658653847 0.9125000000000001 0.64375 0.8984375 0.65625 0.9046875000000001 0.66875 0.89375 0.6791666658653847 0.8953125 0.6937500000000001 0.8890625000000001 0.6937500000000001 0.4828125 0.8625 0.4671875 0.8479166658653846 0.4828125 0.8354166658653847 0.48124999999999996 0.8208333341346153 0.45781249999999996 0.8020833341346154 0.4453125 0.8020833341346154 0.421875 0.8291666658653847 0.4296875 0.8500000000000001 0.41718750000000004 0.875 0.415625 0.9958333341346154 0.9984375000000001 0.9958333341346154 0.996875 0.7291666658653846 0.9468749999999999 0.7250000000000001
1794 0.8015625 0.38749999999999996 0.8 0.4041666658653846 0.8078125 0.41666666586538464 0.8218749999999999 0.4145833341346154 0.825 0.38125 0.840625 0.3770833341346154 0.8359375 0.35416666586538464 0.8296874999999999 0.2166666658653846 0.809375 0.32499999999999996 0.8015625 0.3770833341346154 0.8015625 0.38749999999999996
445 0.5171875 0.5229166658653847 0.01875 0.59375 0.0359375 0.9833333341346153 0.5046875 0.8374999999999999 0.5171875 0.5229166658653847
1482 0.0421875 0.49375 0.0421875 0.5270833341346154 0.1671875 0.5208333341346154 0.171875 0.48124999999999996 0.0421875 0.49375
708 0.1828125 0.5208333341346154 0.0359375 0.5354166658653846 0.0171875 0.5291666658653846 0.034375 0.5708333341346153 0.1875 0.54375 0.1828125 0.5208333341346154
1051 0.9593750000000001 0.3979166658653846 0.9281250000000001 0.39375000000000004 0.9234374999999999 0.4458333341346154 0.9624999999999999 0.44791666586538464 0.9593750000000001 0.3979166658653846
1019 0.11249999999999999 0.7895833341346153 0.12187500000000001 0.76875 0.103125 0.7583333341346153 0.0921875 0.7770833341346154 0.09843750000000001 0.7958333341346153 0.11249999999999999 0.7895833341346153
209 0.4625 0.9916666658653847 0.46875 0.98125 0.478125 0.9541666658653847 0.49531250000000004 0.9354166658653846 0.509375 0.9104166658653846 0.53125 0.8958333341346154 0.56875 0.8729166658653846 0.6078125 0.8604166658653847 0.6546875000000001 0.8395833341346154 0.6937500000000001 0.8145833341346154 0.7203124999999999 0.8020833341346154 0.746875 0.7916666658653846 0.7906249999999999 0.7770833341346154 0.8187500000000001 0.7645833341346153 0.8453124999999999 0.7541666658653846 0.8609374999999999 0.7416666658653847 0.8921874999999999 0.7395833341346154 0.9156249999999999 0.7270833341346153 0.934375 0.7208333341346154 0.9484375 0.7208333341346154 0.9484375 0.70625 0.9484375 0.6916666658653846 0.9437500000000001 0.6770833341346154 0.940625 0.6708333341346153 0.9468749999999999 0.6708333341346153 0.9468749999999999 0.6604166658653846 0.9437500000000001 0.6395833341346153 0.921875 0.6375 0.8968750000000001 0.6458333341346154 0.890625 0.6520833341346154 0.8999999999999999 0.66875 0.890625 0.66875 0.8859375 0.6937500000000001 0.871875 0.7020833341346153 0.828125 0.71875 0.7890625 0.7375 0.7578125 0.7458333341346154 0.7 0.7666666658653847 0.6390625000000001 0.7958333341346153 0.5875 0.8083333341346154 0.546875 0.83125 0.49531250000000004 0.8458333341346154 0.4703125 0.8604166658653847 0.4703125 0.8479166658653846 0.47187500000000004 0.84375 0.490625 0.83125 0.47968750000000004 0.8104166658653846 0.4546875 0.8062499999999999 0.4375 0.8062499999999999 0.41874999999999996 0.8229166658653846 0.42656249999999996 0.8458333341346154 0.421875 0.8541666658653846 0.4125 0.8645833341346154 0.4125 0.9208333341346153 0.4125 0.9937499999999999 0.43437499999999996 0.9937499999999999 0.4515625 0.9937499999999999 0.4625 0.9916666658653847