1762 0.32175925961538465 0.6458333341346154 0.38425925961538465 0.625 0.4143518509615385 0.609375 0.40509259375 0.486111110576923 0.40277777884615384 0.451388889423077 0.40277777884615384 0.41666666586538464 0.4004629639423077 0.375 0.3819444447115385 0.376736110576923 0.34490740625 0.3819444447115385 0.3055555552884615 0.390625 0.2407407403846154 0.40277777884615384 0.2638888894230769 0.621527778846154 0.2638888894230769 0.671875 0.32175925961538465 0.6458333341346154
1671 0.8796296298076923 0.7708333341346154 0.8981481490384616 0.7743055552884616 0.9050925937500001 0.777777778846154 0.9953703701923077 0.795138889423077 0.9930555552884616 0.652777778846154 0.9375 0.640625 0.8564814807692307 0.626736110576923 0.8379629639423077 0.6197916658653846 0.8171296298076923 0.623263889423077 0.8148148149038461 0.637152778846154 0.826388889423077 0.644097221153846 0.798611110576923 0.654513889423077 0.7685185192307693 0.6510416658653846 0.7731481490384616 0.668402778846154 0.7800925937500001 0.673611110576923 0.75 0.689236110576923 0.7245370360576923 0.675347221153846 0.715277778846154 0.6822916658653846 0.7129629639423077 0.6979166658653846 0.7268518509615384 0.706597221153846 0.7083333341346154 0.722222221153846 0.8703703701923077 0.7604166658653846 0.8703703701923077 0.767361110576923 0.8796296298076923 0.7708333341346154
1609 0.909722221153846 0.46527777884615384 0.9120370360576923 0.482638889423077 0.909722221153846 0.5590277788461538 0.923611110576923 0.576388889423077 0.9768518509615384 0.6024305552884616 0.9976851850961539 0.6041666658653846 0.9976851850961539 0.423611110576923 0.9583333341346154 0.4288194447115385 0.9305555552884616 0.435763889423077 0.9120370360576923 0.451388889423077 0.909722221153846 0.46527777884615384
84 0.6759259254807692 0.2725694447115385 0.40972222115384616 0.3055555552884615 0.4120370360576923 0.376736110576923 0.4305555552884615 0.5989583341346154 0.4629629639423077 0.609375 0.8101851850961539 0.46875 0.8333333341346154 0.30902777884615384 0.6782407403846153 0.3038194447115385 0.6759259254807692 0.2725694447115385
1942 0.3865740745192308 0.019097221153846152 0.40509259375 0.2899305552884615 0.652777778846154 0.2586805552884615 0.659722221153846 0.05208333413461538 0.3865740745192308 0.019097221153846152
1249 0.3379629639423077 0.20659722115384616 0.34027777884615384 0.3680555552884615 0.3935185192307692 0.36458333413461536 0.3703703701923077 0.22222222115384616 0.36574074038461535 0.20138888942307692 0.3379629639423077 0.20659722115384616
1250 0.3356481490384615 0.20659722115384616 0.3680555552884615 0.20138888942307692 0.3865740745192308 0.22048611057692308 0.39583333413461536 0.19270833413461538 0.388888889423077 0.09027777884615386 0.28472222115384616 0.08854166586538462 0.28240740625 0.17013888942307692 0.2893518509615384 0.1805555552884615 0.2893518509615384 0.1961805552884615 0.3356481490384615 0.20659722115384616
1392 0.11805555528846154 0.296875 0.0879629639423077 0.296875 0.08564814903846153 0.329861110576923 0.12268518509615384 0.328125 0.11805555528846154 0.296875
1370 0.07870370432692307 0.3055555552884615 0.08333333413461538 0.3194444447115385 0.10879629567307693 0.3211805552884615 0.10879629567307693 0.3020833341346154 0.07870370432692307 0.3055555552884615
749 0.04398148076923077 0.23263888942307692 0.04629629567307692 0.2569444447115385 0.05324074038461538 0.2881944447115385 0.0625 0.3020833341346154 0.07638888942307692 0.31770833413461536 0.09259259375 0.3194444447115385 0.11111111057692308 0.3211805552884615 0.11111111057692308 0.30034722115384616 0.08333333413461538 0.3072916658653846 0.07407407451923077 0.30034722115384616 0.06018518509615385 0.28125 0.05555555528846154 0.2517361105769231 0.05324074038461538 0.21875 0.05324074038461538 0.1875 0.05324074038461538 0.1805555552884615 0.0625 0.1788194447115385 0.05555555528846154 0.11979166586538462 0.02314814903846154 0.12152777884615386 0.03240740625 0.18229166586538462 0.04398148076923077 0.1805555552884615 0.04398148076923077 0.203125 0.04398148076923077 0.23263888942307692
1564 0.5347222211538462 0.815972221153846 0.22916666586538462 0.9930555552884616 0.986111110576923 0.9913194447115384 0.5347222211538462 0.815972221153846
1760 0.1875 0.40277777884615384 0.125 0.388888889423077 0.13425925961538462 0.44270833413461536 0.19212962980769233 0.46354166586538464 0.1875 0.40277777884615384
1393 0.1296296298076923 0.53125 0.14814814903846155 0.532986110576923 0.14351851923076925 0.529513889423077 0.1296296298076923 0.53125
792 0.8981481490384616 0.4600694447115385 0.8680555552884616 0.467013889423077 0.8310185192307693 0.467013889423077 0.8101851850961539 0.47222222115384616 0.4606481490384615 0.609375 0.4259259254807692 0.6059027788461538 0.2546296298076923 0.673611110576923 0.10879629567307693 0.6336805552884616 0.002314814903846154 0.671875 0.002314814903846154 0.8958333341346154 0.9004629639423077 0.48090277884615384 0.8981481490384616 0.4600694447115385
1091 0.9791666658653846 0.15972222115384616 0.9768518509615384 0.18402777884615384 0.951388889423077 0.18923611057692308 0.9398148149038461 0.20138888942307692 0.9282407403846153 0.265625 0.9444444447115384 0.2864583341346154 0.9375 0.3368055552884615 0.9166666658653846 0.38541666586538464 0.9143518509615384 0.44270833413461536 0.9953703701923077 0.421875 0.9976851850961539 0.14930555528846154 0.9791666658653846 0.15972222115384616