1762 0.736111110576923 0.671875 0.736111110576923 0.621527778846154 0.7592592596153847 0.40277777884615384 0.6944444447115384 0.390625 0.6550925937500001 0.3819444447115385 0.6180555552884616 0.376736110576923 0.5995370360576924 0.375 0.5972222211538462 0.41666666586538464 0.5972222211538462 0.451388889423077 0.59490740625 0.486111110576923 0.5856481490384615 0.609375 0.6157407403846153 0.625 0.6782407403846153 0.6458333341346154 0.736111110576923 0.671875
1671 0.1296296298076923 0.767361110576923 0.1296296298076923 0.7604166658653846 0.2916666658653846 0.722222221153846 0.2731481490384616 0.706597221153846 0.2870370360576923 0.6979166658653846 0.28472222115384616 0.6822916658653846 0.2754629639423077 0.675347221153846 0.25 0.689236110576923 0.21990740625 0.673611110576923 0.22685185096153845 0.668402778846154 0.23148148076923075 0.6510416658653846 0.20138888942307692 0.654513889423077 0.17361111057692308 0.644097221153846 0.18518518509615384 0.637152778846154 0.18287037019230767 0.623263889423077 0.16203703605769232 0.6197916658653846 0.14351851923076925 0.626736110576923 0.0625 0.640625 0.006944444711538461 0.652777778846154 0.004629629807692308 0.795138889423077 0.09490740625 0.777777778846154 0.10185185096153847 0.7743055552884616 0.1203703701923077 0.7708333341346154 0.1296296298076923 0.767361110576923
1609 0.0879629639423077 0.451388889423077 0.06944444471153846 0.435763889423077 0.04166666586538462 0.4288194447115385 0.002314814903846154 0.423611110576923 0.002314814903846154 0.6041666658653846 0.02314814903846154 0.6024305552884616 0.07638888942307692 0.576388889423077 0.09027777884615386 0.5590277788461538 0.0879629639423077 0.482638889423077 0.09027777884615386 0.46527777884615384 0.0879629639423077 0.451388889423077
84 0.32175925961538465 0.3038194447115385 0.16666666586538462 0.30902777884615384 0.18981481490384616 0.46875 0.5370370360576924 0.609375 0.5694444447115384 0.5989583341346154 0.5879629639423076 0.376736110576923 0.5902777788461538 0.3055555552884615 0.3240740745192308 0.2725694447115385 0.32175925961538465 0.3038194447115385
1942 0.34027777884615384 0.05208333413461538 0.34722222115384616 0.2586805552884615 0.59490740625 0.2899305552884615 0.6134259254807692 0.019097221153846152 0.34027777884615384 0.05208333413461538
1249 0.6342592596153847 0.20138888942307692 0.6296296298076923 0.22222222115384616 0.6064814807692308 0.36458333413461536 0.659722221153846 0.3680555552884615 0.6620370360576923 0.20659722115384616 0.6342592596153847 0.20138888942307692
1250 0.7106481490384616 0.1961805552884615 0.7106481490384616 0.1805555552884615 0.7175925937500001 0.17013888942307692 0.715277778846154 0.08854166586538462 0.611111110576923 0.09027777884615386 0.6041666658653846 0.19270833413461538 0.6134259254807692 0.22048611057692308 0.6319444447115384 0.20138888942307692 0.6643518509615384 0.20659722115384616 0.7106481490384616 0.1961805552884615
1392 0.8773148149038461 0.328125 0.9143518509615384 0.329861110576923 0.9120370360576923 0.296875 0.8819444447115384 0.296875 0.8773148149038461 0.328125
1370 0.8912037043269231 0.3020833341346154 0.8912037043269231 0.3211805552884615 0.9166666658653846 0.3194444447115385 0.9212962956730769 0.3055555552884615 0.8912037043269231 0.3020833341346154
749 0.9560185192307693 0.203125 0.9560185192307693 0.1805555552884615 0.9675925937500001 0.18229166586538462 0.9768518509615384 0.12152777884615386 0.9444444447115384 0.11979166586538462 0.9375 0.1788194447115385 0.9467592596153847 0.1805555552884615 0.9467592596153847 0.1875 0.9467592596153847 0.21875 0.9444444447115384 0.2517361105769231 0.9398148149038461 0.28125 0.9259259254807692 0.30034722115384616 0.9166666658653846 0.3072916658653846 0.888888889423077 0.30034722115384616 0.888888889423077 0.3211805552884615 0.9074074062499999 0.3194444447115385 0.923611110576923 0.31770833413461536 0.9375 0.3020833341346154 0.9467592596153847 0.2881944447115385 0.9537037043269231 0.2569444447115385 0.9560185192307693 0.23263888942307692 0.9560185192307693 0.203125
1564 0.013888889423076922 0.9913194447115384 0.7708333341346154 0.9930555552884616 0.46527777884615384 0.815972221153846 0.013888889423076922 0.9913194447115384
1760 0.8078703701923077 0.46354166586538464 0.8657407403846153 0.44270833413461536 0.875 0.388888889423077 0.8125 0.40277777884615384 0.8078703701923077 0.46354166586538464
1393 0.8564814807692307 0.529513889423077 0.8518518509615384 0.532986110576923 0.8703703701923077 0.53125 0.8564814807692307 0.529513889423077
792 0.0995370360576923 0.48090277884615384 0.9976851850961539 0.8958333341346154 0.9976851850961539 0.671875 0.8912037043269231 0.6336805552884616 0.7453703701923077 0.673611110576923 0.5740740745192308 0.6059027788461538 0.5393518509615385 0.609375 0.18981481490384616 0.47222222115384616 0.16898148076923075 0.467013889423077 0.13194444471153846 0.467013889423077 0.10185185096153847 0.4600694447115385 0.0995370360576923 0.48090277884615384
1091 0.002314814903846154 0.14930555528846154 0.004629629807692308 0.421875 0.08564814903846153 0.44270833413461536 0.08333333413461538 0.38541666586538464 0.0625 0.3368055552884615 0.05555555528846154 0.2864583341346154 0.07175925961538462 0.265625 0.06018518509615385 0.20138888942307692 0.04861111057692307 0.18923611057692308 0.02314814903846154 0.18402777884615384 0.020833334134615387 0.15972222115384616 0.002314814903846154 0.14930555528846154