402 0.17578125 0 0.17578125 0.0703125 0.21484375 0.0703125 0.27734375 0.24609375 0.28125 0.26953125 0.50390625 0.28125 0.6888377572115385 0 0.17578125 0
1027 0.3479959254807692 0 0.35546875 0.0859375 0.4375 0.0859375 0.4487092379807692 0 0.3479959254807692 0
1027 0.42578125 0.16796875 0.35546875 0.16796875 0.35546875 0.23828125 0.41015625 0.23828125 0.42578125 0.16796875
1523 0.6849134302884615 0 0.49609375 0.28515625 0.4765625 0.83203125 0.52734375 0.9921875 0.9921875 0.9921875 0.9960784302884615 0 0.6849134302884615 0
1523 0.33203125 0.30078125 0.33203125 0.828125 0.48046875 0.828125 0.4921875 0.30859375 0.33203125 0.30078125
1947 0.328125 0.4375 0.28125 0.4375 0.28125 0.62890625 0.328125 0.62890625 0.328125 0.4375
1523 0 0 0 0.9922515360576922 0.234375 0.99609375 0.24609375 0.9921875 0.29296875 0.87109375 0.28125 0.265625 0.21484375 0.06640625 0.17578125 0.06640625 0.17209201682692307 0 0 0
792 0.328125 0.828125 0.328125 0.8203125 0.29296875 0.8203125 0.296875 0.87109375 0.2421875 0.99609375 0.3046875 0.99609375 0.53125 0.9921875 0.47265625 0.828125 0.328125 0.828125
1885 0.3359375 0.3046875 0.4921875 0.30859375 0.4921875 0.27734375 0.28125 0.26953125 0.28515625 0.3828125 0.29296875 0.81640625 0.328125 0.8203125 0.3359375 0.3046875
279 0.83203125 0.59375 0.75390625 0.59375 0.7421875 0.76953125 0.76171875 0.7734375 0.78515625 0.78515625 0.8359375 0.8203125 0.91796875 0.828125 0.9296875 0.6171875 0.83203125 0.59375
279 0.89453125 0.3671875 0.8125 0.3671875 0.80859375 0.37890625 0.7734375 0.37890625 0.7734375 0.39453125 0.76171875 0.39453125 0.75390625 0.56640625 0.7890625 0.56640625 0.81640625 0.57421875 0.8984375 0.578125 0.91796875 0.390625 0.89453125 0.3671875
279 0.6875 0.7421875 0.703125 0.75 0.70703125 0.73828125 0.71875 0.7421875 0.73046875 0.57421875 0.65625 0.5703125 0.65625 0.5859375 0.64453125 0.5859375 0.640625 0.69140625 0.65234375 0.703125 0.6875 0.71484375 0.6875 0.7421875
279 0.625 0.82421875 0.71875 0.91796875 0.72265625 0.765625 0.63671875 0.71875 0.625 0.82421875
279 0.41796875 0.6640625 0.41015625 0.67578125 0.3984375 0.67578125 0.40234375 0.66796875 0.3828125 0.66796875 0.36328125 0.71484375 0.4453125 0.72265625 0.45703125 0.66796875 0.41796875 0.6640625
279 0.4140625 0.7265625 0.38671875 0.73046875 0.38671875 0.7421875 0.3671875 0.7421875 0.35546875 0.7265625 0.3359375 0.7265625 0.33203125 0.80859375 0.359375 0.8046875 0.4609375 0.80859375 0.46875 0.734375 0.41796875 0.73828125 0.4140625 0.7265625