1219 0.43017578125 0.08658854086538462 0.43017578125 0.34765625 0.7138671875 0.34505208413461536 0.71923828125 0.119140625 0.43017578125 0.08658854086538462
1027 0.28759765625 0.47265625 0.28466796875 0.5045572908653846 0.29296875 0.5319010408653846 0.29296875 0.580078125 0.2919921875 0.587890625 0.3017578125 0.6002604158653846 0.31103515625 0.5891927091346154 0.30517578125 0.5787760408653846 0.30517578125 0.5319010408653846 0.31103515625 0.5006510408653846 0.2998046875 0.47395833413461536 0.30078125 0.43098958413461536 0.36328125 0.42252604086538464 0.3212890625 0.294921875 0.25537109375 0.2962239591346154 0.21240234375 0.423828125 0.24462890625 0.43229166586538464 0.28662109375 0.43098958413461536 0.28759765625 0.47265625
1334 0.42236328125 0.6647135408653846 0.423828125 0.7415364591346154 0.4462890625 0.8079427091346154 0.4365234375 0.826171875 0.46630859375 0.8079427091346154 0.49169921875 0.7923177091346154 0.52099609375 0.7923177091346154 0.55224609375 0.779296875 0.59326171875 0.779296875 0.60986328125 0.7701822908653846 0.6396484375 0.7623697908653846 0.66357421875 0.7623697908653846 0.6875 0.7584635408653846 0.703125 0.7532552091346154 0.70556640625 0.732421875 0.70166015625 0.7174479158653846 0.68896484375 0.6985677091346154 0.67626953125 0.685546875 0.67041015625 0.6647135408653846 0.67041015625 0.638671875 0.66357421875 0.5911458341346154 0.65234375 0.5423177091346154 0.6494140625 0.49544270913461536 0.63818359375 0.478515625 0.611328125 0.490234375 0.58056640625 0.49544270913461536 0.509765625 0.49934895913461536 0.48876953125 0.49934895913461536 0.4462890625 0.49934895913461536 0.42236328125 0.49544270913461536 0.408203125 0.49544270913461536 0.3916015625 0.5084635408653846 0.40576171875 0.5579427091346154 0.4013671875 0.5709635408653846 0.404296875 0.6009114591346154 0.42236328125 0.6647135408653846
1740 0.23193359375 0.818359375 0.228515625 0.8287760408653846 0.23291015625 0.859375 0.244140625 0.8717447908653846 0.2626953125 0.876953125 0.2802734375 0.869140625 0.2822265625 0.85546875 0.279296875 0.8411458341346154 0.30517578125 0.8359375 0.32568359375 0.83203125 0.3173828125 0.802734375 0.30078125 0.7604166658653846 0.2666015625 0.765625 0.25048828125 0.7630208341346154 0.2412109375 0.771484375 0.244140625 0.7975260408653846 0.2421875 0.8072916658653846 0.23193359375 0.818359375
110 0.07177734375 0.853515625 0.1181640625 0.8470052091346154 0.1533203125 0.8411458341346154 0.1533203125 0.8196614591346154 0.150390625 0.798828125 0.0673828125 0.8098958341346154 0.0654296875 0.826171875 0.0673828125 0.8522135408653846 0.07177734375 0.853515625
1027 0.01416015625 0.439453125 0.0634765625 0.439453125 0.06884765625 0.44401041586538464 0.0673828125 0.46744791586538464 0.07177734375 0.5045572908653846 0.06884765625 0.5358072908653846 0.0771484375 0.5651041658653846 0.080078125 0.6145833341346154 0.0791015625 0.6295572908653846 0.09033203125 0.6334635408653846 0.099609375 0.6243489591346154 0.09423828125 0.6171875 0.09228515625 0.5911458341346154 0.09033203125 0.5618489591346154 0.0966796875 0.533203125 0.08837890625 0.5110677091346154 0.083984375 0.46028645913461536 0.0810546875 0.43815104086538464 0.09033203125 0.435546875 0.1337890625 0.42838541586538464 0.154296875 0.41927083413461536 0.10498046875 0.2897135408653846 0.07568359375 0.291015625 0.07080078125 0.2838541658653846 0.0634765625 0.2799479158653846 0.0615234375 0.2884114591346154 0.02734375 0.291015625 0.00048828125 0.38606770913461536 0.00048828125 0.435546875 0.01416015625 0.439453125
1329 0.70458984375 0.7272135408653846 0.736328125 0.724609375 0.76708984375 0.7174479158653846 0.8125 0.7161458341346154 0.861328125 0.7161458341346154 0.8251953125 0.6803385408653846 0.8076171875 0.6490885408653846 0.7919921875 0.5885416658653846 0.78271484375 0.5416666658653846 0.78271484375 0.48893229086538464 0.775390625 0.46028645913461536 0.74853515625 0.478515625 0.72314453125 0.4921875 0.69189453125 0.5 0.65185546875 0.49348958413461536 0.66015625 0.6048177091346154 0.67236328125 0.681640625 0.70458984375 0.7272135408653846
207 0.3525390625 0.7877604158653846 0.3505859375 0.802734375 0.34521484375 0.8430989591346154 0.36083984375 0.8645833341346154 0.357421875 0.88671875 0.36279296875 0.90625 0.3564453125 0.919921875 0.34228515625 0.9583333341346154 0.34326171875 0.998046875 0.99853515625 1 0.99755859375 0.7467447908653846 0.9892578125 0.7421875 0.9501953125 0.724609375 0.900390625 0.7024739591346154 0.85107421875 0.681640625 0.81787109375 0.66796875 0.79638671875 0.603515625 0.78466796875 0.546875 0.78466796875 0.48893229086538464 0.79833984375 0.478515625 0.80126953125 0.46549479086538464 0.74462890625 0.46549479086538464 0.71484375 0.44075520913461536 0.67333984375 0.42708333413461536 0.61474609375 0.42057291586538464 0.52783203125 0.42708333413461536 0.4482421875 0.45182291586538464 0.40185546875 0.48763020913461536 0.33203125 0.49479166586538464 0.34228515625 0.5182291658653846 0.34619140625 0.529296875 0.3525390625 0.7877604158653846
1885 0.99951171875 1 0.99951171875 0.0013020841346153846 0.9072265625 0.0013020841346153846 0.888671875 1 0.99951171875 1
1885 0.8896484375 1 0.9072265625 0.0013020841346153846 0.0009765625 0.0013020841346153846 0.0009765625 1 0.8896484375 1
207 0.07275390625 0.9986979158653846 0.052734375 0.89453125 0.0302734375 0.8385416658653846 0.0009765625 0.8170572908653846 0.0009765625 0.9986979158653846 0.07275390625 0.9986979158653846
1173 0.3388671875 0.9986979158653846 0.3388671875 0.9029947908653846 0.3515625 0.8912760408653846 0.35986328125 0.8587239591346154 0.30810546875 0.7877604158653846 0.05419921875 0.8352864591346154 0.0517578125 0.9361979158653846 0.076171875 0.9557291658653846 0.08251953125 0.9973958341346154 0.3388671875 0.9986979158653846
1307 0.17041015625 0.8385416658653846 0.19287109375 0.84375 0.208984375 0.8287760408653846 0.18896484375 0.8170572908653846 0.17041015625 0.8385416658653846