207 0.995 0.8155555552884616 0.9933333341346154 0.6822222211538461 0.545 0.5611111105769231 0.5116666658653846 0.4611111105769231 0.05 0.46555555528846154 0.05833333413461539 0.722222221153846 0.455 0.9955555552884616 0.53 0.9977777788461538 0.995 0.8155555552884616
1942 0.7616666658653847 0.41777777884615386 0.7316666658653846 0.5422222211538462 0.8883333341346155 0.5633333341346154 0.9149999999999999 0.4311111105769231 0.7616666658653847 0.41777777884615386
919 0.8783333341346153 0.10777777884615383 0.78 0.09555555528846155 0.785 0.002222221153846154 0.7749999999999999 0.001111110576923077 0.76 0.09111111057692309 0.7166666658653846 0.09 0.705 0.13555555528846155 0.7183333341346153 0.25 0.8783333341346153 0.23222222115384616 0.8783333341346153 0.10777777884615383
798 0.03333333413461538 0.9022222211538462 0.11666666586538461 0.9955555552884616 0.33333333413461536 0.9366666658653846 0.23 0.858888889423077 0.03333333413461538 0.9022222211538462
1329 0.10833333413461539 0.5522222211538461 0.18166666586538463 0.5988888894230769 0.3583333341346154 0.5811111105769231 0.3083333341346154 0.5411111105769231 0.10833333413461539 0.5522222211538461
202 0.47833333413461543 0.5266666658653846 0.14166666586538462 0.5566666658653846 0.07 0.6911111105769231 0.4883333341346154 0.97 0.645 0.8833333341346153 0.9866666658653845 0.7755555552884614 0.985 0.6877777788461539 0.47833333413461543 0.5266666658653846
937 0.47333333413461537 0.5255555552884615 0.5233333341346154 0.5433333341346154 0.505 0.4666666658653846 0.065 0.47000000000000003 0.07 0.6777777788461539 0.145 0.5566666658653846 0.47333333413461537 0.5255555552884615
402 0.7516666658653846 0.33 0.7766666658653846 0.33111111057692305 0.8383333341346154 0.35 0.8616666658653845 0.35 0.8616666658653845 0.34555555528846155 0.88 0.34666666586538464 0.9233333341346154 0.3666666658653846 0.9516666658653846 0.3688888894230769 0.955 0.33666666586538463 0.995 0.33444444471153845 0.9983333341346154 0.001111110576923077 0.061666665865384614 0.001111110576923077 0.7516666658653846 0.33
1885 0.0016666658653846154 0 0.0016666658653846154 0.7077777788461539 0.7166666658653846 0.6322222211538461 0.7466666658653847 0.33111111057692305 0.05833333413461539 0.001111110576923077 0.0016666658653846154 0
1885 0.715 0.6344444447115385 0.7683333341346154 0.6455555552884615 0.9983333341346154 0.7122222211538461 0.995 0.33666666586538463 0.7466666658653847 0.33111111057692305 0.715 0.6344444447115385
792 0.715 0.6322222211538461 0.0016666658653846154 0.7088888894230769 0.0016666658653846154 0.9977777788461538 0.9983333341346154 0.998888889423077 0.9983333341346154 0.7122222211538461 0.715 0.6322222211538461