1152 0.857638889423077 0.6990740745192308 0.875 0.6759259254807692 0.8697916658653846 0.652777778846154 0.8541666658653846 0.6203703701923077 0.8229166658653846 0.6157407403846153 0.8055555552884616 0.6319444447115384 0.798611110576923 0.6828703701923077 0.829861110576923 0.7037037043269231 0.857638889423077 0.6990740745192308
1152 0.720486110576923 0.6550925937500001 0.7395833341346154 0.6481481490384616 0.737847221153846 0.59259259375 0.7100694447115384 0.5810185192307692 0.6875 0.5810185192307692 0.684027778846154 0.6064814807692308 0.685763889423077 0.6458333341346154 0.720486110576923 0.6550925937500001
642 0.769097221153846 0.5439814807692308 0.75 0.6666666658653846 0.7569444447115384 0.6805555552884616 0.779513889423077 0.6805555552884616 0.7916666658653846 0.6574074062499999 0.7899305552884616 0.5393518509615385 0.795138889423077 0.5254629639423076 0.7899305552884616 0.513888889423077 0.78125 0.4837962956730769 0.769097221153846 0.5 0.769097221153846 0.5208333341346154 0.762152778846154 0.53009259375 0.769097221153846 0.5439814807692308
1564 0.623263889423077 0.6018518509615385 0.4756944447115385 0.6412037043269231 0.41145833413461536 0.6643518509615384 0.6006944447115384 0.847222221153846 0.8211805552884616 0.7569444447115384 0.623263889423077 0.6018518509615385
757 0.5729166658653846 0.46527777884615384 0.5746527788461538 0.43981481490384616 0.595486110576923 0.4375 0.6059027788461538 0.4537037043269231 0.6145833341346154 0.5023148149038461 0.6145833341346154 0.5370370360576924 0.6319444447115384 0.5370370360576924 0.637152778846154 0.5277777788461538 0.628472221153846 0.4606481490384615 0.6145833341346154 0.4143518509615385 0.5885416658653846 0.40509259375 0.5520833341346154 0.43981481490384616 0.546875 0.5995370360576924 0.5677083341346154 0.5995370360576924 0.5677083341346154 0.5069444447115384 0.5729166658653846 0.46527777884615384
676 0.640625 0.798611110576923 0.654513889423077 0.8009259254807692 0.668402778846154 0.7962962956730769 0.668402778846154 0.7824074062499999 0.652777778846154 0.777777778846154 0.637152778846154 0.7800925937500001 0.628472221153846 0.784722221153846 0.628472221153846 0.798611110576923 0.640625 0.798611110576923
910 0.8125 0.8958333341346154 0.810763889423077 0.8819444447115384 0.7604166658653846 0.8912037043269231 0.763888889423077 0.9143518509615384 0.8038194447115384 0.909722221153846 0.8125 0.8958333341346154
533 0.6024305552884616 0.8657407403846153 0.998263889423077 0.6875 0.7864583341346154 0.5740740745192308 0.40972222115384616 0.6620370360576923 0.6024305552884616 0.8657407403846153
910 0.8836805552884616 0.8333333341346154 0.8836805552884616 0.8518518509615384 0.9305555552884616 0.847222221153846 0.9305555552884616 0.8194444447115384 0.8836805552884616 0.8333333341346154
910 0.873263889423077 0.9421296298076923 0.828125 0.951388889423077 0.8350694447115384 0.9768518509615384 0.8802083341346154 0.9768518509615384 0.873263889423077 0.9421296298076923
1885 0.001736110576923077 0.7129629639423077 0.798611110576923 0.5671296298076923 0.8177083341346154 0 0.001736110576923077 0.004629629807692308 0.001736110576923077 0.7129629639423077
1885 0.815972221153846 0 0.796875 0.576388889423077 0.998263889423077 0.6875 0.998263889423077 0 0.815972221153846 0
1338 0.644097221153846 0.22222222115384616 0.6336805552884616 0.4120370360576923 0.6475694447115384 0.4189814807692308 0.6631944447115384 0.22916666586538462 0.644097221153846 0.22222222115384616
757 0.732638889423077 0.3912037043269231 0.7395833341346154 0.37268518509615384 0.720486110576923 0.3564814807692308 0.717013889423077 0.3912037043269231 0.720486110576923 0.40972222115384616 0.732638889423077 0.3912037043269231
523 0.21527777884615384 0.7754629639423077 0.012152778846153846 0.8449074062499999 0.026041665865384613 0.9768518509615384 0.2829861105769231 0.902777778846154 0.21527777884615384 0.7754629639423077
1010 0.16666666586538462 0 0.17013888942307692 0.18981481490384616 0.3194444447115385 0.1875 0.3194444447115385 0 0.16666666586538462 0
1010 0.001736110576923077 0 0.001736110576923077 0.18981481490384616 0.16666666586538462 0.1944444447115385 0.16666666586538462 0 0.001736110576923077 0
1010 0.3211805552884615 0 0.32291666586538464 0.18981481490384616 0.451388889423077 0.1944444447115385 0.453125 0 0.3211805552884615 0
1010 0.454861110576923 0 0.451388889423077 0.1944444447115385 0.5677083341346154 0.19907407451923076 0.5694444447115384 0 0.454861110576923 0
1010 0.5729166658653846 0 0.5711805552884616 0.1944444447115385 0.6319444447115384 0.1944444447115385 0.6354166658653846 0 0.5729166658653846 0
1010 0.10416666586538462 0.5601851850961539 0.09027777884615386 0.2407407403846154 0.001736110576923077 0.2407407403846154 0.001736110576923077 0.5740740745192308 0.10416666586538462 0.5601851850961539
1010 0.2552083341346154 0.5347222211538462 0.24479166586538462 0.23379629567307691 0.09201388942307692 0.23842592548076924 0.10590277884615386 0.5601851850961539 0.2552083341346154 0.5347222211538462
1010 0.2569444447115385 0.5370370360576924 0.392361110576923 0.5162037043269231 0.388888889423077 0.22916666586538462 0.24826388942307692 0.23379629567307691 0.2569444447115385 0.5370370360576924
1010 0.392361110576923 0.5185185192307692 0.5104166658653846 0.5 0.5104166658653846 0.23148148076923075 0.388888889423077 0.23379629567307691 0.392361110576923 0.5185185192307692
1010 0.611111110576923 0.42824074038461535 0.6163194447115384 0.23148148076923075 0.515625 0.23611111057692308 0.513888889423077 0.5023148149038461 0.546875 0.4953703701923077 0.5555555552884616 0.4421296298076923 0.5885416658653846 0.40740740625 0.611111110576923 0.42824074038461535
1010 0.18576388942307692 0.6828703701923077 0.1788194447115385 0.5578703701923077 0.022569444711538465 0.5740740745192308 0.029513889423076922 0.7106481490384616 0.18576388942307692 0.6828703701923077
1010 0.32465277884615384 0.652777778846154 0.32291666586538464 0.5370370360576924 0.1788194447115385 0.5509259254807692 0.1875 0.6828703701923077 0.32465277884615384 0.652777778846154
1010 0.44791666586538464 0.6319444447115384 0.44791666586538464 0.5208333341346154 0.32465277884615384 0.53009259375 0.328125 0.6481481490384616 0.44791666586538464 0.6319444447115384
265 0.6336805552884616 0.20833333413461538 0.704861110576923 0.21064814903846155 0.8038194447115384 0.21759259375 0.814236110576923 0.002314814903846154 0.637152778846154 0.002314814903846154 0.6336805552884616 0.20833333413461538
1338 0.6875 0.39583333413461536 0.6927083341346154 0.21296296394230768 0.6822916658653846 0.21296296394230768 0.6788194447115384 0.39583333413461536 0.6666666658653846 0.3981481490384615 0.671875 0.4120370360576923 0.6805555552884616 0.4120370360576923 0.6875 0.39583333413461536
1338 0.699652778846154 0.3935185192307692 0.6961805552884616 0.40277777884615384 0.6961805552884616 0.4143518509615385 0.706597221153846 0.41666666586538464 0.715277778846154 0.40277777884615384 0.7135416658653846 0.32175925961538465 0.722222221153846 0.2986111105769231 0.7256944447115384 0.2754629639423077 0.734375 0.22453703605769232 0.720486110576923 0.22222222115384616 0.717013889423077 0.2638888894230769 0.703125 0.31018518509615384 0.703125 0.35416666586538464 0.699652778846154 0.3935185192307692