1542 0.00125 0 0.0037500000000000003 0.9966666658653847 0.5387500000000001 0.995 0.9025 0.7250000000000001 0.9175 0.7250000000000001 0.9225 0.715 0.93625 0.6966666658653846 0.9725 0.115 0.9600000000000001 0.08 0.94125 0.08166666586538461 0.7375 0 0.00125 0
1523 1 0.4141666658653846 0.99875 0.11333333413461538 0.9725 0.11666666586538461 0.9375 0.6950000000000001 0.91625 0.7266666658653846 0.8999999999999999 0.73 0.8999999999999999 0.735 0.95625 0.7483333341346154 1 0.7159259254807692 1 0.4141666658653846
314 0.43125 0.8616666658653845 0.4925 0.8283333341346153 0.5 0.655 0.47000000000000003 0.6333333341346153 0.41375 0.6516666658653846 0.40750000000000003 0.7616666658653847 0.43125 0.7733333341346154 0.43125 0.8616666658653845
314 0.43125 0.865 0.43125 0.7733333341346154 0.3925 0.7533333341346153 0.26125000000000004 0.8099999999999999 0.25875 0.8516666658653846 0.2875 0.875 0.29125 0.9316666658653846 0.43125 0.865
314 0.08499999999999999 0.7983333341346154 0.0875 0.92 0.2475 0.845 0.25 0.735 0.21125 0.7116666658653846 0.0575 0.7633333341346155 0.08499999999999999 0.7983333341346154
314 0.0025 0.7766666658653846 0.0025 0.9533333341346153 0.02875 0.9450000000000001 0.0875 0.9183333341346154 0.08625000000000001 0.8033333341346154 0.05375 0.7633333341346155 0.0025 0.7766666658653846
321 0.0025 0.5416666658653846 0.005 0.7216666658653845 0.2725 0.66 0.26875 0.515 0.23249999999999998 0.5033333341346153 0.0025 0.5416666658653846
321 0.2675 0.515 0.27375 0.6566666658653847 0.37625000000000003 0.6283333341346153 0.375 0.48166666586538465 0.25 0.4983333341346154 0.2675 0.515
321 0.37625000000000003 0.6266666658653846 0.46 0.6 0.4625 0.46833333413461536 0.375 0.48000000000000004 0.37625000000000003 0.6266666658653846
1208 0.25 0.3866666658653846 0.25375000000000003 0.47166666586538464 0.34875 0.455 0.34249999999999997 0.3266666658653846 0.26 0.33 0.25 0.3866666658653846
1208 0.12625 0.335 0.1325 0.40333333413461536 0.14250000000000002 0.4866666658653846 0.2525 0.46833333413461536 0.25 0.3766666658653846 0.2425 0.33 0.1475 0.335 0.12625 0.335
1208 0.0125 0.335 0.0025 0.4233333341346154 0.0125 0.5033333341346153 0.14 0.4833333341346154 0.12375 0.3383333341346154 0.0925 0.33 0.0125 0.335
296 0.33875 0.28500000000000003 0.34875 0.2916666658653846 0.37 0.2866666658653846 0.39 0.28833333413461537 0.38625000000000004 0.18833333413461537 0.3775 0.18833333413461537 0.3725 0.14666666586538463 0.34249999999999997 0.14833333413461539 0.33875 0.17666666586538463 0.33249999999999996 0.19833333413461537 0.33875 0.28500000000000003
1208 0.34750000000000003 0.4516666658653846 0.36 0.44999999999999996 0.4425 0.445 0.43875000000000003 0.3633333341346154 0.43125 0.3216666658653846 0.34625 0.32333333413461535 0.34750000000000003 0.4516666658653846
321 0.46375 0.51 0.4625 0.5966666658653846 0.53125 0.5783333341346154 0.52875 0.5233333341346154 0.475 0.51 0.46375 0.51
321 0.52875 0.5216666658653846 0.53125 0.5783333341346154 0.6499999999999999 0.5433333341346154 0.6499999999999999 0.4383333341346154 0.47875 0.4633333341346154 0.4775 0.5083333341346153 0.52875 0.5216666658653846
374 0.5700000000000001 0.14666666586538463 0.59125 0.1533333341346154 0.66875 0.165 0.7274999999999999 0.175 0.7262500000000001 0.1316666658653846 0.5712499999999999 0.095 0.5700000000000001 0.14666666586538463
296 0.78625 0.125 0.78625 0.18666666586538463 0.8125 0.1916666658653846 0.95875 0.2166666658653846 0.9662499999999999 0.1616666658653846 0.88 0.14 0.81625 0.125 0.78625 0.125
296 0.8025 0.3616666658653846 0.8025 0.39 0.8212499999999999 0.3883333341346154 0.9075 0.37 0.9075 0.33666666586538463 0.8999999999999999 0.3266666658653846 0.8999999999999999 0.3083333341346154 0.8075 0.315 0.8062499999999999 0.34833333413461537 0.8025 0.3616666658653846
1211 0.10124999999999999 0.20166666586538462 0.1825 0.20833333413461538 0.1825 0.29 0.3375 0.28833333413461537 0.33249999999999996 0.2116666658653846 0.32625 0.21 0.3275 0.1566666658653846 0.185 0.14666666586538463 0.1 0.1566666658653846 0.10124999999999999 0.20166666586538462
1208 0.5712499999999999 0.3183333341346154 0.51125 0.3166666658653846 0.51125 0.4316666658653846 0.5725 0.42500000000000004 0.5712499999999999 0.3183333341346154
1208 0.44375 0.4466666658653846 0.51 0.4333333341346154 0.51125 0.3166666658653846 0.44625 0.3166666658653846 0.43125 0.3166666658653846 0.4375 0.34333333413461536 0.44375 0.4466666658653846
314 0.6775 0.47333333413461537 0.67625 0.5316666658653847 0.7375 0.5166666658653847 0.735 0.4366666658653846 0.6499999999999999 0.4366666658653846 0.6499999999999999 0.46166666586538463 0.6775 0.47333333413461537
402 0.9425 0 0.99875 0.03333333413461538 1 0.015833334134615386 1 0 0.9425 0
1885 0.7412500000000001 0 0.94125 0.07833333413461538 0.95875 0.07833333413461538 0.9750000000000001 0.11333333413461538 1 0.11015873076923076 1 0.030930233173076922 0.9475 0 0.7412500000000001 0
296 0.9075 0.22166666586538464 0.82625 0.22 0.83375 0.29 0.9137500000000001 0.295 0.9137500000000001 0.2483333341346154 0.90625 0.2466666658653846 0.9075 0.22166666586538464
1211 0.41000000000000003 0.2116666658653846 0.40750000000000003 0.28500000000000003 0.44625 0.29 0.6 0.28500000000000003 0.6 0.23 0.59 0.22499999999999998 0.59 0.19333333413461537 0.42125 0.1616666658653846 0.41000000000000003 0.2116666658653846
374 0.41125 0.056666665865384616 0.34875 0.04666666586538462 0.35 0.11666666586538461 0.41125 0.1266666658653846 0.41125 0.056666665865384616
374 0.195 0.025 0.10875 0.011666665865384616 0.10124999999999999 0.08833333413461539 0.195 0.09833333413461538 0.195 0.025
1208 0.73875 0.2416666658653846 0.7424999999999999 0.29 0.7625 0.29 0.76375 0.2433333341346154 0.76 0.23500000000000001 0.7587499999999999 0.20833333413461538 0.73125 0.20500000000000002 0.735 0.23 0.73875 0.2416666658653846
314 0.80125 0.6616666658653846 0.8275 0.6516666658653846 0.83375 0.525 0.8125 0.5133333341346155 0.7787499999999999 0.5266666658653846 0.7775 0.5783333341346154 0.8062499999999999 0.5933333341346153 0.80125 0.6616666658653846
1208 0.41125 0.053333334134615384 0.41125 0.1283333341346154 0.41750000000000004 0.1283333341346154 0.46625 0.13499999999999998 0.47000000000000003 0.07833333413461538 0.46 0.07333333413461539 0.46 0.035 0.41375 0.025 0.41125 0.053333334134615384
1208 0.72375 0.315 0.68875 0.3183333341346154 0.6900000000000001 0.40499999999999997 0.73 0.39666666586538457 0.73375 0.37166666586538466 0.7225 0.35 0.72375 0.315
792 1 0.8566666658653846 0.99875 0.7166666658653846 0.9600000000000001 0.7483333341346154 0.8999999999999999 0.735 0.8999999999999999 0.7283333341346154 0.5387500000000001 0.995 1 0.9966621610576923 1 0.8566666658653846
374 0.5675 0.095 0.5237499999999999 0.08833333413461539 0.52125 0.14 0.56875 0.14833333413461539 0.5700000000000001 0.10333333413461537 0.5675 0.095