1329 0.52685546875 0.18424479086538462 0.470703125 0.294921875 0.60498046875 0.35286458413461536 0.67138671875 0.22005208413461538 0.52685546875 0.18424479086538462
1329 0.97119140625 0.33984375 0.77978515625 0.2682291658653846 0.7685546875 0.2727864591346154 0.7158203125 0.38411458413461536 0.701171875 0.40364583413461536 0.9072265625 0.49348958413461536 0.97119140625 0.33984375
207 0.25244140625 0.8125 0.46533203125 0.998046875 0.81689453125 0.998046875 0.9970703125 0.6588541658653846 0.9970703125 0.38606770913461536 0.775390625 0.314453125 0.271484375 0.5768229158653846 0.2705078125 0.6666666658653846 0.2333984375 0.7890625 0.25244140625 0.8125
207 0.70458984375 0.2799479158653846 0.5380859375 0.21549479086538462 0.4716796875 0.2591145841346154 0.45068359375 0.2766927091346154 0.05322265625 0.38020833413461536 0.0400390625 0.5709635408653846 0.22802734375 0.7858072908653846 0.74072265625 0.498046875 0.7451171875 0.33203125 0.70458984375 0.2799479158653846
564 0.36328125 0.38606770913461536 0.4248046875 0.008463540865384615 0.00634765625 0.0006510408653846154 0.0107421875 0.498046875 0.36328125 0.38606770913461536
216 0.44384765625 0.041015625 0.4228515625 0.0859375 0.4931640625 0.09049479086538462 0.48193359375 0.04557291586538462 0.44384765625 0.041015625
381 0.6337890625 0.6536458341346154 0.60400390625 0.6731770841346154 0.65625 0.71484375 0.6884765625 0.6901041658653846 0.6337890625 0.6536458341346154
1106 0.4345703125 0.2721354158653846 0.43798828125 0.201171875 0.40478515625 0.19401041586538462 0.3984375 0.208984375 0.3984375 0.275390625 0.4345703125 0.2721354158653846
1198 0.48876953125 0.22265625 0.466796875 0.21940104086538462 0.46435546875 0.24088541586538462 0.486328125 0.24544270913461538 0.48876953125 0.22265625
1708 0.462890625 0.2701822908653846 0.44677734375 0.2571614591346154 0.39599609375 0.25390625 0.36376953125 0.2584635408653846 0.35986328125 0.265625 0.35986328125 0.2734375 0.37109375 0.2884114591346154 0.3896484375 0.2903645841346154 0.462890625 0.2701822908653846
937 0.52001953125 0.0013020841346153846 0.5048828125 0.23893229086538462 0.998046875 0.47526041586538464 0.99951171875 0.072265625 0.52001953125 0.0013020841346153846
1885 0.0009765625 0.46875 0.43212890625 0.33984375 0.453125 0.0013020841346153846 0.0009765625 0.002604165865384616 0.0009765625 0.46875
1885 0.99560546875 0.47526041586538464 0.99951171875 0.0013020841346153846 0.45068359375 0.002604165865384616 0.43798828125 0.2819010408653846 0.99560546875 0.47526041586538464
792 0.0009765625 0.9986979158653846 0.99951171875 0.9986979158653846 0.99951171875 0.6653645841346154 0.43701171875 0.34765625 0.001953125 0.47005208413461536 0.0009765625 0.9986979158653846