417 0.9248046875 0.5397135408653846 0.9248046875 0.5247395841346154 0.9150390625 0.51171875 0.9287109375 0.39908854086538464 0.7998046875 0.373046875 0.771484375 0.47981770913461536 0.75146484375 0.47200520913461536 0.716796875 0.48828125 0.76025390625 0.5266927091346154 0.7314453125 0.6087239591346154 0.79248046875 0.6783854158653846 0.7763671875 0.712890625 0.712890625 0.734375 0.69921875 0.7545572908653846 0.71435546875 0.7623697908653846 0.72314453125 0.7493489591346154 0.794921875 0.7311197908653846 0.86767578125 0.7591145841346154 0.873046875 0.7708333341346154 0.8916015625 0.7708333341346154 0.8916015625 0.7428385408653846 0.83447265625 0.7161458341346154 0.8369140625 0.6588541658653846 0.87158203125 0.6516927091346154 0.87890625 0.6341145841346154 0.87890625 0.6158854158653846 0.90771484375 0.595703125 0.91357421875 0.5397135408653846 0.9248046875 0.5397135408653846
564 0.9990234375 0.5625 0.9990234375 0.0013020841346153846 0.94970703125 0.0013020841346153846 0.90869140625 0.39453125 0.9150390625 0.51171875 0.9990234375 0.5625
940 0.9345703125 0.5266927091346154 0.8837890625 0.533203125 0.86767578125 0.6555989591346154 0.9990234375 0.7662760408653846 0.9990234375 0.5657552091346154 0.9345703125 0.5266927091346154
1740 0.6943359375 0.47005208413461536 0.67724609375 0.44856770913461536 0.6611328125 0.42057291586538464 0.61767578125 0.42578125 0.61767578125 0.44401041586538464 0.638671875 0.47005208413461536 0.6943359375 0.47005208413461536
268 0.75 0.5130208341346154 0.7119140625 0.48177083413461536 0.62255859375 0.490234375 0.65234375 0.5247395841346154 0.75 0.5130208341346154
1269 0.578125 0.46549479086538464 0.578125 0.47200520913461536 0.62255859375 0.46354166586538464 0.578125 0.46549479086538464
1239 0.60888671875 0.46549479086538464 0.5830078125 0.46549479086538464 0.59521484375 0.48372395913461536 0.625 0.48177083413461536 0.60888671875 0.46549479086538464
314 0.58154296875 0.46354166586538464 0.6162109375 0.46223958413461536 0.59912109375 0.44075520913461536 0.56787109375 0.44075520913461536 0.56787109375 0.45377604086538464 0.58154296875 0.46354166586538464
1106 0.5185546875 0.33138020913461536 0.513671875 0.48372395913461536 0.546875 0.48828125 0.54931640625 0.33333333413461536 0.5185546875 0.33138020913461536
1027 0.5244140625 0.31966145913461536 0.52734375 0.3046875 0.5888671875 0.2936197908653846 0.5517578125 0.20572916586538462 0.4873046875 0.21549479086538462 0.46875 0.31510416586538464 0.51611328125 0.30859375 0.5146484375 0.32161458413461536 0.50732421875 0.32486979086538464 0.5146484375 0.33463541586538464 0.51220703125 0.42903645913461536 0.5009765625 0.43033854086538464 0.482421875 0.45182291586538464 0.5 0.47200520913461536 0.5556640625 0.47005208413461536 0.52587890625 0.43229166586538464 0.52587890625 0.328125 0.53076171875 0.32291666586538464 0.5244140625 0.31966145913461536
1814 0.37841796875 0.822265625 0.40673828125 0.8053385408653846 0.40576171875 0.6653645841346154 0.3720703125 0.650390625 0.3623046875 0.6536458341346154 0.34521484375 0.6536458341346154 0.34375 0.8092447908653846 0.37841796875 0.822265625
1239 0.55419921875 0.5774739591346154 0.5693359375 0.5944010408653846 0.64111328125 0.5924479158653846 0.6240234375 0.5729166658653846 0.55419921875 0.5774739591346154
1120 0.10107421875 0.5377604158653846 0.0947265625 0.306640625 0.08203125 0.03385416586538462 0.02392578125 0.0013020841346153846 0.00048828125 0.0013020841346153846 0.00048828125 0.541015625 0.10107421875 0.5377604158653846
865 0.0302734375 0.521484375 0.0341796875 0.564453125 0.048828125 0.5729166658653846 0.06005859375 0.5611979158653846 0.0576171875 0.51953125 0.044921875 0.5162760408653846 0.0302734375 0.521484375
1447 0.1923828125 0.31510416586538464 0.21240234375 0.31510416586538464 0.2138671875 0.296875 0.15185546875 0.3001302091346154 0.13671875 0.3033854158653846 0.14794921875 0.31640625 0.16650390625 0.31640625 0.177734375 0.30989583413461536 0.1923828125 0.31510416586538464
1743 0.3115234375 0.57421875 0.32275390625 0.5247395841346154 0.31396484375 0.3046875 0.09228515625 0.306640625 0.0810546875 0.330078125 0.08349609375 0.564453125 0.095703125 0.5872395841346154 0.3115234375 0.57421875
1239 0.1591796875 0.2786458341346154 0.16162109375 0.3046875 0.1962890625 0.3046875 0.1962890625 0.2786458341346154 0.1591796875 0.2786458341346154
692 0.34521484375 0.833984375 0.3486328125 0.8157552091346154 0.34521484375 0.5924479158653846 0.33642578125 0.5266927091346154 0.326171875 0.5149739591346154 0.001953125 0.5364583341346154 0.00048828125 0.853515625 0.34521484375 0.833984375
207 0.0029296875 0.833984375 0.00048828125 0.9986979158653846 0.154296875 0.9986979158653846 0.10693359375 0.8697916658653846 0.06494140625 0.8268229158653846 0.0029296875 0.833984375
605 0.80224609375 0.9459635408653846 0.8193359375 0.9329427091346154 0.83935546875 0.5924479158653846 0.82568359375 0.57421875 0.65576171875 0.4453125 0.46875 0.46223958413461536 0.4677734375 0.7233072908653846 0.4736328125 0.736328125 0.48388671875 0.7213541658653846 0.48388671875 0.6868489591346154 0.54443359375 0.6764322908653846 0.54931640625 0.6966145841346154 0.5458984375 0.9557291658653846 0.55078125 0.98046875 0.56689453125 0.982421875 0.5703125 0.9114583341346154 0.79248046875 0.88671875 0.79248046875 0.9342447908653846 0.80224609375 0.9459635408653846
385 0.001953125 0.7526041658653846 0.00048828125 0.9986979158653846 0.9990234375 0.9986979158653846 0.9990234375 0.76953125 0.87646484375 0.669921875 0.001953125 0.7526041658653846
1885 0.33154296875 0.53125 0.34228515625 0.703125 0.8642578125 0.650390625 0.95068359375 0.002604165865384616 0.025390625 0.002604165865384616 0.0810546875 0.03580729086538462 0.09716796875 0.306640625 0.31396484375 0.3046875 0.31787109375 0.5182291658653846 0.33154296875 0.53125
1494 0.103515625 0.533203125 0.2939453125 0.5299479158653846 0.29150390625 0.33463541586538464 0.095703125 0.34440104086538464 0.103515625 0.533203125