1329 0.32861328125 0.22005208413461538 0.39501953125 0.35286458413461536 0.529296875 0.294921875 0.47314453125 0.18424479086538462 0.32861328125 0.22005208413461538
1329 0.0927734375 0.49348958413461536 0.298828125 0.40364583413461536 0.2841796875 0.38411458413461536 0.2314453125 0.2727864591346154 0.22021484375 0.2682291658653846 0.02880859375 0.33984375 0.0927734375 0.49348958413461536
207 0.7666015625 0.7890625 0.7294921875 0.6666666658653846 0.728515625 0.5768229158653846 0.224609375 0.314453125 0.0029296875 0.38606770913461536 0.0029296875 0.6588541658653846 0.18310546875 0.998046875 0.53466796875 0.998046875 0.74755859375 0.8125 0.7666015625 0.7890625
207 0.2548828125 0.33203125 0.25927734375 0.498046875 0.77197265625 0.7858072908653846 0.9599609375 0.5709635408653846 0.94677734375 0.38020833413461536 0.54931640625 0.2766927091346154 0.5283203125 0.2591145841346154 0.4619140625 0.21549479086538462 0.29541015625 0.2799479158653846 0.2548828125 0.33203125
564 0.9892578125 0.498046875 0.99365234375 0.0006510408653846154 0.5751953125 0.008463540865384615 0.63671875 0.38606770913461536 0.9892578125 0.498046875
216 0.51806640625 0.04557291586538462 0.5068359375 0.09049479086538462 0.5771484375 0.0859375 0.55615234375 0.041015625 0.51806640625 0.04557291586538462
381 0.3115234375 0.6901041658653846 0.34375 0.71484375 0.39599609375 0.6731770841346154 0.3662109375 0.6536458341346154 0.3115234375 0.6901041658653846
1106 0.6015625 0.275390625 0.6015625 0.208984375 0.59521484375 0.19401041586538462 0.56201171875 0.201171875 0.5654296875 0.2721354158653846 0.6015625 0.275390625
1198 0.513671875 0.24544270913461538 0.53564453125 0.24088541586538462 0.533203125 0.21940104086538462 0.51123046875 0.22265625 0.513671875 0.24544270913461538
1708 0.6103515625 0.2903645841346154 0.62890625 0.2884114591346154 0.64013671875 0.2734375 0.64013671875 0.265625 0.63623046875 0.2584635408653846 0.60400390625 0.25390625 0.55322265625 0.2571614591346154 0.537109375 0.2701822908653846 0.6103515625 0.2903645841346154
937 0.00048828125 0.072265625 0.001953125 0.47526041586538464 0.4951171875 0.23893229086538462 0.47998046875 0.0013020841346153846 0.00048828125 0.072265625
1885 0.9990234375 0.002604165865384616 0.546875 0.0013020841346153846 0.56787109375 0.33984375 0.9990234375 0.46875 0.9990234375 0.002604165865384616
1885 0.56201171875 0.2819010408653846 0.54931640625 0.002604165865384616 0.00048828125 0.0013020841346153846 0.00439453125 0.47526041586538464 0.56201171875 0.2819010408653846
792 0.998046875 0.47005208413461536 0.56298828125 0.34765625 0.00048828125 0.6653645841346154 0.00048828125 0.9986979158653846 0.9990234375 0.9986979158653846 0.998046875 0.47005208413461536