1033 0.5611979158653846 0.283203125 0.6549479158653846 0.28564453125 0.7135416658653846 0.28564453125 0.734375 0.2841796875 0.7447916658653846 0.28173828125 0.6653645841346154 0.14404296875 0.6497395841346154 0.14111328125 0.6236979158653846 0.138671875 0.6061197908653846 0.138671875 0.5787760408653846 0.138671875 0.564453125 0.14111328125 0.46744791586538464 0.27001953125 0.46419270913461536 0.27392578125 0.474609375 0.27783203125 0.5611979158653846 0.283203125
1027 0.6393229158653846 0.46240234375 0.625 0.4609375 0.6165364591346154 0.45458984375 0.6197916658653846 0.4521484375 0.6217447908653846 0.45068359375 0.6184895841346154 0.4453125 0.6477864591346154 0.3857421875 0.65625 0.3544921875 0.65625 0.32861328125 0.6510416658653846 0.31396484375 0.6393229158653846 0.306640625 0.6184895841346154 0.2958984375 0.6165364591346154 0.2880859375 0.642578125 0.28955078125 0.6705729158653846 0.2880859375 0.705078125 0.2880859375 0.7239583341346154 0.287109375 0.7434895841346154 0.28564453125 0.7467447908653846 0.2802734375 0.6653645841346154 0.14404296875 0.6341145841346154 0.14013671875 0.6236979158653846 0.13623046875 0.6165364591346154 0.13330078125 0.611328125 0.13232421875 0.6080729158653846 0.134765625 0.5696614591346154 0.13720703125 0.46549479086538464 0.2724609375 0.5123697908653846 0.2802734375 0.5885416658653846 0.28564453125 0.5885416658653846 0.2958984375 0.5559895841346154 0.3154296875 0.548828125 0.33251953125 0.548828125 0.34912109375 0.5852864591346154 0.44677734375 0.58203125 0.45068359375 0.5833333341346154 0.4560546875 0.5611979158653846 0.46484375 0.56640625 0.5 0.6061197908653846 0.5029296875 0.6477864591346154 0.5029296875 0.6477864591346154 0.48193359375 0.6393229158653846 0.46484375 0.6393229158653846 0.46240234375
1314 0.859375 0.0009765625 0.8352864591346154 0.3427734375 0.99609375 0.4326171875 1 0.0009765625 0.859375 0.0009765625
1173 0.349609375 0.79150390625 0.34635416586538464 0.81494140625 0.36848958413461536 0.81982421875 0.38411458413461536 0.78125 0.38802083413461536 0.7509765625 0.5071614591346154 0.7431640625 0.548828125 0.7431640625 0.6927083341346154 0.74609375 0.7018229158653846 0.78125 0.720703125 0.81201171875 0.736328125 0.8134765625 0.7291666658653846 0.77587890625 0.7467447908653846 0.55615234375 0.7604166658653846 0.5546875 0.7604166658653846 0.5390625 0.7102864591346154 0.4716796875 0.34765625 0.47021484375 0.3203125 0.54296875 0.32161458413461536 0.55615234375 0.3359375 0.55859375 0.349609375 0.79150390625
1239 0.49869791586538464 0.49755859375 0.44140625 0.5263671875 0.595703125 0.5498046875 0.6477864591346154 0.51171875 0.49869791586538464 0.49755859375
1740 0.43619791586538464 0.50146484375 0.45377604086538464 0.49755859375 0.45703125 0.48828125 0.45377604086538464 0.47412109375 0.44140625 0.46630859375 0.439453125 0.4453125 0.38411458413461536 0.44677734375 0.36197916586538464 0.4453125 0.349609375 0.4482421875 0.34765625 0.4990234375 0.3828125 0.5 0.4140625 0.5029296875 0.43619791586538464 0.50146484375
1212 0.35286458413461536 0.50537109375 0.34244791586538464 0.5224609375 0.40494791586538464 0.52490234375 0.412109375 0.5078125 0.35286458413461536 0.50537109375
679 0.39127604086538464 0.56494140625 0.39322916586538464 0.60693359375 0.69140625 0.60400390625 0.6927083341346154 0.5615234375 0.39127604086538464 0.56494140625
937 0.30078125 0.60302734375 0.32356770913461536 0.70947265625 0.33919270913461536 0.7041015625 0.2819010408653846 0.001953125 0.24739583413461538 0.001953125 0.2591145841346154 0.19189453125 0.002604165865384616 0.197265625 0.0013020841346153846 0.50146484375 0.2942708341346154 0.515625 0.30078125 0.60302734375
1329 0.2265625 0.50927734375 0.20247395913461538 0.49365234375 0.19010416586538462 0.4638671875 0.18294270913461538 0.34521484375 0.15364583413461538 0.35986328125 0.09440104086538462 0.3740234375 0.0078125 0.3857421875 0.0013020841346153846 0.52490234375 0.166015625 0.5234375 0.2265625 0.50927734375
1329 0.17252604086538462 0.5419921875 0.16080729086538462 0.5302734375 0.15559895913461538 0.4990234375 0.146484375 0.4453125 0.150390625 0.37548828125 0.002604165865384616 0.38720703125 0.002604165865384616 0.546875 0.17252604086538462 0.5419921875
55 0.004557290865384616 0.5029296875 0.0013020841346153846 0.962890625 0.12239583413461538 0.96435546875 0.2994791658653846 0.60546875 0.2890625 0.54052734375 0.2955729158653846 0.52099609375 0.2838541658653846 0.50927734375 0.004557290865384616 0.5029296875
25 0.2942708341346154 0.95263671875 0.3059895841346154 0.91650390625 0.3046875 0.87744140625 0.2799479158653846 0.83154296875 0.25390625 0.77734375 0.212890625 0.74072265625 0.15364583413461538 0.7109375 0.01171875 0.6884765625 0.004557290865384616 0.9697265625 0.2682291658653846 0.970703125 0.2942708341346154 0.95263671875
6 0.24739583413461538 0.001953125 0.2591145841346154 0.1904296875 0.0013020841346153846 0.197265625 0.002604165865384616 0.96826171875 0.20572916586538462 0.96826171875 0.2799479158653846 0.7626953125 0.34114583413461536 0.71728515625 0.2838541658653846 0.0009765625 0.24739583413461538 0.001953125
38 0.72265625 0.81201171875 0.6998697908653846 0.78125 0.689453125 0.74853515625 0.39127604086538464 0.75390625 0.39127604086538464 0.78125 0.37239583413461536 0.82373046875 0.34440104086538464 0.81494140625 0.34765625 0.7890625 0.3359375 0.70703125 0.22330729086538462 0.970703125 0.8509114591346154 0.9697265625 0.73828125 0.7353515625 0.7291666658653846 0.77587890625 0.73828125 0.81591796875 0.72265625 0.81201171875
1885 0.998046875 0.001953125 0.7688802091346154 0.001953125 0.7278645841346154 0.65234375 0.8990885408653846 0.96826171875 1 0.970703125 0.998046875 0.001953125