1769 0.345703125 0.33984375 0.39501953125 0.37174479086538464 0.44287109375 0.357421875 0.43994140625 0.31510416586538464 0.39306640625 0.2923177091346154 0.3515625 0.30078125 0.345703125 0.33984375
1778 0.341796875 0.32942708413461536 0.38037109375 0.3359375 0.37744140625 0.2610677091346154 0.3515625 0.2610677091346154 0.33251953125 0.2701822908653846 0.33349609375 0.32421875 0.341796875 0.32942708413461536
1564 0.705078125 0.6888020841346154 0.71337890625 0.642578125 0.6767578125 0.60546875 0.6171875 0.58203125 0.5673828125 0.5794270841346154 0.51513671875 0.5859375 0.47265625 0.6002604158653846 0.4345703125 0.6217447908653846 0.404296875 0.6529947908653846 0.39013671875 0.6822916658653846 0.4091796875 0.7272135408653846 0.46533203125 0.7552083341346154 0.51513671875 0.7708333341346154 0.58642578125 0.7643229158653846 0.65966796875 0.7337239591346154 0.705078125 0.6888020841346154
676 0.5048828125 0.7604166658653846 0.52197265625 0.7591145841346154 0.51806640625 0.7389322908653846 0.501953125 0.736328125 0.4873046875 0.7428385408653846 0.4892578125 0.7591145841346154 0.5048828125 0.7604166658653846
757 0.4951171875 0.5755208341346154 0.501953125 0.5690104158653846 0.50634765625 0.5579427091346154 0.50048828125 0.5423177091346154 0.47314453125 0.541015625 0.45166015625 0.5475260408653846 0.4453125 0.5546875 0.43701171875 0.5631510408653846 0.44677734375 0.5872395841346154 0.45458984375 0.5716145841346154 0.47412109375 0.56640625 0.4775390625 0.58203125 0.48876953125 0.5826822908653846 0.4951171875 0.5755208341346154
1546 0.291015625 0.328125 0.32080078125 0.31770833413461536 0.30419921875 0.001953125 0.10986328125 0.003255209134615384 0.12158203125 0.462890625 0.2998046875 0.41666666586538464 0.291015625 0.328125
1835 0.001953125 0.49348958413461536 0.12255859375 0.46158854086538464 0.11962890625 0.40625 0 0.43098958413461536 0.001953125 0.49348958413461536
1794 0.40625 0.15625 0.39892578125 0.13932291586538462 0.431640625 0.12630208413461538 0.4169921875 0.004557290865384616 0.32958984375 0.001953125 0.32958984375 0.005859375 0.32763671875 0.12239583413461538 0.32666015625 0.14973958413461538 0.39599609375 0.169921875 0.40625 0.15625
1120 0 0.0006510408653846154 0.0029296875 0.5345052091346154 0.7490234375 0.33072916586538464 0.76953125 0.0006510408653846154 0 0.0006510408653846154
1885 0.79296875 0.9993489591346154 0.99951171875 0.9993489591346154 0.99853515625 0.001953125 0.77490234375 0.002604165865384616 0.75048828125 0.38151041586538464 0.71142578125 0.9342447908653846 0.79296875 0.9993489591346154
792 0.79150390625 1 0.7099609375 0.9361979158653846 0.623046875 1 0.79150390625 1
1885 0.00048828125 0.002604165865384616 0.00048828125 0.998046875 0.5654296875 1 0.62548828125 0.998046875 0.708984375 0.9361979158653846 0.7734375 0.0006510408653846154 0.00048828125 0.002604165865384616
532 0.99853515625 0.6061197908653846 0.99853515625 0.5377604158653846 0.97314453125 0.5279947908653846 0.75634765625 0.43489583413461536 0.00146484375 0.7141927091346154 0.00048828125 0.998046875 0.4140625 1 0.99853515625 0.6061197908653846
1596 0.2666015625 0.5904947908653846 0.2587890625 0.607421875 0.2607421875 0.6197916658653846 0.29541015625 0.6276041658653846 0.310546875 0.615234375 0.31884765625 0.607421875 0.31396484375 0.5904947908653846 0.279296875 0.5872395841346154 0.2666015625 0.5904947908653846