558 0.04243827163461538 0.20679012259615387 0.08603394951923077 0.20421810817307692 0.7820216057692307 0.1872427980769231 0.7851080240384616 0.0015432091346153846 0.02469135817307692 0.0036008221153846155 0.04243827163461538 0.20679012259615387
1569 0.6346450625 0.43724279807692307 0.7025462956730769 0.4156378605769231 0.6361882716346153 0.39866255048076926 0.5976080240384616 0.41358024759615386 0.6346450625 0.43724279807692307
757 0.6168981490384616 0.3487654326923077 0.5991512355769231 0.3533950625 0.5956790120192308 0.3595679014423077 0.59259259375 0.39454732451923075 0.6006944447115384 0.36419753125 0.6153549375 0.35545267548076925 0.628086420673077 0.35545267548076925 0.6331018509615384 0.36831275721153844 0.6427469134615384 0.3595679014423077 0.631558641826923 0.3487654326923077 0.6168981490384616 0.3487654326923077
1204 0.576388889423077 0.47633744951923074 0.4016203701923077 0.5174897115384616 0.5748456778846154 0.5992798365384615 0.576388889423077 0.47633744951923074
1670 0.3125 0.4418724278846154 0.3935185192307692 0.5020576129807692 0.5617283942307693 0.4506172836538462 0.46141975240384614 0.40740740625 0.3125 0.4418724278846154
1977 0.861111110576923 0.7289094639423077 0.40509259375 0.5149176947115385 0.8368055552884616 0.4053497932692308 0.7040895072115384 0.37294238701923077 0.3013117283653846 0.4480452668269231 0.03587962980769231 0.49331275721153844 0.5231481490384615 0.9511316875 0.861111110576923 0.7458847740384615 0.861111110576923 0.7289094639423077
558 0.576388889423077 0.5972222211538462 0.8240740745192308 0.7026748966346154 0.8306327163461538 0.5709876538461539 0.8387345673076924 0.40946502163461534 0.576388889423077 0.4783950625 0.576388889423077 0.5972222211538462
1885 0.022762346153846154 0.0005144038461538461 0.0007716057692307692 0.0005144038461538461 0.0015432091346153846 0.9696502067307692 0.05787037019230769 0.9439300408653846 0.05864197596153846 0.9202674903846154 0.08333333413461538 0.9146090528846155 0.07986111057692308 0.8652263365384615 0.06597222115384616 0.8456790120192307 0.03510802403846154 0.4958847740384615 0.704861110576923 0.375 0.7098765432692308 0.19084362259615384 0.04128086538461539 0.2047325096153846 0.022762346153846154 0.0005144038461538461
558 0.06597222115384616 0.8441358028846154 0.08063271634615385 0.8652263365384615 0.08256172836538461 0.9171810697115385 0.0983796298076923 0.9403292187500001 0.13078703605769232 0.9989711923076924 0.8198302475961537 0.9953703701923077 0.8356481490384616 0.7654320985576923 0.5235339495192307 0.9531893004807692 0.03433642067307692 0.49794238701923077 0.06597222115384616 0.8441358028846154
487 0.19791666586538462 0.4994855961538462 0.20486111057692308 0.5077160504807693 0.2253086418269231 0.5041152259615385 0.2241512355769231 0.48405349759615385 0.21103394951923077 0.47222222115384616 0.20408950721153846 0.40329218028846153 0.21527777884615384 0.3996913581730769 0.20679012259615387 0.33641975240384614 0.18557098798076924 0.3338477355769231 0.10262345673076924 0.3431069951923077 0.11149691346153846 0.5051440336538462 0.15663580288461537 0.5226337451923077 0.17399691346153848 0.5123456778846154 0.18711419711538463 0.49794238701923077 0.19791666586538462 0.4994855961538462
357 0.22067901201923076 0.5745884783653846 0.22608024759615386 0.5663580240384616 0.23919753125 0.5617283942307693 0.23649691346153848 0.5169753076923077 0.22955246875 0.5097736634615384 0.22337962980769233 0.5087448557692308 0.2075617283653846 0.5097736634615384 0.1986882716346154 0.5015432091346154 0.18557098798076924 0.5005144038461539 0.17592592548076924 0.5123456778846154 0.1616512355769231 0.5216049375 0.16087962980769233 0.5308641971153846 0.16435185096153845 0.5673868317307693 0.1732253076923077 0.5745884783653846 0.19174382692307693 0.5709876538461539 0.2075617283653846 0.5776748966346154 0.21450617307692307 0.5766460913461539 0.22067901201923076 0.5745884783653846
140 0.3896604927884615 0.6316872427884616 0.3950617283653846 0.6270576129807692 0.40470679086538464 0.6188271610576923 0.4012345673076923 0.5967078197115385 0.40200617307692305 0.5859053509615385 0.392361110576923 0.5745884783653846 0.37731481490384616 0.573045266826923 0.36072530769230765 0.5745884783653846 0.3499228389423077 0.5802469134615384 0.3476080240384615 0.5859053509615385 0.3476080240384615 0.6039094639423077 0.3483796298076923 0.6177983533653847 0.35108024759615386 0.6260288076923076 0.3553240745192308 0.633230451923077 0.37384259375 0.6352880649038462 0.3896604927884615 0.6316872427884616
1382 0.5497685192307692 0.7654320985576923 0.5725308653846154 0.7633744855769231 0.5771604927884615 0.7551440336538462 0.5895061730769231 0.746913579326923 0.5964506177884615 0.7376543221153846 0.5999228389423077 0.7304526754807692 0.6018518509615385 0.7196502067307692 0.5956790120192308 0.7057613173076922 0.5806327163461538 0.6939300408653846 0.5586419759615384 0.6939300408653846 0.53125 0.6939300408653846 0.53125 0.6800411514423076 0.5250771610576923 0.6800411514423076 0.5181327163461538 0.6882716057692307 0.4918981490384615 0.6918724278846154 0.4918981490384615 0.6965020576923078 0.5084876538461539 0.7021604927884616 0.5050154326923078 0.7196502067307692 0.5084876538461539 0.7350823052884615 0.5243055552884616 0.746913579326923 0.53125 0.7633744855769231 0.5497685192307692 0.7654320985576923
1601 0.6986882716346153 0.2962962956730769 0.6967592596153847 0.26594650240384615 0.6801697524038463 0.26594650240384615 0.680941358173077 0.2962962956730769 0.6986882716346153 0.2962962956730769
836 0.9521604927884616 0.07921810817307692 0.8533950625 0.06532921875 0.8260030865384616 0.7021604927884616 0.9116512355769231 0.6553497932692308 0.9521604927884616 0.07921810817307692
1885 0.7056327163461538 0.375 0.8395061730769231 0.40637860096153844 0.8506944447115384 0.0005144038461538461 0.7831790120192307 0.002057612980769231 0.7820216057692307 0.19187242788461537 0.7091049375 0.19547325000000002 0.7056327163461538 0.375
655 0.9845679014423077 0.6718106995192308 0.9996141971153846 0.4593621394230769 0.9984567908653846 0.004115225961538462 0.9537037043269231 0.6646090528846155 0.9791666658653846 0.6754115216346155 0.9845679014423077 0.6718106995192308
1885 0.9475308653846154 0.07818930048076923 0.9521604927884616 0.07921810817307692 0.9089506177884614 0.6589506177884614 0.9398148149038461 0.6728395072115384 0.9544753076923077 0.666152264423077 0.996913579326923 0.004115225961538462 0.9544753076923077 0.002057612980769231 0.9475308653846154 0.07818930048076923
1814 0.9398148149038461 0.8806584350961538 0.940586420673077 0.9007201634615385 0.9467592596153847 0.9099794230769231 0.94830246875 0.996913579326923 0.9984567908653846 0.9989711923076924 0.9996141971153846 0.8605967067307693 0.9864969134615384 0.8616255144230769 0.9398148149038461 0.8806584350961538
792 0.8630401225961539 0.746913579326923 0.8368055552884616 0.7669753076923077 0.8182870360576923 0.9953703701923077 0.9151234567307692 0.9979423870192308 0.9996141971153846 0.9979423870192308 0.9996141971153846 0.6213991778846153 0.9888117283653847 0.625 0.9864969134615384 0.6682098774038461 0.9776234567307692 0.6774691346153846 0.9556327163461538 0.666152264423077 0.9398148149038461 0.6774691346153846 0.9054783942307693 0.6610082307692308 0.8236882716346153 0.7067901225961539 0.8595679014423077 0.7304526754807692 0.8630401225961539 0.746913579326923