1542 0.2625 0 0.058750000000000004 0.08166666586538461 0.04 0.08 0.0275 0.115 0.06375 0.6966666658653846 0.0775 0.715 0.0825 0.7250000000000001 0.0975 0.7250000000000001 0.46125 0.995 0.99625 0.9966666658653847 0.99875 0 0.2625 0
1523 0 0.7159259254807692 0.04375 0.7483333341346154 0.1 0.735 0.1 0.73 0.08375 0.7266666658653846 0.0625 0.6950000000000001 0.0275 0.11666666586538461 0.00125 0.11333333413461538 0 0.4141666658653846 0 0.7159259254807692
314 0.56875 0.7733333341346154 0.5925 0.7616666658653847 0.5862499999999999 0.6516666658653846 0.53 0.6333333341346153 0.5 0.655 0.5075000000000001 0.8283333341346153 0.56875 0.8616666658653845 0.56875 0.7733333341346154
314 0.70875 0.9316666658653846 0.7124999999999999 0.875 0.7412500000000001 0.8516666658653846 0.73875 0.8099999999999999 0.6075 0.7533333341346153 0.56875 0.7733333341346154 0.56875 0.865 0.70875 0.9316666658653846
314 0.9425 0.7633333341346155 0.7887500000000001 0.7116666658653846 0.75 0.735 0.7525000000000001 0.845 0.9125000000000001 0.92 0.9149999999999999 0.7983333341346154 0.9425 0.7633333341346155
314 0.9462499999999999 0.7633333341346155 0.9137500000000001 0.8033333341346154 0.9125000000000001 0.9183333341346154 0.9712500000000001 0.9450000000000001 0.9974999999999999 0.9533333341346153 0.9974999999999999 0.7766666658653846 0.9462499999999999 0.7633333341346155
321 0.7675 0.5033333341346153 0.73125 0.515 0.7274999999999999 0.66 0.995 0.7216666658653845 0.9974999999999999 0.5416666658653846 0.7675 0.5033333341346153
321 0.75 0.4983333341346154 0.625 0.48166666586538465 0.62375 0.6283333341346153 0.7262500000000001 0.6566666658653847 0.7325 0.515 0.75 0.4983333341346154
321 0.625 0.48000000000000004 0.5375 0.46833333413461536 0.5399999999999999 0.6 0.62375 0.6266666658653846 0.625 0.48000000000000004
1208 0.74 0.33 0.6575 0.3266666658653846 0.65125 0.455 0.74625 0.47166666586538464 0.75 0.3866666658653846 0.74 0.33
1208 0.8524999999999999 0.335 0.7575000000000001 0.33 0.75 0.3766666658653846 0.7474999999999999 0.46833333413461536 0.8575 0.4866666658653846 0.8674999999999999 0.40333333413461536 0.87375 0.335 0.8524999999999999 0.335
1208 0.9075 0.33 0.87625 0.3383333341346154 0.86 0.4833333341346154 0.9875 0.5033333341346153 0.9974999999999999 0.4233333341346154 0.9875 0.335 0.9075 0.33
296 0.6675 0.19833333413461537 0.66125 0.17666666586538463 0.6575 0.14833333413461539 0.6275000000000001 0.14666666586538463 0.6224999999999999 0.18833333413461537 0.61375 0.18833333413461537 0.61 0.28833333413461537 0.63 0.2866666658653846 0.65125 0.2916666658653846 0.66125 0.28500000000000003 0.6675 0.19833333413461537
1208 0.6537499999999999 0.32333333413461535 0.56875 0.3216666658653846 0.56125 0.3633333341346154 0.5575 0.445 0.64 0.44999999999999996 0.6525 0.4516666658653846 0.6537499999999999 0.32333333413461535
321 0.525 0.51 0.47125 0.5233333341346154 0.46875 0.5783333341346154 0.5375 0.5966666658653846 0.53625 0.51 0.525 0.51
321 0.5225000000000001 0.5083333341346153 0.52125 0.4633333341346154 0.35 0.4383333341346154 0.35 0.5433333341346154 0.46875 0.5783333341346154 0.47125 0.5216666658653846 0.5225000000000001 0.5083333341346153
374 0.42875 0.095 0.27375 0.1316666658653846 0.2725 0.175 0.33125000000000004 0.165 0.40875 0.1533333341346154 0.43 0.14666666586538463 0.42875 0.095
296 0.18375 0.125 0.12000000000000001 0.14 0.033749999999999995 0.1616666658653846 0.04125 0.2166666658653846 0.1875 0.1916666658653846 0.21375 0.18666666586538463 0.21375 0.125 0.18375 0.125
296 0.19374999999999998 0.34833333413461537 0.1925 0.315 0.1 0.3083333341346154 0.1 0.3266666658653846 0.0925 0.33666666586538463 0.0925 0.37 0.17875 0.3883333341346154 0.19749999999999998 0.39 0.19749999999999998 0.3616666658653846 0.19374999999999998 0.34833333413461537
1211 0.8999999999999999 0.1566666658653846 0.8150000000000001 0.14666666586538463 0.6725 0.1566666658653846 0.67375 0.21 0.6675 0.2116666658653846 0.6625000000000001 0.28833333413461537 0.8175 0.29 0.8175 0.20833333413461538 0.8987499999999999 0.20166666586538462 0.8999999999999999 0.1566666658653846
1208 0.4275 0.42500000000000004 0.48874999999999996 0.4316666658653846 0.48874999999999996 0.3166666658653846 0.42875 0.3183333341346154 0.4275 0.42500000000000004
1208 0.5625 0.34333333413461536 0.56875 0.3166666658653846 0.5537500000000001 0.3166666658653846 0.48874999999999996 0.3166666658653846 0.49 0.4333333341346154 0.55625 0.4466666658653846 0.5625 0.34333333413461536
314 0.35 0.46166666586538463 0.35 0.4366666658653846 0.265 0.4366666658653846 0.2625 0.5166666658653847 0.32375000000000004 0.5316666658653847 0.3225 0.47333333413461537 0.35 0.46166666586538463
402 0 0 0 0.015833334134615386 0.00125 0.03333333413461538 0.0575 0 0 0
1885 0.0525 0 0 0.030930233173076922 0 0.11015873076923076 0.025 0.11333333413461538 0.04125 0.07833333413461538 0.058750000000000004 0.07833333413461538 0.25875 0 0.0525 0
296 0.09375 0.2466666658653846 0.08625000000000001 0.2483333341346154 0.08625000000000001 0.295 0.16624999999999998 0.29 0.17375000000000002 0.22 0.0925 0.22166666586538464 0.09375 0.2466666658653846
1211 0.57875 0.1616666658653846 0.41000000000000003 0.19333333413461537 0.41000000000000003 0.22499999999999998 0.4 0.23 0.4 0.28500000000000003 0.5537500000000001 0.29 0.5925 0.28500000000000003 0.59 0.2116666658653846 0.57875 0.1616666658653846
374 0.58875 0.1266666658653846 0.6499999999999999 0.11666666586538461 0.65125 0.04666666586538462 0.58875 0.056666665865384616 0.58875 0.1266666658653846
374 0.8049999999999999 0.09833333413461538 0.8987499999999999 0.08833333413461539 0.89125 0.011666665865384616 0.8049999999999999 0.025 0.8049999999999999 0.09833333413461538
1208 0.265 0.23 0.26875 0.20500000000000002 0.24125 0.20833333413461538 0.24000000000000002 0.23500000000000001 0.23625000000000002 0.2433333341346154 0.2375 0.29 0.2575 0.29 0.26125000000000004 0.2416666658653846 0.265 0.23
314 0.19374999999999998 0.5933333341346153 0.2225 0.5783333341346154 0.22125 0.5266666658653846 0.1875 0.5133333341346155 0.16624999999999998 0.525 0.17250000000000001 0.6516666658653846 0.19875 0.6616666658653846 0.19374999999999998 0.5933333341346153
1208 0.5862499999999999 0.025 0.5399999999999999 0.035 0.5399999999999999 0.07333333413461539 0.53 0.07833333413461538 0.53375 0.13499999999999998 0.5825 0.1283333341346154 0.58875 0.1283333341346154 0.58875 0.053333334134615384 0.5862499999999999 0.025
1208 0.27749999999999997 0.35 0.26625 0.37166666586538466 0.26999999999999996 0.39666666586538457 0.31 0.40499999999999997 0.31124999999999997 0.3183333341346154 0.27625 0.315 0.27749999999999997 0.35
792 0 0.9966621610576923 0.46125 0.995 0.1 0.7283333341346154 0.1 0.735 0.04 0.7483333341346154 0.00125 0.7166666658653846 0 0.8566666658653846 0 0.9966621610576923
374 0.43 0.10333333413461537 0.43125 0.14833333413461539 0.47875 0.14 0.47625 0.08833333413461539 0.4325 0.095 0.43 0.10333333413461537