1027 0.623046875 0.39501953125 0.6647135408653846 0.392578125 0.66015625 0.29833984375 0.6184895841346154 0.29833984375 0.564453125 0.28515625 0.5345052091346154 0.28857421875 0.515625 0.30078125 0.5169270841346154 0.39599609375 0.5572916658653846 0.39697265625 0.55859375 0.40478515625 0.578125 0.423828125 0.56640625 0.44287109375 0.5690104158653846 0.47216796875 0.5930989591346154 0.4912109375 0.615234375 0.4755859375 0.615234375 0.44189453125 0.6002604158653846 0.4228515625 0.6197916658653846 0.41064453125 0.623046875 0.39501953125
1047 0.07356770913461538 0.11376953125 0.095703125 0.125 0.12565104086538462 0.1162109375 0.09700520913461538 0.1103515625 0.07356770913461538 0.11376953125
1902 0 0.99951171875 0.04947916586538462 0.99951171875 0.12565104086538462 0.9716796875 0.11393229086538462 0.95263671875 0.09114583413461538 0.3232421875 0.12109375 0.29736328125 0 0.28515625 0 0.99951171875
564 0.9173177091346154 0.1708984375 0.9427083341346154 0.13818359375 0.95703125 0.18310546875 0.9993489591346154 0.171875 0.9993489591346154 0.00048828125 0.7154947908653846 0.00048828125 0.7109375 0.03759765625 0.7317708341346154 0.09375 0.8020833341346154 0.13818359375 0.8391927091346154 0.15185546875 0.875 0.185546875 0.9173177091346154 0.1708984375
474 0.857421875 0.93701171875 0.8483072908653846 0.9345703125 0.900390625 0.81689453125 0.8854166658653846 0.81689453125 0.8815104158653846 0.8291015625 0.6022135408653846 0.77783203125 0.6080729158653846 0.7666015625 0.5989583341346154 0.76123046875 0.5709635408653846 0.8046875 0.501953125 0.8271484375 0.48697916586538464 0.82373046875 0.47526041586538464 0.8125 0.46028645913461536 0.8193359375 0.5169270841346154 0.86865234375 0.5305989591346154 0.873046875 0.44986979086538464 0.97509765625 0.46028645913461536 0.98486328125 0.5390625 0.8828125 0.6139322908653846 0.943359375 0.634765625 0.93994140625 0.5572916658653846 0.87646484375 0.82421875 0.9501953125 0.8020833341346154 0.99853515625 0.9036458341346154 0.99853515625 0.8450520841346154 0.9501953125 0.8619791658653846 0.94677734375 0.857421875 0.93701171875
417 0.13606770913461538 0.9130859375 0.16145833413461538 0.9814453125 0.41861979086538464 0.958984375 0.41080729086538464 0.7744140625 0.42447916586538464 0.77099609375 0.40625 0.7373046875 0.37955729086538464 0.72607421875 0.337890625 0.71826171875 0.32291666586538464 0.6279296875 0.2584635408653846 0.6220703125 0.19010416586538462 0.62548828125 0.12434895913461538 0.64013671875 0.12890625 0.73388671875 0.115234375 0.74072265625 0.13020833413461538 0.7666015625 0.13606770913461538 0.9130859375
207 0.9244791658653846 0.99951171875 0.9973958341346154 0.99951171875 0.9993489591346154 0.96044921875 0.9244791658653846 0.99951171875
1328 0.9973958341346154 0.9580078125 0.9947916658653846 0.1728515625 0.95703125 0.18408203125 0.9231770841346154 0.9951171875 0.9973958341346154 0.9580078125
1893 0.12565104086538462 0.64013671875 0.18229166586538462 0.62451171875 0.16015625 0.240234375 0.140625 0.2490234375 0.12434895913461538 0.2490234375 0.10026041586538462 0.240234375 0.08072916586538462 0.24609375 0.05989583413461538 0.24365234375 0.033203125 0.2333984375 0.033203125 0.28955078125 0.11979166586538462 0.29833984375 0.09114583413461538 0.32666015625 0.10611979086538462 0.73876953125 0.12890625 0.73291015625 0.12565104086538462 0.64013671875
402 0 0.13037109375 0.24088541586538462 0.17626953125 0.42122395913461536 0.14599609375 0.43489583413461536 0.072265625 0.7063802091346154 0.02099609375 0.7141927091346154 0.001953125 0 0.00048828125 0 0.13037109375
1144 0.431640625 0.04296875 0.2897135408653846 0.001953125 0.20768229086538462 0.0048828125 0.431640625 0.072265625 0.7096354158653846 0.02294921875 0.7122395841346154 0.0029296875 0.6393229158653846 0.00048828125 0.431640625 0.04296875
792 0.004557290865384616 0.99951171875 0.9186197908653846 0.99951171875 0.875 0.98828125 0.23763020913461538 0.83154296875 0.001953125 0.9111328125 0.004557290865384616 0.99951171875
1885 0.9212239591346154 0.97265625 0.958984375 0.02734375 0.705078125 0.03759765625 0.43489583413461536 0.08251953125 0.44205729086538464 0.1552734375 0.24674479086538462 0.1865234375 0.001953125 0.14501953125 0.001953125 0.2841796875 0.003255209134615384 0.8798828125 0.25390625 0.8056640625 0.9212239591346154 0.97265625