1116 0.544921875 0.11197916586538462 0.400390625 0.13020833413461538 0.408203125 0.2604166658653846 0.5546875 0.25 0.611328125 0.24479166586538462 0.611328125 0.11458333413461538 0.544921875 0.11197916586538462
1772 0.861328125 0.45833333413461536 0.814453125 0.45833333413461536 0.7890625 0.46614583413461536 0.77734375 0.5 0.76953125 0.5651041658653846 0.76953125 0.5989583341346154 0.7890625 0.609375 0.841796875 0.6223958341346154 0.875 0.5885416658653846 0.87890625 0.4921875 0.861328125 0.45833333413461536
341 0.66796875 0.5807291658653846 0.54296875 0.71875 0.71484375 0.7786458341346154 0.83203125 0.6328125 0.806640625 0.6119791658653846 0.66796875 0.5807291658653846
1564 0.83984375 0.39322916586538464 0.751953125 0.38541666586538464 0.728515625 0.37760416586538464 0.71875 0.38541666586538464 0.693359375 0.38802083413461536 0.693359375 0.44010416586538464 0.646484375 0.48177083413461536 0.76953125 0.5078125 0.8359375 0.44791666586538464 0.83984375 0.39322916586538464
1229 0.9375 0.45572916586538464 0.96484375 0.46614583413461536 0.998046875 0.453125 0.99609375 0.4140625 0.9921875 0.38541666586538464 0.955078125 0.3828125 0.919921875 0.39583333413461536 0.912109375 0.42708333413461536 0.845703125 0.44791666586538464 0.865234375 0.46354166586538464 0.90625 0.4453125 0.9375 0.45572916586538464
644 0.33984375 0.5052083341346154 0.173828125 0.45833333413461536 0.044921875 0.5078125 0.0546875 0.5989583341346154 0.09375 0.8776041658653846 0.203125 0.9635416658653846 0.365234375 0.8463541658653846 0.33984375 0.5052083341346154
552 0.1953125 0.4296875 0.205078125 0.46875 0.228515625 0.47395833413461536 0.228515625 0.41927083413461536 0.1953125 0.4296875
552 0.23828125 0.46875 0.263671875 0.46614583413461536 0.2578125 0.41666666586538464 0.23046875 0.42708333413461536 0.23828125 0.46875
634 0.484375 0.6354166658653846 0.5234375 0.6171875 0.5078125 0.49479166586538464 0.388671875 0.47395833413461536 0.380859375 0.609375 0.443359375 0.6536458341346154 0.48046875 0.6770833341346154 0.484375 0.6354166658653846
531 0.998046875 0.9010416658653846 0.99609375 0.39583333413461536 0.4921875 0.36979166586538464 0.380859375 0.40625 0.384765625 0.47395833413461536 0.7421875 0.5078125 0.44140625 0.7447916658653846 0.4453125 0.7786458341346154 0.998046875 0.9427083341346154 0.998046875 0.9010416658653846
531 0.09765625 0.4296875 0.03515625 0.4296875 0.001953125 0.44270833413461536 0.001953125 0.6171875 0.330078125 0.4921875 0.330078125 0.40885416586538464 0.1953125 0.39322916586538464 0.09765625 0.4296875
1562 0.212890625 0.0546875 0.21875 0.16145833413461538 0.28125 0.15104166586538462 0.275390625 0.03385416586538462 0.212890625 0.0546875
757 0.728515625 0.37239583413461536 0.71875 0.3828125 0.72265625 0.41927083413461536 0.734375 0.41927083413461536 0.73828125 0.46354166586538464 0.76953125 0.46354166586538464 0.771484375 0.40625 0.728515625 0.37239583413461536
1370 0.087890625 0.36458333413461536 0.1171875 0.36197916586538464 0.109375 0.2942708341346154 0.078125 0.3046875 0.087890625 0.36458333413461536