1942 0.681640625 0.5520833341346154 0.970703125 0.6666666658653846 0.998046875 0.010416665865384615 0.69140625 0.09895833413461538 0.681640625 0.5520833341346154
1861 0.841796875 0.5729166658653846 0.833984375 0.6145833341346154 0.84375 0.6666666658653846 0.890625 0.6666666658653846 0.908203125 0.609375 0.908203125 0.5833333341346154 0.900390625 0.5729166658653846 0.86328125 0.5677083341346154 0.841796875 0.5729166658653846
1008 0.22265625 0.6119791658653846 0.263671875 0.6614583341346154 0.412109375 0.6484375 0.361328125 0.6041666658653846 0.22265625 0.6119791658653846
1008 0.255859375 0.6640625 0.212890625 0.609375 0.05078125 0.6119791658653846 0.068359375 0.6744791658653846 0.255859375 0.6640625
1335 0.4140625 0.6015625 0.431640625 0.5885416658653846 0.43359375 0.5442708341346154 0.421875 0.5078125 0.431640625 0.48177083413461536 0.4296875 0.4609375 0.431640625 0.4453125 0.42578125 0.42447916586538464 0.412109375 0.42447916586538464 0.3984375 0.43489583413461536 0.3984375 0.47135416586538464 0.404296875 0.48697916586538464 0.404296875 0.5104166658653846 0.396484375 0.5234375 0.388671875 0.5494791658653846 0.38671875 0.5911458341346154 0.40234375 0.6015625 0.4140625 0.6015625
844 0.6640625 0.6458333341346154 0.6875 0.6067708341346154 0.68359375 0.5989583341346154 0.662109375 0.6145833341346154 0.619140625 0.6197916658653846 0.578125 0.6015625 0.5703125 0.5651041658653846 0.5625 0.59375 0.572265625 0.6302083341346154 0.619140625 0.6536458341346154 0.6640625 0.6458333341346154
1942 0.484375 0.10416666586538462 0.326171875 0.0703125 0.3203125 0.5078125 0.482421875 0.5 0.484375 0.10416666586538462
1942 0.291015625 0.0703125 0.11328125 0.03645833413461538 0.095703125 0.5078125 0.279296875 0.5 0.291015625 0.0703125
429 0.720703125 0.8333333341346154 0.490234375 0.6588541658653846 0.470703125 0.6614583341346154 0.482421875 0.9921875 0.734375 0.9973958341346154 0.720703125 0.8333333341346154
1027 0.27734375 0.16927083413461538 0.244140625 0.16145833413461538 0.23828125 0.1328125 0.244140625 0 0.232421875 0.002604165865384616 0.228515625 0.12760416586538462 0.224609375 0.1328125 0.22265625 0.15885416586538462 0.189453125 0.15885416586538462 0.1875 0.16666666586538462 0.21875 0.16927083413461538 0.2109375 0.19270833413461538 0.25390625 0.19270833413461538 0.24609375 0.17708333413461538 0.27734375 0.16927083413461538
569 0.509765625 0.09114583413461538 0.00390625 0.028645834134615387 0.001953125 0.15625 0.51171875 0.2109375 0.509765625 0.09114583413461538
569 1 0.1567708341346154 0.9921875 0.002604165865384616 0.650390625 0.09375 0.642578125 0.21614583413461538 1 0.1954257235576923 1 0.1567708341346154
1000 0.48828125 0.6744791658653846 0.96484375 0.9973958341346154 0.97265625 0.9973958341346154 0.998046875 0.9895833341346154 0.998046875 0.7786458341346154 0.587890625 0.578125 0.001953125 0.6067708341346154 0.005859375 0.6927083341346154 0.48828125 0.6744791658653846
347 0.00390625 0.7083333341346154 0.001953125 0.9973958341346154 0.408203125 0.9921875 0.419921875 0.6822916658653846 0.00390625 0.7083333341346154