1761 0.0006510408653846154 0.9951171875 0.8424479158653846 0.99853515625 0.7825520841346154 0.80029296875 0.001953125 0.77734375 0.0006510408653846154 0.9951171875
1774 0.6516927091346154 0.71142578125 0.7024739591346154 0.69091796875 0.7259114591346154 0.509765625 0.39713541586538464 0.50537109375 0.38151041586538464 0.5595703125 0.40169270913461536 0.681640625 0.44921875 0.69775390625 0.43815104086538464 0.69775390625 0.419921875 0.77587890625 0.427734375 0.81396484375 0.47395833413461536 0.86474609375 0.470703125 0.93603515625 0.6197916658653846 0.94091796875 0.6178385408653846 0.8671875 0.6549479158653846 0.84375 0.6686197908653846 0.8095703125 0.6796875 0.75390625 0.6516927091346154 0.71142578125
1455 0.5891927091346154 0.5283203125 0.685546875 0.52734375 0.6966145841346154 0.4580078125 0.5963541658653846 0.45458984375 0.5891927091346154 0.5283203125
1801 0.42447916586538464 0.17333984375 0.7135416658653846 0.1875 0.7473958341346154 0.052734375 0.39388020913461536 0.0673828125 0.42447916586538464 0.17333984375
1779 0.240234375 0.5546875 0.36002604086538464 0.55615234375 0.36328125 0.50390625 0.24348958413461538 0.50390625 0.240234375 0.5546875
1546 0.9453125 0.85205078125 0.9895833341346154 0.7021484375 0.9544270841346154 0.00634765625 0.8196614591346154 0.0078125 0.7102864591346154 0.8349609375 0.787109375 0.93603515625 0.830078125 0.95556640625 0.8548177091346154 0.93017578125 0.8821614591346154 0.59375 0.9453125 0.85205078125
534 0.002604165865384616 0.47509765625 0.002604165865384616 0.73828125 0.22330729086538462 0.52197265625 0.22330729086538462 0.47509765625 0.002604165865384616 0.47509765625
1794 0.46809895913461536 0.3662109375 0.5559895841346154 0.3662109375 0.6263020841346154 0.3564453125 0.61328125 0.2861328125 0.61328125 0.2587890625 0.62109375 0.2451171875 0.6263020841346154 0.2177734375 0.5846354158653846 0.2099609375 0.5065104158653846 0.2099609375 0.45247395913461536 0.2099609375 0.42903645913461536 0.2119140625 0.42903645913461536 0.2412109375 0.431640625 0.3056640625 0.44986979086538464 0.3388671875 0.44986979086538464 0.3544921875 0.46809895913461536 0.3662109375
1885 0.002604165865384616 0.783203125 0.7591145841346154 0.80078125 0.8138020841346154 0.00732421875 0.0078125 0.00537109375 0.002604165865384616 0.783203125
457 0.39518229086538464 0.55517578125 0.40559895913461536 0.55712890625 0.41080729086538464 0.68359375 0.56640625 0.6875 0.6940104158653846 0.69140625 0.7174479158653846 0.54736328125 0.7096354158653846 0.51025390625 0.408203125 0.52392578125 0.392578125 0.53955078125 0.39518229086538464 0.55517578125
1927 0.68359375 0.76171875 0.6653645841346154 0.734375 0.6393229158653846 0.705078125 0.61328125 0.697265625 0.5611979158653846 0.693359375 0.48893229086538464 0.697265625 0.439453125 0.716796875 0.42903645913461536 0.76953125 0.43424479086538464 0.81640625 0.45768229086538464 0.84765625 0.48111979086538464 0.865234375 0.47330729086538464 0.93505859375 0.61328125 0.94091796875 0.6106770841346154 0.87109375 0.62890625 0.853515625 0.66015625 0.822265625 0.6783854158653846 0.794921875 0.68359375 0.76171875