1494 0.67669753125 0.611111110576923 0.7060185192307693 0.6039094639423077 0.7060185192307693 0.59259259375 0.7137345673076924 0.5910493822115385 0.7307098774038461 0.5910493822115385 0.7314814807692307 0.5560699591346154 0.7411265432692308 0.5303497932692308 0.7453703701923077 0.4485596706730769 0.7368827163461538 0.43569958894230765 0.7380401225961539 0.40329218028846153 0.5802469134615384 0.3976337451923077 0.5706018509615385 0.573045266826923 0.6307870360576923 0.5843621394230769 0.6192129639423077 0.5967078197115385 0.6361882716346153 0.6039094639423077 0.67669753125 0.611111110576923
1494 0.2241512355769231 0.5303497932692308 0.23070987740384613 0.5349794230769231 0.2241512355769231 0.5462962956730769 0.25270061778846153 0.5504115216346154 0.26967592548076924 0.5462962956730769 0.28549382692307695 0.5360082307692308 0.32600308653846155 0.44598765384615385 0.32484567788461544 0.4202674903846154 0.31018518509615384 0.4120370360576923 0.29089506249999997 0.3806584350961538 0.18287037019230767 0.3724279831730769 0.1809413581730769 0.5180041153846153 0.1809413581730769 0.5236625504807693 0.2241512355769231 0.5303497932692308
792 0.9996141971153846 0.8950617283653847 0.0007716057692307692 0.6589506177884614 0.0007716057692307692 0.9994855961538461 0.9996141971153846 0.9994855961538461 0.9996141971153846 0.8950617283653847
992 0.6601080240384616 0.6183127572115384 0.6589506177884614 0.6131687235576924 0.5158179014423078 0.6023662548076923 0.5077160504807693 0.622427983173077 0.5077160504807693 0.6311728389423077 0.6547067908653846 0.64146090625 0.6601080240384616 0.6183127572115384
992 0.25270061778846153 0.5648148149038461 0.2588734567307692 0.562757201923077 0.2588734567307692 0.5540123461538461 0.16975308653846152 0.5390946490384615 0.14043209855769231 0.5545267500000001 0.1466049375 0.562242798076923 0.2280092596153846 0.5745884783653846 0.25270061778846153 0.5648148149038461
1146 0.7025462956730769 0.6435185192307693 0.704861110576923 0.6378600817307691 0.704861110576923 0.6306584350961538 0.7002314807692307 0.6265432091346154 0.6932870360576923 0.625 0.6867283942307693 0.6265432091346154 0.6828703701923077 0.6316872427884616 0.6824845673076924 0.6373456778846154 0.684413579326923 0.6435185192307693 0.6886574062499999 0.6466049375 0.6975308653846154 0.6466049375 0.7025462956730769 0.6435185192307693
1149 0.7314814807692307 0.6368312764423076 0.6774691346153846 0.6306584350961538 0.6550925937500001 0.6481481490384616 0.6535493822115386 0.652777778846154 0.7102623461538461 0.6615226346153846 0.7137345673076924 0.6615226346153846 0.7353395072115384 0.6378600817307691 0.7314814807692307 0.6368312764423076
1146 0.24691357932692307 0.5637860072115385 0.23688271634615385 0.5673868317307693 0.23533950721153846 0.5823045264423077 0.24614197596153845 0.5817901225961538 0.26157407451923076 0.5761316875 0.26157407451923076 0.5725308653846154 0.2561728389423077 0.5658436225961538 0.24691357932692307 0.5637860072115385
605 0.3321759254807692 0.6183127572115384 0.3387345673076923 0.875 0.34915123557692307 0.8739711923076924 0.34606481490384616 0.622427983173077 0.787808641826923 0.6944444447115384 0.78125 0.9994855961538461 0.8036265432692308 0.9994855961538461 0.8140432091346154 0.7016460913461539 0.8163580240384616 0.7001028798076923 0.8310185192307693 0.6790123461538461 0.8248456778846154 0.8950617283653847 0.8344907403846153 0.902263375 0.8418209879807693 0.902263375 0.8491512355769231 0.8878600817307691 0.8564814807692307 0.6378600817307691 0.8661265432692308 0.622427983173077 0.8661265432692308 0.6069958846153847 0.8618827163461538 0.6054526754807692 0.45524691346153845 0.5576131682692307 0.17554012259615387 0.5190329206730769 0.037808641826923076 0.5504115216346154 0.03549382692307693 0.5560699591346154 0.03549382692307693 0.5632716057692307 0.05054012259615385 0.5673868317307693 0.06018518509615385 0.7623456778846154 0.062114197115384615 0.777777778846154 0.08526234615384615 0.7793209879807693 0.08526234615384615 0.7705761322115384 0.0748456778846154 0.5699588485576923 0.3321759254807692 0.6183127572115384
1885 0.9996141971153846 0.0010288076923076921 0.0007716057692307692 0.0010288076923076921 0.0007716057692307692 0.6589506177884614 0.9996141971153846 0.8976337451923077 0.9996141971153846 0.0010288076923076921
1523 0.9996141971153846 0.1944444447115385 0.9984567908653846 0.0010288076923076921 0.7866512355769231 0.0036008221153846155 0.7793209879807693 0.02932098798076923 0.4286265432692308 0.07458847836538461 0.42669753125 0.06430041105769231 0.3831018509615385 0.05041152163461538 0.37268518509615384 0.05041152163461538 0.37268518509615384 0.08127572115384615 0.15432098798076924 0.11676954807692308 0.15432098798076924 0.1039094639423077 0.09915123557692307 0.09413580288461539 0.11072530769230769 0.34670781971153847 0.809027778846154 0.34104938221153847 0.805941358173077 0.21141975240384614 0.9996141971153846 0.1944444447115385
1305 0.8248456778846154 0.58693415625 0.7962962956730769 0.573045266826923 0.7762345673076924 0.573045266826923 0.7611882716346153 0.5643004110576924 0.7550154326923076 0.5756172836538462 0.7623456778846154 0.5884773653846154 0.7527006177884614 0.6183127572115384 0.7635030865384616 0.6322016466346153 0.84375 0.6296296298076923 0.84375 0.6095679014423078 0.840663579326923 0.6013374495192307 0.8248456778846154 0.58693415625