1152 0.17013888942307692 0.7037037043269231 0.20138888942307692 0.6828703701923077 0.1944444447115385 0.6319444447115384 0.17708333413461538 0.6157407403846153 0.14583333413461538 0.6203703701923077 0.13020833413461538 0.652777778846154 0.125 0.6759259254807692 0.14236111057692308 0.6990740745192308 0.17013888942307692 0.7037037043269231
1152 0.314236110576923 0.6458333341346154 0.31597222115384616 0.6064814807692308 0.3125 0.5810185192307692 0.2899305552884615 0.5810185192307692 0.26215277884615384 0.59259259375 0.2604166658653846 0.6481481490384616 0.2795138894230769 0.6550925937500001 0.314236110576923 0.6458333341346154
642 0.23784722115384616 0.53009259375 0.23090277884615384 0.5208333341346154 0.23090277884615384 0.5 0.21875 0.4837962956730769 0.2100694447115385 0.513888889423077 0.20486111057692308 0.5254629639423076 0.2100694447115385 0.5393518509615385 0.20833333413461538 0.6574074062499999 0.22048611057692308 0.6805555552884616 0.2430555552884615 0.6805555552884616 0.25 0.6666666658653846 0.23090277884615384 0.5439814807692308 0.23784722115384616 0.53009259375
1564 0.1788194447115385 0.7569444447115384 0.3993055552884615 0.847222221153846 0.5885416658653846 0.6643518509615384 0.5243055552884616 0.6412037043269231 0.376736110576923 0.6018518509615385 0.1788194447115385 0.7569444447115384
757 0.43229166586538464 0.5069444447115384 0.43229166586538464 0.5995370360576924 0.453125 0.5995370360576924 0.44791666586538464 0.43981481490384616 0.41145833413461536 0.40509259375 0.38541666586538464 0.4143518509615385 0.37152777884615384 0.4606481490384615 0.36284722115384616 0.5277777788461538 0.3680555552884615 0.5370370360576924 0.38541666586538464 0.5370370360576924 0.38541666586538464 0.5023148149038461 0.39409722115384616 0.4537037043269231 0.404513889423077 0.4375 0.42534722115384616 0.43981481490384616 0.42708333413461536 0.46527777884615384 0.43229166586538464 0.5069444447115384
676 0.37152777884615384 0.798611110576923 0.37152777884615384 0.784722221153846 0.36284722115384616 0.7800925937500001 0.34722222115384616 0.777777778846154 0.33159722115384616 0.7824074062499999 0.33159722115384616 0.7962962956730769 0.345486110576923 0.8009259254807692 0.359375 0.798611110576923 0.37152777884615384 0.798611110576923
910 0.1961805552884615 0.909722221153846 0.23611111057692308 0.9143518509615384 0.23958333413461538 0.8912037043269231 0.18923611057692308 0.8819444447115384 0.1875 0.8958333341346154 0.1961805552884615 0.909722221153846
533 0.5902777788461538 0.6620370360576923 0.21354166586538462 0.5740740745192308 0.001736110576923077 0.6875 0.3975694447115385 0.8657407403846153 0.5902777788461538 0.6620370360576923
910 0.06944444471153846 0.8194444447115384 0.06944444471153846 0.847222221153846 0.11631944471153846 0.8518518509615384 0.11631944471153846 0.8333333341346154 0.06944444471153846 0.8194444447115384
910 0.11979166586538462 0.9768518509615384 0.1649305552884615 0.9768518509615384 0.171875 0.951388889423077 0.12673611057692308 0.9421296298076923 0.11979166586538462 0.9768518509615384
1885 0.998263889423077 0.004629629807692308 0.18229166586538462 0 0.20138888942307692 0.5671296298076923 0.998263889423077 0.7129629639423077 0.998263889423077 0.004629629807692308
1885 0.001736110576923077 0 0.001736110576923077 0.6875 0.203125 0.576388889423077 0.18402777884615384 0 0.001736110576923077 0
1338 0.3368055552884615 0.22916666586538462 0.3524305552884615 0.4189814807692308 0.3663194447115385 0.4120370360576923 0.35590277884615384 0.22222222115384616 0.3368055552884615 0.22916666586538462
757 0.2795138894230769 0.40972222115384616 0.2829861105769231 0.3912037043269231 0.2795138894230769 0.3564814807692308 0.2604166658653846 0.37268518509615384 0.2673611105769231 0.3912037043269231 0.2795138894230769 0.40972222115384616
523 0.717013889423077 0.902777778846154 0.9739583341346154 0.9768518509615384 0.987847221153846 0.8449074062499999 0.784722221153846 0.7754629639423077 0.717013889423077 0.902777778846154
1010 0.6805555552884616 0 0.6805555552884616 0.1875 0.829861110576923 0.18981481490384616 0.8333333341346154 0 0.6805555552884616 0
1010 0.8333333341346154 0 0.8333333341346154 0.1944444447115385 0.998263889423077 0.18981481490384616 0.998263889423077 0 0.8333333341346154 0
1010 0.546875 0 0.548611110576923 0.1944444447115385 0.6770833341346154 0.18981481490384616 0.6788194447115384 0 0.546875 0
1010 0.4305555552884615 0 0.43229166586538464 0.19907407451923076 0.548611110576923 0.1944444447115385 0.545138889423077 0 0.4305555552884615 0
1010 0.36458333413461536 0 0.3680555552884615 0.1944444447115385 0.4288194447115385 0.1944444447115385 0.42708333413461536 0 0.36458333413461536 0
1010 0.998263889423077 0.5740740745192308 0.998263889423077 0.2407407403846154 0.909722221153846 0.2407407403846154 0.8958333341346154 0.5601851850961539 0.998263889423077 0.5740740745192308
1010 0.894097221153846 0.5601851850961539 0.907986110576923 0.23842592548076924 0.7552083341346154 0.23379629567307691 0.7447916658653846 0.5347222211538462 0.894097221153846 0.5601851850961539
1010 0.751736110576923 0.23379629567307691 0.611111110576923 0.22916666586538462 0.607638889423077 0.5162037043269231 0.7430555552884616 0.5370370360576924 0.751736110576923 0.23379629567307691
1010 0.611111110576923 0.23379629567307691 0.48958333413461536 0.23148148076923075 0.48958333413461536 0.5 0.607638889423077 0.5185185192307692 0.611111110576923 0.23379629567307691
1010 0.41145833413461536 0.40740740625 0.4444444447115385 0.4421296298076923 0.453125 0.4953703701923077 0.486111110576923 0.5023148149038461 0.484375 0.23611111057692308 0.3836805552884615 0.23148148076923075 0.388888889423077 0.42824074038461535 0.41145833413461536 0.40740740625
1010 0.970486110576923 0.7106481490384616 0.9774305552884616 0.5740740745192308 0.8211805552884616 0.5578703701923077 0.814236110576923 0.6828703701923077 0.970486110576923 0.7106481490384616
1010 0.8125 0.6828703701923077 0.8211805552884616 0.5509259254807692 0.6770833341346154 0.5370370360576924 0.675347221153846 0.652777778846154 0.8125 0.6828703701923077
1010 0.671875 0.6481481490384616 0.675347221153846 0.53009259375 0.5520833341346154 0.5208333341346154 0.5520833341346154 0.6319444447115384 0.671875 0.6481481490384616
265 0.36284722115384616 0.002314814903846154 0.18576388942307692 0.002314814903846154 0.1961805552884615 0.21759259375 0.2951388894230769 0.21064814903846155 0.3663194447115385 0.20833333413461538 0.36284722115384616 0.002314814903846154
1338 0.3194444447115385 0.4120370360576923 0.328125 0.4120370360576923 0.33333333413461536 0.3981481490384615 0.3211805552884615 0.39583333413461536 0.31770833413461536 0.21296296394230768 0.3072916658653846 0.21296296394230768 0.3125 0.39583333413461536 0.3194444447115385 0.4120370360576923
1338 0.296875 0.35416666586538464 0.296875 0.31018518509615384 0.2829861105769231 0.2638888894230769 0.2795138894230769 0.22222222115384616 0.265625 0.22453703605769232 0.2743055552884615 0.2754629639423077 0.27777777884615384 0.2986111105769231 0.2864583341346154 0.32175925961538465 0.28472222115384616 0.40277777884615384 0.29340277884615384 0.41666666586538464 0.3038194447115385 0.4143518509615385 0.3038194447115385 0.40277777884615384 0.30034722115384616 0.3935185192307692 0.296875 0.35416666586538464