417 0.08642578125 0.5397135408653846 0.09228515625 0.595703125 0.12109375 0.6158854158653846 0.12109375 0.6341145841346154 0.12841796875 0.6516927091346154 0.1630859375 0.6588541658653846 0.16552734375 0.7161458341346154 0.1083984375 0.7428385408653846 0.1083984375 0.7708333341346154 0.126953125 0.7708333341346154 0.13232421875 0.7591145841346154 0.205078125 0.7311197908653846 0.27685546875 0.7493489591346154 0.28564453125 0.7623697908653846 0.30078125 0.7545572908653846 0.287109375 0.734375 0.2236328125 0.712890625 0.20751953125 0.6783854158653846 0.2685546875 0.6087239591346154 0.23974609375 0.5266927091346154 0.283203125 0.48828125 0.24853515625 0.47200520913461536 0.228515625 0.47981770913461536 0.2001953125 0.373046875 0.0712890625 0.39908854086538464 0.0849609375 0.51171875 0.0751953125 0.5247395841346154 0.0751953125 0.5397135408653846 0.08642578125 0.5397135408653846
564 0.0849609375 0.51171875 0.09130859375 0.39453125 0.05029296875 0.0013020841346153846 0.0009765625 0.0013020841346153846 0.0009765625 0.5625 0.0849609375 0.51171875
940 0.0009765625 0.5657552091346154 0.0009765625 0.7662760408653846 0.13232421875 0.6555989591346154 0.1162109375 0.533203125 0.0654296875 0.5266927091346154 0.0009765625 0.5657552091346154
1740 0.361328125 0.47005208413461536 0.38232421875 0.44401041586538464 0.38232421875 0.42578125 0.3388671875 0.42057291586538464 0.32275390625 0.44856770913461536 0.3056640625 0.47005208413461536 0.361328125 0.47005208413461536
268 0.34765625 0.5247395841346154 0.37744140625 0.490234375 0.2880859375 0.48177083413461536 0.25 0.5130208341346154 0.34765625 0.5247395841346154
1269 0.37744140625 0.46354166586538464 0.421875 0.47200520913461536 0.421875 0.46549479086538464 0.37744140625 0.46354166586538464
1239 0.375 0.48177083413461536 0.40478515625 0.48372395913461536 0.4169921875 0.46549479086538464 0.39111328125 0.46549479086538464 0.375 0.48177083413461536
314 0.43212890625 0.45377604086538464 0.43212890625 0.44075520913461536 0.40087890625 0.44075520913461536 0.3837890625 0.46223958413461536 0.41845703125 0.46354166586538464 0.43212890625 0.45377604086538464
1106 0.45068359375 0.33333333413461536 0.453125 0.48828125 0.486328125 0.48372395913461536 0.4814453125 0.33138020913461536 0.45068359375 0.33333333413461536
1027 0.46923828125 0.32291666586538464 0.47412109375 0.328125 0.47412109375 0.43229166586538464 0.4443359375 0.47005208413461536 0.5 0.47200520913461536 0.517578125 0.45182291586538464 0.4990234375 0.43033854086538464 0.48779296875 0.42903645913461536 0.4853515625 0.33463541586538464 0.49267578125 0.32486979086538464 0.4853515625 0.32161458413461536 0.48388671875 0.30859375 0.53125 0.31510416586538464 0.5126953125 0.21549479086538462 0.4482421875 0.20572916586538462 0.4111328125 0.2936197908653846 0.47265625 0.3046875 0.4755859375 0.31966145913461536 0.46923828125 0.32291666586538464
1814 0.65625 0.8092447908653846 0.65478515625 0.6536458341346154 0.6376953125 0.6536458341346154 0.6279296875 0.650390625 0.59423828125 0.6653645841346154 0.59326171875 0.8053385408653846 0.62158203125 0.822265625 0.65625 0.8092447908653846
1239 0.3759765625 0.5729166658653846 0.35888671875 0.5924479158653846 0.4306640625 0.5944010408653846 0.44580078125 0.5774739591346154 0.3759765625 0.5729166658653846
1120 0.99951171875 0.541015625 0.99951171875 0.0013020841346153846 0.97607421875 0.0013020841346153846 0.91796875 0.03385416586538462 0.9052734375 0.306640625 0.89892578125 0.5377604158653846 0.99951171875 0.541015625
865 0.955078125 0.5162760408653846 0.9423828125 0.51953125 0.93994140625 0.5611979158653846 0.951171875 0.5729166658653846 0.9658203125 0.564453125 0.9697265625 0.521484375 0.955078125 0.5162760408653846
1447 0.822265625 0.30989583413461536 0.83349609375 0.31640625 0.85205078125 0.31640625 0.86328125 0.3033854158653846 0.84814453125 0.3001302091346154 0.7861328125 0.296875 0.78759765625 0.31510416586538464 0.8076171875 0.31510416586538464 0.822265625 0.30989583413461536
1743 0.904296875 0.5872395841346154 0.91650390625 0.564453125 0.9189453125 0.330078125 0.90771484375 0.306640625 0.68603515625 0.3046875 0.67724609375 0.5247395841346154 0.6884765625 0.57421875 0.904296875 0.5872395841346154
1239 0.8037109375 0.2786458341346154 0.8037109375 0.3046875 0.83837890625 0.3046875 0.8408203125 0.2786458341346154 0.8037109375 0.2786458341346154
692 0.99951171875 0.853515625 0.998046875 0.5364583341346154 0.673828125 0.5149739591346154 0.66357421875 0.5266927091346154 0.65478515625 0.5924479158653846 0.6513671875 0.8157552091346154 0.65478515625 0.833984375 0.99951171875 0.853515625
207 0.93505859375 0.8268229158653846 0.89306640625 0.8697916658653846 0.845703125 0.9986979158653846 0.99951171875 0.9986979158653846 0.9970703125 0.833984375 0.93505859375 0.8268229158653846
605 0.20751953125 0.9342447908653846 0.20751953125 0.88671875 0.4296875 0.9114583341346154 0.43310546875 0.982421875 0.44921875 0.98046875 0.4541015625 0.9557291658653846 0.45068359375 0.6966145841346154 0.45556640625 0.6764322908653846 0.51611328125 0.6868489591346154 0.51611328125 0.7213541658653846 0.5263671875 0.736328125 0.5322265625 0.7233072908653846 0.53125 0.46223958413461536 0.34423828125 0.4453125 0.17431640625 0.57421875 0.16064453125 0.5924479158653846 0.1806640625 0.9329427091346154 0.19775390625 0.9459635408653846 0.20751953125 0.9342447908653846
385 0.12353515625 0.669921875 0.0009765625 0.76953125 0.0009765625 0.9986979158653846 0.99951171875 0.9986979158653846 0.998046875 0.7526041658653846 0.12353515625 0.669921875
1885 0.68212890625 0.5182291658653846 0.68603515625 0.3046875 0.90283203125 0.306640625 0.9189453125 0.03580729086538462 0.974609375 0.002604165865384616 0.04931640625 0.002604165865384616 0.1357421875 0.650390625 0.65771484375 0.703125 0.66845703125 0.53125 0.68212890625 0.5182291658653846
1494 0.904296875 0.34440104086538464 0.70849609375 0.33463541586538464 0.7060546875 0.5299479158653846 0.896484375 0.533203125 0.904296875 0.34440104086538464