1033 0.525390625 0.27783203125 0.5358072908653846 0.27392578125 0.5325520841346154 0.27001953125 0.435546875 0.14111328125 0.42122395913461536 0.138671875 0.39388020913461536 0.138671875 0.37630208413461536 0.138671875 0.35026041586538464 0.14111328125 0.33463541586538464 0.14404296875 0.2552083341346154 0.28173828125 0.265625 0.2841796875 0.2864583341346154 0.28564453125 0.34505208413461536 0.28564453125 0.43880208413461536 0.283203125 0.525390625 0.27783203125
1027 0.36067708413461536 0.46484375 0.35221354086538464 0.48193359375 0.35221354086538464 0.5029296875 0.39388020913461536 0.5029296875 0.43359375 0.5 0.43880208413461536 0.46484375 0.41666666586538464 0.4560546875 0.41796875 0.45068359375 0.41471354086538464 0.44677734375 0.451171875 0.34912109375 0.451171875 0.33251953125 0.44401041586538464 0.3154296875 0.41145833413461536 0.2958984375 0.41145833413461536 0.28564453125 0.48763020913461536 0.2802734375 0.5345052091346154 0.2724609375 0.43033854086538464 0.13720703125 0.39192708413461536 0.134765625 0.388671875 0.13232421875 0.38346354086538464 0.13330078125 0.37630208413461536 0.13623046875 0.36588541586538464 0.14013671875 0.33463541586538464 0.14404296875 0.2532552091346154 0.2802734375 0.2565104158653846 0.28564453125 0.2760416658653846 0.287109375 0.294921875 0.2880859375 0.32942708413461536 0.2880859375 0.357421875 0.28955078125 0.38346354086538464 0.2880859375 0.38151041586538464 0.2958984375 0.36067708413461536 0.306640625 0.34895833413461536 0.31396484375 0.34375 0.32861328125 0.34375 0.3544921875 0.35221354086538464 0.3857421875 0.38151041586538464 0.4453125 0.37825520913461536 0.45068359375 0.38020833413461536 0.4521484375 0.38346354086538464 0.45458984375 0.375 0.4609375 0.36067708413461536 0.46240234375 0.36067708413461536 0.46484375
1314 0 0.0009765625 0.00390625 0.4326171875 0.16471354086538462 0.3427734375 0.140625 0.0009765625 0 0.0009765625
1173 0.6640625 0.55859375 0.6783854158653846 0.55615234375 0.6796875 0.54296875 0.65234375 0.47021484375 0.2897135408653846 0.4716796875 0.23958333413461538 0.5390625 0.23958333413461538 0.5546875 0.2532552091346154 0.55615234375 0.2708333341346154 0.77587890625 0.263671875 0.8134765625 0.279296875 0.81201171875 0.2981770841346154 0.78125 0.3072916658653846 0.74609375 0.451171875 0.7431640625 0.49283854086538464 0.7431640625 0.6119791658653846 0.7509765625 0.6158854158653846 0.78125 0.6315104158653846 0.81982421875 0.6536458341346154 0.81494140625 0.650390625 0.79150390625 0.6640625 0.55859375
1239 0.35221354086538464 0.51171875 0.404296875 0.5498046875 0.55859375 0.5263671875 0.5013020841346154 0.49755859375 0.35221354086538464 0.51171875
1740 0.5859375 0.5029296875 0.6171875 0.5 0.65234375 0.4990234375 0.650390625 0.4482421875 0.6380208341346154 0.4453125 0.6158854158653846 0.44677734375 0.560546875 0.4453125 0.55859375 0.46630859375 0.5462239591346154 0.47412109375 0.54296875 0.48828125 0.5462239591346154 0.49755859375 0.5638020841346154 0.50146484375 0.5859375 0.5029296875
1212 0.587890625 0.5078125 0.5950520841346154 0.52490234375 0.6575520841346154 0.5224609375 0.6471354158653846 0.50537109375 0.587890625 0.5078125
679 0.3072916658653846 0.5615234375 0.30859375 0.60400390625 0.6067708341346154 0.60693359375 0.6087239591346154 0.56494140625 0.3072916658653846 0.5615234375
937 0.7057291658653846 0.515625 0.9986979158653846 0.50146484375 0.9973958341346154 0.197265625 0.7408854158653846 0.19189453125 0.7526041658653846 0.001953125 0.7180989591346154 0.001953125 0.6608072908653846 0.7041015625 0.6764322908653846 0.70947265625 0.69921875 0.60302734375 0.7057291658653846 0.515625
1329 0.833984375 0.5234375 0.9986979158653846 0.52490234375 0.9921875 0.3857421875 0.9055989591346154 0.3740234375 0.8463541658653846 0.35986328125 0.8170572908653846 0.34521484375 0.8098958341346154 0.4638671875 0.7975260408653846 0.49365234375 0.7734375 0.50927734375 0.833984375 0.5234375
1329 0.9973958341346154 0.546875 0.9973958341346154 0.38720703125 0.849609375 0.37548828125 0.853515625 0.4453125 0.8444010408653846 0.4990234375 0.8391927091346154 0.5302734375 0.8274739591346154 0.5419921875 0.9973958341346154 0.546875
55 0.7161458341346154 0.50927734375 0.7044270841346154 0.52099609375 0.7109375 0.54052734375 0.7005208341346154 0.60546875 0.8776041658653846 0.96435546875 0.9986979158653846 0.962890625 0.9954427091346154 0.5029296875 0.7161458341346154 0.50927734375
25 0.7317708341346154 0.970703125 0.9954427091346154 0.9697265625 0.98828125 0.6884765625 0.8463541658653846 0.7109375 0.787109375 0.74072265625 0.74609375 0.77734375 0.7200520841346154 0.83154296875 0.6953125 0.87744140625 0.6940104158653846 0.91650390625 0.7057291658653846 0.95263671875 0.7317708341346154 0.970703125
6 0.7161458341346154 0.0009765625 0.6588541658653846 0.71728515625 0.7200520841346154 0.7626953125 0.7942708341346154 0.96826171875 0.9973958341346154 0.96826171875 0.9986979158653846 0.197265625 0.7408854158653846 0.1904296875 0.7526041658653846 0.001953125 0.7161458341346154 0.0009765625
38 0.26171875 0.81591796875 0.2708333341346154 0.77587890625 0.26171875 0.7353515625 0.14908854086538462 0.9697265625 0.7766927091346154 0.970703125 0.6640625 0.70703125 0.65234375 0.7890625 0.6555989591346154 0.81494140625 0.6276041658653846 0.82373046875 0.6087239591346154 0.78125 0.6087239591346154 0.75390625 0.310546875 0.74853515625 0.3001302091346154 0.78125 0.27734375 0.81201171875 0.26171875 0.81591796875
1885 0 0.970703125 0.10091145913461538 0.96826171875 0.2721354158653846 0.65234375 0.23111979086538462 0.001953125 0.001953125 0.001953125 0 0.970703125