1780 0.7962239591346154 0.6064453125 0.8411458341346154 0.61669921875 0.8450520841346154 0.546875 0.75 0.513671875 0.7063802091346154 0.546875 0.7109375 0.56494140625 0.7962239591346154 0.6064453125
1778 0.8157552091346154 0.58740234375 0.8196614591346154 0.57421875 0.8111979158653846 0.56298828125 0.80078125 0.55517578125 0.744140625 0.5390625 0.7109375 0.5458984375 0.6946614591346154 0.57080078125 0.697265625 0.5908203125 0.7858072908653846 0.6220703125 0.8111979158653846 0.61083984375 0.8157552091346154 0.58740234375
1769 0.12239583413461538 0.2177734375 0.298828125 0.2001953125 0.29296875 0.1240234375 0.11197916586538462 0.13818359375 0.12239583413461538 0.2177734375
1768 0.146484375 0.17529296875 0.18684895913461538 0.185546875 0.2630208341346154 0.16748046875 0.216796875 0.15966796875 0.18098958413461538 0.1640625 0.146484375 0.17529296875
1794 0.279296875 0.11279296875 0.29296875 0.10693359375 0.29296875 0.0947265625 0.2721354158653846 0.08251953125 0.22591145913461538 0.080078125 0.21549479086538462 0.09130859375 0.22265625 0.1015625 0.22265625 0.1103515625 0.22721354086538462 0.11474609375 0.279296875 0.11279296875
1794 0.21354166586538462 0.09228515625 0.22721354086538462 0.078125 0.21354166586538462 0.0556640625 0.171875 0.04638671875 0.05859375 0.048828125 0.05533854086538462 0.0634765625 0.06119791586538462 0.080078125 0.06119791586538462 0.09130859375 0.095703125 0.10009765625 0.21354166586538462 0.09228515625
1794 0.09309895913461538 0.09912109375 0.09895833413461538 0.1103515625 0.095703125 0.1259765625 0.22135416586538462 0.1162109375 0.22135416586538462 0.10595703125 0.21354166586538462 0.09814453125 0.21549479086538462 0.09228515625 0.09309895913461538 0.09912109375
1794 0 0.12255859375 0.010416665865384615 0.1318359375 0.07356770913461538 0.13037109375 0.09440104086538462 0.125 0.10026041586538462 0.1103515625 0.09114583413461538 0.10009765625 0.06315104086538462 0.09033203125 0.052734375 0.09130859375 0.033203125 0.09130859375 0.016927084134615387 0.09912109375 0 0.09375 0 0.12255859375
1523 0 0.24609375 0.31966145913461536 0.208984375 0.2962239591346154 0.00048828125 0 0.00048828125 0 0.24609375
1774 0.35091145913461536 0.5 0.361328125 0.49560546875 0.35872395913461536 0.47998046875 0.2942708341346154 0.45068359375 0 0.5087890625 0.014973959134615385 0.57275390625 0.05533854086538462 0.66455078125 0.083984375 0.68505859375 0.13736979086538462 0.69482421875 0.16015625 0.7822265625 0.19140625 0.8193359375 0.185546875 0.8349609375 0.2779947908653846 0.94580078125 0.298828125 0.95263671875 0.32421875 0.9482421875 0.4140625 0.9111328125 0.42252604086538464 0.8974609375 0.40169270913461536 0.84716796875 0.44661458413461536 0.81591796875 0.46614583413461536 0.775390625 0.45833333413461536 0.7353515625 0.43033854086538464 0.6982421875 0.37825520913461536 0.6748046875 0.34244791586538464 0.666015625 0.30924479086538464 0.65234375 0.306640625 0.6455078125 0.34244791586538464 0.57861328125 0.35091145913461536 0.52587890625 0.35091145913461536 0.5
792 0 0.99951171875 0.9973958341346154 0.99951171875 0.470703125 0.68505859375 0 0.828125 0 0.99951171875
1885 0 0.828125 0.46940104086538464 0.68603515625 0.41861979086538464 0.00048828125 0 0.00048828125 0 0.828125
1885 0.41666666586538464 0.00048828125 0.46940104086538464 0.68603515625 0.9993489591346154 0.99951171875 0.9993489591346154 0.00048828125 0.41666666586538464 0.00048828125
910 0.32552083413461536 0.5234375 0.34635416586538464 0.51220703125 0.34049479086538464 0.50439453125 0.32161458413461536 0.5146484375 0.3046875 0.515625 0.3033854158653846 0.52587890625 0.31510416586538464 0.529296875 0.32552083413461536 0.5234375
1776 0.37174479086538464 0.6748046875 0.337890625 0.66357421875 0.3033854158653846 0.65234375 0.16731770913461538 0.69140625 0.16276041586538462 0.73876953125 0.17643229086538462 0.7734375 0.236328125 0.80712890625 0.31966145913461536 0.81787109375 0.39713541586538464 0.8046875 0.439453125 0.78466796875 0.45833333413461536 0.75 0.45247395913461536 0.7275390625 0.431640625 0.697265625 0.37174479086538464 0.6748046875
314 0.005208334134615384 0.1494140625 0.003255209134615384 0.23291015625 0.11458333413461538 0.22119140625 0.10611979086538462 0.14013671875 0.005208334134615384 0.1494140625