1120 0.99951171875 0.255859375 0.99951171875 0.0006510408653846154 0.8388671875 0.0006510408653846154 0.82421875 0.20963541586538462 0.99951171875 0.255859375
1907 0.72412109375 0.595703125 0.73095703125 0.638671875 0.75390625 0.6510416658653846 0.83837890625 0.66015625 0.89794921875 0.6354166658653846 0.90478515625 0.595703125 0.94091796875 0.583984375 0.94580078125 0.53515625 0.93212890625 0.53515625 0.9296875 0.513671875 0.89990234375 0.453125 0.8427734375 0.42578125 0.79296875 0.41666666586538464 0.6669921875 0.42578125 0.65576171875 0.45572916586538464 0.66015625 0.5078125 0.6787109375 0.5384114591346154 0.70361328125 0.5657552091346154 0.72412109375 0.595703125
1908 0.90234375 0.6627604158653846 0.92041015625 0.7239583341346154 0.9365234375 0.7662760408653846 0.9912109375 0.8365885408653846 0.998046875 0.5774739591346154 0.9365234375 0.5865885408653846 0.9091796875 0.6022135408653846 0.89990234375 0.6236979158653846 0.90234375 0.6627604158653846
757 0.861328125 0.47721354086538464 0.87255859375 0.47395833413461536 0.87255859375 0.3984375 0.875 0.349609375 0.8564453125 0.34635416586538464 0.849609375 0.3984375 0.82470703125 0.404296875 0.81103515625 0.42252604086538464 0.8134765625 0.43489583413461536 0.8291015625 0.41927083413461536 0.84521484375 0.41341145913461536 0.849609375 0.44401041586538464 0.84765625 0.46809895913461536 0.861328125 0.47721354086538464
1794 0.51416015625 0.5592447908653846 0.55322265625 0.58984375 0.58740234375 0.595703125 0.646484375 0.6171875 0.6650390625 0.58984375 0.673828125 0.5716145841346154 0.68994140625 0.5501302091346154 0.66943359375 0.529296875 0.6533203125 0.48958333413461536 0.646484375 0.44986979086538464 0.62841796875 0.458984375 0.59423828125 0.48046875 0.5390625 0.4921875 0.52099609375 0.5201822908653846 0.51416015625 0.5592447908653846
533 0.998046875 1 0.998046875 0.83984375 0.97998046875 0.830078125 0.93896484375 0.7819010408653846 0.90478515625 0.69921875 0.89794921875 0.638671875 0.84521484375 0.66015625 0.78125 0.6536458341346154 0.72900390625 0.6354166658653846 0.7197265625 0.5930989591346154 0.6923828125 0.5625 0.64208984375 0.6145833341346154 0.5439453125 0.5930989591346154 0.69921875 0.7819010408653846 0.872042701923077 1 0.998046875 1
1885 0.56005859375 0.37369791586538464 0.56884765625 0.01171875 0.00732421875 0.005208334134615384 0.00732421875 0.6901041658653846 0.0849609375 0.6783854158653846 0.08056640625 0.6569010408653846 0.08056640625 0.5774739591346154 0.091796875 0.431640625 0.56005859375 0.37369791586538464
192 0.14208984375 0.791015625 0.1943359375 0.802734375 0.27685546875 0.8092447908653846 0.388671875 0.796875 0.44091796875 0.8092447908653846 0.60302734375 0.7727864591346154 0.60791015625 0.6842447908653846 0.5322265625 0.58984375 0.509765625 0.5533854158653846 0.509765625 0.529296875 0.5322265625 0.4921875 0.55517578125 0.486328125 0.60546875 0.47135416586538464 0.64208984375 0.44986979086538464 0.56005859375 0.37369791586538464 0.09619140625 0.43489583413461536 0.08251953125 0.6569010408653846 0.10302734375 0.6783854158653846 0.10546875 0.7024739591346154 0.119140625 0.7662760408653846 0.14208984375 0.791015625
1885 0.60302734375 0.7727864591346154 0.9892578125 0.998046875 0.99365234375 0.328125 0.998046875 0.005208334134615384 0.56689453125 0.008463540865384615 0.5576171875 0.36458333413461536 0.6376953125 0.453125 0.60302734375 0.7727864591346154
792 0.9856851971153847 1 0.60107421875 0.7786458341346154 0.43212890625 0.8151041658653846 0.39306640625 0.802734375 0.30419921875 0.8092447908653846 0.146484375 0.8001302091346154 0.10791015625 0.7545572908653846 0.09423828125 0.6751302091346154 0.00732421875 0.6966145841346154 0.0048828125 0.9947916658653846 0.877712673076923 1 0.9856851971153847 1
1596 0.8271484375 0.322265625 0.80419921875 0.306640625 0.80419921875 0.322265625 0.8271484375 0.322265625
865 0.97998046875 0.37369791586538464 0.96875 0.36783854086538464 0.94775390625 0.37044270913461536 0.93896484375 0.458984375 0.9619140625 0.46809895913461536 0.982421875 0.458984375 0.98681640625 0.37369791586538464 0.97998046875 0.37369791586538464