558 0.975308641826923 0.0036008221153846155 0.21489197596153845 0.0015432091346153846 0.21797839423076923 0.1872427980769231 0.9139660504807693 0.20421810817307692 0.9575617283653847 0.20679012259615387 0.975308641826923 0.0036008221153846155
1569 0.4023919759615385 0.41358024759615386 0.3638117283653846 0.39866255048076926 0.2974537043269231 0.4156378605769231 0.3653549375 0.43724279807692307 0.4023919759615385 0.41358024759615386
757 0.3684413581730769 0.3487654326923077 0.35725308653846155 0.3595679014423077 0.3668981490384615 0.36831275721153844 0.3719135793269231 0.35545267548076925 0.3846450625 0.35545267548076925 0.3993055552884615 0.36419753125 0.40740740625 0.39454732451923075 0.4043209879807692 0.3595679014423077 0.40084876442307693 0.3533950625 0.3831018509615385 0.3487654326923077 0.3684413581730769 0.3487654326923077
1204 0.42515432211538456 0.5992798365384615 0.5983796298076923 0.5174897115384616 0.423611110576923 0.47633744951923074 0.42515432211538456 0.5992798365384615
1670 0.5385802475961539 0.40740740625 0.43827160576923074 0.4506172836538462 0.6064814807692308 0.5020576129807692 0.6875 0.4418724278846154 0.5385802475961539 0.40740740625
1977 0.13888888942307692 0.7458847740384615 0.4768518509615385 0.9511316875 0.9641203701923077 0.49331275721153844 0.6986882716346153 0.4480452668269231 0.29591049278846154 0.37294238701923077 0.1631944447115385 0.4053497932692308 0.59490740625 0.5149176947115385 0.13888888942307692 0.7289094639423077 0.13888888942307692 0.7458847740384615
558 0.423611110576923 0.4783950625 0.1612654326923077 0.40946502163461534 0.16936728365384615 0.5709876538461539 0.17592592548076924 0.7026748966346154 0.423611110576923 0.5972222211538462 0.423611110576923 0.4783950625
1885 0.9587191346153846 0.2047325096153846 0.2901234567307692 0.19084362259615384 0.2951388894230769 0.375 0.9648919759615384 0.4958847740384615 0.934027778846154 0.8456790120192307 0.920138889423077 0.8652263365384615 0.9166666658653846 0.9146090528846155 0.9413580240384616 0.9202674903846154 0.9421296298076923 0.9439300408653846 0.9984567908653846 0.9696502067307692 0.9992283942307693 0.0005144038461538461 0.9772376538461539 0.0005144038461538461 0.9587191346153846 0.2047325096153846
558 0.965663579326923 0.49794238701923077 0.47646605048076923 0.9531893004807692 0.16435185096153845 0.7654320985576923 0.18016975240384614 0.9953703701923077 0.8692129639423077 0.9989711923076924 0.9016203701923077 0.9403292187500001 0.9174382716346153 0.9171810697115385 0.9193672836538462 0.8652263365384615 0.934027778846154 0.8441358028846154 0.965663579326923 0.49794238701923077
487 0.8128858028846154 0.49794238701923077 0.8260030865384616 0.5123456778846154 0.8433641971153846 0.5226337451923077 0.8885030865384616 0.5051440336538462 0.8973765432692308 0.3431069951923077 0.8144290120192307 0.3338477355769231 0.7932098774038461 0.33641975240384614 0.784722221153846 0.3996913581730769 0.7959104927884616 0.40329218028846153 0.7889660504807693 0.47222222115384616 0.7758487644230769 0.48405349759615385 0.774691358173077 0.5041152259615385 0.795138889423077 0.5077160504807693 0.8020833341346154 0.4994855961538462 0.8128858028846154 0.49794238701923077
357 0.7854938269230769 0.5766460913461539 0.7924382716346153 0.5776748966346154 0.8082561730769231 0.5709876538461539 0.8267746923076923 0.5745884783653846 0.8356481490384616 0.5673868317307693 0.8391203701923077 0.5308641971153846 0.8383487644230769 0.5216049375 0.8240740745192308 0.5123456778846154 0.8144290120192307 0.5005144038461539 0.8013117283653847 0.5015432091346154 0.7924382716346153 0.5097736634615384 0.7766203701923077 0.5087448557692308 0.77044753125 0.5097736634615384 0.7635030865384616 0.5169753076923077 0.76080246875 0.5617283942307693 0.7739197524038463 0.5663580240384616 0.7793209879807693 0.5745884783653846 0.7854938269230769 0.5766460913461539
140 0.6261574062499999 0.6352880649038462 0.6446759254807692 0.633230451923077 0.6489197524038463 0.6260288076923076 0.6516203701923077 0.6177983533653847 0.6523919759615384 0.6039094639423077 0.6523919759615384 0.5859053509615385 0.6500771610576923 0.5802469134615384 0.6392746923076923 0.5745884783653846 0.6226851850961539 0.573045266826923 0.607638889423077 0.5745884783653846 0.5979938269230769 0.5859053509615385 0.5987654326923078 0.5967078197115385 0.5952932091346154 0.6188271610576923 0.6049382716346154 0.6270576129807692 0.6103395072115385 0.6316872427884616 0.6261574062499999 0.6352880649038462
1382 0.46875 0.7633744855769231 0.4756944447115385 0.746913579326923 0.49151234615384615 0.7350823052884615 0.4949845673076923 0.7196502067307692 0.49151234615384615 0.7021604927884616 0.5081018509615385 0.6965020576923078 0.5081018509615385 0.6918724278846154 0.4818672836538462 0.6882716057692307 0.4749228389423077 0.6800411514423076 0.46875 0.6800411514423076 0.46875 0.6939300408653846 0.4413580240384615 0.6939300408653846 0.4193672836538462 0.6939300408653846 0.4043209879807692 0.7057613173076922 0.3981481490384615 0.7196502067307692 0.4000771610576923 0.7304526754807692 0.40354938221153847 0.7376543221153846 0.41049382692307695 0.746913579326923 0.4228395072115385 0.7551440336538462 0.4274691346153846 0.7633744855769231 0.4502314807692308 0.7654320985576923 0.46875 0.7633744855769231
1601 0.3190586418269231 0.2962962956730769 0.31983024759615386 0.26594650240384615 0.3032407403846154 0.26594650240384615 0.3013117283653846 0.2962962956730769 0.3190586418269231 0.2962962956730769
836 0.08834876442307693 0.6553497932692308 0.17399691346153848 0.7021604927884616 0.1466049375 0.06532921875 0.047839507211538464 0.07921810817307692 0.08834876442307693 0.6553497932692308
1885 0.29089506249999997 0.19547325000000002 0.21797839423076923 0.19187242788461537 0.21682098798076924 0.002057612980769231 0.14930555528846154 0.0005144038461538461 0.16049382692307693 0.40637860096153844 0.2943672836538461 0.375 0.29089506249999997 0.19547325000000002
655 0.020833334134615387 0.6754115216346155 0.04629629567307692 0.6646090528846155 0.0015432091346153846 0.004115225961538462 0.0003858028846153846 0.4593621394230769 0.015432098557692307 0.6718106995192308 0.020833334134615387 0.6754115216346155
1885 0.04552469230769231 0.002057612980769231 0.003086420673076923 0.004115225961538462 0.04552469230769231 0.666152264423077 0.06018518509615385 0.6728395072115384 0.09104938221153845 0.6589506177884614 0.047839507211538464 0.07921810817307692 0.05246913461538461 0.07818930048076923 0.04552469230769231 0.002057612980769231
1814 0.013503086538461538 0.8616255144230769 0.0003858028846153846 0.8605967067307693 0.0015432091346153846 0.9989711923076924 0.05169753125 0.996913579326923 0.05324074038461538 0.9099794230769231 0.05941357932692308 0.9007201634615385 0.06018518509615385 0.8806584350961538 0.013503086538461538 0.8616255144230769
792 0.14043209855769231 0.7304526754807692 0.1763117283653846 0.7067901225961539 0.09452160576923077 0.6610082307692308 0.06018518509615385 0.6774691346153846 0.04436728365384616 0.666152264423077 0.022376543269230772 0.6774691346153846 0.013503086538461538 0.6682098774038461 0.011188271634615386 0.625 0.0003858028846153846 0.6213991778846153 0.0003858028846153846 0.9979423870192308 0.08487654326923076 0.9979423870192308 0.18171296394230768 0.9953703701923077 0.1631944447115385 0.7669753076923077 0.13695987740384616 0.746913579326923 0.14043209855769231 0.7304526754807692