1761 0.998046875 0.77734375 0.21744791586538462 0.80029296875 0.15755208413461538 0.99853515625 0.9993489591346154 0.9951171875 0.998046875 0.77734375
1774 0.3203125 0.75390625 0.33138020913461536 0.8095703125 0.34505208413461536 0.84375 0.38216145913461536 0.8671875 0.38020833413461536 0.94091796875 0.529296875 0.93603515625 0.5260416658653846 0.86474609375 0.572265625 0.81396484375 0.580078125 0.77587890625 0.5618489591346154 0.69775390625 0.55078125 0.69775390625 0.5983072908653846 0.681640625 0.6184895841346154 0.5595703125 0.6028645841346154 0.50537109375 0.2740885408653846 0.509765625 0.2975260408653846 0.69091796875 0.34830729086538464 0.71142578125 0.3203125 0.75390625
1455 0.40364583413461536 0.45458984375 0.3033854158653846 0.4580078125 0.314453125 0.52734375 0.41080729086538464 0.5283203125 0.40364583413461536 0.45458984375
1801 0.6061197908653846 0.0673828125 0.2526041658653846 0.052734375 0.2864583341346154 0.1875 0.5755208341346154 0.17333984375 0.6061197908653846 0.0673828125
1779 0.7565104158653846 0.50390625 0.63671875 0.50390625 0.6399739591346154 0.55615234375 0.759765625 0.5546875 0.7565104158653846 0.50390625
1546 0.11783854086538462 0.59375 0.14518229086538462 0.93017578125 0.169921875 0.95556640625 0.212890625 0.93603515625 0.2897135408653846 0.8349609375 0.18033854086538462 0.0078125 0.04557291586538462 0.00634765625 0.010416665865384615 0.7021484375 0.0546875 0.85205078125 0.11783854086538462 0.59375
534 0.7766927091346154 0.47509765625 0.7766927091346154 0.52197265625 0.9973958341346154 0.73828125 0.9973958341346154 0.47509765625 0.7766927091346154 0.47509765625
1794 0.5501302091346154 0.3544921875 0.5501302091346154 0.3388671875 0.568359375 0.3056640625 0.5709635408653846 0.2412109375 0.5709635408653846 0.2119140625 0.5475260408653846 0.2099609375 0.49348958413461536 0.2099609375 0.41536458413461536 0.2099609375 0.37369791586538464 0.2177734375 0.37890625 0.2451171875 0.38671875 0.2587890625 0.38671875 0.2861328125 0.37369791586538464 0.3564453125 0.44401041586538464 0.3662109375 0.5319010408653846 0.3662109375 0.5501302091346154 0.3544921875
1885 0.9921875 0.00537109375 0.18619791586538462 0.00732421875 0.24088541586538462 0.80078125 0.9973958341346154 0.783203125 0.9921875 0.00537109375
457 0.607421875 0.53955078125 0.591796875 0.52392578125 0.2903645841346154 0.51025390625 0.2825520841346154 0.54736328125 0.3059895841346154 0.69140625 0.43359375 0.6875 0.5891927091346154 0.68359375 0.5944010408653846 0.55712890625 0.6048177091346154 0.55517578125 0.607421875 0.53955078125
1927 0.32161458413461536 0.794921875 0.33984375 0.822265625 0.37109375 0.853515625 0.38932291586538464 0.87109375 0.38671875 0.94091796875 0.5266927091346154 0.93505859375 0.5188802091346154 0.865234375 0.5423177091346154 0.84765625 0.5657552091346154 0.81640625 0.5709635408653846 0.76953125 0.560546875 0.716796875 0.5110677091346154 0.697265625 0.43880208413461536 0.693359375 0.38671875 0.697265625 0.36067708413461536 0.705078125 0.33463541586538464 0.734375 0.31640625 0.76171875 0.32161458413461536 0.794921875