417 0.2890625 0.7236533966346154 0.2875 0.6463700240384616 0.2890625 0.48946135817307695 0.290625 0.4871194375 0.215625 0.4918032788461538 0.21718749999999998 0.5690866514423077 0.190625 0.5831381730769231 0.203125 0.7213114759615386 0.21250000000000002 0.660421545673077 0.2734375 0.6651053870192307 0.2796875 0.7236533966346154 0.2890625 0.7236533966346154
1027 0.7859375 0.40983606490384616 0.8031250000000001 0.3864168629807692 0.8015625 0.30210772836538463 0.73125 0.30210772836538463 0.7265625 0.39344262259615387 0.7562500000000001 0.5597189687499999 0.7765625 0.5644028100961539 0.7859375 0.40983606490384616
126 0.75 0.5433255264423077 0.7453125 0.4988290408653846 0.6609375 0.48009367788461543 0.6546875000000001 0.5199063221153846 0.5921875 0.5503512884615385 0.5921875 0.6018735360576923 0.5421875 0.6206088990384615 0.5375 0.7025761129807692 0.6203125 0.7025761129807692 0.7281249999999999 0.6370023413461539 0.7296875 0.5644028100961539 0.75 0.5433255264423077
198 0.4296875 0.6088992980769231 0.5765625 0.5667447307692307 0.5734375 0.21311475480769232 0.421875 0.21545667548076922 0.4296875 0.6088992980769231
1902 0.36406249999999996 0.6206088990384615 0.4203125 0.5971896947115385 0.39375000000000004 0.23887587740384617 0.34375 0.23419203846153847 0.36406249999999996 0.6206088990384615
417 0.17812499999999998 0.7915690865384615 0.17031249999999998 0.7634660432692308 0.153125 0.7025761129807692 0.10625000000000001 0.7845433245192308 0.09687499999999999 0.852459016826923 0.0796875 0.8594847764423077 0.0390625 0.8665105384615385 0.0171875 0.8875878221153847 0.0078125 0.9063231850961538 0.003125 0.9203747067307693 0.0078125 0.9882903990384615 0.1109375 0.9929742379807693 0.1765625 0.9648711947115385 0.18593749999999998 0.9180327860576922 0.1765625 0.878220139423077 0.1796875 0.831381733173077 0.17812499999999998 0.7915690865384615
1329 0.909375 0.7377049182692308 0.953125 0.7330210769230768 0.9984375000000001 0.6393442620192308 0.90625 0.5597189687499999 0.8359375 0.6744730673076924 0.909375 0.7377049182692308
207 0.9203125000000001 0.4637002331730769 0.9203125000000001 0.5573770480769231 0.825 0.6744730673076924 0.43125 0.7189695552884616 0.4671875 0.9976580793269231 0.9984375000000001 0.9859484783653846 0.996875 0.4355971899038461 0.9390624999999999 0.4871194375 0.9203125000000001 0.4637002331730769
201 0.45781249999999996 0.5433255264423077 0.5296875 0.5386416850961538 0.5234375 0.4566744735576923 0.453125 0.4683840745192308 0.45781249999999996 0.5433255264423077
402 0.026562500000000003 0.025761125 0.03125 0.10772833653846153 0.7437499999999999 0.09367681490384615 0.8828125 0.004683841346153846 0.0046875 0 0.026562500000000003 0.025761125
1873 0.428125 0.10772833653846153 0.43125 0.1451990625 0.49375 0.14285714182692308 0.490625 0.11007025721153846 0.47968750000000004 0.10772833653846153 0.428125 0.10772833653846153
1305 0.7875000000000001 0.5433255264423077 0.7859375 0.5503512884615385 0.7859375 0.5597189687499999 0.7984374999999999 0.5644028100961539 0.8015625 0.562060889423077 0.8031250000000001 0.562060889423077 0.8031250000000001 0.5597189687499999 0.8015625 0.5526932091346154 0.8031250000000001 0.5503512884615385 0.8031250000000001 0.5480093677884615 0.8015625 0.5433255264423077 0.8 0.5409836057692308 0.8015625 0.5128805625 0.8 0.5058548004807693 0.7984374999999999 0.5058548004807693 0.7953125000000001 0.5035128798076923 0.79375 0.5035128798076923 0.7953125000000001 0.5011709591346154 0.7953125000000001 0.49648712019230773 0.79375 0.49414519951923075 0.7921875 0.49414519951923075 0.7906249999999999 0.49414519951923075 0.7921875 0.4988290408653846 0.7921875 0.5035128798076923 0.7906249999999999 0.5058548004807693 0.7890625 0.5081967211538462 0.7890625 0.5128805625 0.7890625 0.5175644038461539 0.7890625 0.5222482427884615 0.7890625 0.5316159254807692 0.7890625 0.5386416850961538 0.7875000000000001 0.5433255264423077
655 0.059375 0.5878220144230769 0.1359375 0.5831381730769231 0.1171875 0.20608899278846152 0.0359375 0.21545667548076922 0.059375 0.5878220144230769
1942 0.44375 0.27634660336538464 0.44843750000000004 0.4028103052884615 0.5015625 0.4051522259615385 0.4921875 0.27868852403846156 0.44375 0.27634660336538464
1131 0.29375 0.6533957836538461 0.29375 0.6885245913461537 0.3515625 0.6791569086538461 0.3515625 0.6510538629807693 0.29375 0.6533957836538461