1942 0.30859375 0.09895833413461538 0.001953125 0.010416665865384615 0.029296875 0.6666666658653846 0.318359375 0.5520833341346154 0.30859375 0.09895833413461538
1861 0.13671875 0.5677083341346154 0.099609375 0.5729166658653846 0.091796875 0.5833333341346154 0.091796875 0.609375 0.109375 0.6666666658653846 0.15625 0.6666666658653846 0.166015625 0.6145833341346154 0.158203125 0.5729166658653846 0.13671875 0.5677083341346154
1008 0.638671875 0.6041666658653846 0.587890625 0.6484375 0.736328125 0.6614583341346154 0.77734375 0.6119791658653846 0.638671875 0.6041666658653846
1008 0.931640625 0.6744791658653846 0.94921875 0.6119791658653846 0.787109375 0.609375 0.744140625 0.6640625 0.931640625 0.6744791658653846
1335 0.59765625 0.6015625 0.61328125 0.5911458341346154 0.611328125 0.5494791658653846 0.603515625 0.5234375 0.595703125 0.5104166658653846 0.595703125 0.48697916586538464 0.6015625 0.47135416586538464 0.6015625 0.43489583413461536 0.587890625 0.42447916586538464 0.57421875 0.42447916586538464 0.568359375 0.4453125 0.5703125 0.4609375 0.568359375 0.48177083413461536 0.578125 0.5078125 0.56640625 0.5442708341346154 0.568359375 0.5885416658653846 0.5859375 0.6015625 0.59765625 0.6015625
844 0.380859375 0.6536458341346154 0.427734375 0.6302083341346154 0.4375 0.59375 0.4296875 0.5651041658653846 0.421875 0.6015625 0.380859375 0.6197916658653846 0.337890625 0.6145833341346154 0.31640625 0.5989583341346154 0.3125 0.6067708341346154 0.3359375 0.6458333341346154 0.380859375 0.6536458341346154
1942 0.517578125 0.5 0.6796875 0.5078125 0.673828125 0.0703125 0.515625 0.10416666586538462 0.517578125 0.5
1942 0.720703125 0.5 0.904296875 0.5078125 0.88671875 0.03645833413461538 0.708984375 0.0703125 0.720703125 0.5
429 0.265625 0.9973958341346154 0.517578125 0.9921875 0.529296875 0.6614583341346154 0.509765625 0.6588541658653846 0.279296875 0.8333333341346154 0.265625 0.9973958341346154
1027 0.75390625 0.17708333413461538 0.74609375 0.19270833413461538 0.7890625 0.19270833413461538 0.78125 0.16927083413461538 0.8125 0.16666666586538462 0.810546875 0.15885416586538462 0.77734375 0.15885416586538462 0.775390625 0.1328125 0.771484375 0.12760416586538462 0.767578125 0.002604165865384616 0.755859375 0 0.76171875 0.1328125 0.755859375 0.16145833413461538 0.72265625 0.16927083413461538 0.75390625 0.17708333413461538
569 0.48828125 0.2109375 0.998046875 0.15625 0.99609375 0.028645834134615387 0.490234375 0.09114583413461538 0.48828125 0.2109375
569 0 0.1954257235576923 0.357421875 0.21614583413461538 0.349609375 0.09375 0.0078125 0.002604165865384616 0 0.1567708341346154 0 0.1954257235576923
1000 0.994140625 0.6927083341346154 0.998046875 0.6067708341346154 0.412109375 0.578125 0.001953125 0.7786458341346154 0.001953125 0.9895833341346154 0.02734375 0.9973958341346154 0.03515625 0.9973958341346154 0.51171875 0.6744791658653846 0.994140625 0.6927083341346154
347 0.580078125 0.6822916658653846 0.591796875 0.9921875 0.998046875 0.9973958341346154 0.99609375 0.7083333341346154 0.580078125 0.6822916658653846