417 0.7203124999999999 0.7236533966346154 0.7265625 0.6651053870192307 0.7875000000000001 0.660421545673077 0.796875 0.7213114759615386 0.809375 0.5831381730769231 0.7828124999999999 0.5690866514423077 0.784375 0.4918032788461538 0.7093750000000001 0.4871194375 0.7109375 0.48946135817307695 0.7124999999999999 0.6463700240384616 0.7109375 0.7236533966346154 0.7203124999999999 0.7236533966346154
1027 0.2234375 0.5644028100961539 0.24375000000000002 0.5597189687499999 0.2734375 0.39344262259615387 0.26875 0.30210772836538463 0.1984375 0.30210772836538463 0.19687500000000002 0.3864168629807692 0.2140625 0.40983606490384616 0.2234375 0.5644028100961539
126 0.2703125 0.5644028100961539 0.271875 0.6370023413461539 0.37968749999999996 0.7025761129807692 0.4625 0.7025761129807692 0.45781249999999996 0.6206088990384615 0.4078125 0.6018735360576923 0.4078125 0.5503512884615385 0.3453125 0.5199063221153846 0.33906250000000004 0.48009367788461543 0.2546875 0.4988290408653846 0.25 0.5433255264423077 0.2703125 0.5644028100961539
198 0.578125 0.21545667548076922 0.42656249999999996 0.21311475480769232 0.4234375 0.5667447307692307 0.5703125 0.6088992980769231 0.578125 0.21545667548076922
1902 0.65625 0.23419203846153847 0.60625 0.23887587740384617 0.5796875 0.5971896947115385 0.6359375 0.6206088990384615 0.65625 0.23419203846153847
417 0.8203125 0.831381733173077 0.8234375 0.878220139423077 0.8140624999999999 0.9180327860576922 0.8234375 0.9648711947115385 0.8890625000000001 0.9929742379807693 0.9921875 0.9882903990384615 0.996875 0.9203747067307693 0.9921875 0.9063231850961538 0.9828125000000001 0.8875878221153847 0.9609375 0.8665105384615385 0.9203125000000001 0.8594847764423077 0.903125 0.852459016826923 0.89375 0.7845433245192308 0.846875 0.7025761129807692 0.8296874999999999 0.7634660432692308 0.8218749999999999 0.7915690865384615 0.8203125 0.831381733173077
1329 0.1640625 0.6744730673076924 0.09375 0.5597189687499999 0.0015625 0.6393442620192308 0.046875 0.7330210769230768 0.09062500000000001 0.7377049182692308 0.1640625 0.6744730673076924
207 0.060937500000000006 0.4871194375 0.003125 0.4355971899038461 0.0015625 0.9859484783653846 0.5328125 0.9976580793269231 0.56875 0.7189695552884616 0.175 0.6744730673076924 0.0796875 0.5573770480769231 0.0796875 0.4637002331730769 0.060937500000000006 0.4871194375
201 0.546875 0.4683840745192308 0.4765625 0.4566744735576923 0.4703125 0.5386416850961538 0.5421875 0.5433255264423077 0.546875 0.4683840745192308
402 0.9953125 0 0.1171875 0.004683841346153846 0.25625 0.09367681490384615 0.96875 0.10772833653846153 0.9734375 0.025761125 0.9953125 0
1873 0.5203125 0.10772833653846153 0.509375 0.11007025721153846 0.50625 0.14285714182692308 0.56875 0.1451990625 0.571875 0.10772833653846153 0.5203125 0.10772833653846153
1305 0.2109375 0.5386416850961538 0.2109375 0.5316159254807692 0.2109375 0.5222482427884615 0.2109375 0.5175644038461539 0.2109375 0.5128805625 0.2109375 0.5081967211538462 0.20937499999999998 0.5058548004807693 0.2078125 0.5035128798076923 0.2078125 0.4988290408653846 0.20937499999999998 0.49414519951923075 0.2078125 0.49414519951923075 0.20625 0.49414519951923075 0.20468750000000002 0.49648712019230773 0.20468750000000002 0.5011709591346154 0.20625 0.5035128798076923 0.20468750000000002 0.5035128798076923 0.20156249999999998 0.5058548004807693 0.2 0.5058548004807693 0.1984375 0.5128805625 0.2 0.5409836057692308 0.1984375 0.5433255264423077 0.19687500000000002 0.5480093677884615 0.19687500000000002 0.5503512884615385 0.1984375 0.5526932091346154 0.19687500000000002 0.5597189687499999 0.19687500000000002 0.562060889423077 0.1984375 0.562060889423077 0.20156249999999998 0.5644028100961539 0.2140625 0.5597189687499999 0.2140625 0.5503512884615385 0.21250000000000002 0.5433255264423077 0.2109375 0.5386416850961538
655 0.9640625 0.21545667548076922 0.8828125 0.20608899278846152 0.8640625 0.5831381730769231 0.940625 0.5878220144230769 0.9640625 0.21545667548076922
1942 0.5078125 0.27868852403846156 0.4984375 0.4051522259615385 0.5515625 0.4028103052884615 0.55625 0.27634660336538464 0.5078125 0.27868852403846156
1131 0.6484375 0.6510538629807693 0.6484375 0.6791569086538461 0.70625 0.6885245913461537 0.70625 0.6533957836538461 0.6484375 0.6510538629807693