207 0.47000000000000003 0.9977777788461538 0.545 0.9955555552884616 0.9416666658653846 0.722222221153846 0.95 0.46555555528846154 0.4883333341346154 0.4611111105769231 0.455 0.5611111105769231 0.006666665865384615 0.6822222211538461 0.005 0.8155555552884616 0.47000000000000003 0.9977777788461538
1942 0.08499999999999999 0.4311111105769231 0.11166666586538462 0.5633333341346154 0.26833333413461535 0.5422222211538462 0.23833333413461538 0.41777777884615386 0.08499999999999999 0.4311111105769231
919 0.1216666658653846 0.23222222115384616 0.28166666586538464 0.25 0.295 0.13555555528846155 0.2833333341346154 0.09 0.24000000000000002 0.09111111057692309 0.22499999999999998 0.001111110576923077 0.215 0.002222221153846154 0.22 0.09555555528846155 0.1216666658653846 0.10777777884615383 0.1216666658653846 0.23222222115384616
798 0.77 0.858888889423077 0.6666666658653846 0.9366666658653846 0.8833333341346153 0.9955555552884616 0.9666666658653846 0.9022222211538462 0.77 0.858888889423077
1329 0.6916666658653846 0.5411111105769231 0.6416666658653847 0.5811111105769231 0.8183333341346154 0.5988888894230769 0.8916666658653847 0.5522222211538461 0.6916666658653846 0.5411111105769231
202 0.015000000000000001 0.6877777788461539 0.013333334134615385 0.7755555552884614 0.35500000000000004 0.8833333341346153 0.5116666658653846 0.97 0.9299999999999999 0.6911111105769231 0.8583333341346153 0.5566666658653846 0.5216666658653846 0.5266666658653846 0.015000000000000001 0.6877777788461539
937 0.855 0.5566666658653846 0.9299999999999999 0.6777777788461539 0.9349999999999999 0.47000000000000003 0.495 0.4666666658653846 0.4766666658653846 0.5433333341346154 0.5266666658653846 0.5255555552884615 0.855 0.5566666658653846
402 0.9383333341346154 0.001111110576923077 0.0016666658653846154 0.001111110576923077 0.005 0.33444444471153845 0.045 0.33666666586538463 0.04833333413461539 0.3688888894230769 0.0766666658653846 0.3666666658653846 0.12000000000000001 0.34666666586538464 0.13833333413461538 0.34555555528846155 0.13833333413461538 0.35 0.1616666658653846 0.35 0.22333333413461537 0.33111111057692305 0.2483333341346154 0.33 0.9383333341346154 0.001111110576923077
1885 0.9416666658653846 0.001111110576923077 0.2533333341346154 0.33111111057692305 0.2833333341346154 0.6322222211538461 0.9983333341346154 0.7077777788461539 0.9983333341346154 0 0.9416666658653846 0.001111110576923077
1885 0.2533333341346154 0.33111111057692305 0.005 0.33666666586538463 0.0016666658653846154 0.7122222211538461 0.23166666586538462 0.6455555552884615 0.28500000000000003 0.6344444447115385 0.2533333341346154 0.33111111057692305
792 0.0016666658653846154 0.7122222211538461 0.0016666658653846154 0.998888889423077 0.9983333341346154 0.9977777788461538 0.9983333341346154 0.7088888894230769 0.28500000000000003 0.6322222211538461 0.0016666658653846154 0.7122222211538461