1780 0.2890625 0.56494140625 0.2936197908653846 0.546875 0.25 0.513671875 0.15494791586538462 0.546875 0.15885416586538462 0.61669921875 0.20377604086538462 0.6064453125 0.2890625 0.56494140625
1778 0.18880208413461538 0.61083984375 0.21419270913461538 0.6220703125 0.302734375 0.5908203125 0.3053385408653846 0.57080078125 0.2890625 0.5458984375 0.255859375 0.5390625 0.19921875 0.55517578125 0.18880208413461538 0.56298828125 0.18033854086538462 0.57421875 0.18424479086538462 0.58740234375 0.18880208413461538 0.61083984375
1769 0.8880208341346154 0.13818359375 0.70703125 0.1240234375 0.701171875 0.2001953125 0.8776041658653846 0.2177734375 0.8880208341346154 0.13818359375
1768 0.8190104158653846 0.1640625 0.783203125 0.15966796875 0.7369791658653846 0.16748046875 0.8131510408653846 0.185546875 0.853515625 0.17529296875 0.8190104158653846 0.1640625
1794 0.7727864591346154 0.11474609375 0.77734375 0.1103515625 0.77734375 0.1015625 0.7845052091346154 0.09130859375 0.7740885408653846 0.080078125 0.7278645841346154 0.08251953125 0.70703125 0.0947265625 0.70703125 0.10693359375 0.720703125 0.11279296875 0.7727864591346154 0.11474609375
1794 0.904296875 0.10009765625 0.9388020841346154 0.09130859375 0.9388020841346154 0.080078125 0.9446614591346154 0.0634765625 0.94140625 0.048828125 0.828125 0.04638671875 0.7864583341346154 0.0556640625 0.7727864591346154 0.078125 0.7864583341346154 0.09228515625 0.904296875 0.10009765625
1794 0.7845052091346154 0.09228515625 0.7864583341346154 0.09814453125 0.7786458341346154 0.10595703125 0.7786458341346154 0.1162109375 0.904296875 0.1259765625 0.9010416658653846 0.1103515625 0.9069010408653846 0.09912109375 0.7845052091346154 0.09228515625
1794 1 0.09375 0.9830729158653846 0.09912109375 0.966796875 0.09130859375 0.947265625 0.09130859375 0.9368489591346154 0.09033203125 0.9088541658653846 0.10009765625 0.8997395841346154 0.1103515625 0.9055989591346154 0.125 0.9264322908653846 0.13037109375 0.9895833341346154 0.1318359375 1 0.12255859375 1 0.09375
1523 1 0.00048828125 0.7037760408653846 0.00048828125 0.6803385408653846 0.208984375 1 0.24609375 1 0.00048828125
1774 0.6490885408653846 0.52587890625 0.6575520841346154 0.57861328125 0.693359375 0.6455078125 0.6907552091346154 0.65234375 0.6575520841346154 0.666015625 0.6217447908653846 0.6748046875 0.5696614591346154 0.6982421875 0.5416666658653846 0.7353515625 0.5338541658653846 0.775390625 0.5533854158653846 0.81591796875 0.5983072908653846 0.84716796875 0.5774739591346154 0.8974609375 0.5859375 0.9111328125 0.67578125 0.9482421875 0.701171875 0.95263671875 0.7220052091346154 0.94580078125 0.814453125 0.8349609375 0.80859375 0.8193359375 0.83984375 0.7822265625 0.8626302091346154 0.69482421875 0.916015625 0.68505859375 0.9446614591346154 0.66455078125 0.9850260408653846 0.57275390625 1 0.5087890625 0.7057291658653846 0.45068359375 0.6412760408653846 0.47998046875 0.638671875 0.49560546875 0.6490885408653846 0.5 0.6490885408653846 0.52587890625
792 1 0.828125 0.529296875 0.68505859375 0.002604165865384616 0.99951171875 1 0.99951171875 1 0.828125
1885 1 0.00048828125 0.5813802091346154 0.00048828125 0.5305989591346154 0.68603515625 1 0.828125 1 0.00048828125
1885 0.0006510408653846154 0.00048828125 0.0006510408653846154 0.99951171875 0.5305989591346154 0.68603515625 0.5833333341346154 0.00048828125 0.0006510408653846154 0.00048828125
910 0.6848958341346154 0.529296875 0.6966145841346154 0.52587890625 0.6953125 0.515625 0.6783854158653846 0.5146484375 0.6595052091346154 0.50439453125 0.6536458341346154 0.51220703125 0.6744791658653846 0.5234375 0.6848958341346154 0.529296875
1776 0.568359375 0.697265625 0.5475260408653846 0.7275390625 0.5416666658653846 0.75 0.560546875 0.78466796875 0.6028645841346154 0.8046875 0.6803385408653846 0.81787109375 0.763671875 0.80712890625 0.8235677091346154 0.7734375 0.8372395841346154 0.73876953125 0.8326822908653846 0.69140625 0.6966145841346154 0.65234375 0.662109375 0.66357421875 0.6282552091346154 0.6748046875 0.568359375 0.697265625
314 0.8938802091346154 0.14013671875 0.8854166658653846 0.22119140625 0.9967447908653846 0.23291015625 0.9947916658653846 0.1494140625 0.8938802091346154 0.14013671875