1542 1 0.4134803197115385 0.19140625 0.29296875 0.0078125 0.33203125 0.0078125 0.921875 0.07421875 0.9921875 0.85546875 0.9921875 1 0.8286389807692308 1 0.4134803197115385
639 1 0.71484375 0.984375 0.71484375 0.96875 0.73046875 0.96484375 0.75390625 0.9609375 0.78515625 0.953125 0.82421875 0.96484375 0.83203125 0.9765625 0.83203125 1 0.83203125 1 0.71484375
639 1 0.912109375 0.99609375 0.83203125 0.9609375 0.828125 0.9375 0.828125 0.90234375 0.83203125 0.87890625 0.85546875 0.8671875 0.8828125 0.86328125 0.90625 0.86328125 0.921875 0.86328125 0.94140625 0.86328125 0.97265625 0.86328125 0.9921875 1 0.9921875 1 0.912109375
1544 1 0.322265625 0.99609375 0.234375 0.546875 0.21484375 0.5390625 0.22265625 0.4921875 0.2265625 0.4921875 0.25 0.453125 0.296875 0.46875 0.30859375 0.46484375 0.328125 1 0.40956181971153843 1 0.322265625
1544 1 0.17578125 0.796875 0.17578125 0.78515625 0.1796875 0.76171875 0.1796875 0.76171875 0.1953125 0.76171875 0.22265625 1 0.23034274278846154 1 0.17578125
337 0.046875 0.20703125 0.046875 0.2265625 0.0078125 0.24609375 0.00390625 0.32421875 0.19140625 0.2890625 0.46484375 0.328125 0.46484375 0.30859375 0.45703125 0.296875 0.4921875 0.25 0.4921875 0.22265625 0.54296875 0.21875 0.55078125 0.2109375 0.76171875 0.21875 0.7578125 0.171875 0.78125 0.171875 0.78125 0.15234375 0.453125 0.16015625 0.4375 0.171875 0.41015625 0.171875 0.3046875 0.16796875 0.2734375 0.20703125 0.0859375 0.19921875 0.046875 0.20703125
638 0.33203125 0.28125 0.33984375 0.30859375 0.37109375 0.3125 0.37109375 0.27734375 0.34375 0.2734375 0.33203125 0.28125
1885 0.0078125 0 0.00390625 0.24609375 0.046875 0.22265625 0.046875 0.20703125 0.0859375 0.19921875 0.2734375 0.203125 0.3046875 0.16796875 0.4375 0.171875 0.453125 0.15625 0.78125 0.15234375 0.77734375 0.17578125 1 0.17578125 1 0 0.0078125 0
816 0.51171875 0.94140625 0.5234375 0.9453125 0.53515625 0.94921875 0.5546875 0.9296875 0.58984375 0.90625 0.6015625 0.890625 0.58984375 0.875 0.5703125 0.86328125 0.54296875 0.85546875 0.53515625 0.83984375 0.5078125 0.8359375 0.5 0.828125 0.4765625 0.8359375 0.4609375 0.83984375 0.43359375 0.86328125 0.42578125 0.8828125 0.4453125 0.90234375 0.46875 0.921875 0.48828125 0.9296875 0.51171875 0.94140625
1620 0.29296875 0.875 0.296875 0.88671875 0.30859375 0.88671875 0.328125 0.88671875 0.33203125 0.87890625 0.45703125 0.87890625 0.47265625 0.88671875 0.4921875 0.88671875 0.5078125 0.87109375 0.51171875 0.859375 0.5 0.85546875 0.484375 0.85546875 0.47265625 0.86328125 0.46484375 0.8671875 0.33203125 0.875 0.33203125 0.8671875 0.296875 0.87109375 0.29296875 0.875
816 0.42578125 0.77734375 0.40625 0.7734375 0.38671875 0.765625 0.3671875 0.76171875 0.34765625 0.765625 0.33984375 0.76953125 0.33984375 0.77734375 0.33203125 0.7890625 0.3046875 0.79296875 0.2890625 0.79296875 0.296875 0.80859375 0.33203125 0.83984375 0.375 0.859375 0.3984375 0.859375 0.421875 0.83984375 0.44921875 0.828125 0.46484375 0.8203125 0.46875 0.80859375 0.46875 0.80078125 0.44921875 0.79296875 0.4375 0.77734375 0.42578125 0.77734375
816 0.32421875 0.734375 0.30859375 0.734375 0.29296875 0.7265625 0.2734375 0.71875 0.25390625 0.72265625 0.23828125 0.7265625 0.23046875 0.734375 0.21875 0.7421875 0.21484375 0.75390625 0.23046875 0.765625 0.24609375 0.7734375 0.265625 0.78125 0.28125 0.76953125 0.2890625 0.76953125 0.3203125 0.76171875 0.32421875 0.75 0.32421875 0.734375
816 0.21875 0.72265625 0.24609375 0.70703125 0.25 0.6875 0.234375 0.68359375 0.21484375 0.67578125 0.19921875 0.66796875 0.1875 0.671875 0.17578125 0.6796875 0.15625 0.68359375 0.14453125 0.6875 0.1328125 0.69140625 0.140625 0.70703125 0.16015625 0.71484375 0.17578125 0.73046875 0.19921875 0.734375 0.21875 0.72265625
1027 0.71875 0.07421875 0.7109375 0.0859375 0.7109375 0.09375 0.73046875 0.09765625 0.7421875 0.0859375 0.7421875 0.078125 0.73828125 0.07421875 0.734375 0.06640625 0.72265625 0.0703125 0.71875 0.07421875
1027 0.5859375 0.0859375 0.578125 0.0859375 0.5703125 0.09765625 0.5703125 0.109375 0.58203125 0.109375 0.59375 0.109375 0.59765625 0.1015625 0.59765625 0.0859375 0.5859375 0.0859375
1027 0.453125 0.09765625 0.453125 0.109375 0.45703125 0.1171875 0.46875 0.11328125 0.4765625 0.1015625 0.4765625 0.09375 0.46875 0.08984375 0.45703125 0.08984375 0.453125 0.09765625
1027 0.359375 0.1015625 0.35546875 0.10546875 0.3515625 0.11328125 0.36328125 0.12109375 0.375 0.11328125 0.375 0.10546875 0.3671875 0.1015625 0.359375 0.1015625
816 0.59375 0.8515625 0.62109375 0.86328125 0.65234375 0.8671875 0.6640625 0.85546875 0.64453125 0.84765625 0.640625 0.83984375 0.625 0.828125 0.61328125 0.8203125 0.60546875 0.81640625 0.60546875 0.8046875 0.59765625 0.80078125 0.578125 0.796875 0.55078125 0.79296875 0.53515625 0.796875 0.53125 0.8046875 0.51953125 0.8125 0.55078125 0.828125 0.59375 0.8515625
1620 0.6328125 0.81640625 0.65234375 0.81640625 0.671875 0.81640625 0.6796875 0.80078125 0.66796875 0.796875 0.66015625 0.796875 0.6484375 0.80078125 0.62890625 0.796875 0.5546875 0.77734375 0.53125 0.76953125 0.53125 0.78125 0.546875 0.78125 0.625 0.8046875 0.6328125 0.81640625