402 0.9312499999999999 0.005 0.0037500000000000003 0.005 0.64 0.08 0.73625 0.04333333413461538 0.93625 0.053333334134615384 0.9312499999999999 0.005
1942 0.49125 0.22166666586538464 0.26125000000000004 0.215 0.26375 0.5483333341346154 0.29250000000000004 0.5483333341346154 0.48874999999999996 0.5383333341346154 0.49125 0.22166666586538464
564 0.46 0.18666666586538463 0.44999999999999996 0.19 0.43624999999999997 0.1833333341346154 0.42624999999999996 0.5383333341346154 0.42624999999999996 0.5549999999999999 0.43624999999999997 0.5516666658653846 0.46499999999999997 0.5516666658653846 0.48625 0.5416666658653846 0.5225000000000001 0.5483333341346154 0.535 0.5516666658653846 0.5575 0.5516666658653846 0.56875 0.535 0.5475 0.39333333413461535 0.5375 0.3216666658653846 0.5425 0.26999999999999996 0.5325 0.19333333413461537 0.51875 0.19333333413461537 0.49125 0.1833333341346154 0.475 0.19 0.46 0.18666666586538463
751 0.8187500000000001 0.29 0.785 0.2933333341346154 0.6900000000000001 0.2933333341346154 0.7124999999999999 0.3583333341346154 0.8187500000000001 0.34833333413461537 0.8187500000000001 0.29
836 0.060000000000000005 0.3216666658653846 0.01875 0.335 0.04 0.97 0.11750000000000001 0.95 0.18125000000000002 0.9299999999999999 0.15875 0.3383333341346154 0.145 0.3283333341346154 0.060000000000000005 0.3216666658653846
558 0.93625 0.095 0.9037499999999999 0.095 0.81125 0.1216666658653846 0.81375 0.39 0.90125 0.3866666658653846 0.93375 0.39 0.93625 0.095
562 0.7775 0.3633333341346154 0.715 0.3633333341346154 0.68625 0.305 0.6950000000000001 0.29 0.81125 0.29 0.8099999999999999 0.1283333341346154 0.65125 0.17666666586538463 0.56875 0.16999999999999998 0.53 0.18666666586538463 0.5325 0.3833333341346154 0.5475 0.3833333341346154 0.5712499999999999 0.39 0.72 0.39666666586538457 0.7749999999999999 0.39 0.7775 0.3633333341346154
558 0.14875 0.125 0.00625 0.1216666658653846 0.01625 0.305 0.15625 0.3116666658653846 0.14875 0.125
558 0.16125 0.13666666586538462 0.16875 0.40666666586538464 0.19 0.40666666586538464 0.25875 0.40666666586538464 0.26375 0.14666666586538463 0.16125 0.13666666586538462
562 0.17625 0.6366666658653847 0.18625 0.9333333341346154 0.19749999999999998 0.9233333341346154 0.615 0.8333333341346154 0.61 0.5866666658653846 0.17625 0.6366666658653847
1564 0.275 0.5833333341346154 0.31 0.6066666658653846 0.40125 0.6 0.3825 0.5716666658653846 0.275 0.5833333341346154
757 0.33125000000000004 0.5833333341346154 0.32625 0.5583333341346154 0.34375 0.5066666658653847 0.32375000000000004 0.52 0.32125 0.5549999999999999 0.31625000000000003 0.5833333341346154 0.33125000000000004 0.5833333341346154
1204 0.67625 0.6066666658653846 0.66125 0.8133333341346154 0.74625 0.8566666658653846 0.76375 0.6333333341346153 0.67625 0.6066666658653846
1670 0.7562500000000001 0.5716666658653846 0.68375 0.5866666658653846 0.785 0.62 0.87 0.5966666658653846 0.7562500000000001 0.5716666658653846
1192 0.57625 0.6816666658653846 0.5549999999999999 0.7100000000000001 0.6275000000000001 0.755 0.7225 0.7616666658653847 0.7124999999999999 0.995 0.7412500000000001 0.9983333341346154 0.73375 0.7616666658653847 0.9937499999999999 0.6933333341346154 0.98875 0.6333333341346153 0.9450000000000001 0.6233333341346154 0.57625 0.6816666658653846
1724 0.90125 0.8716666658653847 0.8987499999999999 0.995 0.91875 0.9816666658653846 0.92625 0.8266666658653846 0.90125 0.7516666658653846 0.77 0.7583333341346153 0.77 0.8333333341346154 0.77 0.9983333341346154 0.7975 0.9983333341346154 0.8 0.86 0.90125 0.8716666658653847
1725 0.90125 0.7516666658653846 0.92625 0.7916666658653846 0.92625 0.9566666658653846 0.9375 0.9600000000000001 0.9425 0.8133333341346154 0.9937499999999999 0.8066666658653846 0.9937499999999999 0.73 0.895 0.7333333341346153 0.90125 0.7516666658653846
491 0.6537499999999999 0.4766666658653846 0.59875 0.4833333341346154 0.6024999999999999 0.5616666658653846 0.65625 0.5583333341346154 0.6537499999999999 0.5166666658653847 0.6537499999999999 0.4766666658653846
1885 0.64625 0.08166666586538461 0.0037500000000000003 0.005 0.0037500000000000003 0.08833333413461539 0.0037500000000000003 0.8683333341346154 0.66125 0.7233333341346154 0.64625 0.08166666586538461
1885 0.65625 0.7266666658653846 0.9287500000000001 0.9116666658653846 0.9287500000000001 0.46166666586538463 0.93625 0.060000000000000005 0.7412500000000001 0.05 0.6487499999999999 0.08499999999999999 0.65625 0.7266666658653846
1885 0.98875 0.008333334134615384 0.9375 0.008333334134615384 0.93375 0.9166666658653846 0.9937499999999999 0.9149999999999999 0.98875 0.008333334134615384
792 0.9312499999999999 0.9166666658653846 0.65625 0.7333333341346153 0.00125 0.8683333341346154 0.00125 0.995 0.16624999999999998 0.995 0.9937499999999999 0.9916666658653847 0.9912500000000001 0.92 0.9312499999999999 0.9166666658653846