207 0.9818688990384616 0.6319702596153847 0.9790794975961539 0.5371747211538461 0.9790794975961539 0.46654275 0.9470013942307692 0.4423791826923077 0.9232914927884616 0.43308550240384613 0.8758716875 0.42193308653846157 0.7810320769230769 0.39962825240384614 0.7154811706730769 0.3810408918269231 0.6359832644230768 0.3903345721153846 0.598326360576923 0.39219330769230765 0.5801952572115385 0.3977695168269231 0.5146443509615385 0.48513011057692307 0.47977684855769226 0.5278810408653846 0.4295676418269231 0.5855018581730769 0.40027893990384616 0.6115241634615385 0.3556485360576923 0.6672862451923076 0.3193863317307692 0.6988847572115385 0.2887029278846154 0.7509293677884615 0.25941422596153846 0.7806691442307692 0.20502092067307692 0.8364312259615385 0.17433751682692306 0.8736059471153846 0.15202231490384616 0.9312267668269231 0.15202231490384616 0.9962825288461539 0.9651324975961538 0.9981412644230769 0.970711298076923 0.7695167283653847 0.9818688990384616 0.6319702596153847
208 0.18410041826923076 0.28624535336538465 0.004184100961538461 0.39591078124999995 0.0069735 0.947955389423077 0.03765690384615385 0.9516728629807693 0.061366805288461536 0.9591078076923077 0.08507670913461539 0.9368029735576923 0.14644351442307693 0.8698884759615384 0.18828451923076922 0.8364312259615385 0.22873082211538462 0.7788104086538462 0.24965132451923078 0.7676579927884616 0.2649930264423077 0.726765798076923 0.29986052884615383 0.6988847572115385 0.3389121346153846 0.6524163557692308 0.36680613701923076 0.6115241634615385 0.3988842403846154 0.5892193317307692 0.4086471418269231 0.5613382908653846 0.4351464447115384 0.5501858725961538 0.45327754567307693 0.5315985120192308 0.46582984615384615 0.5278810408653846 0.4741980480769231 0.5260223052884615 0.47280334615384617 0.5092936802884616 0.4811715480769231 0.49070631971153844 0.4853556490384615 0.45724906971153845 0.4811715480769231 0.4089219326923077 0.45327754567307693 0.3680297403846154 0.4156206418269231 0.34200743509615383 0.18410041826923076 0.28624535336538465
570 0.21896792307692306 0.28252788221153846 0.20502092067307692 0.3066914495192308 0.19804742067307693 0.3327137548076923 0.1729428173076923 0.37918215625 0.2092050216346154 0.38847583653846157 0.24825662499999998 0.3903345721153846 0.2789400288461538 0.41078066826923076 0.2817294278846154 0.37918215625 0.29428172836538463 0.31970260336538464 0.3124128317307692 0.2899628245192308 0.2663877259615385 0.2973977692307692 0.24825662499999998 0.27881040865384615 0.21896792307692306 0.28252788221153846
570 0.3319386322115384 0.41078066826923076 0.3626220360576923 0.4014869879807692 0.4086471418269231 0.39591078124999995 0.4086471418269231 0.3605947956730769 0.4128312403846154 0.34014869951923077 0.40585774038461536 0.32713754567307696 0.3347280336538461 0.3178438653846154 0.30962343028846157 0.31226765865384615 0.29288702884615386 0.3494423798076923 0.27754532692307693 0.4014869879807692 0.2789400288461538 0.4163568774038462 0.3319386322115384 0.41078066826923076
570 0.7629009759615385 0.5464684014423077 0.8228730817307692 0.5594795528846154 0.8744769879807692 0.5501858725961538 0.8856345889423077 0.5223048317307692 0.8940027884615385 0.4795539038461539 0.8898186899038462 0.4460966538461539 0.8856345889423077 0.42565055769230764 0.7768479783653847 0.4089219326923077 0.7531380745192308 0.4200743485576923 0.7391910745192308 0.46840148798076925 0.7238493725961538 0.518587360576923 0.7294281730769231 0.5390334567307693 0.7629009759615385 0.5464684014423077
570 0.6234309615384616 0.5278810408653846 0.6499302644230769 0.5483271370192307 0.6931659687499999 0.5501858725961538 0.7182705721153847 0.5167286249999999 0.7364016730769231 0.46840148798076925 0.7461645745192308 0.42750929326923076 0.7405857740384616 0.39962825240384614 0.7057182716346154 0.39962825240384614 0.6555090649038462 0.3903345721153846 0.6471408653846153 0.3828996274038462 0.6164574615384615 0.4163568774038462 0.598326360576923 0.4498141274038462 0.5606694567307693 0.46654275 0.5662482572115385 0.4925650552884615 0.6234309615384616 0.5278810408653846
1039 0.9651324975961538 0.45167286298076925 0.9986053004807692 0.21003717548076925 0.9986053004807692 0 0.4504881442307692 0.0018587355769230768 0.4504881442307692 0.3550185865384616 0.47280334615384617 0.3754646850961538 0.48256624759615385 0.39591078124999995 0.5634588557692308 0.39962825240384614 0.5941422596153847 0.3903345721153846 0.6652719663461538 0.3866171009615385 0.7126917716346154 0.3810408918269231 0.94142259375 0.4368029735576923 0.9651324975961538 0.45167286298076925
564 0.7433751754807693 0.3011152427884615 0.7656903774038462 0.21561338221153845 0.7782426778846154 0.13568773317307692 0.7907949783653846 0.03903345673076923 0.7921896802884615 0.0018587355769230768 0.5829846586538461 0.0018587355769230768 0.5815899591346153 0.055762081730769235 0.5885634591346154 0.1319702596153846 0.5871687596153846 0.2118959110576923 0.5899581586538462 0.26951672836538465 0.5899581586538462 0.3178438653846154 0.5871687596153846 0.3903345721153846 0.6039051610576923 0.3810408918269231 0.6276150625000001 0.3866171009615385 0.6569037668269231 0.3866171009615385 0.6987447692307692 0.3717472115384615 0.7210599711538461 0.36617100480769227 0.7294281730769231 0.34572490625 0.7433751754807693 0.3011152427884615
1885 0.17433751682692306 0.38847583653846157 0.4518828461538461 0.42193308653846157 0.44769874519230773 0 0.16736401682692306 0.0018587355769230768 0.17433751682692306 0.38847583653846157
1885 0.002789401442307692 0 0.0069735 0.5371747211538461 0.17433751682692306 0.38847583653846157 0.16736401682692306 0 0.002789401442307692 0
1885 0.9637377956730769 0.46096654326923076 0.9609483966346153 0.9962825288461539 0.9986053004807692 0.9925650552884615 0.9986053004807692 0.21747211778846154 0.9637377956730769 0.46096654326923076
792 0.45327754567307693 0.42565055769230764 0.1729428173076923 0.3866171009615385 0.013947002403846154 0.5390334567307693 0.002789401442307692 0.9925650552884615 0.9581589951923076 0.9925650552884615 0.9581589951923076 0.4925650552884615 0.4616457451923077 0.3754646850961538 0.45327754567307693 0.42565055769230764