1885 0.7433333341346154 0 0.23333333413461538 0.0044444447115384615 0.23333333413461538 0.6844444447115384 0.7033333341346153 0.8133333341346154 0.7433333341346154 0
1885 0.0033333341346153847 0 0.006666665865384615 0.7022222211538461 0.22666666586538461 0.688888889423077 0.23333333413461538 0 0.0033333341346153847 0
1885 0.8733333341346154 0 0.8566666658653846 0.8133333341346154 0.9933333341346154 0.991111110576923 0.9933333341346154 0 0.8733333341346154 0
1885 0.7466666658653847 0 0.7133333341346154 0.8088888894230769 0.8566666658653846 0.8044444447115384 0.8666666658653847 0 0.7833333341346154 0 0.7466666658653847 0
792 0.24000000000000002 0.6977777788461539 0.0033333341346153847 0.7022222211538461 0.0033333341346153847 0.991111110576923 0.7966666658653847 0.9866666658653845 0.99 0.991111110576923 0.8566666658653846 0.8044444447115384 0.7066666658653846 0.8088888894230769 0.24000000000000002 0.6977777788461539
1120 0.48000000000000004 0.013333334134615385 0.47333333413461537 0.5777777788461539 0.56 0.5955555552884616 0.5733333341346154 0.013333334134615385 0.48000000000000004 0.013333334134615385
1523 0.99 0.76 0.9266666658653846 0.7644444447115385 0.7866666658653846 0.6533333341346155 0.7566666658653846 0.6666666658653846 0.75 0.8355555552884616 0.91 0.991111110576923 0.99 0.991111110576923 0.99 0.76
1743 0.88 0.5511111105769231 0.99 0.5377777788461539 0.9866666658653845 0.48000000000000004 0.9566666658653846 0.41777777884615386 0.8733333341346154 0.39555555528846154 0.7733333341346154 0.40444444471153845 0.77 0.6444444447115385 0.86 0.72 0.88 0.5511111105769231
1156 0.97 0.5422222211538462 0.8733333341346154 0.5511111105769231 0.8666666658653847 0.7111111105769231 0.9333333341346154 0.751111110576923 0.9933333341346154 0.7644444447115385 0.99 0.5377777788461539 0.97 0.5422222211538462
1876 0.6866666658653846 0.7466666658653847 0.6900000000000001 0.6666666658653846 0.67 0.631111110576923 0.6366666658653847 0.608888889423077 0.6 0.6266666658653846 0.6233333341346154 0.608888889423077 0.6433333341346154 0.6044444447115385 0.6633333341346154 0.608888889423077 0.6733333341346154 0.6177777788461539 0.67 0.5911111105769231 0.66 0.5777777788461539 0.6366666658653847 0.5688888894230769 0.6166666658653847 0.5733333341346154 0.5933333341346153 0.5866666658653846 0.5833333341346154 0.6044444447115385 0.5766666658653846 0.64 0.5666666658653846 0.6977777788461539 0.56 0.7555555552884615 0.6733333341346154 0.8222222211538461 0.6799999999999999 0.8 0.6866666658653846 0.7466666658653847
207 0.24000000000000002 0.5866666658653846 0.18 0.5733333341346154 0.11666666586538461 0.5688888894230769 0.03666666586538461 0.56 0.0033333341346153847 0.5377777788461539 0.01 0.991111110576923 0.3666666658653846 0.9777777788461539 0.51 0.88 0.5033333341346153 0.9822222211538462 0.5466666658653846 0.9866666658653845 0.5533333341346154 0.8488888894230769 0.58 0.8844444447115385 0.58 0.8444444447115385 0.5733333341346154 0.777777778846154 0.5533333341346154 0.7244444447115386 0.4933333341346154 0.6577777788461538 0.42 0.6133333341346154 0.36 0.5955555552884616 0.3033333341346154 0.5955555552884616 0.24000000000000002 0.5866666658653846