1314 0.23875 0.005628516826923077 0.23125 0.18011256971153847 0.39 0.16510318990384618 0.3975 0.001876173076923077 0.23875 0.005628516826923077
1038 0.9937499999999999 0.5515947475961538 0.99875 0.5666041274038461 0.99875 0.005628516826923077 0.705 0.001876173076923077 0.705 0.4746716706730769 0.9937499999999999 0.5515947475961538
1120 0.66625 0.47842401442307697 0.6925 0.4746716706730769 0.64 0.09943714903846154 0.59875 0.10318949278846154 0.635 0.4277673557692308 0.66625 0.47842401442307697
208 0.31375000000000003 0.9043151971153847 0.305 0.9812382740384616 0.92125 0.9774859278846153 0.9675 0.8986866802884615 0.9937499999999999 0.8499061923076923 0.99875 0.8217636033653846 0.99875 0.5816135096153846 0.98875 0.5590994375 0.7175 0.47091932451923074 0.68375 0.4746716706730769 0.645 0.4502814254807692 0.625 0.40900562740384616 0.61 0.38086303846153846 0.60375 0.3883677307692308 0.5575 0.36960600480769235 0.51875 0.33771106971153847 0.50125 0.3470919326923077 0.49375 0.30393996153846153 0.07875 0.4033771105769231 0.08875000000000001 0.46153846153846156 0.08625000000000001 0.5272045024038461 0.1275 0.5553470913461539 0.1275 0.7335834903846153 0.17124999999999999 0.7842401490384615 0.2725 0.8649155721153845 0.31375000000000003 0.9043151971153847
1331 0.15875 0.5159474663461538 0.2 0.5553470913461539 0.23 0.5947467163461538 0.29250000000000004 0.5666041274038461 0.2725 0.5159474663461538 0.23374999999999999 0.4671669783653846 0.14250000000000002 0.5084427764423076 0.15875 0.5159474663461538
1331 0.43125 0.43902438942307687 0.4475 0.47091932451923074 0.48625 0.46153846153846156 0.43624999999999997 0.40900562740384616 0.42375 0.39587242067307693 0.40125 0.4033771105769231 0.41874999999999996 0.43902438942307687 0.43125 0.43902438942307687
570 0.59875 0.38086303846153846 0.5225000000000001 0.34146341346153847 0.41125 0.3883677307692308 0.5475 0.5159474663461538 0.58375 0.49718574038461544 0.5525 0.40900562740384616 0.59875 0.38086303846153846
570 0.59875 0.3733583485576923 0.59125 0.4033771105769231 0.56 0.41651031971153846 0.6174999999999999 0.5159474663461538 0.6637500000000001 0.4896810504807692 0.59875 0.3733583485576923
570 0.25875 0.48217636057692304 0.27749999999999997 0.5272045024038461 0.305 0.5703564735576923 0.33125000000000004 0.6285178245192308 0.375 0.5984990625 0.375 0.5891181995192307 0.365 0.5515947475961538 0.33375 0.4671669783653846 0.3725 0.47091932451923074 0.3975 0.46153846153846156 0.41874999999999996 0.4427767355769231 0.375 0.36960600480769235 0.215 0.4352720456730769 0.23625000000000002 0.46529080769230774 0.25875 0.48217636057692304
570 0.4475 0.6060037524038462 0.455 0.5947467163461538 0.51125 0.5853658533653846 0.48124999999999996 0.5234521586538462 0.455 0.4859287043269231 0.42624999999999996 0.4427767355769231 0.39875 0.46153846153846156 0.3575 0.4671669783653846 0.33875 0.47091932451923074 0.36250000000000004 0.5478424014423077 0.3825 0.5928705432692307 0.39 0.6322701682692308 0.40625 0.636022514423077 0.4475 0.6060037524038462
1169 0.07125000000000001 0.5272045024038461 0.00625 0.5515947475961538 0.00625 0.8911819879807692 0.11750000000000001 0.8330206370192308 0.12000000000000001 0.8461538461538461 0.1325 0.8424015 0.13 0.5553470913461539 0.07125000000000001 0.5272045024038461
1027 0.06625 0.39962476442307693 0.07625 0.3883677307692308 0.0525 0.29268292788461536 0.00875 0.30393996153846153 0.00625 0.40900562740384616 0.030000000000000002 0.4127579735576923 0.030000000000000002 0.5290806754807693 0.01625 0.5478424014423077 0.01625 0.56285178125 0.04 0.56285178125 0.0625 0.5553470913461539 0.055 0.5290806754807693 0.0325 0.5196998125 0.035 0.40525328365384616 0.0475 0.40525328365384616 0.06625 0.39962476442307693
1027 0.5712499999999999 0.35834896875 0.57375 0.28517823557692307 0.59875 0.28517823557692307 0.59125 0.2176360216346154 0.56 0.2176360216346154 0.5425 0.27954971875 0.56625 0.28517823557692307 0.5712499999999999 0.35834896875
1885 0.6224999999999999 0.5084427764423076 0.7 0.5272045024038461 0.7025 0.009380862980769232 0.635 0.001876173076923077 0.6125 0.5121951225961539 0.6224999999999999 0.5084427764423076
1885 0.01375 0.7523452163461539 0.61 0.5159474663461538 0.635 0.001876173076923077 0.00625 0.005628516826923077 0.01375 0.7523452163461539
792 0.7025 0.5328330216346153 0.61 0.5084427764423076 0.01375 0.7598499062499999 0.00625 0.9962476538461539 0.99875 0.9924953100961538 0.99875 0.6210131322115384 0.7025 0.5328330216346153