1314 0.4633333341346154 0 0.4666666658653846 0.14666666586538463 0.5733333341346154 0.14666666586538463 0.5766666658653846 0 0.4633333341346154 0
1315 0.2566666658653846 0 0.26 0.06666666586538461 0.3666666658653846 0.06666666586538461 0.3666666658653846 0 0.2566666658653846 0
1603 0.060000000000000005 0.8933333341346154 0.07333333413461539 0.888888889423077 0.08 0.8755555552884615 0.0766666658653846 0.8577777788461538 0.09 0.8488888894230769 0.1 0.8266666658653846 0.8833333341346153 0.8222222211538461 0.8866666658653847 0.8577777788461538 0.8999999999999999 0.8933333341346154 0.9133333341346154 0.8844444447115385 0.8999999999999999 0.8488888894230769 0.92 0.8266666658653846 0.9133333341346154 0.8088888894230769 0.92 0.777777778846154 0.9299999999999999 0.7422222211538462 0.9433333341346154 0.6977777788461539 0.9400000000000001 0.6488888894230769 0.9366666658653846 0.6044444447115385 0.9466666658653846 0.5822222211538461 0.9566666658653846 0.5733333341346154 0.9633333341346154 0.5866666658653846 0.9733333341346154 0.5733333341346154 0.9833333341346153 0.5466666658653846 0.9833333341346153 0.52 0.9666666658653846 0.5022222211538462 0.9133333341346154 0.45777777884615384 0.8500000000000001 0.39555555528846154 0.8566666658653846 0.3733333341346154 0.8533333341346154 0.35555555528846156 0.8333333341346154 0.34666666586538464 0.8033333341346154 0.35111111057692307 0.78 0.34666666586538464 0.75 0.33333333413461536 0.6266666658653846 0.3288888894230769 0.4366666658653846 0.32444444471153844 0.18666666586538463 0.32 0.1566666658653846 0.33777777884615384 0.13666666586538462 0.33777777884615384 0.11666666586538461 0.34222222115384615 0.13 0.36 0.1266666658653846 0.3866666658653846 0.0033333341346153847 0.4755555552884615 0.0033333341346153847 0.5377777788461539 0.01 0.5555555552884616 0.026666665865384614 0.5511111105769231 0.030000000000000002 0.5377777788461539 0.04333333413461538 0.5466666658653846 0.053333334134615384 0.6044444447115385 0.04666666586538462 0.6444444447115385 0.03666666586538461 0.6933333341346154 0.03666666586538461 0.7377777788461538 0.056666665865384616 0.7822222211538462 0.053333334134615384 0.8311111105769231 0.06333333413461538 0.8577777788461538 0.060000000000000005 0.8933333341346154
570 0.23333333413461538 0.4222222211538461 0.2 0.32444444471153844 0.1533333341346154 0.3688888894230769 0.08333333413461538 0.3866666658653846 0.08666666586538462 0.41333333413461537 0.12000000000000001 0.48444444471153847 0.16999999999999998 0.608888889423077 0.2833333341346154 0.5377777788461539 0.2633333341346154 0.4977777788461539 0.23333333413461538 0.4222222211538461
570 0.7899999999999999 0.6444444447115385 0.8 0.64 0.8266666658653846 0.5733333341346154 0.8766666658653846 0.5022222211538462 0.92 0.4533333341346154 0.8433333341346153 0.3911111105769231 0.7866666658653846 0.41777777884615386 0.7333333341346153 0.4666666658653846 0.6799999999999999 0.5333333341346154 0.7266666658653846 0.5733333341346154 0.77 0.631111110576923 0.7899999999999999 0.6444444447115385
1944 0.9233333341346154 0.4533333341346154 0.99 0.4755555552884615 0.9933333341346154 0.0044444447115384615 0.9666666658653846 0 0.9233333341346154 0.4533333341346154
1711 0.99 0.5866666658653846 0.97 0.5911111105769231 0.9466666658653846 0.6177777788461539 0.95 0.64 0.9633333341346154 0.6622222211538461 0.9400000000000001 0.8488888894230769 0.9733333341346154 0.6622222211538461 0.9933333341346154 0.6666666658653846 0.99 0.5866666658653846
1029 0.03666666586538461 0.13777777884615386 0.0033333341346153847 0.08 0.0033333341346153847 0.14666666586538463 0.03666666586538461 0.13777777884615386
385 0.99 0.9333333341346154 0.25 0.9022222211538462 0.21 0.9955555552884616 0.9933333341346154 0.991111110576923 0.99 0.9333333341346154
1885 0.0033333341346153847 0 0.0033333341346153847 0.5866666658653846 0.9933333341346154 0.5866666658653846 0.9933333341346154 0 0.0033333341346153847 0
792 0.0033333341346153847 0.5866666658653846 0.0033333341346153847 0.9955555552884616 0.99 0.9955555552884616 0.99 0.5955555552884616 0.0033333341346153847 0.5866666658653846