1885 0.006666665865384615 0 0.01 0.728888889423077 0.2933333341346154 0.7111111105769231 0.2633333341346154 0 0.006666665865384615 0
1885 0.8200000000000001 0.7955555552884616 0.8999999999999999 0.6266666658653846 0.8933333341346154 0.0044444447115384615 0.8366666658653846 0 0.8200000000000001 0.7955555552884616
1184 0.8966666658653846 0.0044444447115384615 0.8999999999999999 0.6444444447115385 0.9966666658653847 0.631111110576923 0.9966666658653847 0 0.8966666658653846 0.0044444447115384615
1885 0.5966666658653846 0 0.6 0.76 0.8099999999999999 0.8 0.83 0 0.5966666658653846 0
1885 0.4466666658653846 0 0.4666666658653846 0.7688888894230769 0.6 0.7644444447115385 0.5933333341346153 0 0.4466666658653846 0
1885 0.4466666658653846 0 0.2666666658653846 0.0044444447115384615 0.2866666658653846 0.7155555552884615 0.4466666658653846 0.7555555552884615 0.4466666658653846 0
283 0.6933333341346154 0.8311111105769231 0.7166666658653846 0.8 0.73 0.3688888894230769 0.5433333341346154 0.34666666586538464 0.46 0.3822222211538462 0.4566666658653846 0.7644444447115385 0.6933333341346154 0.8311111105769231
1311 0.6766666658653846 0.3822222211538462 0.7133333341346154 0.39555555528846154 0.73 0.3155555552884615 0.6966666658653846 0.29777777884615386 0.6799999999999999 0.32 0.6766666658653846 0.3822222211538462
279 0.59 0.43555555528846157 0.5866666658653846 0.5244444447115385 0.6766666658653846 0.5288888894230769 0.6866666658653846 0.43555555528846157 0.59 0.43555555528846157
279 0.5766666658653846 0.52 0.5866666658653846 0.4311111105769231 0.5666666658653846 0.4311111105769231 0.47333333413461537 0.4311111105769231 0.47000000000000003 0.5022222211538462 0.5766666658653846 0.52
279 0.6366666658653847 0.6577777788461538 0.6900000000000001 0.6622222211538461 0.6900000000000001 0.56 0.6333333341346153 0.5688888894230769 0.6366666658653847 0.6577777788461538
279 0.55 0.6488888894230769 0.6233333341346154 0.6488888894230769 0.6133333341346154 0.5688888894230769 0.5433333341346154 0.5644444447115384 0.55 0.6488888894230769
279 0.4666666658653846 0.6444444447115385 0.5399999999999999 0.6488888894230769 0.5399999999999999 0.5644444447115384 0.47333333413461537 0.56 0.4666666658653846 0.6444444447115385
279 0.4833333341346154 0.7733333341346154 0.6833333341346154 0.8 0.6766666658653846 0.6933333341346154 0.51 0.6666666658653846 0.4833333341346154 0.6933333341346154 0.4833333341346154 0.7733333341346154
1833 0.41000000000000003 0.2933333341346154 0.41000000000000003 0.17333333413461538 0.41000000000000003 0.03555555528846154 0.31 0.04 0.31 0.41777777884615386 0.33333333413461536 0.4444444447115385 0.35 0.4 0.34666666586538464 0.33333333413461536 0.35666666586538465 0.18222222115384618 0.3666666658653846 0.2711111105769231 0.3733333341346154 0.3911111105769231 0.3766666658653846 0.4488888894230769 0.42 0.44 0.41666666586538464 0.35111111057692307 0.41000000000000003 0.2933333341346154
1120 0.016666665865384615 0.52 0.12000000000000001 0.4755555552884615 0.10333333413461537 0.1288888894230769 0.013333334134615385 0.12000000000000001 0.02 0.4311111105769231 0.016666665865384615 0.52
208 0.01 0.56 0.013333334134615385 0.991111110576923 0.26999999999999996 0.9688888894230769 0.2666666658653846 0.8444444447115385 0.28 0.84 0.2966666658653846 0.8222222211538461 0.27666666586538463 0.7333333341346153 0.23 0.64 0.19 0.5955555552884616 0.1266666658653846 0.5733333341346154 0.1 0.56 0.05 0.5511111105769231 0.01 0.56
1711 0.9966666658653847 0.9955555552884616 0.9966666658653847 0.6355555552884616 0.9466666658653846 0.631111110576923 0.9133333341346154 0.991111110576923 0.9966666658653847 0.9955555552884616
792 0.2833333341346154 0.7022222211538461 0.013333334134615385 0.728888889423077 0.006666665865384615 0.991111110576923 0.34333333413461536 0.9955555552884616 0.9933333341346154 0.9955555552884616 0.9933333341346154 0.631111110576923 0.8999999999999999 0.6444444447115385 0.8133333341346154 0.8 0.6033333341346154 0.76 0.44999999999999996 0.76 0.2833333341346154 0.7022222211538461
854 0.22333333413461537 0.5688888894230769 0.22333333413461537 0.5377777788461539 0.16999999999999998 0.5377777788461539 0.16 0.4666666658653846 0.10666666586538462 0.4666666658653846 0.09666666586538461 0.32444444471153844 0.04333333413461538 0.32444444471153844 0.05 0.5022222211538462 0.03666666586538461 0.5066666658653847 0.02 0.5244444447115385 0.023333334134615382 0.5511111105769231 0.06666666586538461 0.5466666658653846 0.11333333413461538 0.56 0.1533333341346154 0.5733333341346154 0.19666666586538462 0.608888889423077 0.2566666658653846 0.6799999999999999 0.2466666658653846 0.56 0.22333333413461537 0.5688888894230769
180 0.7433333341346154 0.8133333341346154 0.77 0.8133333341346154 0.78 0.8088888894230769 0.7899999999999999 0.6844444447115384 0.7433333341346154 0.6577777788461538 0.7333333341346153 0.6666666658653846 0.72 0.688888889423077 0.7233333341346154 0.8088888894230769 0.7433333341346154 0.8133333341346154