1314 0.6875 0 0.6796875 0.13235294230769232 0.7890625 0.12058823557692308 0.796875 0 0.6875 0
1315 0.828125 0 0.8203125 0.11176470673076923 0.970703125 0.10588235336538461 0.974609375 0 0.828125 0
1168 0.548828125 0.4441176466346154 0.498046875 0.4147058822115385 0.41796875 0.43529411778846155 0.416015625 0.4470588245192308 0.427734375 0.44999999999999996 0.42578125 0.5411764711538462 0.486328125 0.5147058822115385 0.517578125 0.4911764711538461 0.548828125 0.4441176466346154
1027 0.490234375 0.44999999999999996 0.515625 0.45882352884615385 0.515625 0.43529411778846155 0.51171875 0.38529411778846157 0.509765625 0.3176470576923077 0.509765625 0.29705882451923077 0.525390625 0.28529411778846153 0.556640625 0.2676470576923077 0.537109375 0.23529411778846152 0.52734375 0.20294117548076923 0.51953125 0.16764705769230767 0.484375 0.16764705769230767 0.4765625 0.20294117548076923 0.458984375 0.24705882451923078 0.4453125 0.2735294110576923 0.45703125 0.2823529423076923 0.486328125 0.28529411778846153 0.5 0.28529411778846153 0.490234375 0.3 0.48828125 0.3176470576923077 0.484375 0.3558823533653846 0.486328125 0.4147058822115385 0.478515625 0.4441176466346154 0.490234375 0.44999999999999996
466 0.05859375 0 0.12109375 0.6029411754807692 0.17578125 0.6352941177884616 0.421875 0.5411764711538462 0.408203125 0 0.05859375 0
1885 0.486328125 0.002941175480769231 0.005859375 0.002941175480769231 0.001953125 0.7647058822115385 0.056640625 0.7441176466346153 0.46875 0.5823529423076923 0.486328125 0.002941175480769231
208 0.9609375 1 0.990234375 0.9352941177884616 0.990234375 0.2323529423076923 0.587890625 0.2176470576923077 0.595703125 0.2323529423076923 0.607421875 0.4176470576923077 0.580078125 0.4088235288461538 0.498046875 0.5117647067307692 0.189453125 0.6441176466346155 0.041015625 0.5235294110576922 0.009765625 0.5441176466346154 0.01953125 0.5823529423076923 0.046875 1 0.9609375 1
1329 0.734375 0.4470588245192308 0.716796875 0.4823529423076923 0.658203125 0.5705882355769231 0.650390625 0.5941176466346154 0.796875 0.6470588245192308 0.900390625 0.6852941177884616 0.9609375 0.4941176466346154 0.876953125 0.4911764711538461 0.748046875 0.4441176466346154 0.734375 0.4470588245192308
1329 0.705078125 0.4823529423076923 0.720703125 0.4441176466346154 0.716796875 0.42352941105769226 0.568359375 0.4088235288461538 0.498046875 0.5117647067307692 0.521484375 0.5352941177884616 0.650390625 0.5852941177884615 0.677734375 0.5264705889423077 0.705078125 0.4823529423076923
1885 0.994140625 0 0.490234375 0.002941175480769231 0.474609375 0.5941176466346154 0.994140625 0.8911764711538462 0.994140625 0
792 0.990234375 1 0.990234375 0.8970588245192308 0.474609375 0.5852941177884615 0.001953125 0.7705882355769231 0.005859375 1 0.990234375 1