655 0.1833333341346154 0.9933333341346154 0.008333334134615384 0.0033333341346153847 0.0041666658653846155 0 0.0041666658653846155 0.9933333341346154 0.1833333341346154 0.9933333341346154
1885 0.125 0.56 0.15 0.4766666658653846 0.054166665865384614 0.0033333341346153847 0.0041666658653846155 0.0033333341346153847 0.1333333341346154 0.67 0.125 0.56
1885 0.11249999999999999 0 0.054166665865384614 0.0033333341346153847 0.1541666658653846 0.47000000000000003 0.5166666658653847 0.43 0.6499999999999999 0.42 0.675 0 0.11249999999999999 0
195 0.12083333413461537 0.5466666658653846 0.14583333413461538 0.6633333341346154 0.17083333413461538 0.6633333341346154 0.525 0.63 0.5208333341346154 0.4333333341346154 0.16249999999999998 0.47000000000000003 0.12083333413461537 0.5466666658653846
1885 0.8291666658653847 0.8966666658653846 0.9291666658653847 0 0.6833333341346154 0.0033333341346153847 0.6666666658653846 0.6233333341346154 0.6666666658653846 0.6933333341346154 0.8291666658653847 0.8966666658653846
1905 0.6333333341346153 0.8033333341346154 0.6375 0.8266666658653846 0.7833333341346154 0.8266666658653846 0.825 0.52 0.8291666658653847 0.4633333341346154 0.7583333341346153 0.41333333413461537 0.5291666658653846 0.4333333341346154 0.5208333341346154 0.6566666658653847 0.6041666658653846 0.8099999999999999 0.6333333341346153 0.8033333341346154
757 0.7708333341346154 0.4433333341346154 0.7708333341346154 0.44999999999999996 0.7833333341346154 0.44999999999999996 0.7833333341346154 0.4433333341346154 0.8 0.4433333341346154 0.7958333341346153 0.46 0.8125 0.46 0.8166666658653846 0.4466666658653846 0.825 0.44 0.8083333341346154 0.41666666586538464 0.8083333341346154 0.4366666658653846 0.7666666658653847 0.43 0.7708333341346154 0.4433333341346154
1469 0.16249999999999998 0.74 0.1541666658653846 0.7766666658653846 0.5208333341346154 0.7533333341346153 0.5 0.67 0.1791666658653846 0.6900000000000001 0.1833333341346154 0.73 0.16249999999999998 0.74
1927 0.5083333341346153 0.9400000000000001 0.5041666658653846 0.9666666658653846 0.5083333341346153 0.9866666658653845 0.5166666658653847 0.9966666658653847 0.825 0.9966666658653847 0.8291666658653847 0.9766666658653846 0.8374999999999999 0.95 0.825 0.9266666658653846 0.8125 0.9066666658653847 0.8 0.8966666658653846 0.7541666658653846 0.8833333341346153 0.6833333341346154 0.8766666658653846 0.5958333341346154 0.89 0.5333333341346154 0.9166666658653846 0.5083333341346153 0.9400000000000001
792 0.5166666658653847 0.6333333341346153 0.1541666658653846 0.66 0.1333333341346154 0.6733333341346154 0.1791666658653846 0.9933333341346154 0.20833333413461538 0.99 0.8291666658653847 0.9966666658653847 0.8374999999999999 0.8966666658653846 0.5166666658653847 0.6333333341346153
466 0.7208333341346154 0 0.7124999999999999 0.18666666586538463 0.7791666658653846 0.2033333341346154 0.8416666658653846 0.19666666586538462 0.8666666658653847 0.0033333341346153847 0.8041666658653847 0 0.7208333341346154 0