559 0.99875 0.3283333341346154 0.99875 0.0016666658653846154 0.83875 0.0016666658653846154 0.8075 0.2966666658653846 0.99875 0.3283333341346154
559 0.8212499999999999 0.095 0.83125 0.0016666658653846154 0.08375 0.005 0.07625 0.195 0.24625 0.215 0.2 0.1216666658653846 0.2075 0.07333333413461539 0.73875 0.06333333413461538 0.8212499999999999 0.095
751 0.2 0.1316666658653846 0.24625 0.22166666586538464 0.7562500000000001 0.2833333341346154 0.8049999999999999 0.28 0.8212499999999999 0.10166666586538461 0.73875 0.07 0.21250000000000002 0.07333333413461539 0.2 0.1316666658653846
1672 0.105 0.8816666658653846 0.1075 0.9983333341346154 0.58375 0.9983333341346154 0.77125 0.8099999999999999 0.8025 0.5683333341346154 0.42375 0.445 0.39499999999999996 0.5516666658653846 0.40125 0.5583333341346154 0.3975 0.6166666658653847 0.1275 0.7033333341346153 0.105 0.8266666658653846 0.07875 0.8533333341346154 0.105 0.8816666658653846
851 0.9137500000000001 0.7466666658653847 0.91125 0.7516666658653846 0.9312499999999999 0.7716666658653846 0.92375 0.9083333341346154 0.9312499999999999 0.9533333341346153 0.955 0.9716666658653845 0.9725 0.9916666658653847 0.99875 0.9883333341346153 0.99875 0.72 0.9937499999999999 0.7166666658653846 0.93625 0.7333333341346153 0.92375 0.7433333341346154 0.9137500000000001 0.7466666658653847
575 0.2875 0.48000000000000004 0.29250000000000004 0.5233333341346154 0.28500000000000003 0.535 0.2875 0.6266666658653846 0.34125 0.6333333341346153 0.33625 0.5383333341346154 0.35125 0.5233333341346154 0.37 0.51 0.3825 0.4766666658653846 0.3725 0.455 0.3725 0.4383333341346154 0.35375 0.4216666658653846 0.34875 0.445 0.33875 0.41333333413461537 0.34125 0.3733333341346154 0.2975 0.39333333413461535 0.29250000000000004 0.4216666658653846 0.29 0.41000000000000003 0.29250000000000004 0.3733333341346154 0.275 0.36 0.27125 0.39666666586538457 0.275 0.4183333341346154 0.26375 0.42500000000000004 0.26875 0.455 0.28 0.46833333413461536 0.2875 0.48000000000000004
1239 0.27125 0.3633333341346154 0.26625 0.3383333341346154 0.29250000000000004 0.32499999999999996 0.29 0.28 0.21250000000000002 0.2666666658653846 0.2075 0.2866666658653846 0.2075 0.3216666658653846 0.21250000000000002 0.34500000000000003 0.27125 0.3633333341346154
559 0.11750000000000001 0.7033333341346153 0.1325 0.6933333341346154 0.00625 0.5866666658653846 0.00875 0.995 0.10375 0.9983333341346154 0.10124999999999999 0.875 0.07875 0.8616666658653845 0.07375 0.8500000000000001 0.10375 0.8266666658653846 0.11750000000000001 0.7033333341346153
1977 0.3825 0.62 0.17875 0.5166666658653847 0.1075 0.5316666658653847 0.00625 0.5516666658653846 0.00625 0.5833333341346154 0.13499999999999998 0.6966666658653846 0.3825 0.62
1977 0.99625 0.8983333341346154 0.78 0.8033333341346154 0.59375 0.9983333341346154 0.74875 0.9983333341346154 0.99625 0.9983333341346154 0.99625 0.8983333341346154
1885 0.16125 0.52 0.16125 0.018333334134615385 0.00625 0.0016666658653846154 0.00625 0.5316666658653847 0.16125 0.52
1885 0.16875 0.52 0.99625 0.8916666658653847 0.99875 0.39666666586538457 0.99625 0.011666665865384616 0.16375 0.008333334134615384 0.16875 0.52
890 0.33375 0.8266666658653846 0.33625 0.8366666658653846 0.375 0.8500000000000001 0.39499999999999996 0.8433333341346153 0.39499999999999996 0.8233333341346154 0.5575 0.7433333341346154 0.5712499999999999 0.7433333341346154 0.56 0.7266666658653846 0.46749999999999997 0.6783333341346154 0.26625 0.7483333341346154 0.26625 0.7916666658653846 0.28 0.8066666658653846 0.2975 0.7983333341346154 0.33375 0.8266666658653846