1942 0.30222222115384617 0.01 0.32444444471153844 0.44 0.6444444447115385 0.44 0.6488888894230769 0.016666665865384615 0.30222222115384617 0.01
457 0.2577777788461538 0.7966666658653847 0.28 0.7333333341346153 0.28888888942307694 0.6799999999999999 0.28 0.5133333341346155 0.28444444471153846 0.4833333341346154 0.2666666658653846 0.4433333341346154 0.12000000000000001 0.4433333341346154 0.0044444447115384615 0.5533333341346154 0.0044444447115384615 0.7533333341346153 0.06222222115384615 0.8566666658653846 0.2133333341346154 0.8533333341346154 0.23111111057692307 0.8433333341346153 0.2577777788461538 0.7966666658653847
1927 0.3733333341346154 0.9633333341346154 0.43555555528846157 0.9566666658653846 0.5333333341346154 0.9466666658653846 0.6133333341346154 0.9433333341346154 0.6177777788461539 0.9166666658653846 0.6044444447115385 0.8633333341346153 0.6577777788461538 0.8366666658653846 0.6933333341346154 0.7966666658653847 0.7155555552884615 0.7733333341346154 0.728888889423077 0.7333333341346153 0.7155555552884615 0.7066666658653846 0.6977777788461539 0.6833333341346154 0.6622222211538461 0.6633333341346154 0.6222222211538462 0.6499999999999999 0.5777777788461539 0.64 0.48000000000000004 0.64 0.4311111105769231 0.6499999999999999 0.3777777788461538 0.67 0.34666666586538464 0.6833333341346154 0.32444444471153844 0.6933333341346154 0.2933333341346154 0.6966666658653846 0.28888888942307694 0.7166666658653846 0.28 0.7533333341346153 0.2622222211538462 0.8033333341346154 0.23111111057692307 0.8533333341346154 0.2622222211538462 0.8566666658653846 0.2622222211538462 0.8633333341346153 0.2666666658653846 0.9233333341346154 0.2933333341346154 0.9433333341346154 0.33777777884615384 0.9600000000000001 0.3733333341346154 0.9633333341346154
1782 0.5822222211538461 0.8133333341346154 0.6266666658653846 0.8066666658653846 0.6755555552884616 0.7899999999999999 0.7066666658653846 0.7666666658653847 0.7244444447115386 0.7466666658653847 0.7155555552884615 0.7033333341346153 0.688888889423077 0.6766666658653846 0.6177777788461539 0.6499999999999999 0.5822222211538461 0.64 0.511111110576923 0.64 0.4666666658653846 0.6433333341346154 0.4222222211538461 0.6566666658653847 0.39555555528846154 0.6633333341346154 0.3688888894230769 0.6766666658653846 0.35555555528846156 0.6933333341346154 0.32444444471153844 0.6933333341346154 0.32444444471153844 0.7066666658653846 0.3688888894230769 0.7066666658653846 0.3644444447115385 0.7333333341346153 0.35555555528846156 0.7366666658653845 0.34222222115384615 0.75 0.32444444471153844 0.7533333341346153 0.32 0.77 0.36 0.77 0.4 0.7966666658653847 0.48444444471153847 0.8133333341346154 0.5288888894230769 0.8166666658653846 0.5822222211538461 0.8133333341346154
1778 0.6444444447115385 0.5399999999999999 0.64 0.5633333341346154 0.7244444447115386 0.5666666658653846 0.7155555552884615 0.5399999999999999 0.6444444447115385 0.5399999999999999
1907 0.9822222211538462 0.3766666658653846 0.7866666658653846 0.3733333341346154 0.7155555552884615 0.37 0.6977777788461539 0.44999999999999996 0.7244444447115386 0.44999999999999996 0.7866666658653846 0.4866666658653846 0.991111110576923 0.49 0.991111110576923 0.39333333413461535 0.9822222211538462 0.3766666658653846
757 0.8533333341346154 0.3666666658653846 0.8755555552884615 0.3666666658653846 0.8933333341346154 0.37 0.9066666658653847 0.35666666586538465 0.9066666658653847 0.33999999999999997 0.888888889423077 0.33333333413461536 0.8755555552884615 0.34333333413461536 0.8711111105769231 0.35666666586538465 0.8444444447115385 0.36 0.8355555552884616 0.33999999999999997 0.8222222211538461 0.33 0.8088888894230769 0.34666666586538464 0.8088888894230769 0.3733333341346154 0.8444444447115385 0.37 0.8533333341346154 0.3666666658653846
1338 0.8711111105769231 0.6466666658653846 0.8622222211538462 0.6266666658653846 0.8444444447115385 0.6333333341346153 0.8533333341346154 0.5866666658653846 0.8666666658653847 0.5633333341346154 0.8711111105769231 0.5033333341346153 0.8355555552884616 0.49666666586538466 0.8311111105769231 0.5533333341346154 0.8177777788461539 0.5533333341346154 0.8088888894230769 0.5766666658653846 0.7955555552884616 0.62 0.7911111105769231 0.6766666658653846 0.8311111105769231 0.6900000000000001 0.8755555552884615 0.6766666658653846 0.8755555552884615 0.66 0.8711111105769231 0.6466666658653846
1794 0.16888888942307692 0.26999999999999996 0.16 0.23 0.15111111057692309 0.16 0.1333333341346154 0.07 0.11555555528846154 0.07 0.08888888942307692 0.060000000000000005 0.048888889423076926 0.04666666586538462 0.0044444447115384615 0.013333334134615385 0.0044444447115384615 0.33 0.017777778846153846 0.3266666658653846 0.04444444471153846 0.31 0.08444444471153846 0.3133333341346154 0.09333333413461539 0.3 0.12444444471153847 0.2866666658653846 0.16888888942307692 0.26999999999999996
1885 0.1333333341346154 0 0.14222222115384617 0.06333333413461538 0.23555555528846156 0.74 0.7377777788461538 0.7366666658653845 0.9022222211538462 0.7266666658653846 0.9866666658653845 0.3633333341346154 0.991111110576923 0 0.1333333341346154 0
1885 0.24444444471153848 0.7466666658653847 0.1333333341346154 0.0033333341346153847 0.0044444447115384615 0 0.0044444447115384615 0.9933333341346154 0.12444444471153847 0.9933333341346154 0.24444444471153848 0.7466666658653847
658 0.991111110576923 0.5333333341346154 0.8355555552884616 0.9933333341346154 0.9866666658653845 0.9933333341346154 0.991111110576923 0.5333333341346154
792 0.24000000000000002 0.74 0.1288888894230769 0.9933333341346154 0.6799999999999999 0.9966666658653847 0.8355555552884616 0.9933333341346154 0.9155555552884616 0.7333333341346153 0.9022222211538462 0.7266666658653846 0.24000000000000002 0.74
1885 0.991111110576923 0.5033333341346153 0.991111110576923 0.34666666586538464 0.9022222211538462 0.72 0.92 0.7333333341346153 0.991111110576923 0.5033333341346153