1907 0.6622950817307692 0.58203125 0.7016393437499999 0.568359375 0.6950819663461538 0.552734375 0.6491803269230769 0.544921875 0.5934426225961539 0.533203125 0.5377049182692308 0.53125 0.4918032788461538 0.53125 0.45573770432692307 0.54296875 0.45901639423076923 0.55078125 0.4786885240384615 0.560546875 0.5147540985576924 0.572265625 0.5704918028846154 0.58203125 0.6065573774038462 0.583984375 0.6622950817307692 0.58203125
757 0.69836065625 0.521484375 0.6885245913461537 0.525390625 0.6852459014423077 0.513671875 0.6688524591346153 0.50390625 0.6786885240384616 0.5234375 0.6721311466346154 0.53515625 0.655737704326923 0.513671875 0.655737704326923 0.52734375 0.6327868846153847 0.533203125 0.7147540985576923 0.548828125 0.6950819663461538 0.533203125 0.7213114759615386 0.525390625 0.69836065625 0.521484375
757 0.6163934423076923 0.498046875 0.6163934423076923 0.51171875 0.6262295072115385 0.515625 0.655737704326923 0.501953125 0.6688524591346153 0.50390625 0.6655737716346154 0.501953125 0.6426229519230768 0.494140625 0.6163934423076923 0.498046875
1794 0.50163934375 0.3046875 0.4786885240384615 0.287109375 0.2491803269230769 0.287109375 0.2491803269230769 0.33203125 0.2655737716346154 0.380859375 0.2688524591346154 0.4296875 0.4163934423076923 0.435546875 0.5081967211538462 0.419921875 0.50163934375 0.3046875
1798 0.13114754086538463 0.390625 0.10491803365384615 0.404296875 0.12786885336538462 0.404296875 0.1442622956730769 0.390625 0.13770491826923076 0.37890625 0.08852459134615386 0.37109375 0.12131147596153845 0.390625 0.0032786875 0.39453125 0.13114754086538463 0.390625
1120 0.5934426225961539 0.00390625 0.5868852451923077 0.359375 0.9836065576923076 0.390625 0.9901639350961537 0.001953125 0.5934426225961539 0.00390625
466 0.5540983605769231 0.837890625 0.5868852451923077 0.822265625 0.6295081971153846 0.806640625 0.6819672139423076 0.79296875 0.7639344254807692 0.796875 0.7868852451923077 0.794921875 0.8065573774038461 0.791015625 0.7639344254807692 0.759765625 0.7639344254807692 0.626953125 0.845901639423077 0.60546875 0.8327868846153846 0.5703125 0.5737704927884615 0.509765625 0.36721311538461543 0.54296875 0.3901639350961539 0.7734375 0.4032786875 0.78125 0.4065573774038462 0.80078125 0.5540983605769231 0.884765625 0.5540983605769231 0.86328125 0.5540983605769231 0.837890625
457 0.7704918028846154 0.625 0.7770491802884615 0.65234375 0.7508196730769231 0.646484375 0.7672131153846155 0.65625 0.7606557379807692 0.765625 0.9606557379807692 0.841796875 0.9868852451923077 0.640625 0.845901639423077 0.607421875 0.7704918028846154 0.625
1927 0.9344262283653847 0.96875 0.9147540985576923 0.955078125 0.9213114759615385 0.93359375 0.9344262283653847 0.900390625 0.9540983605769231 0.876953125 0.9606557379807692 0.845703125 0.8131147548076924 0.7890625 0.7967213125 0.796875 0.7737704927884616 0.80078125 0.6655737716346154 0.794921875 0.6196721322115385 0.80859375 0.5606557379807693 0.84375 0.5639344254807692 0.888671875 0.5672131153846154 0.931640625 0.6262295072115385 0.96875 0.655737704326923 0.97265625 0.645901639423077 0.994140625 0.9344262283653847 0.994140625 0.9442622956730768 0.974609375 0.9344262283653847 0.96875
1064 0.34426229567307687 0.859375 0.35737704807692305 0.8515625 0.38032786778846156 0.767578125 0.3737704927884616 0.748046875 0.32786885336538457 0.740234375 0.2885245913461538 0.744140625 0.2688524591346154 0.75 0.2327868846153846 0.765625 0.2655737716346154 0.861328125 0.28196721394230767 0.86328125 0.30819672115384616 0.865234375 0.34426229567307687 0.859375
1885 0.5868852451923077 0.001953125 0.006557377403846154 0 0.0032786875 0.896484375 0.5704918028846154 0.75390625 0.5868852451923077 0.001953125
1885 0.9901639350961537 0.8828125 0.9901639350961537 0.515625 0.9868852451923077 0 0.5934426225961539 0.001953125 0.5704918028846154 0.75390625 0.9901639350961537 0.8828125
792 0.5770491802884615 0.7578125 0.006557377403846154 0.904296875 0.0032786875 0.99609375 0.9901639350961537 0.99609375 0.9868852451923077 0.88671875 0.5770491802884615 0.7578125
314 0.9868852451923077 0.58203125 0.9868852451923077 0.568359375 0.8885245913461539 0.572265625 0.8819672139423077 0.634765625 0.9049180336538462 0.65625 0.9836065576923076 0.65625 0.9868852451923077 0.58203125
909 0.9737704927884615 0.58203125 0.9770491802884614 0.572265625 0.9836065576923076 0.5546875 0.9442622956730768 0.537109375 0.9245901634615384 0.560546875 0.9311475408653845 0.58203125 0.9540983605769231 0.5859375 0.9737704927884615 0.58203125