402 0.01 0 0.006666665865384615 0.20444444471153847 0.3733333341346154 0.13777777884615386 0.5 0 0.01 0
1885 0.5033333341346153 0 0.3766666658653846 0.14222222115384617 0.3866666658653846 0.44 0.3766666658653846 0.64 0.9933333341346154 0.7022222211538461 0.9966666658653847 0 0.5033333341346153 0
1670 0.7166666658653846 0.9333333341346154 0.7899999999999999 0.9466666658653846 0.9466666658653846 0.9866666658653845 0.99 0.6799999999999999 0.9600000000000001 0.5422222211538462 0.9733333341346154 0.43555555528846157 0.75 0.41777777884615386 0.75 0.5377777788461539 0.7266666658653846 0.608888889423077 0.7166666658653846 0.9333333341346154
558 0.72 0.6133333341346154 0.5 0.5955555552884616 0.49666666586538466 0.88 0.7133333341346154 0.9066666658653847 0.72 0.6133333341346154
1885 0.3866666658653846 0.6444444447115385 0.37 0.14222222115384617 0.006666665865384615 0.20888888942307693 0.01 0.991111110576923 0.3866666658653846 0.6444444447115385
792 0.39333333413461535 0.6444444447115385 0.01 0.991111110576923 0.23 0.991111110576923 0.9966666658653847 0.991111110576923 0.9966666658653847 0.7022222211538461 0.39333333413461535 0.6444444447115385
1977 0.40333333413461536 0.48000000000000004 0.006666665865384615 0.9777777788461539 0.24000000000000002 0.9955555552884616 0.2566666658653846 0.9555555552884616 0.5 0.5822222211538461 0.7233333341346154 0.608888889423077 0.7433333341346154 0.5022222211538462 0.40333333413461536 0.48000000000000004
1564 0.2633333341346154 0.728888889423077 0.3633333341346154 0.7466666658653847 0.4366666658653846 0.6222222211538462 0.31 0.5955555552884616 0.23666666586538462 0.7022222211538461 0.2633333341346154 0.728888889423077
757 0.26 0.6266666658653846 0.2533333341346154 0.6177777788461539 0.2666666658653846 0.5644444447115384 0.25 0.5866666658653846 0.24000000000000002 0.6222222211538462 0.25 0.6355555552884616 0.2566666658653846 0.6444444447115385 0.2633333341346154 0.6444444447115385 0.27333333413461536 0.64 0.2933333341346154 0.64 0.2833333341346154 0.6266666658653846 0.27333333413461536 0.631111110576923 0.26 0.6266666658653846
254 0.1 0.8222222211538461 0.12333333413461538 0.84 0.1833333341346154 0.8666666658653847 0.22666666586538461 0.8 0.22333333413461537 0.7866666658653846 0.22666666586538461 0.7466666658653847 0.23 0.7111111105769231 0.22333333413461537 0.6933333341346154 0.2066666658653846 0.6799999999999999 0.17666666586538463 0.6711111105769232 0.16 0.6711111105769232 0.1533333341346154 0.6044444447115385 0.16666666586538462 0.6533333341346155 0.15 0.5866666658653846 0.15 0.5555555552884616 0.14333333413461538 0.5377777788461539 0.13666666586538462 0.5244444447115385 0.10666666586538462 0.5244444447115385 0.08666666586538462 0.5511111105769231 0.09666666586538461 0.6266666658653846 0.10666666586538462 0.7022222211538461 0.10666666586538462 0.72 0.1 0.7377777788461538 0.08333333413461538 0.751111110576923 0.10333333413461537 0.8 0.1 0.8222222211538461
818 0.08 0.777777778846154 0.08 0.7422222211538462 0.0766666658653846 0.6666666658653846 0.03666666586538461 0.6666666658653846 0.016666665865384615 0.6799999999999999 0.013333334134615385 0.6933333341346154 0.026666665865384614 0.7866666658653846 0.02 0.8133333341346154 0.01 0.8488888894230769 0.013333334134615385 0.9288888894230769 0.02 0.9466666658653846 0.07333333413461539 0.9422222211538462 0.09666666586538461 0.9377777788461539 0.12333333413461538 0.9022222211538462 0.1333333341346154 0.8622222211538462 0.11 0.8444444447115385 0.09666666586538461 0.8133333341346154 0.09666666586538461 0.7866666658653846 0.08 0.777777778846154
751 0.99 0.3866666658653846 0.99 0.2133333341346154 0.7433333341346154 0.20888888942307693 0.74 0.3777777788461538 0.99 0.3866666658653846
558 0.7433333341346154 0.2133333341346154 0.99 0.2133333341346154 0.99 0.048888889423076926 0.74 0.05777777884615384 0.7433333341346154 0.2133333341346154
558 0.73 0.3733333341346154 0.74 0.06666666586538461 0.43 0.07555555528846154 0.42666666586538465 0.3644444447115385 0.73 0.3733333341346154
558 0.016666665865384615 0.21777777884615385 0.013333334134615385 0.5911111105769231 0.23333333413461538 0.44 0.2033333341346154 0.18222222115384618 0.016666665865384615 0.21777777884615385
1349 0.27666666586538463 0.3866666658653846 0.28 0.4311111105769231 0.3066666658653846 0.41333333413461537 0.3033333341346154 0.3866666658653846 0.32333333413461535 0.3733333341346154 0.33999999999999997 0.35555555528846156 0.32333333413461535 0.34666666586538464 0.3 0.33333333413461536 0.26999999999999996 0.33333333413461536 0.2566666658653846 0.32444444471153844 0.23 0.32444444471153844 0.23 0.35111111057692307 0.23 0.3777777788461538 0.27666666586538463 0.3866666658653846
558 0.3733333341346154 0.991111110576923 0.42666666586538465 0.9866666658653845 0.4533333341346154 0.9555555552884616 0.5 0.88 0.4933333341346154 0.5955555552884616 0.3666666658653846 0.8 0.3733333341346154 0.991111110576923
719 0.25 0.991111110576923 0.37 0.991111110576923 0.36 0.8 0.27666666586538463 0.9555555552884616 0.25 0.991111110576923
788 0.6366666658653847 0.511111110576923 0.66 0.5155555552884615 0.6633333341346154 0.44 0.6366666658653847 0.44 0.6366666658653847 0.511111110576923
788 0.58 0.4666666658653846 0.58 0.5244444447115385 0.6033333341346154 0.5244444447115385 0.6033333341346154 0.46222222115384615 0.58 0.4666666658653846