1942 0.9680851057692308 0.384765625 0.9964539014423077 0.0390625 0.6524822692307691 0.05859375 0.6418439711538462 0.376953125 0.9680851057692308 0.384765625
564 0.588652483173077 0.05859375 0.5921985817307692 0.07421875 0.59929078125 0.078125 0.5780141850961539 0.20703125 0.6099290769230769 0.19921875 0.6170212764423078 0.185546875 0.6453900721153847 0.1796875 0.6347517740384615 0.16796875 0.6453900721153847 0.154296875 0.6702127668269231 0.14453125 0.7234042548076923 0.130859375 0.7375886514423077 0.13671875 0.7659574471153847 0.1484375 0.7659574471153847 0.15625 0.7943262403846153 0.162109375 0.8014184399038461 0.17578125 0.8297872331730769 0.15234375 0.8439716322115385 0.158203125 0.8758865240384615 0.14453125 0.9148936177884616 0.125 0.9361702139423076 0.115234375 0.9822695024038463 0.109375 0.9929078004807692 0.11328125 0.9964539014423077 0 0.929078014423077 0.001953125 0.8936170216346154 0.009765625 0.8191489350961538 0.021484375 0.7588652475961539 0.025390625 0.7127659567307691 0.03125 0.6773049639423078 0.033203125 0.6631205673076923 0.0390625 0.6312056730769231 0.033203125 0.6028368798076923 0.04296875 0.588652483173077 0.05859375
1314 0.4858156033653846 0.283203125 0.48936170192307693 0.328125 0.5602836875 0.328125 0.5602836875 0.283203125 0.4858156033653846 0.283203125
1929 0.4751773052884615 0.568359375 0.4432624110576923 0.55859375 0.44680850961538465 0.62890625 0.4751773052884615 0.619140625 0.4929078004807692 0.607421875 0.5 0.6015625 0.4929078004807692 0.578125 0.4751773052884615 0.568359375
468 0.8439716322115385 0.736328125 0.9219858149038462 0.73828125 0.9574468076923076 0.4921875 0.8687943269230769 0.529296875 0.8723404254807693 0.548828125 0.8439716322115385 0.736328125
1909 0.7446808509615385 0.5859375 0.7482269495192307 0.609375 0.7624113485576923 0.634765625 0.8262411346153846 0.658203125 0.8617021274038461 0.666015625 0.890070923076923 0.673828125 0.9007092187500001 0.69140625 0.9184397163461538 0.712890625 0.9219858149038462 0.673828125 0.9539007091346154 0.55859375 0.9007092187500001 0.55859375 0.8475177307692309 0.556640625 0.7978723413461538 0.564453125 0.7446808509615385 0.5859375
1494 0.18794326201923078 0.177734375 0.20212765865384613 0.78515625 0.32624113461538456 0.732421875 0.32269503605769234 0.18359375 0.18794326201923078 0.177734375
402 0.4539007091346154 0.044921875 0.8297872331730769 0 0.4574468076923077 0.001953125 0.4539007091346154 0.044921875
1885 0.9964539014423077 0.712890625 0.9964539014423077 0.00390625 0.4503546105769231 0.044921875 0.4503546105769231 0.087890625 0.4397163125 0.64453125 0.9964539014423077 0.712890625
1885 0.1914893605769231 0.173828125 0.30851063942307694 0.181640625 0.3049645384615384 0 0.18794326201923078 0.001953125 0.1914893605769231 0.173828125
1885 0.20212765865384613 0.787109375 0.21631205769230769 0.85546875 0.4290780144230769 0.75390625 0.4503546105769231 0.001953125 0.31205673798076927 0 0.32624113461538456 0.740234375 0.20212765865384613 0.787109375
1885 0.1773049639423077 0.001953125 0.010638298076923076 0 0.010638298076923076 0.99609375 0.21276595673076923 0.99609375 0.1773049639423077 0.001953125
1469 0.37588652403846157 0.99609375 0.4148936177884615 0.99609375 0.46808510576923074 0.990234375 0.6524822692307691 0.849609375 0.6560283677884615 0.8359375 0.6453900721153847 0.822265625 0.6312056730769231 0.810546875 0.59929078125 0.796875 0.5531914903846153 0.7890625 0.5212765961538461 0.78125 0.46808510576923074 0.7734375 0.4290780144230769 0.7734375 0.39716312019230765 0.771484375 0.21631205769230769 0.86328125 0.21276595673076923 0.962890625 0.23758865144230767 0.974609375 0.2695035456730769 0.984375 0.31205673798076927 0.9921875 0.37588652403846157 0.99609375
663 0.9929078004807692 0.55078125 0.9964539014423077 0.400390625 0.8758865240384615 0.99609375 0.9148936177884616 0.99609375 0.9929078004807692 0.55078125
1885 0.9929078004807692 0.4453125 0.9219858149038462 0.99609375 0.9964539014423077 0.9921875 0.9929078004807692 0.4453125
792 0.20212765865384613 0.861328125 0.20212765865384613 0.994140625 0.7482269495192307 0.998046875 0.9184397163461538 0.9921875 0.950354610576923 0.7109375 0.43262411298076925 0.64453125 0.4290780144230769 0.755859375 0.20212765865384613 0.861328125