1885 0.0033333341346153847 0 0.0033333341346153847 0.5688888894230769 0.7066666658653846 0.48888888942307696 0.7266666658653846 0 0.0033333341346153847 0
1885 0.7333333341346153 0 0.7100000000000001 0.4977777788461539 0.99 0.608888889423077 0.9933333341346154 0 0.7333333341346153 0
852 0.53 0.48888888942307696 0.53 0.4666666658653846 0.8233333341346154 0.5155555552884615 0.8266666658653846 0.5511111105769231 0.84 0.5555555552884616 0.8466666658653845 0.5333333341346154 0.8633333341346153 0.32444444471153844 0.7333333341346153 0.27555555528846154 0.6366666658653847 0.2622222211538462 0.4866666658653846 0.29777777884615386 0.5033333341346153 0.4533333341346154 0.5166666658653847 0.4666666658653846 0.53 0.48888888942307696
1743 0.6966666658653846 0.3111111105769231 0.75 0.28888888942307694 0.7466666658653847 0.10222222115384616 0.5866666658653846 0.09777777884615385 0.59 0.27555555528846154 0.5933333341346153 0.3066666658653846 0.6966666658653846 0.3111111105769231
1400 0.51 0.6666666658653846 0.51 0.608888889423077 0.5399999999999999 0.5955555552884616 0.5333333341346154 0.5511111105769231 0.53 0.5155555552884615 0.52 0.48888888942307696 0.4933333341346154 0.4533333341346154 0.47333333413461537 0.44 0.4466666658653846 0.41333333413461537 0.42 0.40888888942307694 0.39333333413461535 0.41777777884615386 0.3766666658653846 0.43555555528846157 0.35666666586538465 0.43555555528846157 0.33 0.4311111105769231 0.2966666658653846 0.43555555528846157 0.27333333413461536 0.46222222115384615 0.27666666586538463 0.6222222211538462 0.33999999999999997 0.7066666658653846 0.4 0.7066666658653846 0.44 0.6977777788461539 0.51 0.6666666658653846
1603 0.22 0.92 0.23 0.8711111105769231 0.24000000000000002 0.8311111105769231 0.2633333341346154 0.7911111105769231 0.26999999999999996 0.7644444447115385 0.2933333341346154 0.7644444447115385 0.26 0.6622222211538461 0.2433333341346154 0.6622222211538461 0.22666666586538461 0.5866666658653846 0.23333333413461538 0.5688888894230769 0.2 0.4755555552884615 0.19 0.4755555552884615 0.19 0.4533333341346154 0.1833333341346154 0.3866666658653846 0.006666665865384615 0.4 0.0033333341346153847 0.991111110576923 0.2166666658653846 0.991111110576923 0.2166666658653846 0.9644444447115385 0.22 0.92
792 0.01 0.991111110576923 0.9933333341346154 0.9866666658653845 0.9866666658653845 0.6222222211538462 0.7066666658653846 0.48888888942307696 0.0033333341346153847 0.5733333341346154 0.01 0.991111110576923
1605 0.4833333341346154 0.8488888894230769 0.4333333341346154 0.8488888894230769 0.40666666586538464 0.8355555552884616 0.33666666586538463 0.7733333341346154 0.2866666658653846 0.76 0.27666666586538463 0.7688888894230769 0.2633333341346154 0.7866666658653846 0.25 0.8222222211538461 0.23666666586538462 0.8533333341346154 0.22333333413461537 0.9288888894230769 0.2166666658653846 0.991111110576923 0.9933333341346154 0.9866666658653845 0.9933333341346154 0.6222222211538462 0.9733333341346154 0.6177777788461539 0.9466666658653846 0.631111110576923 0.92 0.6666666658653846 0.9133333341346154 0.7155555552884615 0.9033333341346155 0.7111111105769231 0.8533333341346154 0.7022222211538461 0.8066666658653846 0.728888889423077 0.7433333341346154 0.7555555552884615 0.66 0.8088888894230769 0.6033333341346154 0.8177777788461539 0.5633333341346154 0.8266666658653846 0.4833333341346154 0.8488888894230769
570 0.2666666658653846 0.7688888894230769 0.27666666586538463 0.8222222211538461 0.2866666658653846 0.8577777788461538 0.32 0.8933333341346154 0.3666666658653846 0.9288888894230769 0.39666666586538457 0.9555555552884616 0.42 0.9555555552884616 0.4666666658653846 0.9422222211538462 0.5266666658653846 0.92 0.59 0.8977777788461538 0.39333333413461535 0.7733333341346154 0.3033333341346154 0.7733333341346154 0.2833333341346154 0.7733333341346154 0.2666666658653846 0.7688888894230769
570 0.9833333341346153 0.631111110576923 0.9733333341346154 0.6222222211538462 0.92 0.6799999999999999 0.9133333341346154 0.8044444447115384 0.9566666658653846 0.8 0.9866666658653845 0.7733333341346154 0.9833333341346153 0.631111110576923
570 0.0033333341346153847 0.3644444447115385 0.05 0.5022222211538462 0.1533333341346154 0.4755555552884615 0.08666666586538462 0.36 0.0033333341346153847 0.3644444447115385
570 0.056666665865384616 0.7155555552884615 0.14333333413461538 0.7022222211538461 0.1833333341346154 0.6622222211538461 0.05 0.5733333341346154 0.0033333341346153847 0.608888889423077 0.006666665865384615 0.6844444447115384 0.056666665865384616 0.7155555552884615
1942 0.26999999999999996 0.013333334134615385 0.2933333341346154 0.34666666586538464 0.44999999999999996 0.32444444471153844 0.44999999999999996 0.013333334134615385 0.26999999999999996 0.013333334134615385
1400 0.6533333341346155 0.8088888894230769 0.6866666658653846 0.7866666658653846 0.7766666658653846 0.7377777788461538 0.7933333341346154 0.72 0.7966666658653847 0.6577777788461538 0.7333333341346153 0.5866666658653846 0.58 0.631111110576923 0.5700000000000001 0.8177777788461539 0.6233333341346154 0.8177777788461539 0.6533333341346155 0.8088888894230769