1120 0.4735294110576923 0.21875 0.48529411778846154 0.494140625 0.5882352932692307 0.490234375 0.5823529423076923 0.220703125 0.4735294110576923 0.21875
1942 0.8470588245192308 0.203125 0.6941176466346154 0.203125 0.6941176466346154 0.462890625 0.8411764711538462 0.451171875 0.8470588245192308 0.203125
1947 0.32647058894230774 0.451171875 0.35 0.451171875 0.3323529423076923 0.203125 0.2705882355769231 0.201171875 0.29705882451923077 0.439453125 0.3117647067307692 0.439453125 0.32647058894230774 0.451171875
1469 0.8323529423076923 0.71875 0.6735294110576924 0.626953125 0.4323529423076923 0.65234375 0.5970588245192308 0.822265625 0.8235294110576923 0.79296875 0.8323529423076923 0.71875
402 0.7176470576923077 0.001953125 0.8500000000000001 0.083984375 0.8500000000000001 0.001953125 0.16176470673076923 0 0.1705882355769231 0.041015625 0.25 0.005859375 0.7176470576923077 0.001953125
211 0.6617647067307693 0.48046875 0.6323529423076923 0.5 0.6117647067307692 0.521484375 0.6088235288461539 0.5546875 0.6117647067307692 0.599609375 0.829411764423077 0.72265625 0.8382352932692307 0.640625 0.8382352932692307 0.45703125 0.7823529423076923 0.4765625 0.6617647067307693 0.48046875
180 0.6117647067307692 0.568359375 0.5205882355769231 0.576171875 0.5029411754807692 0.603515625 0.5441176466346154 0.625 0.6441176466346155 0.615234375 0.6382352932692308 0.595703125 0.6117647067307692 0.568359375
1839 0.20294117548076923 0.35546875 0.21176470673076922 0.44140625 0.25882352884615384 0.4453125 0.29411764663461537 0.439453125 0.26176470673076924 0.173828125 0.21176470673076922 0.173828125 0.18823529326923077 0.17578125 0.18823529326923077 0.212890625 0.20294117548076923 0.35546875
852 0.31470588221153845 0.453125 0.3058823533653846 0.44140625 0.2176470576923077 0.44921875 0.20882352884615385 0.453125 0.26176470673076924 0.85546875 0.3352941177884615 0.84375 0.3382352932692308 0.884765625 0.35882352884615387 0.884765625 0.35294117548076925 0.845703125 0.3617647067307692 0.83984375 0.31470588221153845 0.453125
655 0.002941175480769231 0 0.002941175480769231 0.287109375 0.11470588221153846 0.998046875 0.2529411754807692 0.998046875 0.2735294110576923 0.9296875 0.16470588221153845 0.056640625 0.1 0 0.002941175480769231 0
910 0.2323529423076923 0.5703125 0.21470588221153844 0.5703125 0.2176470576923077 0.583984375 0.2264705889423077 0.580078125 0.26176470673076924 0.583984375 0.26470588221153846 0.568359375 0.2529411754807692 0.55859375 0.24117647115384616 0.564453125 0.2323529423076923 0.5703125
1885 0.002941175480769231 0.9921875 0.1 0.998046875 0.002941175480769231 0.376953125 0.002941175480769231 0.9921875
947 0.05 0.662109375 0.06470588221153846 0.65625 0.09117647115384615 0.658203125 0.0823529423076923 0.591796875 0.05 0.595703125 0.04117647115384615 0.59765625 0.05 0.662109375
1885 0.8235294110576923 0.998046875 0.9911764711538461 0.99609375 0.9911764711538461 0.001953125 0.8558823533653845 0.001953125 0.8235294110576923 0.998046875
1885 0.25882352884615384 0.009765625 0.16764705769230767 0.046875 0.20882352884615385 0.634765625 0.35882352884615387 0.611328125 0.8323529423076923 0.5546875 0.8441176466346154 0.0859375 0.7205882355769231 0.005859375 0.25882352884615384 0.009765625
792 0.11176470673076923 0.994140625 0.7705882355769231 0.998046875 0.8205882355769231 0.998046875 0.8323529423076923 0.556640625 0.20882352884615385 0.638671875 0.11176470673076923 0.994140625