1885 0.72 0 0.72 0.048888889423076926 0.61 0.08444444471153846 0.5866666658653846 0.6933333341346154 0.9966666658653847 0.9955555552884616 0.9966666658653847 0 0.72 0
1885 0.5866666658653846 0.5777777788461539 0.5866666658653846 0.5377777788461539 0.6 0.09333333413461539 0.5 0.08888888942307692 0.49666666586538466 0.6711111105769232 0.5866666658653846 0.5777777788461539
1885 0.2466666658653846 0.688888889423077 0.49 0.6577777788461538 0.49 0.10666666586538462 0.013333334134615385 0.05777777884615384 0.006666665865384615 0.17333333413461538 0.23333333413461538 0.1911111105769231 0.2466666658653846 0.688888889423077
1885 0.04333333413461538 0.35555555528846156 0.07 0.46222222115384615 0.22333333413461537 0.4533333341346154 0.23 0.1911111105769231 0.016666665865384615 0.18222222115384618 0.006666665865384615 0.18666666586538463 0.013333334134615385 0.24000000000000002 0.026666665865384614 0.2533333341346154 0.04333333413461538 0.35555555528846156
1942 0.09666666586538461 0.39555555528846154 0.18666666586538463 0.3911111105769231 0.2033333341346154 0.23555555528846156 0.08666666586538462 0.23555555528846156 0.09666666586538461 0.39555555528846154
1743 0.16 0.40444444471153845 0.2033333341346154 0.42666666586538465 0.2066666658653846 0.34222222115384615 0.16 0.3111111105769231 0.16 0.40444444471153845
1714 0.09333333413461539 0.44 0.1333333341346154 0.44 0.1333333341346154 0.40888888942307694 0.0766666658653846 0.40444444471153845 0.06666666586538461 0.4444444447115385 0.09 0.44 0.08666666586538462 0.4933333341346154 0.08 0.4977777788461539 0.10666666586538462 0.4933333341346154 0.09333333413461539 0.48888888942307696 0.09333333413461539 0.44
836 0.04666666586538462 0.3777777788461538 0.02 0.2622222211538462 0.006666665865384615 0.2622222211538462 0.006666665865384615 0.991111110576923 0.1 0.9955555552884616 0.10333333413461537 0.9777777788461539 0.10333333413461537 0.888888889423077 0.09666666586538461 0.8088888894230769 0.07333333413461539 0.5777777788461539 0.07 0.5777777788461539 0.07 0.5555555552884616 0.07 0.5066666658653847 0.060000000000000005 0.43555555528846157 0.04666666586538462 0.3777777788461538
1670 0.6233333341346154 0.9955555552884616 0.6766666658653846 0.991111110576923 0.8233333341346154 0.8977777788461538 0.8466666658653845 0.5288888894230769 0.64 0.4666666658653846 0.64 0.5333333341346154 0.51 0.5644444447115384 0.5033333341346153 0.5955555552884616 0.5133333341346155 0.608888889423077 0.5066666658653847 0.8577777788461538 0.6233333341346154 0.9955555552884616
558 0.6366666658653847 0.5244444447115385 0.6366666658653847 0.4977777788461539 0.5966666658653846 0.4533333341346154 0.5166666658653847 0.4755555552884615 0.5066666658653847 0.5155555552884615 0.5033333341346153 0.5733333341346154 0.5266666658653846 0.5644444447115384 0.5966666658653846 0.5466666658653846 0.6366666658653847 0.5244444447115385
558 0.6433333341346154 0.35111111057692307 0.6866666658653846 0.35111111057692307 0.7166666658653846 0.35111111057692307 0.72 0.10222222115384616 0.6966666658653846 0.10222222115384616 0.6566666658653847 0.10666666586538462 0.6433333341346154 0.35111111057692307
940 0.6499999999999999 0.14222222115384617 0.5966666658653846 0.13777777884615386 0.5666666658653846 0.14666666586538463 0.5633333341346154 0.34666666586538464 0.5866666658653846 0.34666666586538464 0.6166666658653847 0.34666666586538464 0.6466666658653846 0.34666666586538464 0.6499999999999999 0.14222222115384617
558 0.4866666658653846 0.13777777884615386 0.3833333341346154 0.13777777884615386 0.37 0.1333333341346154 0.3733333341346154 0.34666666586538464 0.48000000000000004 0.34666666586538464 0.4866666658653846 0.13777777884615386
558 0.36 0.1333333341346154 0.25 0.1333333341346154 0.2533333341346154 0.34666666586538464 0.3666666658653846 0.35111111057692307 0.36 0.1333333341346154
1977 0.27333333413461536 0.5377777788461539 0.26 0.5066666658653847 0.4533333341346154 0.5022222211538462 0.4933333341346154 0.4933333341346154 0.4633333341346154 0.45777777884615384 0.16999999999999998 0.48888888942307696 0.17666666586538463 0.5377777788461539 0.27333333413461536 0.5377777788461539
558 0.27666666586538463 0.5244444447115385 0.2666666658653846 0.5511111105769231 0.17333333413461538 0.5466666658653846 0.19333333413461537 0.7866666658653846 0.2833333341346154 0.7688888894230769 0.2966666658653846 0.751111110576923 0.27666666586538463 0.5244444447115385
558 0.49 0.5066666658653847 0.27666666586538463 0.5244444447115385 0.2966666658653846 0.7244444447115386 0.47000000000000003 0.688888889423077 0.49 0.5066666658653847
402 0.6 0.09333333413461539 0.7100000000000001 0.048888889423076926 0.7166666658653846 0.0044444447115384615 0.006666665865384615 0 0.006666665865384615 0.05777777884615384 0.4933333341346154 0.10222222115384616 0.5 0.08888888942307692 0.6 0.09333333413461539
792 0.0766666658653846 0.6444444447115385 0.09 0.7377777788461538 0.12333333413461538 0.7377777788461538 0.23666666586538462 0.6933333341346154 0.22666666586538461 0.4533333341346154 0.06333333413461538 0.45777777884615384 0.0766666658653846 0.6444444447115385
792 0.08666666586538462 0.7377777788461538 0.10666666586538462 0.991111110576923 0.9233333341346154 0.9955555552884616 0.99 0.9955555552884616 0.5866666658653846 0.6844444447115384 0.5833333341346154 0.5955555552884616 0.4933333341346154 0.6755555552884616 0.4866666658653846 0.6577777788461538 0.24000000000000002 0.6933333341346154 0.08666666586538462 0.7377777788461538
1816 0.7033333341346153 0.991111110576923 0.8366666658653846 0.991111110576923 0.84 0.92 0.7833333341346154 0.8488888894230769 0.7033333341346153 0.8933333341346154 0.7033333341346153 0.991111110576923
1520 0.86 0.3644444447115385 0.7666666658653847 0.33777777884615384 0.7233333341346154 0.36 0.8166666658653846 0.3777777788461538 0.86 0.3644444447115385
1027 0.7433333341346154 0.23111111057692307 0.7566666658653846 0.32444444471153844 0.76 0.2666666658653846 0.7433333341346154 0.22222222115384616 0.7366666658653845 0.2 0.7166666658653846 0.19555555528846155 0.7100000000000001 0.20888888942307693 0.72 0.22666666586538461 0.7366666658653845 0.22666666586538461 0.7433333341346154 0.23111111057692307
1027 0.7666666658653847 0.35555555528846156 0.7666666658653847 0.33333333413461536 0.7566666658653846 0.32444444471153844 0.7433333341346154 0.33333333413461536 0.7433333341346154 0.36 0.76 0.36 0.7666666658653847 0.35555555528846156