1942 0.470703125 0.012853471153846155 0.478515625 0.2236503846153846 0.857421875 0.2236503846153846 0.87109375 0.0025706947115384615 0.470703125 0.012853471153846155
1314 0.126953125 0.19794344471153844 0.111328125 0.038560411057692305 0.01953125 0.028277634615384614 0.03515625 0.20308483173076922 0.126953125 0.19794344471153844
207 0.767578125 0.7455012860576923 0.791015625 0.7506426730769231 0.80859375 0.7326478149038462 0.806640625 0.6992287908653847 0.794921875 0.6658097692307692 0.8046875 0.6452442163461539 0.8046875 0.6169665817307692 0.806640625 0.5501285336538462 0.796875 0.5064267355769231 0.8046875 0.4473007716346154 0.78515625 0.43444730048076924 0.755859375 0.49614395913461534 0.265625 0.44215938221153844 0.240234375 0.3573264783653846 0.236328125 0.28791773798076925 0.2109375 0.2493573269230769 0.001953125 0.2724935721153846 0.001953125 0.8791773774038462 0.486328125 0.9974293052884615 0.685546875 0.9948586129807692 0.767578125 0.7455012860576923
1329 0.166015625 0.4035989711538462 0.271484375 0.5115681225961539 0.365234375 0.4601542427884615 0.294921875 0.3573264783653846 0.166015625 0.4035989711538462
1329 0.009765625 0.4370179951923077 0.001953125 0.5372750649038461 0.064453125 0.5989717235576923 0.26171875 0.5115681225961539 0.140625 0.3933161947115385 0.009765625 0.4370179951923077
104 0.595703125 0.22107969230769228 0.59765625 0.08483290384615386 0.560546875 0.07197943509615384 0.478515625 0.07455012740384616 0.486328125 0.2236503846153846 0.595703125 0.22107969230769228
447 0.24609375 0.37532133653846156 0.298828125 0.35218508894230766 0.3671875 0.4498714663461539 0.447265625 0.4575835480769231 0.4375 0.18251928125 0.4453125 0.17737789182692307 0.34765625 0.16452442067307693 0.228515625 0.17223650480769231 0.23828125 0.2750642668269231 0.244140625 0.2904884326923077 0.24609375 0.37532133653846156
852 0.935546875 0.6992287908653847 0.9375 0.6838046274038461 0.98828125 0.67095115625 0.994140625 0.36760925480769235 0.869140625 0.3624678653846154 0.875 0.37532133653846156 0.857421875 0.6452442163461539 0.91796875 0.6786632379807693 0.92578125 0.6992287908653847 0.935546875 0.6992287908653847
1839 0.94140625 0.36760925480769235 0.98046875 0.3650385600961539 0.994140625 0.33161953846153847 0.990234375 0.28534704326923077 0.98828125 0.2596401033653846 0.896484375 0.25706940865384614 0.884765625 0.3110539855769231 0.88671875 0.3624678653846154 0.94140625 0.36760925480769235
1885 0.3671875 0.5449871466346153 0.34765625 0.0025706947115384615 0.001953125 0 0.01171875 0.7712082259615385 0.3671875 0.5449871466346153
1885 0.994140625 0.0025706947115384615 0.35546875 0.0025706947115384615 0.375 0.5526992283653847 0.994140625 0.5989717235576923 0.994140625 0.0025706947115384615
1314 0.9140625 0.010282776442307693 0.91015625 0.0874035985576923 0.98828125 0.0874035985576923 0.994140625 0.012853471153846155 0.9140625 0.010282776442307693
1314 0.908203125 0.12596400961538462 0.908203125 0.20308483173076922 0.978515625 0.20822622115384615 0.984375 0.12853470432692307 0.908203125 0.12596400961538462
792 0.001953125 0.9948586129807692 0.994140625 0.9948586129807692 0.990234375 0.6015424158653846 0.369140625 0.5501285336538462 0.009765625 0.7789203076923077 0.001953125 0.9948586129807692