1603 0.91 0.8444444447115385 0.9066666658653847 0.8622222211538462 0.9266666658653846 0.9066666658653847 0.9466666658653846 0.8533333341346154 0.9400000000000001 0.7644444447115385 0.95 0.6799999999999999 0.9400000000000001 0.6577777788461538 0.9266666658653846 0.6222222211538462 0.9366666658653846 0.56 0.9533333341346153 0.5733333341346154 0.99 0.5466666658653846 0.9966666658653847 0.4977777788461539 0.98 0.4444444447115385 0.9533333341346153 0.3911111105769231 0.92 0.3777777788461538 0.92 0.34222222115384615 0.92 0.3155555552884615 0.63 0.3155555552884615 0.6233333341346154 0.29777777884615386 0.5399999999999999 0.3155555552884615 0.3833333341346154 0.3111111105769231 0.3033333341346154 0.3155555552884615 0.2533333341346154 0.3155555552884615 0.2033333341346154 0.33333333413461536 0.1333333341346154 0.35111111057692307 0.12333333413461538 0.35555555528846156 0.11333333413461538 0.3733333341346154 0.11333333413461538 0.39555555528846154 0.06666666586538461 0.42666666586538465 0.04333333413461538 0.4533333341346154 0.04 0.48888888942307696 0.056666665865384616 0.5244444447115385 0.08333333413461538 0.5377777788461539 0.07 0.5955555552884616 0.08 0.6577777788461538 0.08666666586538462 0.7022222211538461 0.08333333413461538 0.7377777788461538 0.0766666658653846 0.7555555552884615 0.08666666586538462 0.7688888894230769 0.08 0.8044444447115384 0.09666666586538461 0.8088888894230769 0.11666666586538461 0.8088888894230769 0.11666666586538461 0.751111110576923 0.2066666658653846 0.7555555552884615 0.4666666658653846 0.8 0.7933333341346154 0.8266666658653846 0.86 0.8311111105769231 0.89 0.8311111105769231 0.91 0.8444444447115385
1315 0.72 0.0044444447115384615 0.72 0.1333333341346154 0.8099999999999999 0.1333333341346154 0.8066666658653846 0 0.72 0.0044444447115384615
1315 0.8933333341346154 0 0.8933333341346154 0.048888889423076926 0.9966666658653847 0.04444444471153846 0.9966666658653847 0 0.8933333341346154 0
1942 0.25 0.013333334134615385 0.2533333341346154 0.3111111105769231 0.4533333341346154 0.3111111105769231 0.44999999999999996 0.23111111057692307 0.44999999999999996 0.013333334134615385 0.25 0.013333334134615385
564 0.4933333341346154 0.3111111105769231 0.51 0.3066666658653846 0.5066666658653847 0.11555555528846154 0.5066666658653847 0.008888889423076923 0.4533333341346154 0.008888889423076923 0.4466666658653846 0.28888888942307694 0.4533333341346154 0.3111111105769231 0.4933333341346154 0.3111111105769231
1749 0.01 0.40888888942307694 0.10666666586538462 0.39555555528846154 0.11 0.17333333413461538 0.053333334134615384 0.14222222115384617 0.006666665865384615 0.14666666586538463 0.01 0.40888888942307694
127 0.006666665865384615 0.8844444447115385 0.006666665865384615 0.991111110576923 0.2666666658653846 0.991111110576923 0.23 0.9244444447115385 0.19 0.8933333341346154 0.16 0.8844444447115385 0.11666666586538461 0.8933333341346154 0.08 0.9066666658653847 0.030000000000000002 0.8933333341346154 0.006666665865384615 0.8844444447115385
570 0.55 0.5066666658653847 0.6166666658653847 0.511111110576923 0.6233333341346154 0.4222222211538461 0.6166666658653847 0.29777777884615386 0.42666666586538465 0.32 0.42 0.4977777788461539 0.55 0.5066666658653847
570 0.7766666658653846 0.5511111105769231 0.8099999999999999 0.5777777788461539 0.8466666658653845 0.5955555552884616 0.8833333341346153 0.4711111105769231 0.91 0.33333333413461536 0.8566666658653846 0.32444444471153844 0.8166666658653846 0.3688888894230769 0.8133333341346154 0.39555555528846154 0.7866666658653846 0.48888888942307696 0.7766666658653846 0.5511111105769231
570 0.76 0.5244444447115385 0.7933333341346154 0.45777777884615384 0.8033333341346154 0.3733333341346154 0.7466666658653847 0.33777777884615384 0.7066666658653846 0.3644444447115385 0.6766666658653846 0.41777777884615386 0.6499999999999999 0.4977777788461539 0.7033333341346153 0.5822222211538461 0.76 0.5244444447115385
570 0.27666666586538463 0.5555555552884616 0.39333333413461535 0.5022222211538462 0.32 0.32444444471153844 0.2133333341346154 0.36 0.27666666586538463 0.5555555552884616
570 0.24000000000000002 0.34666666586538464 0.23 0.32444444471153844 0.12000000000000001 0.3644444447115385 0.16 0.46222222115384615 0.2033333341346154 0.5511111105769231 0.2633333341346154 0.5288888894230769 0.21 0.3688888894230769 0.24000000000000002 0.34666666586538464
854 0.07 0.41333333413461537 0.013333334134615385 0.41333333413461537 0.016666665865384615 0.7022222211538461 0.060000000000000005 0.6933333341346154 0.0766666658653846 0.6666666658653846 0.07 0.6222222211538462 0.07 0.5733333341346154 0.06666666586538461 0.5377777788461539 0.03666666586538461 0.4933333341346154 0.05 0.4444444447115385 0.07 0.41333333413461537
1885 0.013333334134615385 0 0.006666665865384615 0.6533333341346155 0.11333333413461538 0.6533333341346155 0.9966666658653847 0.751111110576923 0.9966666658653847 0 0.013333334134615385 0
792 0.01 0.6577777788461538 0.01 0.991111110576923 0.9966666658653847 0.9777777788461539 0.9966666658653847 0.751111110576923 0.11333333413461538 0.6577777788461538 0.01 0.6577777788461538
385 0.016666665865384615 0.991111110576923 0.42666666586538465 0.9866666658653845 0.5433333341346154 0.92 0.67 0.8222222211538461 0.05 0.688888889423077 0.006666665865384615 0.7066666658653846 0.016666665865384615 0.991111110576923