1942 0.35111111057692307 0.016666665865384615 0.35555555528846156 0.44 0.6755555552884616 0.44 0.6977777788461539 0.01 0.35111111057692307 0.016666665865384615
457 0.7688888894230769 0.8433333341346153 0.7866666658653846 0.8533333341346154 0.9377777788461539 0.8566666658653846 0.9955555552884616 0.7533333341346153 0.9955555552884616 0.5533333341346154 0.88 0.4433333341346154 0.7333333341346153 0.4433333341346154 0.7155555552884615 0.4833333341346154 0.72 0.5133333341346155 0.7111111105769231 0.6799999999999999 0.72 0.7333333341346153 0.7422222211538462 0.7966666658653847 0.7688888894230769 0.8433333341346153
1927 0.6622222211538461 0.9600000000000001 0.7066666658653846 0.9433333341346154 0.7333333341346153 0.9233333341346154 0.7377777788461538 0.8633333341346153 0.7377777788461538 0.8566666658653846 0.7688888894230769 0.8533333341346154 0.7377777788461538 0.8033333341346154 0.72 0.7533333341346153 0.7111111105769231 0.7166666658653846 0.7066666658653846 0.6966666658653846 0.6755555552884616 0.6933333341346154 0.6533333341346155 0.6833333341346154 0.6222222211538462 0.67 0.5688888894230769 0.6499999999999999 0.52 0.64 0.4222222211538461 0.64 0.3777777788461538 0.6499999999999999 0.33777777884615384 0.6633333341346154 0.30222222115384617 0.6833333341346154 0.28444444471153846 0.7066666658653846 0.2711111105769231 0.7333333341346153 0.28444444471153846 0.7733333341346154 0.3066666658653846 0.7966666658653847 0.34222222115384615 0.8366666658653846 0.39555555528846154 0.8633333341346153 0.3822222211538462 0.9166666658653846 0.3866666658653846 0.9433333341346154 0.4666666658653846 0.9466666658653846 0.5644444447115384 0.9566666658653846 0.6266666658653846 0.9633333341346154 0.6622222211538461 0.9600000000000001
1782 0.4711111105769231 0.8166666658653846 0.5155555552884615 0.8133333341346154 0.6 0.7966666658653847 0.64 0.77 0.6799999999999999 0.77 0.6755555552884616 0.7533333341346153 0.6577777788461538 0.75 0.6444444447115385 0.7366666658653845 0.6355555552884616 0.7333333341346153 0.631111110576923 0.7066666658653846 0.6755555552884616 0.7066666658653846 0.6755555552884616 0.6933333341346154 0.6444444447115385 0.6933333341346154 0.631111110576923 0.6766666658653846 0.6044444447115385 0.6633333341346154 0.5777777788461539 0.6566666658653847 0.5333333341346154 0.6433333341346154 0.48888888942307696 0.64 0.41777777884615386 0.64 0.3822222211538462 0.6499999999999999 0.3111111105769231 0.6766666658653846 0.28444444471153846 0.7033333341346153 0.27555555528846154 0.7466666658653847 0.2933333341346154 0.7666666658653847 0.32444444471153844 0.7899999999999999 0.3733333341346154 0.8066666658653846 0.41777777884615386 0.8133333341346154 0.4711111105769231 0.8166666658653846
1778 0.28444444471153846 0.5399999999999999 0.27555555528846154 0.5666666658653846 0.36 0.5633333341346154 0.35555555528846156 0.5399999999999999 0.28444444471153846 0.5399999999999999
1907 0.008888889423076923 0.39333333413461535 0.008888889423076923 0.49 0.2133333341346154 0.4866666658653846 0.27555555528846154 0.44999999999999996 0.30222222115384617 0.44999999999999996 0.28444444471153846 0.37 0.2133333341346154 0.3733333341346154 0.017777778846153846 0.3766666658653846 0.008888889423076923 0.39333333413461535
757 0.15555555528846154 0.37 0.1911111105769231 0.3733333341346154 0.1911111105769231 0.34666666586538464 0.17777777884615384 0.33 0.16444444471153846 0.33999999999999997 0.15555555528846154 0.36 0.1288888894230769 0.35666666586538465 0.12444444471153847 0.34333333413461536 0.11111111057692308 0.33333333413461536 0.09333333413461539 0.33999999999999997 0.09333333413461539 0.35666666586538465 0.10666666586538462 0.37 0.12444444471153847 0.3666666658653846 0.14666666586538463 0.3666666658653846 0.15555555528846154 0.37
1338 0.12444444471153847 0.66 0.12444444471153847 0.6766666658653846 0.16888888942307692 0.6900000000000001 0.20888888942307693 0.6766666658653846 0.20444444471153847 0.62 0.1911111105769231 0.5766666658653846 0.18222222115384618 0.5533333341346154 0.16888888942307692 0.5533333341346154 0.16444444471153846 0.49666666586538466 0.1288888894230769 0.5033333341346153 0.1333333341346154 0.5633333341346154 0.14666666586538463 0.5866666658653846 0.15555555528846154 0.6333333341346153 0.13777777884615386 0.6266666658653846 0.1288888894230769 0.6466666658653846 0.12444444471153847 0.66
1794 0.8755555552884615 0.2866666658653846 0.9066666658653847 0.3 0.9155555552884616 0.3133333341346154 0.9555555552884616 0.31 0.9822222211538462 0.3266666658653846 0.9955555552884616 0.33 0.9955555552884616 0.013333334134615385 0.951111110576923 0.04666666586538462 0.9111111105769231 0.060000000000000005 0.8844444447115385 0.07 0.8666666658653847 0.07 0.8488888894230769 0.16 0.84 0.23 0.8311111105769231 0.26999999999999996 0.8755555552884615 0.2866666658653846
1885 0.008888889423076923 0 0.013333334134615385 0.3633333341346154 0.09777777884615385 0.7266666658653846 0.2622222211538462 0.7366666658653845 0.7644444447115385 0.74 0.8577777788461538 0.06333333413461538 0.8666666658653847 0 0.008888889423076923 0
1885 0.8755555552884615 0.9933333341346154 0.9955555552884616 0.9933333341346154 0.9955555552884616 0 0.8666666658653847 0.0033333341346153847 0.7555555552884615 0.7466666658653847 0.8755555552884615 0.9933333341346154
658 0.013333334134615385 0.9933333341346154 0.16444444471153846 0.9933333341346154 0.008888889423076923 0.5333333341346154 0.013333334134615385 0.9933333341346154
792 0.09777777884615385 0.7266666658653846 0.08444444471153846 0.7333333341346153 0.16444444471153846 0.9933333341346154 0.32 0.9966666658653847 0.8711111105769231 0.9933333341346154 0.76 0.74 0.09777777884615385 0.7266666658653846
1885 0.08 0.7333333341346153 0.09777777884615385 0.72 0.008888889423076923 0.34666666586538464 0.008888889423076923 0.5033333341346153 0.08 0.7333333341346153