1603 0.11 0.8311111105769231 0.14 0.8311111105769231 0.2066666658653846 0.8266666658653846 0.5333333341346154 0.8 0.7933333341346154 0.7555555552884615 0.8833333341346153 0.751111110576923 0.8833333341346153 0.8088888894230769 0.9033333341346155 0.8088888894230769 0.92 0.8044444447115384 0.9133333341346154 0.7688888894230769 0.9233333341346154 0.7555555552884615 0.9166666658653846 0.7377777788461538 0.9133333341346154 0.7022222211538461 0.92 0.6577777788461538 0.9299999999999999 0.5955555552884616 0.9166666658653846 0.5377777788461539 0.9433333341346154 0.5244444447115385 0.9600000000000001 0.48888888942307696 0.9566666658653846 0.4533333341346154 0.9333333341346154 0.42666666586538465 0.8866666658653847 0.39555555528846154 0.8866666658653847 0.3733333341346154 0.8766666658653846 0.35555555528846156 0.8666666658653847 0.35111111057692307 0.7966666658653847 0.33333333413461536 0.7466666658653847 0.3155555552884615 0.6966666658653846 0.3155555552884615 0.6166666658653847 0.3111111105769231 0.46 0.3155555552884615 0.3766666658653846 0.29777777884615386 0.37 0.3155555552884615 0.08 0.3155555552884615 0.08 0.34222222115384615 0.08 0.3777777788461538 0.04666666586538462 0.3911111105769231 0.02 0.4444444447115385 0.0033333341346153847 0.4977777788461539 0.01 0.5466666658653846 0.04666666586538462 0.5733333341346154 0.06333333413461538 0.56 0.07333333413461539 0.6222222211538462 0.060000000000000005 0.6577777788461538 0.05 0.6799999999999999 0.060000000000000005 0.7644444447115385 0.053333334134615384 0.8533333341346154 0.07333333413461539 0.9066666658653847 0.09333333413461539 0.8622222211538462 0.09 0.8444444447115385 0.11 0.8311111105769231
1315 0.19333333413461537 0 0.19 0.1333333341346154 0.28 0.1333333341346154 0.28 0.0044444447115384615 0.19333333413461537 0
1315 0.0033333341346153847 0 0.0033333341346153847 0.04444444471153846 0.10666666586538462 0.048888889423076926 0.10666666586538462 0 0.0033333341346153847 0
1942 0.55 0.013333334134615385 0.55 0.23111111057692307 0.5466666658653846 0.3111111105769231 0.7466666658653847 0.3111111105769231 0.75 0.013333334134615385 0.55 0.013333334134615385
564 0.5466666658653846 0.3111111105769231 0.5533333341346154 0.28888888942307694 0.5466666658653846 0.008888889423076923 0.4933333341346154 0.008888889423076923 0.4933333341346154 0.11555555528846154 0.49 0.3066666658653846 0.5066666658653847 0.3111111105769231 0.5466666658653846 0.3111111105769231
1749 0.9933333341346154 0.14666666586538463 0.9466666658653846 0.14222222115384617 0.89 0.17333333413461538 0.8933333341346154 0.39555555528846154 0.99 0.40888888942307694 0.9933333341346154 0.14666666586538463
127 0.97 0.8933333341346154 0.92 0.9066666658653847 0.8833333341346153 0.8933333341346154 0.84 0.8844444447115385 0.8099999999999999 0.8933333341346154 0.77 0.9244444447115385 0.7333333341346153 0.991111110576923 0.9933333341346154 0.991111110576923 0.9933333341346154 0.8844444447115385 0.97 0.8933333341346154
570 0.58 0.4977777788461539 0.5733333341346154 0.32 0.3833333341346154 0.29777777884615386 0.3766666658653846 0.4222222211538461 0.3833333341346154 0.511111110576923 0.44999999999999996 0.5066666658653847 0.58 0.4977777788461539
570 0.2133333341346154 0.48888888942307696 0.18666666586538463 0.39555555528846154 0.1833333341346154 0.3688888894230769 0.14333333413461538 0.32444444471153844 0.09 0.33333333413461536 0.11666666586538461 0.4711111105769231 0.1533333341346154 0.5955555552884616 0.19 0.5777777788461539 0.22333333413461537 0.5511111105769231 0.2133333341346154 0.48888888942307696
570 0.2966666658653846 0.5822222211538461 0.35 0.4977777788461539 0.32333333413461535 0.41777777884615386 0.2933333341346154 0.3644444447115385 0.2533333341346154 0.33777777884615384 0.19666666586538462 0.3733333341346154 0.2066666658653846 0.45777777884615384 0.24000000000000002 0.5244444447115385 0.2966666658653846 0.5822222211538461
570 0.7866666658653846 0.36 0.6799999999999999 0.32444444471153844 0.6066666658653846 0.5022222211538462 0.7233333341346154 0.5555555552884616 0.7866666658653846 0.36
570 0.7899999999999999 0.3688888894230769 0.7366666658653845 0.5288888894230769 0.7966666658653847 0.5511111105769231 0.84 0.46222222115384615 0.88 0.3644444447115385 0.77 0.32444444471153844 0.76 0.34666666586538464 0.7899999999999999 0.3688888894230769
854 0.95 0.4444444447115385 0.9633333341346154 0.4933333341346154 0.9333333341346154 0.5377777788461539 0.9299999999999999 0.5733333341346154 0.9299999999999999 0.6222222211538462 0.9233333341346154 0.6666666658653846 0.9400000000000001 0.6933333341346154 0.9833333341346153 0.7022222211538461 0.9866666658653845 0.41333333413461537 0.9299999999999999 0.41333333413461537 0.95 0.4444444447115385
1885 0.0033333341346153847 0 0.0033333341346153847 0.751111110576923 0.8866666658653847 0.6533333341346155 0.9933333341346154 0.6533333341346155 0.9866666658653845 0 0.0033333341346153847 0
792 0.8866666658653847 0.6577777788461538 0.0033333341346153847 0.751111110576923 0.0033333341346153847 0.9777777788461539 0.99 0.991111110576923 0.99 0.6577777788461538 0.8866666658653847 0.6577777788461538
385 0.9933333341346154 0.7066666658653846 0.95 0.688888889423077 0.33 0.8222222211538461 0.4566666658653846 0.92 0.5733333341346154 0.9866666658653845 0.9833333341346153 0.991111110576923 0.9933333341346154 0.7066666658653846