402 0.5 0 0.6266666658653846 0.13777777884615386 0.9933333341346154 0.20444444471153847 0.99 0 0.5 0
1885 0.0033333341346153847 0 0.006666665865384615 0.7022222211538461 0.6233333341346154 0.64 0.6133333341346154 0.44 0.6233333341346154 0.14222222115384617 0.49666666586538466 0 0.0033333341346153847 0
1670 0.27333333413461536 0.608888889423077 0.25 0.5377777788461539 0.25 0.41777777884615386 0.026666665865384614 0.43555555528846157 0.04 0.5422222211538462 0.01 0.6799999999999999 0.053333334134615384 0.9866666658653845 0.21 0.9466666658653846 0.2833333341346154 0.9333333341346154 0.27333333413461536 0.608888889423077
558 0.2866666658653846 0.9066666658653847 0.5033333341346153 0.88 0.5 0.5955555552884616 0.28 0.6133333341346154 0.2866666658653846 0.9066666658653847
1885 0.99 0.991111110576923 0.9933333341346154 0.20888888942307693 0.63 0.14222222115384617 0.6133333341346154 0.6444444447115385 0.99 0.991111110576923
792 0.0033333341346153847 0.7022222211538461 0.0033333341346153847 0.991111110576923 0.77 0.991111110576923 0.99 0.991111110576923 0.6066666658653846 0.6444444447115385 0.0033333341346153847 0.7022222211538461
1977 0.2566666658653846 0.5022222211538462 0.27666666586538463 0.608888889423077 0.5 0.5822222211538461 0.7433333341346154 0.9555555552884616 0.76 0.9955555552884616 0.9933333341346154 0.9777777788461539 0.5966666658653846 0.48000000000000004 0.2566666658653846 0.5022222211538462
1564 0.7633333341346155 0.7022222211538461 0.6900000000000001 0.5955555552884616 0.5633333341346154 0.6222222211538462 0.6366666658653847 0.7466666658653847 0.7366666658653845 0.728888889423077 0.7633333341346155 0.7022222211538461
757 0.7266666658653846 0.631111110576923 0.7166666658653846 0.6266666658653846 0.7066666658653846 0.64 0.7266666658653846 0.64 0.7366666658653845 0.6444444447115385 0.7433333341346154 0.6444444447115385 0.75 0.6355555552884616 0.76 0.6222222211538462 0.75 0.5866666658653846 0.7333333341346153 0.5644444447115384 0.7466666658653847 0.6177777788461539 0.74 0.6266666658653846 0.7266666658653846 0.631111110576923
254 0.8966666658653846 0.8 0.9166666658653846 0.751111110576923 0.8999999999999999 0.7377777788461538 0.8933333341346154 0.72 0.8933333341346154 0.7022222211538461 0.9033333341346155 0.6266666658653846 0.9133333341346154 0.5511111105769231 0.8933333341346154 0.5244444447115385 0.8633333341346153 0.5244444447115385 0.8566666658653846 0.5377777788461539 0.8500000000000001 0.5555555552884616 0.8500000000000001 0.5866666658653846 0.8333333341346154 0.6533333341346155 0.8466666658653845 0.6044444447115385 0.84 0.6711111105769232 0.8233333341346154 0.6711111105769232 0.7933333341346154 0.6799999999999999 0.7766666658653846 0.6933333341346154 0.77 0.7111111105769231 0.7733333341346154 0.7466666658653847 0.7766666658653846 0.7866666658653846 0.7733333341346154 0.8 0.8166666658653846 0.8666666658653847 0.8766666658653846 0.84 0.8999999999999999 0.8222222211538461 0.8966666658653846 0.8
818 0.9033333341346155 0.7866666658653846 0.9033333341346155 0.8133333341346154 0.89 0.8444444447115385 0.8666666658653847 0.8622222211538462 0.8766666658653846 0.9022222211538462 0.9033333341346155 0.9377777788461539 0.9266666658653846 0.9422222211538462 0.98 0.9466666658653846 0.9866666658653845 0.9288888894230769 0.99 0.8488888894230769 0.98 0.8133333341346154 0.9733333341346154 0.7866666658653846 0.9866666658653845 0.6933333341346154 0.9833333341346153 0.6799999999999999 0.9633333341346154 0.6666666658653846 0.9233333341346154 0.6666666658653846 0.92 0.7422222211538462 0.92 0.777777778846154 0.9033333341346155 0.7866666658653846
751 0.26 0.3777777788461538 0.2566666658653846 0.20888888942307693 0.01 0.2133333341346154 0.01 0.3866666658653846 0.26 0.3777777788461538
558 0.26 0.05777777884615384 0.01 0.048888889423076926 0.01 0.2133333341346154 0.2566666658653846 0.2133333341346154 0.26 0.05777777884615384
558 0.5733333341346154 0.3644444447115385 0.5700000000000001 0.07555555528846154 0.26 0.06666666586538461 0.26999999999999996 0.3733333341346154 0.5733333341346154 0.3644444447115385
558 0.7966666658653847 0.18222222115384618 0.7666666658653847 0.44 0.9866666658653845 0.5911111105769231 0.9833333341346153 0.21777777884615385 0.7966666658653847 0.18222222115384618
1349 0.77 0.3777777788461538 0.77 0.35111111057692307 0.77 0.32444444471153844 0.7433333341346154 0.32444444471153844 0.73 0.33333333413461536 0.7 0.33333333413461536 0.6766666658653846 0.34666666586538464 0.66 0.35555555528846156 0.6766666658653846 0.3733333341346154 0.6966666658653846 0.3866666658653846 0.6933333341346154 0.41333333413461537 0.72 0.4311111105769231 0.7233333341346154 0.3866666658653846 0.77 0.3777777788461538
558 0.6333333341346153 0.8 0.5066666658653847 0.5955555552884616 0.5 0.88 0.5466666658653846 0.9555555552884616 0.5733333341346154 0.9866666658653845 0.6266666658653846 0.991111110576923 0.6333333341346153 0.8
719 0.7233333341346154 0.9555555552884616 0.64 0.8 0.63 0.991111110576923 0.75 0.991111110576923 0.7233333341346154 0.9555555552884616
788 0.3633333341346154 0.44 0.33666666586538463 0.44 0.33999999999999997 0.5155555552884615 0.3633333341346154 0.511111110576923 0.3633333341346154 0.44
788 0.39666666586538457 0.46222222115384615 0.39666666586538457 0.5244444447115385 0.42 0.5244444447115385 0.42 0.4666666658653846 0.39666666586538457 0.46222222115384615