663 0.1825 0.46166666586538463 0.39 0.5916666658653846 0.39375000000000004 0.053333334134615384 0.185 0.021666665865384613 0.1825 0.46166666586538463
1566 0.14125 0.505 0.14375 0.5733333341346154 0.30124999999999996 0.5549999999999999 0.20500000000000002 0.48166666586538465 0.18125000000000002 0.49 0.17875 0.4983333341346154 0.14125 0.505
559 0.00125 0.0033333341346153847 0.00125 0.2966666658653846 0.07875 0.2966666658653846 0.09375 0.2833333341346154 0.08875000000000001 0.0033333341346153847 0.00125 0.0033333341346153847
562 0.4975 0 0.49125 0.28166666586538464 0.51875 0.27833333413461536 0.52125 0.14 0.6525 0.13 0.64625 0.2966666658653846 0.69125 0.30166666586538465 0.7100000000000001 0.14666666586538463 0.88875 0.14 0.88625 0.1266666658653846 0.99875 0.11666666586538461 0.99875 0.09666666586538461 0.99875 0 0.4975 0
836 0.66875 0.9299999999999999 0.76 0.9983333341346154 0.99875 0.9916666658653847 0.9974999999999999 0.1566666658653846 0.94125 0.13 0.70875 0.145 0.6637500000000001 0.9116666658653846 0.6675 0.92 0.66875 0.9299999999999999
561 0.41625 0.6083333341346153 0.445 0.6266666658653846 0.45375 0.4533333341346154 0.41874999999999996 0.4433333341346154 0.41625 0.6083333341346153
1977 0.17124999999999999 0.49666666586538466 0.13625 0.51 0.14375 0.745 0.49624999999999997 0.6849999999999999 0.49624999999999997 0.6583333341346154 0.14375 0.4383333341346154 0.09375 0.4316666658653846 0.17124999999999999 0.49666666586538466
1977 0.051250000000000004 0.3866666658653846 0.00125 0.3883333341346154 0.007500000000000001 0.515 0.17124999999999999 0.4916666658653846 0.051250000000000004 0.3866666658653846
558 0.56625 0.7816666658653847 0.5675 0.8016666658653846 0.6625000000000001 0.8666666658653847 0.6787500000000001 0.5233333341346154 0.56625 0.4866666658653846 0.5537500000000001 0.7716666658653846 0.56625 0.7816666658653847
1675 0.475 0.6916666658653846 0.48375 0.765 0.54875 0.7966666658653847 0.56 0.8016666658653846 0.56 0.7833333341346154 0.55125 0.7766666658653846 0.5675 0.47833333413461543 0.6587500000000001 0.4633333341346154 0.6787500000000001 0.37 0.57625 0.34833333413461537 0.5625 0.4183333341346154 0.45875 0.46 0.45125 0.6283333341346153 0.49624999999999997 0.66 0.4975 0.6833333341346154 0.475 0.6916666658653846
1977 0.6812499999999999 0.5283333341346154 0.6849999999999999 0.475 0.6625000000000001 0.4666666658653846 0.565 0.48166666586538465 0.6812499999999999 0.5283333341346154
1977 0.46375 0.4566666658653846 0.5575 0.4233333341346154 0.5237499999999999 0.41333333413461537 0.43125 0.435 0.46375 0.4566666658653846
1116 0.52 0.14166666586538462 0.51875 0.27666666586538463 0.64375 0.28833333413461537 0.6487499999999999 0.13 0.52 0.14166666586538462
1485 0.62 0.40499999999999997 0.61125 0.41333333413461537 0.5925 0.41666666586538464 0.58875 0.44833333413461535 0.6174999999999999 0.46 0.635 0.46 0.6487499999999999 0.455 0.6487499999999999 0.4233333341346154 0.635 0.41333333413461537 0.62125 0.4116666658653846 0.62 0.40499999999999997
1485 0.51625 0.40166666586538463 0.50125 0.40166666586538463 0.48750000000000004 0.4116666658653846 0.44875000000000004 0.3983333341346154 0.4775 0.4116666658653846 0.48874999999999996 0.42500000000000004 0.49125 0.4433333341346154 0.50625 0.445 0.5275 0.445 0.5325 0.41333333413461537 0.525 0.40499999999999997 0.51625 0.40166666586538463
1601 0.12000000000000001 0.3866666658653846 0.14 0.3883333341346154 0.14125 0.34833333413461537 0.12000000000000001 0.35 0.12000000000000001 0.3866666658653846
637 0.20124999999999998 0.615 0.21125 0.61 0.23875 0.61 0.25625 0.605 0.24625 0.59 0.2275 0.5783333341346154 0.21375 0.5683333341346154 0.1875 0.5733333341346154 0.14625000000000002 0.5783333341346154 0.14 0.6216666658653847 0.17124999999999999 0.6216666658653847 0.19 0.6083333341346153 0.20124999999999998 0.615
1885 0.5537500000000001 0.0033333341346153847 0.5425 0.0033333341346153847 0.49624999999999997 0.005 0.445 0 0.01 0.0033333341346153847 0.00125 0.6649999999999999 0.19 0.64 0.18125000000000002 0.021666665865384613 0.39875 0.04833333413461539 0.39499999999999996 0.6466666658653846 0.54125 0.6533333341346155 0.5537500000000001 0.0033333341346153847
1885 0.54125 0.6583333341346154 0.99625 0.8983333341346154 0.9974999999999999 0.14 0.9974999999999999 0 0.55625 0.01 0.54125 0.6583333341346154
558 0.01 0.5216666658653846 0.005 0.9933333341346154 0.47250000000000003 0.9933333341346154 0.47375 0.6900000000000001 0.14125 0.7466666658653847 0.13625 0.505 0.01 0.5216666658653846
1601 0.19125 0.8616666658653845 0.2 0.95 0.23875 0.9383333341346154 0.23374999999999999 0.855 0.19125 0.8616666658653845
792 0.01 0.6633333341346154 0.005 0.9916666658653847 0.53 0.9916666658653847 0.9974999999999999 0.9916666658653847 0.9974999999999999 0.8999999999999999 0.5375 0.6583333341346154 0.39375000000000004 0.6483333341346154 0.01 0.6633333341346154