558 0.7225 0.08 0.7250000000000001 0.2933333341346154 0.92375 0.2866666658653846 0.91125 0.06666666586538461 0.7225 0.08
558 0.5525 0.2416666658653846 0.7175 0.23500000000000001 0.72 0.0766666658653846 0.545 0.08166666586538461 0.5525 0.2416666658653846
558 0.5399999999999999 0.08166666586538461 0.4775 0.07333333413461539 0.4775 0.3866666658653846 0.5475 0.38 0.5399999999999999 0.08166666586538461
1116 0.5475 0.2533333341346154 0.55 0.3766666658653846 0.72 0.37 0.7124999999999999 0.23833333413461538 0.5475 0.2533333341346154
491 0.76125 0.5066666658653847 0.7725000000000001 0.51 0.8099999999999999 0.5033333341346153 0.81375 0.445 0.8125 0.40666666586538464 0.8125 0.37 0.78 0.37 0.7587499999999999 0.3766666658653846 0.7587499999999999 0.415 0.76125 0.5066666658653847
558 0.39499999999999996 0.3416666658653846 0.38749999999999996 0.0016666658653846154 0.12000000000000001 0.005 0.1275 0.3083333341346154 0.17875 0.3083333341346154 0.31625000000000003 0.32499999999999996 0.39499999999999996 0.3416666658653846
291 0.33125000000000004 0.4283333341346154 0.32125 0.46166666586538463 0.31375000000000003 0.5683333341346154 0.34625 0.575 0.365 0.5583333341346154 0.3675 0.45833333413461536 0.3575 0.4283333341346154 0.34875 0.4 0.34625 0.3766666658653846 0.33375 0.3833333341346154 0.33625 0.40333333413461536 0.33125000000000004 0.4283333341346154
291 0.41375 0.5933333341346153 0.43125 0.6 0.445 0.5966666658653846 0.475 0.5866666658653846 0.47000000000000003 0.4866666658653846 0.46499999999999997 0.4316666658653846 0.4525 0.41000000000000003 0.445 0.39666666586538457 0.43875000000000003 0.3733333341346154 0.42624999999999996 0.3733333341346154 0.43125 0.39666666586538457 0.41625 0.41333333413461537 0.41125 0.4216666658653846 0.40375 0.44833333413461535 0.40375 0.575 0.41375 0.5933333341346153
561 0.57375 0.8200000000000001 0.73 0.8233333341346154 0.73 0.5316666658653847 0.5712499999999999 0.5416666658653846 0.57375 0.8200000000000001
559 0.14250000000000002 0.6583333341346154 0.16375 0.9883333341346153 0.48874999999999996 0.995 0.56 0.9983333341346154 0.57625 0.8233333341346154 0.5625 0.5483333341346154 0.51625 0.6516666658653846 0.14250000000000002 0.6583333341346154
1675 0.8724999999999999 0.72 0.865 0.545 0.91875 0.49666666586538466 0.90625 0.40333333413461536 0.7274999999999999 0.41333333413461537 0.7250000000000001 0.49666666586538466 0.73875 0.5233333341346154 0.73875 0.84 0.8099999999999999 0.8466666658653845 0.8049999999999999 0.72 0.8724999999999999 0.72
419 0.56875 0.7366666658653845 0.53 0.865 0.525 0.9883333341346153 0.60375 0.9983333341346154 0.625 0.985 0.60375 0.8099999999999999 0.60375 0.7366666658653845 0.6224999999999999 0.7133333341346154 0.6487499999999999 0.6916666658653846 0.6475000000000001 0.7516666658653846 0.64 0.7716666658653846 0.645 0.9916666658653847 0.66875 0.995 0.66125 0.7583333341346153 0.6587500000000001 0.6883333341346154 0.705 0.6649999999999999 0.705 0.7433333341346154 0.7025 0.7683333341346154 0.7 0.9916666658653847 0.7274999999999999 0.995 0.7225 0.7883333341346154 0.7175 0.7366666658653845 0.7175 0.6716666658653847 0.7274999999999999 0.6683333341346154 0.76625 0.6683333341346154 0.7587499999999999 0.7433333341346154 0.74875 0.7583333341346153 0.75125 0.995 0.785 0.9983333341346154 0.7725000000000001 0.7366666658653845 0.7775 0.6716666658653847 0.83125 0.6933333341346154 0.8875 0.7166666658653846 0.90125 0.7100000000000001 0.88 0.6849999999999999 0.83875 0.6583333341346154 0.7725000000000001 0.6366666658653847 0.7100000000000001 0.6383333341346155 0.6375 0.6616666658653846 0.56875 0.7366666658653845
561 0.865 0.565 0.8724999999999999 0.72 0.99625 0.7033333341346153 0.99625 0.6233333341346154 0.865 0.565
1977 0.3975 0.5133333341346155 0.15875 0.6166666658653847 0.1375 0.6166666658653847 0.1375 0.655 0.5087499999999999 0.655 0.56625 0.5383333341346154 0.73875 0.5283333341346154 0.7250000000000001 0.49666666586538466 0.48625 0.5 0.3975 0.5133333341346155
1885 0.15875 0.9983333341346154 0.11249999999999999 0.005 0.00625 0.005 0.00875 0.9916666658653847 0.15875 0.9983333341346154
1885 0.57875 0.8266666658653846 0.99625 0.8233333341346154 0.99875 0.011666665865384616 0.5275 0.0016666658653846154 0.57875 0.8266666658653846
1885 0.51875 0.005 0.12000000000000001 0.011666665865384616 0.1375 0.3116666658653846 0.14250000000000002 0.40666666586538464 0.15375 0.8066666658653846 0.5862499999999999 0.83 0.51875 0.005
792 0.15125 0.8033333341346154 0.16375 0.9983333341346154 0.9937499999999999 0.9916666658653847 0.9912500000000001 0.8266666658653846 0.15125 0.8033333341346154
1023 0.3 0.9816666658653846 0.32875 0.9916666658653847 0.31375000000000003 0.9366666658653846 0.2225 0.9400000000000001 0.2 0.9783333341346154 0.3 0.9816666658653846
1152 0.51 0.5533333341346154 0.5125 0.53 0.5025 0.53 0.50125 0.5166666658653847 0.46749999999999997 0.515 0.47125 0.5833333341346154 0.5 0.5866666658653846 0.5 0.5716666658653846 0.51 0.5533333341346154