1670 0.625 0.47000000000000003 0.625 0.44833333413461535 0.52 0.4316666658653846 0.51125 0.46166666586538463 0.445 0.4833333341346154 0.44 0.7433333341346154 0.57625 0.7583333341346153 0.59125 0.49666666586538466 0.625 0.47000000000000003
1116 0.29 0.5283333341346154 0.2825 0.39666666586538457 0.23125 0.3833333341346154 0.18125000000000002 0.39 0.1925 0.575 0.29 0.5283333341346154
751 0.64625 0.26999999999999996 0.64 0.215 0.51125 0.19833333413461537 0.5087499999999999 0.2116666658653846 0.475 0.20833333413461538 0.47875 0.2666666658653846 0.50375 0.2666666658653846 0.6174999999999999 0.28 0.64625 0.26999999999999996
558 0.82875 0.34833333413461537 0.8524999999999999 0.37 0.9624999999999999 0.39 0.98375 0.0016666658653846154 0.8575 0.005 0.84875 0.06666666586538461 0.82875 0.34833333413461537
1942 0.5087499999999999 0.1633333341346154 0.3725 0.16 0.375 0.3833333341346154 0.50125 0.39666666586538457 0.5087499999999999 0.1633333341346154
1942 0.81375 0.19 0.6637500000000001 0.17666666586538463 0.66625 0.41333333413461537 0.8025 0.4516666658653846 0.81375 0.19
1942 0.51125 0.40666666586538464 0.6375 0.4183333341346154 0.6425 0.2966666658653846 0.51625 0.2833333341346154 0.51125 0.40666666586538464
682 0.34875 0.6916666658653846 0.43624999999999997 0.72 0.42875 0.49 0.34875 0.4766666658653846 0.34875 0.6916666658653846
683 0.59625 0.5166666658653847 0.58375 0.755 0.6012500000000001 0.765 0.68625 0.645 0.6975 0.535 0.59625 0.5166666658653847
836 0.00125 0.19333333413461537 0.00125 0.9883333341346153 0.2075 0.9816666658653846 0.17625 0.19333333413461537 0.00125 0.19333333413461537
558 0.21250000000000002 0.9299999999999999 0.3025 0.8500000000000001 0.2975 0.5316666658653847 0.2 0.5816666658653846 0.21250000000000002 0.9299999999999999
559 0.0037500000000000003 0.1283333341346154 0.16875 0.14 0.17375000000000002 0.005 0.00125 0.0016666658653846154 0.0037500000000000003 0.1283333341346154
1977 0.6325000000000001 0.46833333413461536 0.6024999999999999 0.51 0.76625 0.5416666658653846 0.42125 0.995 0.9137500000000001 0.9883333341346153 0.95 0.4833333341346154 0.6325000000000001 0.46833333413461536
1977 0.37 0.4283333341346154 0.34875 0.45833333413461536 0.4425 0.49666666586538466 0.51625 0.455 0.37 0.4283333341346154
1885 0.97 0.005 0.35500000000000004 0.0016666658653846154 0.34875 0.6416666658653847 0.91875 0.6683333341346154 0.97 0.005
1885 0.33875 0.8466666658653845 0.35125 0.005 0.23374999999999999 0.008333334134615384 0.18375 0.0016666658653846154 0.22 0.7983333341346154 0.33875 0.8466666658653845
1885 0.18375 0.008333334134615384 0.00125 0.008333334134615384 0.0037500000000000003 0.17333333413461538 0.0037500000000000003 0.8616666658653845 0.22 0.8066666658653846 0.18375 0.008333334134615384
1885 0.9937499999999999 0.995 0.98875 0.011666665865384616 0.9774999999999999 0.015000000000000001 0.91875 0.9983333341346154 0.9937499999999999 0.995
792 0.35125 0.645 0.34625 0.8500000000000001 0.22874999999999998 0.8066666658653846 0.0037500000000000003 0.8616666658653845 0.00125 0.9983333341346154 0.2875 0.9883333341346153 0.91625 0.9983333341346154 0.93375 0.6683333341346154 0.35125 0.645
637 0.46 0.6616666658653846 0.4775 0.6649999999999999 0.49375 0.6616666658653846 0.50125 0.6616666658653846 0.50125 0.6233333341346154 0.50625 0.5549999999999999 0.48625 0.5383333341346154 0.4625 0.5316666658653847 0.46 0.6166666658653847 0.46 0.6616666658653846