1120 0.4176470576923077 0.220703125 0.4117647067307692 0.490234375 0.5147058822115385 0.494140625 0.5264705889423077 0.21875 0.4176470576923077 0.220703125
1942 0.15882352884615386 0.451171875 0.3058823533653846 0.462890625 0.3058823533653846 0.203125 0.15294117548076921 0.203125 0.15882352884615386 0.451171875
1947 0.6882352932692307 0.439453125 0.7029411754807692 0.439453125 0.7294117644230769 0.201171875 0.6676470576923077 0.203125 0.6499999999999999 0.451171875 0.6735294110576924 0.451171875 0.6882352932692307 0.439453125
1469 0.1764705889423077 0.79296875 0.4029411754807692 0.822265625 0.5676470576923077 0.65234375 0.32647058894230774 0.626953125 0.16764705769230767 0.71875 0.1764705889423077 0.79296875
402 0.75 0.005859375 0.829411764423077 0.041015625 0.8382352932692307 0 0.15 0.001953125 0.15 0.083984375 0.2823529423076923 0.001953125 0.75 0.005859375
211 0.2176470576923077 0.4765625 0.16176470673076923 0.45703125 0.16176470673076923 0.640625 0.1705882355769231 0.72265625 0.3882352932692308 0.599609375 0.39117647115384613 0.5546875 0.3882352932692308 0.521484375 0.3676470576923077 0.5 0.3382352932692308 0.48046875 0.2176470576923077 0.4765625
180 0.3617647067307692 0.595703125 0.3558823533653846 0.615234375 0.45588235336538463 0.625 0.4970588245192307 0.603515625 0.4794117644230769 0.576171875 0.3882352932692308 0.568359375 0.3617647067307692 0.595703125
1839 0.8117647067307693 0.212890625 0.8117647067307693 0.17578125 0.7882352932692308 0.173828125 0.7382352932692308 0.173828125 0.7058823533653846 0.439453125 0.7411764711538461 0.4453125 0.7882352932692308 0.44140625 0.7970588245192308 0.35546875 0.8117647067307693 0.212890625
852 0.6382352932692308 0.83984375 0.6470588245192308 0.845703125 0.6411764711538462 0.884765625 0.6617647067307693 0.884765625 0.6647058822115385 0.84375 0.7382352932692308 0.85546875 0.7911764711538462 0.453125 0.7823529423076923 0.44921875 0.6941176466346154 0.44140625 0.6852941177884616 0.453125 0.6382352932692308 0.83984375
655 0.8999999999999999 0 0.8352941177884615 0.056640625 0.7264705889423078 0.9296875 0.7470588245192308 0.998046875 0.8852941177884616 0.998046875 0.9970588245192308 0.287109375 0.9970588245192308 0 0.8999999999999999 0
910 0.7588235288461539 0.564453125 0.7470588245192308 0.55859375 0.7352941177884615 0.568359375 0.7382352932692308 0.583984375 0.7735294110576922 0.580078125 0.7823529423076923 0.583984375 0.7852941177884615 0.5703125 0.7676470576923078 0.5703125 0.7588235288461539 0.564453125
1885 0.9970588245192308 0.376953125 0.8999999999999999 0.998046875 0.9970588245192308 0.9921875 0.9970588245192308 0.376953125
947 0.9588235288461538 0.59765625 0.95 0.595703125 0.9176470576923077 0.591796875 0.9088235288461538 0.658203125 0.9352941177884616 0.65625 0.95 0.662109375 0.9588235288461538 0.59765625
1885 0.1441176466346154 0.001953125 0.008823528846153846 0.001953125 0.008823528846153846 0.99609375 0.1764705889423077 0.998046875 0.1441176466346154 0.001953125
1885 0.2794117644230769 0.005859375 0.1558823533653846 0.0859375 0.16764705769230767 0.5546875 0.6411764711538462 0.611328125 0.7911764711538462 0.634765625 0.8323529423076923 0.046875 0.7411764711538461 0.009765625 0.2794117644230769 0.005859375
792 0.7911764711538462 0.638671875 0.16764705769230767 0.556640625 0.17941176442307694 0.998046875 0.22941176442307692 0.998046875 0.8882352932692308 0.994140625 0.7911764711538462 0.638671875