558 0.3633333341346154 0 0.3766666658653846 0.2416666658653846 0.97 0.2416666658653846 0.9833333341346153 0 0.3633333341346154 0
1885 0.4433333341346154 0.4833333341346154 0.43 0.0041666658653846155 0.060000000000000005 0.0041666658653846155 0.16666666586538462 0.9708333341346154 0.4466666658653846 0.7833333341346154 0.4433333341346154 0.4833333341346154
1885 0.9299999999999999 0.9916666658653847 0.9466666658653846 0.5041666658653846 0.98 0 0.4366666658653846 0.008333334134615384 0.4466666658653846 0.7916666658653846 0.9299999999999999 0.9916666658653847
1564 0.4566666658653846 0.475 0.33999999999999997 0.5333333341346154 0.5066666658653847 0.5708333341346153 0.6066666658653846 0.5125 0.4566666658653846 0.475
1670 0.8733333341346154 0.6833333341346154 0.8766666658653846 0.6541666658653846 0.9433333341346154 0.5541666658653847 0.95 0.5125 0.74 0.47916666586538464 0.7333333341346153 0.525 0.6433333341346154 0.6083333341346153 0.64 0.9958333341346154 0.8633333341346153 0.9958333341346154 0.8733333341346154 0.6833333341346154
558 0.33999999999999997 0.8833333341346153 0.6166666658653847 0.9958333341346154 0.6333333341346153 0.6375 0.32333333413461535 0.5583333341346154 0.33999999999999997 0.8833333341346153
1977 0.7333333341346153 0.5166666658653847 0.4666666658653846 0.4541666658653846 0.3 0.5375 0.6433333341346154 0.6375 0.6466666658653846 0.6041666658653846 0.7333333341346153 0.5166666658653847
561 0.23 0.8374999999999999 0.14666666586538463 0.7833333341346154 0.16999999999999998 0.9958333341346154 0.2166666658653846 0.9958333341346154 0.23 0.8374999999999999
1942 0.25 0.5625 0.22 0.016666665865384615 0.06333333413461538 0.0125 0.13666666586538462 0.625 0.25 0.5625
1885 0.0033333341346153847 0 0.0033333341346153847 0.9958333341346154 0.16666666586538462 0.9916666658653847 0.056666665865384616 0.0041666658653846155 0.0033333341346153847 0
1885 0.9333333341346154 0.9958333341346154 0.9933333341346154 0.9916666658653847 0.99 0.0041666658653846155 0.9833333341346153 0.0041666658653846155 0.9333333341346154 0.9958333341346154
792 0.17333333413461538 0.9708333341346154 0.16999999999999998 0.9958333341346154 0.2966666658653846 0.9958333341346154 0.9266666658653846 0.9958333341346154 0.44999999999999996 0.7958333341346153 0.17333333413461538 0.9708333341346154
561 0.8733333341346154 0.9833333341346153 0.9366666658653846 0.9833333341346153 0.9299999999999999 0.6666666658653846 0.9466666658653846 0.5583333341346154 0.8933333341346154 0.6458333341346154 0.8866666658653847 0.6499999999999999 0.8733333341346154 0.9833333341346153