1120 0.38529411778846157 0.11328125 0.37941176442307695 0.390625 0.6029411754807692 0.3828125 0.6029411754807692 0.10546875 0.38529411778846157 0.11328125
1622 0.5294117644230769 0.130859375 0.5382352932692307 0.14453125 0.5558823533653846 0.140625 0.579411764423077 0.142578125 0.5647058822115384 0.115234375 0.5529411754807693 0.103515625 0.5382352932692307 0.1015625 0.5205882355769231 0.109375 0.5176470576923077 0.119140625 0.5294117644230769 0.130859375
1622 0.4441176466346154 0.13671875 0.45588235336538463 0.14453125 0.4735294110576923 0.142578125 0.5 0.138671875 0.48529411778846154 0.111328125 0.46470588221153847 0.10546875 0.4441176466346154 0.115234375 0.4441176466346154 0.13671875
1622 0.36470588221153843 0.140625 0.36470588221153843 0.1484375 0.39117647115384613 0.1484375 0.4176470576923077 0.142578125 0.4147058822115385 0.126953125 0.40588235336538464 0.1171875 0.37352941105769233 0.115234375 0.36470588221153843 0.123046875 0.36470588221153843 0.140625
459 0.9588235288461538 0.625 0.9941176466346153 0.642578125 0.9970588245192308 0.615234375 0.7882352932692308 0.603515625 0.7588235288461539 0.623046875 0.7735294110576922 0.640625 0.7764705889423078 0.740234375 0.8 0.751953125 0.7852941177884615 0.708984375 0.7882352932692308 0.666015625 0.8205882355769231 0.630859375 0.8588235288461538 0.609375 0.9382352932692307 0.6171875 0.9588235288461538 0.625
1927 0.9970588245192308 0.8828125 0.9970588245192308 0.833984375 0.9823529423076922 0.80859375 0.9558823533653846 0.79296875 0.8705882355769231 0.779296875 0.7911764711538462 0.771484375 0.7558823533653847 0.787109375 0.7323529423076922 0.806640625 0.7264705889423078 0.859375 0.7382352932692308 0.88671875 0.7647058822115385 0.904296875 0.7941176466346154 0.91796875 0.7852941177884615 0.943359375 0.7852941177884615 0.99609375 0.9294117644230769 0.99609375 0.9470588245192307 0.951171875 0.95 0.93359375 0.9970588245192308 0.91015625 0.9970588245192308 0.8828125
1782 0.8117647067307693 0.767578125 0.8441176466346154 0.77734375 0.9764705889423078 0.791015625 0.9970588245192308 0.763671875 0.9970588245192308 0.650390625 0.9735294110576922 0.638671875 0.9294117644230769 0.6171875 0.8970588245192308 0.611328125 0.8470588245192308 0.615234375 0.8029411754807693 0.63671875 0.7911764711538462 0.66015625 0.7882352932692308 0.677734375 0.7882352932692308 0.712890625 0.7970588245192308 0.748046875 0.8117647067307693 0.767578125
1907 0.5411764711538462 0.603515625 0.5647058822115384 0.59765625 0.5911764711538462 0.58203125 0.5529411754807693 0.556640625 0.5382352932692307 0.552734375 0.4441176466346154 0.546875 0.4 0.546875 0.35882352884615387 0.5546875 0.3235294110576923 0.56640625 0.3176470576923077 0.58203125 0.3352941177884615 0.595703125 0.37941176442307695 0.607421875 0.4441176466346154 0.611328125 0.4970588245192307 0.609375 0.5411764711538462 0.603515625
466 0.5529411754807693 0.91796875 0.6588235288461538 0.82421875 0.6647058822115385 0.56640625 0.36470588221153843 0.537109375 0.2058823533653846 0.595703125 0.1970588245192308 0.607421875 0.2264705889423077 0.6171875 0.2323529423076923 0.84375 0.25 0.84765625 0.2558823533653846 0.86328125 0.5529411754807693 0.91796875
1778 0.5970588245192308 0.646484375 0.5882352932692307 0.654296875 0.5823529423076923 0.673828125 0.6117647067307692 0.689453125 0.6235294110576923 0.685546875 0.6441176466346155 0.67578125 0.6588235288461538 0.66015625 0.6588235288461538 0.642578125 0.6499999999999999 0.6328125 0.6382352932692308 0.626953125 0.6264705889423077 0.626953125 0.5970588245192308 0.646484375
655 0.01176470673076923 0.994140625 0.08823529326923077 0.998046875 0.15294117548076921 0.92578125 0.05 0.046875 0.01176470673076923 0.03125 0.01176470673076923 0.994140625
1885 0.37352941105769233 0.794921875 0.3352941177884615 0.0390625 0.3352941177884615 0.001953125 0.008823528846153846 0.001953125 0.008823528846153846 0.994140625 0.37352941105769233 0.794921875
1885 0.37647058894230767 0.794921875 0.9970588245192308 0.857421875 0.9941176466346153 0 0.3382352932692308 0.001953125 0.37647058894230767 0.794921875
792 0.9911764711538461 0.859375 0.37647058894230767 0.794921875 0.020588235576923075 0.998046875 0.15 0.998046875 0.9970588245192308 0.998046875 0.9911764711538461 0.859375
1601 0.31470588221153845 0.466796875 0.3117647067307692 0.421875 0.2764705889423077 0.42578125 0.2794117644230769 0.470703125 0.31470588221153845 0.466796875
757 0.5029411754807692 0.5625 0.5205882355769231 0.5546875 0.5205882355769231 0.533203125 0.5 0.529296875 0.4823529423076923 0.54296875 0.4764705889423077 0.5390625 0.47058823557692303 0.521484375 0.4441176466346154 0.53515625 0.4470588245192308 0.552734375 0.46176470673076925 0.556640625 0.4911764711538461 0.560546875 0.5029411754807692 0.5625