559 0.1925 0.2966666658653846 0.16125 0.0016666658653846154 0.00125 0.0016666658653846154 0.00125 0.3283333341346154 0.1925 0.2966666658653846
559 0.26125000000000004 0.06333333413461538 0.7925 0.07333333413461539 0.8 0.1216666658653846 0.75375 0.215 0.92375 0.195 0.91625 0.005 0.16875 0.0016666658653846154 0.17875 0.095 0.26125000000000004 0.06333333413461538
751 0.7875000000000001 0.07333333413461539 0.26125000000000004 0.07 0.17875 0.10166666586538461 0.195 0.28 0.24375000000000002 0.2833333341346154 0.75375 0.22166666586538464 0.8 0.1316666658653846 0.7875000000000001 0.07333333413461539
1672 0.92125 0.8533333341346154 0.895 0.8266666658653846 0.8724999999999999 0.7033333341346153 0.6024999999999999 0.6166666658653847 0.59875 0.5583333341346154 0.605 0.5516666658653846 0.57625 0.445 0.19749999999999998 0.5683333341346154 0.22874999999999998 0.8099999999999999 0.41625 0.9983333341346154 0.8925 0.9983333341346154 0.895 0.8816666658653846 0.92125 0.8533333341346154
851 0.07625 0.7433333341346154 0.06375 0.7333333341346153 0.00625 0.7166666658653846 0.00125 0.72 0.00125 0.9883333341346153 0.0275 0.9916666658653847 0.045 0.9716666658653845 0.06875 0.9533333341346153 0.07625 0.9083333341346154 0.06875 0.7716666658653846 0.08875000000000001 0.7516666658653846 0.08625000000000001 0.7466666658653847 0.07625 0.7433333341346154
575 0.72 0.46833333413461536 0.73125 0.455 0.73625 0.42500000000000004 0.7250000000000001 0.4183333341346154 0.72875 0.39666666586538457 0.7250000000000001 0.36 0.7075 0.3733333341346154 0.7100000000000001 0.41000000000000003 0.7075 0.4216666658653846 0.7025 0.39333333413461535 0.6587500000000001 0.3733333341346154 0.66125 0.41333333413461537 0.65125 0.445 0.64625 0.4216666658653846 0.6275000000000001 0.4383333341346154 0.6275000000000001 0.455 0.6174999999999999 0.4766666658653846 0.63 0.51 0.6487499999999999 0.5233333341346154 0.6637500000000001 0.5383333341346154 0.6587500000000001 0.6333333341346153 0.7124999999999999 0.6266666658653846 0.715 0.535 0.7075 0.5233333341346154 0.7124999999999999 0.48000000000000004 0.72 0.46833333413461536
1239 0.7875000000000001 0.34500000000000003 0.7925 0.3216666658653846 0.7925 0.2866666658653846 0.7875000000000001 0.2666666658653846 0.7100000000000001 0.28 0.7075 0.32499999999999996 0.73375 0.3383333341346154 0.72875 0.3633333341346154 0.7875000000000001 0.34500000000000003
559 0.89625 0.8266666658653846 0.92625 0.8500000000000001 0.92125 0.8616666658653845 0.8987499999999999 0.875 0.89625 0.9983333341346154 0.9912500000000001 0.995 0.9937499999999999 0.5866666658653846 0.8674999999999999 0.6933333341346154 0.8825000000000001 0.7033333341346153 0.89625 0.8266666658653846
1977 0.865 0.6966666658653846 0.9937499999999999 0.5833333341346154 0.9937499999999999 0.5516666658653846 0.8925 0.5316666658653847 0.8212499999999999 0.5166666658653847 0.6174999999999999 0.62 0.865 0.6966666658653846
1977 0.0037500000000000003 0.9983333341346154 0.25125 0.9983333341346154 0.40625 0.9983333341346154 0.22 0.8033333341346154 0.0037500000000000003 0.8983333341346154 0.0037500000000000003 0.9983333341346154
1885 0.9937499999999999 0.5316666658653847 0.9937499999999999 0.0016666658653846154 0.83875 0.018333334134615385 0.83875 0.52 0.9937499999999999 0.5316666658653847
1885 0.8362499999999999 0.008333334134615384 0.0037500000000000003 0.011666665865384616 0.00125 0.39666666586538457 0.0037500000000000003 0.8916666658653847 0.83125 0.52 0.8362499999999999 0.008333334134615384
890 0.7025 0.7983333341346154 0.72 0.8066666658653846 0.73375 0.7916666658653846 0.73375 0.7483333341346154 0.5325 0.6783333341346154 0.44 0.7266666658653846 0.42875 0.7433333341346154 0.4425 0.7433333341346154 0.605 0.8233333341346154 0.605 0.8433333341346153 0.625 0.8500000000000001 0.6637500000000001 0.8366666658653846 0.66625 0.8266666658653846 0.7025 0.7983333341346154