402 0.275 0 0.5125 0.185 0.8975000000000001 0.19 0.9974999999999999 0.04 0.9974999999999999 0 0.275 0
457 0.4525 0.5883333341346154 0.41000000000000003 0.5933333341346153 0.36250000000000004 0.6283333341346153 0.365 0.75 0.415 0.7583333341346153 0.435 0.7566666658653846 0.455 0.7533333341346153 0.47000000000000003 0.7433333341346154 0.4825 0.7333333341346153 0.48750000000000004 0.7216666658653845 0.495 0.605 0.4825 0.5933333341346153 0.4525 0.5883333341346154
1927 0.4625 0.7466666658653847 0.43 0.7616666658653847 0.39499999999999996 0.76 0.40249999999999997 0.7883333341346154 0.445 0.8049999999999999 0.4525 0.8133333341346154 0.455 0.8866666658653847 0.6375 0.885 0.6725 0.8833333341346153 0.6875 0.8716666658653847 0.6725 0.8099999999999999 0.6925 0.7983333341346154 0.7124999999999999 0.7899999999999999 0.7325 0.7733333341346154 0.7474999999999999 0.7583333341346153 0.7474999999999999 0.745 0.7424999999999999 0.7283333341346154 0.7100000000000001 0.72 0.6575 0.7133333341346154 0.62 0.7083333341346154 0.515 0.7083333341346154 0.515 0.715 0.495 0.7166666658653846 0.48750000000000004 0.73 0.4625 0.7466666658653847
1778 0.36250000000000004 0.6900000000000001 0.3825 0.6900000000000001 0.3975 0.6833333341346154 0.40499999999999997 0.715 0.4125 0.6883333341346154 0.4125 0.6516666658653846 0.385 0.645 0.375 0.6566666658653847 0.36 0.6616666658653846 0.3525 0.675 0.36250000000000004 0.6900000000000001
1813 0.305 0.8733333341346154 0.32 0.875 0.32499999999999996 0.8833333341346153 0.3275 0.9833333341346153 0.435 0.9933333341346154 0.455 0.9833333341346153 0.4625 0.9683333341346153 0.49 0.9683333341346153 0.48750000000000004 0.95 0.47000000000000003 0.9516666658653846 0.455 0.8816666658653846 0.45749999999999996 0.8583333341346153 0.4525 0.845 0.42500000000000004 0.84 0.3925 0.84 0.3525 0.845 0.33 0.8583333341346153 0.3175 0.8583333341346153 0.305 0.8733333341346154
1494 0.735 0.74 0.9325 0.7483333341346154 0.9425 0.20166666586538462 0.4375 0.20500000000000002 0.4325 0.5816666658653846 0.4625 0.5866666658653846 0.46749999999999997 0.22333333413461537 0.7225 0.22166666586538464 0.735 0.74
1545 0.715 0.7899999999999999 0.6875 0.8049999999999999 0.9525 0.8133333341346154 0.9450000000000001 0.7583333341346153 0.87 0.6633333341346154 0.5175 0.67 0.495 0.705 0.5 0.715 0.5225000000000001 0.7066666658653846 0.64 0.7066666658653846 0.6975 0.7183333341346153 0.73 0.7266666658653846 0.7525000000000001 0.75 0.7325 0.7733333341346154 0.715 0.7899999999999999
1908 0.01 0.7749999999999999 0.01 0.9383333341346154 0.042499999999999996 0.9183333341346154 0.0875 0.8833333341346153 0.11249999999999999 0.8583333341346153 0.11 0.8233333341346154 0.0975 0.8 0.055 0.7833333341346154 0.0275 0.7733333341346154 0.01 0.7749999999999999
1601 0.23500000000000001 0.3583333341346154 0.2375 0.3183333341346154 0.20249999999999999 0.3166666658653846 0.20249999999999999 0.36 0.23500000000000001 0.3583333341346154
757 0.55 0.44999999999999996 0.5325 0.4433333341346154 0.5 0.435 0.49 0.44999999999999996 0.5325 0.4466666658653846 0.535 0.4533333341346154 0.5575 0.46833333413461536 0.55 0.44999999999999996
1885 0.87 0.6633333341346154 0.895 0.1916666658653846 0.5075000000000001 0.1833333341346154 0.51 0.28833333413461537 0.5125 0.6716666658653847 0.87 0.6633333341346154
1885 0.5075000000000001 0.18 0.2675 0.0033333341346153847 0.17750000000000002 0 0.175 0.023333334134615382 0.175 0.9983333341346154 0.2975 0.9933333341346154 0.4975 0.7166666658653846 0.515 0.6766666658653846 0.5075000000000001 0.18
1885 0.007500000000000001 0.9983333341346154 0.16249999999999998 0.9966666658653847 0.17250000000000001 0.0016666658653846154 0.01 0.0016666658653846154 0.007500000000000001 0.9983333341346154
1885 0.9450000000000001 0.755 0.9475 0.8233333341346154 0.9974999999999999 0.9266666658653846 0.9974999999999999 0.045 0.895 0.19333333413461537 0.8674999999999999 0.67 0.9450000000000001 0.755
792 0.4375 0.8016666658653846 0.3025 0.99 0.9974999999999999 0.9983333341346154 0.9974999999999999 0.9283333341346154 0.9375 0.8150000000000001 0.4375 0.8016666658653846
1794 0.9675 0.335 0.9400000000000001 0.3416666658653846 0.9375 0.6499999999999999 0.965 0.6866666658653846 0.985 0.72 0.9675 0.335
1027 0.6499999999999999 0.04166666586538462 0.66 0.04666666586538462 0.6925 0.04333333413461538 0.6849999999999999 0.025 0.67 0.015000000000000001 0.66 0.021666665865384613 0.6475000000000001 0.025 0.6425 0.030000000000000002 0.6425 0.038333334134615385 0.6499999999999999 0.04166666586538462