1885 0.7366666658653845 0 0.7066666658653846 0.7111111105769231 0.99 0.728888889423077 0.9933333341346154 0 0.7366666658653845 0
1885 0.1633333341346154 0 0.10666666586538462 0.0044444447115384615 0.1 0.6266666658653846 0.18 0.7955555552884616 0.1633333341346154 0
1184 0.0033333341346153847 0 0.0033333341346153847 0.631111110576923 0.1 0.6444444447115385 0.10333333413461537 0.0044444447115384615 0.0033333341346153847 0
1885 0.16999999999999998 0 0.19 0.8 0.4 0.76 0.40333333413461536 0 0.16999999999999998 0
1885 0.40666666586538464 0 0.4 0.7644444447115385 0.5333333341346154 0.7688888894230769 0.5533333341346154 0 0.40666666586538464 0
1885 0.5533333341346154 0.7555555552884615 0.7133333341346154 0.7155555552884615 0.7333333341346153 0.0044444447115384615 0.5533333341346154 0 0.5533333341346154 0.7555555552884615
283 0.5433333341346154 0.7644444447115385 0.5399999999999999 0.3822222211538462 0.4566666658653846 0.34666666586538464 0.26999999999999996 0.3688888894230769 0.2833333341346154 0.8 0.3066666658653846 0.8311111105769231 0.5433333341346154 0.7644444447115385
1311 0.32 0.32 0.3033333341346154 0.29777777884615386 0.26999999999999996 0.3155555552884615 0.2866666658653846 0.39555555528846154 0.32333333413461535 0.3822222211538462 0.32 0.32
279 0.3133333341346154 0.43555555528846157 0.32333333413461535 0.5288888894230769 0.41333333413461537 0.5244444447115385 0.41000000000000003 0.43555555528846157 0.3133333341346154 0.43555555528846157
279 0.53 0.5022222211538462 0.5266666658653846 0.4311111105769231 0.4333333341346154 0.4311111105769231 0.41333333413461537 0.4311111105769231 0.4233333341346154 0.52 0.53 0.5022222211538462
279 0.3666666658653846 0.5688888894230769 0.31 0.56 0.31 0.6622222211538461 0.3633333341346154 0.6577777788461538 0.3666666658653846 0.5688888894230769
279 0.4566666658653846 0.5644444447115384 0.3866666658653846 0.5688888894230769 0.3766666658653846 0.6488888894230769 0.44999999999999996 0.6488888894230769 0.4566666658653846 0.5644444447115384
279 0.5266666658653846 0.56 0.46 0.5644444447115384 0.46 0.6488888894230769 0.5333333341346154 0.6444444447115385 0.5266666658653846 0.56
279 0.5166666658653847 0.6933333341346154 0.49 0.6666666658653846 0.32333333413461535 0.6933333341346154 0.3166666658653846 0.8 0.5166666658653847 0.7733333341346154 0.5166666658653847 0.6933333341346154
1833 0.5833333341346154 0.35111111057692307 0.58 0.44 0.6233333341346154 0.4488888894230769 0.6266666658653846 0.3911111105769231 0.6333333341346153 0.2711111105769231 0.6433333341346154 0.18222222115384618 0.6533333341346155 0.33333333413461536 0.6499999999999999 0.4 0.6666666658653846 0.4444444447115385 0.6900000000000001 0.41777777884615386 0.6900000000000001 0.04 0.59 0.03555555528846154 0.59 0.17333333413461538 0.59 0.2933333341346154 0.5833333341346154 0.35111111057692307
1120 0.98 0.4311111105769231 0.9866666658653845 0.12000000000000001 0.8966666658653846 0.1288888894230769 0.88 0.4755555552884615 0.9833333341346153 0.52 0.98 0.4311111105769231
208 0.95 0.5511111105769231 0.8999999999999999 0.56 0.8733333341346154 0.5733333341346154 0.8099999999999999 0.5955555552884616 0.77 0.64 0.7233333341346154 0.7333333341346153 0.7033333341346153 0.8222222211538461 0.72 0.84 0.7333333341346153 0.8444444447115385 0.73 0.9688888894230769 0.9866666658653845 0.991111110576923 0.99 0.56 0.95 0.5511111105769231
1711 0.08666666586538462 0.991111110576923 0.053333334134615384 0.631111110576923 0.0033333341346153847 0.6355555552884616 0.0033333341346153847 0.9955555552884616 0.08666666586538462 0.991111110576923
792 0.55 0.76 0.39666666586538457 0.76 0.18666666586538463 0.8 0.1 0.6444444447115385 0.006666665865384615 0.631111110576923 0.006666665865384615 0.9955555552884616 0.6566666658653847 0.9955555552884616 0.9933333341346154 0.991111110576923 0.9866666658653845 0.728888889423077 0.7166666658653846 0.7022222211538461 0.55 0.76
854 0.7533333341346153 0.56 0.7433333341346154 0.6799999999999999 0.8033333341346154 0.608888889423077 0.8466666658653845 0.5733333341346154 0.8866666658653847 0.56 0.9333333341346154 0.5466666658653846 0.9766666658653846 0.5511111105769231 0.98 0.5244444447115385 0.9633333341346154 0.5066666658653847 0.95 0.5022222211538462 0.9566666658653846 0.32444444471153844 0.9033333341346155 0.32444444471153844 0.8933333341346154 0.4666666658653846 0.84 0.4666666658653846 0.83 0.5377777788461539 0.7766666658653846 0.5377777788461539 0.7766666658653846 0.5688888894230769 0.7533333341346153 0.56
180 0.27666666586538463 0.8088888894230769 0.28 0.688888889423077 0.2666666658653846 0.6666666658653846 0.2566666658653846 0.6577777788461538 0.21 0.6844444447115384 0.22 0.8088888894230769 0.23 0.8133333341346154 0.2566666658653846 0.8133333341346154 0.27666666586538463 0.8088888894230769