1885 0.0033333341346153847 0 0.0033333341346153847 0.9955555552884616 0.41333333413461537 0.6933333341346154 0.39 0.08444444471153846 0.28 0.048888889423076926 0.28 0 0.0033333341346153847 0
1885 0.5033333341346153 0.6711111105769232 0.5 0.08888888942307692 0.4 0.09333333413461539 0.41333333413461537 0.5377777788461539 0.41333333413461537 0.5777777788461539 0.5033333341346153 0.6711111105769232
1885 0.7666666658653847 0.1911111105769231 0.9933333341346154 0.17333333413461538 0.9866666658653845 0.05777777884615384 0.51 0.10666666586538462 0.51 0.6577777788461538 0.7533333341346153 0.688888889423077 0.7666666658653847 0.1911111105769231
1885 0.9733333341346154 0.2533333341346154 0.9866666658653845 0.24000000000000002 0.9933333341346154 0.18666666586538463 0.9833333341346153 0.18222222115384618 0.77 0.1911111105769231 0.7766666658653846 0.4533333341346154 0.9299999999999999 0.46222222115384615 0.9566666658653846 0.35555555528846156 0.9733333341346154 0.2533333341346154
1942 0.9133333341346154 0.23555555528846156 0.7966666658653847 0.23555555528846156 0.8133333341346154 0.3911111105769231 0.9033333341346155 0.39555555528846154 0.9133333341346154 0.23555555528846156
1743 0.84 0.3111111105769231 0.7933333341346154 0.34222222115384615 0.7966666658653847 0.42666666586538465 0.84 0.40444444471153845 0.84 0.3111111105769231
1714 0.9066666658653847 0.48888888942307696 0.8933333341346154 0.4933333341346154 0.92 0.4977777788461539 0.9133333341346154 0.4933333341346154 0.91 0.44 0.9333333341346154 0.4444444447115385 0.9233333341346154 0.40444444471153845 0.8666666658653847 0.40888888942307694 0.8666666658653847 0.44 0.9066666658653847 0.44 0.9066666658653847 0.48888888942307696
836 0.9400000000000001 0.43555555528846157 0.9299999999999999 0.5066666658653847 0.9299999999999999 0.5555555552884616 0.9299999999999999 0.5777777788461539 0.9266666658653846 0.5777777788461539 0.9033333341346155 0.8088888894230769 0.8966666658653846 0.888888889423077 0.8966666658653846 0.9777777788461539 0.8999999999999999 0.9955555552884616 0.9933333341346154 0.991111110576923 0.9933333341346154 0.2622222211538462 0.98 0.2622222211538462 0.9533333341346153 0.3777777788461538 0.9400000000000001 0.43555555528846157
1670 0.4933333341346154 0.8577777788461538 0.4866666658653846 0.608888889423077 0.49666666586538466 0.5955555552884616 0.49 0.5644444447115384 0.36 0.5333333341346154 0.36 0.4666666658653846 0.1533333341346154 0.5288888894230769 0.17666666586538463 0.8977777788461538 0.32333333413461535 0.991111110576923 0.3766666658653846 0.9955555552884616 0.4933333341346154 0.8577777788461538
558 0.40333333413461536 0.5466666658653846 0.47333333413461537 0.5644444447115384 0.49666666586538466 0.5733333341346154 0.4933333341346154 0.5155555552884615 0.4833333341346154 0.4755555552884615 0.40333333413461536 0.4533333341346154 0.3633333341346154 0.4977777788461539 0.3633333341346154 0.5244444447115385 0.40333333413461536 0.5466666658653846
558 0.34333333413461536 0.10666666586538462 0.3033333341346154 0.10222222115384616 0.28 0.10222222115384616 0.2833333341346154 0.35111111057692307 0.3133333341346154 0.35111111057692307 0.35666666586538465 0.35111111057692307 0.34333333413461536 0.10666666586538462
940 0.35333333413461543 0.34666666586538464 0.3833333341346154 0.34666666586538464 0.41333333413461537 0.34666666586538464 0.4366666658653846 0.34666666586538464 0.4333333341346154 0.14666666586538463 0.40333333413461536 0.13777777884615386 0.35 0.14222222115384617 0.35333333413461543 0.34666666586538464
558 0.52 0.34666666586538464 0.6266666658653846 0.34666666586538464 0.63 0.1333333341346154 0.6166666658653847 0.13777777884615386 0.5133333341346155 0.13777777884615386 0.52 0.34666666586538464
558 0.6333333341346153 0.35111111057692307 0.7466666658653847 0.34666666586538464 0.75 0.1333333341346154 0.64 0.1333333341346154 0.6333333341346153 0.35111111057692307
1977 0.8233333341346154 0.5377777788461539 0.83 0.48888888942307696 0.5366666658653846 0.45777777884615384 0.5066666658653847 0.4933333341346154 0.5466666658653846 0.5022222211538462 0.74 0.5066666658653847 0.7266666658653846 0.5377777788461539 0.8233333341346154 0.5377777788461539
558 0.7033333341346153 0.751111110576923 0.7166666658653846 0.7688888894230769 0.8066666658653846 0.7866666658653846 0.8266666658653846 0.5466666658653846 0.7333333341346153 0.5511111105769231 0.7233333341346154 0.5244444447115385 0.7033333341346153 0.751111110576923
558 0.53 0.688888889423077 0.7033333341346153 0.7244444447115386 0.7233333341346154 0.5244444447115385 0.51 0.5066666658653847 0.53 0.688888889423077
402 0.5 0.08888888942307692 0.5066666658653847 0.10222222115384616 0.9933333341346154 0.05777777884615384 0.9933333341346154 0 0.2833333341346154 0.0044444447115384615 0.29 0.048888889423076926 0.4 0.09333333413461539 0.5 0.08888888942307692
792 0.9366666658653846 0.45777777884615384 0.7733333341346154 0.4533333341346154 0.7633333341346155 0.6933333341346154 0.8766666658653846 0.7377777788461538 0.91 0.7377777788461538 0.9233333341346154 0.6444444447115385 0.9366666658653846 0.45777777884615384
792 0.76 0.6933333341346154 0.5133333341346155 0.6577777788461538 0.5066666658653847 0.6755555552884616 0.41666666586538464 0.5955555552884616 0.41333333413461537 0.6844444447115384 0.01 0.9955555552884616 0.0766666658653846 0.9955555552884616 0.8933333341346154 0.991111110576923 0.9133333341346154 0.7377777788461538 0.76 0.6933333341346154
1816 0.2966666658653846 0.8933333341346154 0.2166666658653846 0.8488888894230769 0.16 0.92 0.1633333341346154 0.991111110576923 0.2966666658653846 0.991111110576923 0.2966666658653846 0.8933333341346154
1520 0.1833333341346154 0.3777777788461538 0.27666666586538463 0.36 0.23333333413461538 0.33777777884615384 0.14 0.3644444447115385 0.1833333341346154 0.3777777788461538
1027 0.2633333341346154 0.22666666586538461 0.28 0.22666666586538461 0.29 0.20888888942307693 0.2833333341346154 0.19555555528846155 0.2633333341346154 0.2 0.2566666658653846 0.22222222115384616 0.24000000000000002 0.2666666658653846 0.2433333341346154 0.32444444471153844 0.2566666658653846 0.23111111057692307 0.2633333341346154 0.22666666586538461
1027 0.24000000000000002 0.36 0.2566666658653846 0.36 0.2566666658653846 0.33333333413461536 0.2433333341346154 0.32444444471153844 0.23333333413461538 0.33333333413461536 0.23333333413461538 0.35555555528846156 0.24000000000000002 0.36