1168 0.8999999999999999 0.830357141826923 0.8999999999999999 0.861607141826923 0.9333333341346154 0.861607141826923 0.97 0.49107142788461544 0.9966666658653847 0.49107142788461544 0.9766666658653846 0.40178571394230767 0.77 0.37946428605769233 0.75 0.45982142788461544 0.7666666658653847 0.47321428605769233 0.7433333341346154 0.825892858173077 0.7666666658653847 0.8392857139423077 0.7733333341346154 0.8080357139423077 0.8999999999999999 0.830357141826923
1027 0.88 0.3616071418269231 0.8666666658653847 0.3125 0.87 0.2633928581730769 0.88 0.22321428605769228 0.92 0.21875 0.92 0.20535714182692308 0.9133333341346154 0.1517857139423077 0.9266666658653846 0.09821428605769231 0.9366666658653846 0.06696428605769231 0.8633333341346153 0.07142857211538461 0.8099999999999999 0.0625 0.8200000000000001 0.11607142788461539 0.8033333341346154 0.20535714182692308 0.8566666658653846 0.21428571394230772 0.8500000000000001 0.30803571394230767 0.8433333341346153 0.3616071418269231 0.8333333341346154 0.3883928581730769 0.83 0.4196428581730769 0.8666666658653847 0.4196428581730769 0.8833333341346153 0.41517857211538456 0.88 0.3616071418269231
462 0.10333333413461537 0.3258928581730769 0.14333333413461538 0.3258928581730769 0.14 0.2723214278846154 0.09666666586538461 0.2767857139423077 0.10333333413461537 0.3258928581730769
1027 0.016666665865384615 0.12053571394230769 0.013333334134615385 0.15625 0.053333334134615384 0.16517857211538461 0.056666665865384616 0.20982142788461539 0.060000000000000005 0.25 0.05 0.3125 0.06666666586538461 0.3258928581730769 0.09 0.3258928581730769 0.09333333413461539 0.2901785721153846 0.08 0.25 0.07333333413461539 0.16964285817307692 0.09333333413461539 0.16517857211538461 0.12333333413461538 0.15625 0.10666666586538462 0.09821428605769231 0.10666666586538462 0.04910714182692308 0.05 0.04910714182692308 0.006666665865384615 0.0625 0.016666665865384615 0.12053571394230769
1170 0.1833333341346154 0.30803571394230767 0.06666666586538461 0.2901785721153846 0.006666665865384615 0.32142857211538456 0.006666665865384615 0.40625 0.07 0.3928571418269231 0.16999999999999998 0.33482142788461544 0.16999999999999998 0.3258928581730769 0.1833333341346154 0.30803571394230767
208 0.006666665865384615 0.4196428581730769 0.006666665865384615 0.9955357139423077 0.52 0.9955357139423077 0.55 0.9285714278846153 0.6066666658653846 0.8080357139423077 0.6333333341346153 0.71875 0.6433333341346154 0.669642858173077 0.67 0.638392858173077 0.6966666658653846 0.5803571418269231 0.7066666658653846 0.5044642860576923 0.6833333341346154 0.40625 0.6633333341346154 0.375 0.64 0.3571428581730769 0.6233333341346154 0.3125 0.6466666658653846 0.2544642860576923 0.6033333341346154 0.20535714182692308 0.4233333341346154 0.20535714182692308 0.41666666586538464 0.19196428605769228 0.3733333341346154 0.19196428605769228 0.2966666658653846 0.19196428605769228 0.2433333341346154 0.1517857139423077 0.22666666586538461 0.21875 0.19333333413461537 0.32142857211538456 0.16 0.34821428605769233 0.006666665865384615 0.4196428581730769
570 0.2033333341346154 0.36607142788461544 0.2566666658653846 0.375 0.35333333413461543 0.37053571394230767 0.35333333413461543 0.30803571394230767 0.37 0.21875 0.21 0.21875 0.2166666658653846 0.2901785721153846 0.2033333341346154 0.36607142788461544
570 0.3833333341346154 0.37946428605769233 0.43 0.375 0.5266666658653846 0.39732142788461544 0.5266666658653846 0.34375 0.55 0.2633928581730769 0.5266666658653846 0.23660714182692308 0.47333333413461537 0.25 0.39333333413461535 0.22767857211538461 0.38 0.3258928581730769 0.3833333341346154 0.37946428605769233
1885 0.9966666658653847 0.986607141826923 0.9966666658653847 0.2901785721153846 0.9566666658653846 0.705357141826923 0.97 0.9955357139423077 0.9966666658653847 0.986607141826923
1885 0.006666665865384615 0 0.01 0.5535714278846154 0.6433333341346154 0.6651785721153847 0.95 0.71875 0.9966666658653847 0.2767857139423077 0.9966666658653847 0 0.006666665865384615 0
792 0.01 0.5625 0.013333334134615385 0.9955357139423077 0.8933333341346154 0.9955357139423077 0.9633333341346154 0.9955357139423077 0.9466666658653846 0.71875 0.01 0.5625