207 0.029288701923076924 0.7695167283653847 0.03486750240384615 0.9981412644230769 0.8479776850961538 0.9962825288461539 0.8479776850961538 0.9312267668269231 0.8256624831730769 0.8736059471153846 0.7949790793269231 0.8364312259615385 0.7405857740384616 0.7806691442307692 0.7112970721153846 0.7509293677884615 0.6806136682692308 0.6988847572115385 0.6443514639423077 0.6672862451923076 0.5997210600961538 0.6115241634615385 0.5704323581730769 0.5855018581730769 0.5202231514423077 0.5278810408653846 0.4853556490384615 0.48513011057692307 0.4198047427884615 0.3977695168269231 0.40167363942307693 0.39219330769230765 0.36401673557692305 0.3903345721153846 0.2845188293269231 0.3810408918269231 0.21896792307692306 0.39962825240384614 0.12412831249999999 0.42193308653846157 0.07670850721153846 0.43308550240384613 0.05299860576923077 0.4423791826923077 0.02092050240384615 0.46654275 0.02092050240384615 0.5371747211538461 0.018131100961538464 0.6319702596153847 0.029288701923076924 0.7695167283653847
208 0.584379358173077 0.34200743509615383 0.5467224543269231 0.3680297403846154 0.5188284519230769 0.4089219326923077 0.5146443509615385 0.45724906971153845 0.5188284519230769 0.49070631971153844 0.5271966538461539 0.5092936802884616 0.5258019519230769 0.5260223052884615 0.5341701538461539 0.5278810408653846 0.5467224543269231 0.5315985120192308 0.5648535552884616 0.5501858725961538 0.5913528581730769 0.5613382908653846 0.6011157596153847 0.5892193317307692 0.6331938629807692 0.6115241634615385 0.6610878653846155 0.6524163557692308 0.7001394711538461 0.6988847572115385 0.7350069735576923 0.726765798076923 0.7503486754807691 0.7676579927884616 0.7712691778846155 0.7788104086538462 0.8117154807692307 0.8364312259615385 0.8535564855769231 0.8698884759615384 0.9149232908653846 0.9368029735576923 0.9386331947115385 0.9591078076923077 0.9623430961538462 0.9516728629807693 0.9930264999999999 0.947955389423077 0.9958158990384616 0.39591078124999995 0.8158995817307692 0.28624535336538465 0.584379358173077 0.34200743509615383
570 0.751743375 0.27881040865384615 0.7336122740384615 0.2973977692307692 0.6875871682692308 0.2899628245192308 0.7057182716346154 0.31970260336538464 0.7182705721153847 0.37918215625 0.7210599711538461 0.41078066826923076 0.751743375 0.3903345721153846 0.7907949783653846 0.38847583653846157 0.8270571826923077 0.37918215625 0.8019525793269231 0.3327137548076923 0.7949790793269231 0.3066914495192308 0.7810320769230769 0.28252788221153846 0.751743375 0.27881040865384615
570 0.7210599711538461 0.4163568774038462 0.722454673076923 0.4014869879807692 0.7071129711538462 0.3494423798076923 0.6903765697115385 0.31226765865384615 0.6652719663461538 0.3178438653846154 0.5941422596153847 0.32713754567307696 0.5871687596153846 0.34014869951923077 0.5913528581730769 0.3605947956730769 0.5913528581730769 0.39591078124999995 0.6373779639423076 0.4014869879807692 0.6680613677884615 0.41078066826923076 0.7210599711538461 0.4163568774038462
570 0.2705718269230769 0.5390334567307693 0.27615062740384616 0.518587360576923 0.2608089254807692 0.46840148798076925 0.2468619254807692 0.4200743485576923 0.2231520216346154 0.4089219326923077 0.11436541105769231 0.42565055769230764 0.11018131009615385 0.4460966538461539 0.10599721153846153 0.4795539038461539 0.11436541105769231 0.5223048317307692 0.12552301201923077 0.5501858725961538 0.17712691826923077 0.5594795528846154 0.23709902403846156 0.5464684014423077 0.2705718269230769 0.5390334567307693
570 0.4337517427884615 0.4925650552884615 0.43933054326923077 0.46654275 0.40167363942307693 0.4498141274038462 0.38354253846153846 0.4163568774038462 0.3528591346153846 0.3828996274038462 0.34449093509615386 0.3903345721153846 0.29428172836538463 0.39962825240384614 0.25941422596153846 0.39962825240384614 0.2538354254807692 0.42750929326923076 0.26359832692307694 0.46840148798076925 0.2817294278846154 0.5167286249999999 0.30683403125 0.5501858725961538 0.35006973557692306 0.5483271370192307 0.37656903846153844 0.5278810408653846 0.4337517427884615 0.4925650552884615
1039 0.05857740625 0.4368029735576923 0.2873082283653846 0.3810408918269231 0.3347280336538461 0.3866171009615385 0.40585774038461536 0.3903345721153846 0.43654114423076923 0.39962825240384614 0.5174337524038461 0.39591078124999995 0.5271966538461539 0.3754646850961538 0.5495118557692308 0.3550185865384616 0.5495118557692308 0.0018587355769230768 0.0013946995192307692 0 0.0013946995192307692 0.21003717548076925 0.03486750240384615 0.45167286298076925 0.05857740625 0.4368029735576923
564 0.2705718269230769 0.34572490625 0.2789400288461538 0.36617100480769227 0.3012552307692308 0.3717472115384615 0.34309623317307697 0.3866171009615385 0.3723849375 0.3866171009615385 0.3960948389423077 0.3810408918269231 0.4128312403846154 0.3903345721153846 0.41004184134615385 0.3178438653846154 0.41004184134615385 0.26951672836538465 0.4128312403846154 0.2118959110576923 0.4114365408653846 0.1319702596153846 0.41841004086538464 0.055762081730769235 0.41701534134615387 0.0018587355769230768 0.20781031971153846 0.0018587355769230768 0.2092050216346154 0.03903345673076923 0.22175732211538463 0.13568773317307692 0.23430962259615384 0.21561338221153845 0.25662482451923074 0.3011152427884615 0.2705718269230769 0.34572490625
1885 0.832635983173077 0.0018587355769230768 0.5523012548076923 0 0.5481171538461539 0.42193308653846157 0.8256624831730769 0.38847583653846157 0.832635983173077 0.0018587355769230768
1885 0.832635983173077 0 0.8256624831730769 0.38847583653846157 0.9930264999999999 0.5371747211538461 0.9972105985576923 0 0.832635983173077 0
1885 0.0013946995192307692 0.21747211778846154 0.0013946995192307692 0.9925650552884615 0.039051603365384616 0.9962825288461539 0.03626220432692308 0.46096654326923076 0.0013946995192307692 0.21747211778846154
792 0.5383542548076923 0.3754646850961538 0.0418410048076923 0.4925650552884615 0.0418410048076923 0.9925650552884615 0.9972105985576923 0.9925650552884615 0.9860529975961538 0.5390334567307693 0.8270571826923077 0.3866171009615385 0.5467224543269231 0.42565055769230764 0.5383542548076923 0.3754646850961538