1885 0.2966666658653846 0.8133333341346154 0.7666666658653847 0.6844444447115384 0.7666666658653847 0.0044444447115384615 0.2566666658653846 0 0.2966666658653846 0.8133333341346154
1885 0.7666666658653847 0 0.7733333341346154 0.688888889423077 0.9933333341346154 0.7022222211538461 0.9966666658653847 0 0.7666666658653847 0
1885 0.006666665865384615 0 0.006666665865384615 0.991111110576923 0.14333333413461538 0.8133333341346154 0.1266666658653846 0 0.006666665865384615 0
1885 0.1333333341346154 0 0.14333333413461538 0.8044444447115384 0.2866666658653846 0.8088888894230769 0.2533333341346154 0 0.2166666658653846 0 0.1333333341346154 0
792 0.2933333341346154 0.8088888894230769 0.14333333413461538 0.8044444447115384 0.01 0.991111110576923 0.2033333341346154 0.9866666658653845 0.9966666658653847 0.991111110576923 0.9966666658653847 0.7022222211538461 0.76 0.6977777788461539 0.2933333341346154 0.8088888894230769
1120 0.42666666586538465 0.013333334134615385 0.44 0.5955555552884616 0.5266666658653846 0.5777777788461539 0.52 0.013333334134615385 0.42666666586538465 0.013333334134615385
1523 0.01 0.991111110576923 0.09 0.991111110576923 0.25 0.8355555552884616 0.2433333341346154 0.6666666658653846 0.2133333341346154 0.6533333341346155 0.07333333413461539 0.7644444447115385 0.01 0.76 0.01 0.991111110576923
1743 0.14 0.72 0.23 0.6444444447115385 0.22666666586538461 0.40444444471153845 0.1266666658653846 0.39555555528846154 0.04333333413461538 0.41777777884615386 0.013333334134615385 0.48000000000000004 0.01 0.5377777788461539 0.12000000000000001 0.5511111105769231 0.14 0.72
1156 0.01 0.5377777788461539 0.006666665865384615 0.7644444447115385 0.06666666586538461 0.751111110576923 0.1333333341346154 0.7111111105769231 0.1266666658653846 0.5511111105769231 0.030000000000000002 0.5422222211538462 0.01 0.5377777788461539
1876 0.32 0.8 0.3266666658653846 0.8222222211538461 0.44 0.7555555552884615 0.4333333341346154 0.6977777788461539 0.4233333341346154 0.64 0.41666666586538464 0.6044444447115385 0.40666666586538464 0.5866666658653846 0.3833333341346154 0.5733333341346154 0.3633333341346154 0.5688888894230769 0.33999999999999997 0.5777777788461539 0.33 0.5911111105769231 0.3266666658653846 0.6177777788461539 0.33666666586538463 0.608888889423077 0.35666666586538465 0.6044444447115385 0.3766666658653846 0.608888889423077 0.4 0.6266666658653846 0.3633333341346154 0.608888889423077 0.33 0.631111110576923 0.31 0.6666666658653846 0.3133333341346154 0.7466666658653847 0.32 0.8
207 0.6966666658653846 0.5955555552884616 0.64 0.5955555552884616 0.58 0.6133333341346154 0.5066666658653847 0.6577777788461538 0.4466666658653846 0.7244444447115386 0.42666666586538465 0.777777778846154 0.42 0.8444444447115385 0.42 0.8844444447115385 0.4466666658653846 0.8488888894230769 0.4533333341346154 0.9866666658653845 0.49666666586538466 0.9822222211538462 0.49 0.88 0.6333333341346153 0.9777777788461539 0.99 0.991111110576923 0.9966666658653847 0.5377777788461539 0.9633333341346154 0.56 0.8833333341346153 0.5688888894230769 0.8200000000000001 0.5733333341346154 0.76 0.5866666658653846 0.6966666658653846 0.5955555552884616