402 0.61 0 0.6799999999999999 0.04 0.9933333341346154 0.04 0.99 0 0.61 0
1885 0.6733333341346154 0.04444444471153846 0.6866666658653846 0.7022222211538461 0.99 0.6799999999999999 0.9866666658653845 0.053333334134615384 0.6733333341346154 0.04444444471153846
1885 0.67 0.048888889423076926 0.6033333341346154 0 0.4333333341346154 0.0044444447115384615 0.46 0.7866666658653846 0.6900000000000001 0.7111111105769231 0.67 0.048888889423076926
1885 0.43 0 0.14 0.0044444447115384615 0.1633333341346154 0.728888889423077 0.46 0.7955555552884616 0.43 0
1885 0.14 0 0.0033333341346153847 0.0044444447115384615 0.0033333341346153847 0.8088888894230769 0.16 0.7333333341346153 0.14 0
792 0.16666666586538462 0.7377777788461538 0.0033333341346153847 0.8133333341346154 0.0033333341346153847 0.9955555552884616 0.9933333341346154 0.9955555552884616 0.9933333341346154 0.6933333341346154 0.6966666658653846 0.7111111105769231 0.46 0.8 0.16666666586538462 0.7377777788461538
208 0.01 0.9955555552884616 0.6133333341346154 0.9955555552884616 0.64 0.92 0.5533333341346154 0.751111110576923 0.2 0.64 0.0033333341346153847 0.7111111105769231 0.01 0.9955555552884616
564 0.01 0.688888889423077 0.06333333413461538 0.6622222211538461 0.1533333341346154 0.6444444447115385 0.14 0.017777778846153846 0.01 0.013333334134615385 0.01 0.688888889423077
564 0.5233333341346154 0.6933333341346154 0.5333333341346154 0.6622222211538461 0.5533333341346154 0.6444444447115385 0.5733333341346154 0.6444444447115385 0.5866666658653846 0.631111110576923 0.6066666658653846 0.6177777788461539 0.59 0.08444444471153846 0.46 0.04 0.4666666658653846 0.7111111105769231 0.5066666658653847 0.7155555552884615 0.5233333341346154 0.6933333341346154
564 0.7899999999999999 0.64 0.8033333341346154 0.631111110576923 0.8066666658653846 0.6133333341346154 0.8533333341346154 0.5911111105769231 0.8866666658653847 0.6044444447115385 0.9133333341346154 0.608888889423077 0.9299999999999999 0.12000000000000001 0.7533333341346153 0.10666666586538462 0.7466666658653847 0.6222222211538462 0.77 0.6266666658653846 0.7899999999999999 0.64
153 0.5933333341346153 0.6977777788461539 0.5866666658653846 0.6666666658653846 0.58 0.6488888894230769 0.5633333341346154 0.6488888894230769 0.5399999999999999 0.6622222211538461 0.5366666658653846 0.6711111105769232 0.5399999999999999 0.72 0.5633333341346154 0.751111110576923 0.5866666658653846 0.76 0.5933333341346153 0.7377777788461538 0.5933333341346153 0.6977777788461539
153 0.5966666658653846 0.6444444447115385 0.58 0.6444444447115385 0.5933333341346153 0.76 0.6266666658653846 0.7733333341346154 0.6333333341346153 0.6577777788461538 0.6166666658653847 0.6444444447115385 0.5966666658653846 0.6444444447115385