423 0.3 0.991111110576923 0.34333333413461536 0.92 0.3666666658653846 0.8711111105769231 0.35666666586538465 0.8488888894230769 0.3733333341346154 0.7822222211538462 0.2866666658653846 0.7244444447115386 0.2666666658653846 0.5911111105769231 0.26 0.6222222211538462 0.18666666586538463 0.6444444447115385 0.09666666586538461 0.6755555552884616 0.09 0.6577777788461538 0.08 0.7955555552884616 0.2166666658653846 0.88 0.23333333413461538 0.888888889423077 0.23333333413461538 0.9155555552884616 0.2066666658653846 0.951111110576923 0.2133333341346154 0.9866666658653845 0.23 0.9955555552884616 0.3 0.991111110576923
1711 0.23 0.8933333341346154 0.01 0.728888889423077 0.006666665865384615 0.991111110576923 0.22 0.991111110576923 0.2033333341346154 0.9466666658653846 0.23 0.9244444447115385 0.23 0.8933333341346154
1885 0.006666665865384615 0 0.013333334134615385 0.9822222211538462 0.3633333341346154 0.9955555552884616 0.3733333341346154 0 0.006666665865384615 0
1885 0.3766666658653846 0 0.3766666658653846 0.9955555552884616 0.9966666658653847 0.991111110576923 0.9966666658653847 0 0.3766666658653846 0
838 0.89 0.888888889423077 0.9033333341346155 0.8933333341346154 0.9366666658653846 0.3733333341346154 0.7566666658653846 0.32444444471153844 0.58 0.35555555528846156 0.5566666658653846 0.991111110576923 0.7933333341346154 0.9955555552884616 0.8099999999999999 0.9288888894230769 0.8366666658653846 0.8977777788461538 0.89 0.888888889423077
1764 0.75 0.3688888894230769 0.7666666658653847 0.3688888894230769 0.7933333341346154 0.3644444447115385 0.7899999999999999 0.2533333341346154 0.75 0.2711111105769231 0.75 0.3688888894230769
788 0.7933333341346154 0.27555555528846154 0.8 0.3688888894230769 0.83 0.3644444447115385 0.83 0.2577777788461538 0.7966666658653847 0.2577777788461538 0.8 0.27555555528846154 0.7933333341346154 0.27555555528846154
788 0.8933333341346154 0.2577777788461538 0.8999999999999999 0.35111111057692307 0.92 0.34666666586538464 0.9233333341346154 0.27555555528846154 0.9166666658653846 0.2533333341346154 0.9066666658653847 0.23555555528846156 0.8999999999999999 0.24000000000000002 0.8999999999999999 0.2533333341346154 0.8933333341346154 0.2577777788461538
487 0.49 0.5866666658653846 0.4933333341346154 0.5511111105769231 0.5 0.43555555528846157 0.41666666586538464 0.44 0.42 0.5066666658653847 0.41666666586538464 0.5422222211538462 0.42 0.56 0.41666666586538464 0.5866666658653846 0.4466666658653846 0.5955555552884616 0.49 0.5866666658653846
819 0.5266666658653846 0.5022222211538462 0.5266666658653846 0.5511111105769231 0.5233333341346154 0.5955555552884616 0.56 0.6177777788461539 0.5700000000000001 0.42666666586538465 0.5700000000000001 0.39555555528846154 0.5533333341346154 0.3822222211538462 0.5266666658653846 0.3911111105769231 0.5233333341346154 0.40888888942307694 0.5166666658653847 0.42666666586538465 0.52 0.4488888894230769 0.5333333341346154 0.4666666658653846 0.5333333341346154 0.48444444471153847 0.5266666658653846 0.5022222211538462
558 0.5633333341346154 0.5688888894230769 0.48000000000000004 0.5333333341346154 0.39333333413461535 0.5866666658653846 0.3833333341346154 0.991111110576923 0.5433333341346154 0.991111110576923 0.5633333341346154 0.6222222211538462 0.5633333341346154 0.5688888894230769
1942 0.016666665865384615 0.6711111105769232 0.19333333413461537 0.631111110576923 0.18 0.05777777884615384 0.013333334134615385 0.026666665865384614 0.016666665865384615 0.6711111105769232
1802 0.22 0.8533333341346154 0.24000000000000002 0.8355555552884616 0.24000000000000002 0.8133333341346154 0.22333333413461537 0.7733333341346154 0.18666666586538463 0.7955555552884616 0.18666666586538463 0.7822222211538462 0.18666666586538463 0.7644444447115385 0.1833333341346154 0.7333333341346153 0.16 0.7422222211538462 0.10666666586538462 0.7377777788461538 0.10666666586538462 0.7866666658653846 0.14333333413461538 0.7822222211538462 0.13666666586538462 0.8266666658653846 0.2033333341346154 0.8577777788461538 0.22 0.8533333341346154
558 0.99 0.07555555528846154 0.9933333341346154 0.008888889423076923 0.43 0.008888889423076923 0.42 0.3822222211538462 0.39666666586538457 0.5822222211538461 0.48000000000000004 0.5377777788461539 0.5566666658653846 0.5822222211538461 0.5766666658653846 0.3688888894230769 0.6933333341346154 0.33333333413461536 0.7166666658653846 0.11111111057692308 0.9733333341346154 0.09333333413461539 0.99 0.07555555528846154
1818 0.55 0.33333333413461536 0.5533333341346154 0.3155555552884615 0.56 0.2577777788461538 0.5333333341346154 0.22666666586538461 0.5133333341346155 0.22666666586538461 0.4866666658653846 0.2533333341346154 0.48000000000000004 0.27555555528846154 0.48000000000000004 0.3111111105769231 0.4866666658653846 0.33333333413461536 0.5 0.34666666586538464 0.5233333341346154 0.36 0.5366666658653846 0.36 0.55 0.33333333413461536