402 0.06375 0.053333334134615384 0.26375 0.04333333413461538 0.36 0.08 0.99625 0.005 0.06875 0.005 0.06375 0.053333334134615384
1942 0.51125 0.5383333341346154 0.7075 0.5483333341346154 0.73625 0.5483333341346154 0.73875 0.215 0.5087499999999999 0.22166666586538464 0.51125 0.5383333341346154
564 0.525 0.19 0.5087499999999999 0.1833333341346154 0.48124999999999996 0.19333333413461537 0.46749999999999997 0.19333333413461537 0.45749999999999996 0.26999999999999996 0.4625 0.3216666658653846 0.4525 0.39333333413461535 0.43125 0.535 0.4425 0.5516666658653846 0.46499999999999997 0.5516666658653846 0.4775 0.5483333341346154 0.51375 0.5416666658653846 0.535 0.5516666658653846 0.56375 0.5516666658653846 0.57375 0.5549999999999999 0.57375 0.5383333341346154 0.56375 0.1833333341346154 0.55 0.19 0.5399999999999999 0.18666666586538463 0.525 0.19
751 0.18125000000000002 0.34833333413461537 0.2875 0.3583333341346154 0.31 0.2933333341346154 0.215 0.2933333341346154 0.18125000000000002 0.29 0.18125000000000002 0.34833333413461537
836 0.855 0.3283333341346154 0.8412499999999999 0.3383333341346154 0.8187500000000001 0.9299999999999999 0.8825000000000001 0.95 0.9600000000000001 0.97 0.98125 0.335 0.9400000000000001 0.3216666658653846 0.855 0.3283333341346154
558 0.06625 0.39 0.09874999999999999 0.3866666658653846 0.18625 0.39 0.18875 0.1216666658653846 0.09625 0.095 0.06375 0.095 0.06625 0.39
562 0.22499999999999998 0.39 0.28 0.39666666586538457 0.42875 0.39 0.4525 0.3833333341346154 0.46749999999999997 0.3833333341346154 0.47000000000000003 0.18666666586538463 0.43125 0.16999999999999998 0.34875 0.17666666586538463 0.19 0.1283333341346154 0.18875 0.29 0.305 0.29 0.31375000000000003 0.305 0.28500000000000003 0.3633333341346154 0.2225 0.3633333341346154 0.22499999999999998 0.39
558 0.84375 0.3116666658653846 0.98375 0.305 0.9937499999999999 0.1216666658653846 0.8512500000000001 0.125 0.84375 0.3116666658653846
558 0.73625 0.14666666586538463 0.7412500000000001 0.40666666586538464 0.8099999999999999 0.40666666586538464 0.83125 0.40666666586538464 0.83875 0.13666666586538462 0.73625 0.14666666586538463
562 0.39 0.5866666658653846 0.385 0.8333333341346154 0.8025 0.9233333341346154 0.81375 0.9333333341346154 0.82375 0.6366666658653847 0.39 0.5866666658653846
1564 0.6174999999999999 0.5716666658653846 0.59875 0.6 0.6900000000000001 0.6066666658653846 0.7250000000000001 0.5833333341346154 0.6174999999999999 0.5716666658653846
757 0.68375 0.5833333341346154 0.6787500000000001 0.5549999999999999 0.67625 0.52 0.65625 0.5066666658653847 0.67375 0.5583333341346154 0.66875 0.5833333341346154 0.68375 0.5833333341346154
1204 0.23625000000000002 0.6333333341346153 0.25375000000000003 0.8566666658653846 0.33875 0.8133333341346154 0.32375000000000004 0.6066666658653846 0.23625000000000002 0.6333333341346153
1670 0.13 0.5966666658653846 0.215 0.62 0.31625000000000003 0.5866666658653846 0.24375000000000002 0.5716666658653846 0.13 0.5966666658653846
1192 0.055 0.6233333341346154 0.01125 0.6333333341346153 0.00625 0.6933333341346154 0.26625 0.7616666658653847 0.25875 0.9983333341346154 0.2875 0.995 0.27749999999999997 0.7616666658653847 0.3725 0.755 0.445 0.7100000000000001 0.42375 0.6816666658653846 0.055 0.6233333341346154
1724 0.2 0.86 0.20249999999999999 0.9983333341346154 0.23 0.9983333341346154 0.23 0.8333333341346154 0.23 0.7583333341346153 0.09874999999999999 0.7516666658653846 0.07375 0.8266666658653846 0.08124999999999999 0.9816666658653846 0.10124999999999999 0.995 0.09874999999999999 0.8716666658653847 0.2 0.86
1725 0.105 0.7333333341346153 0.00625 0.73 0.00625 0.8066666658653846 0.0575 0.8133333341346154 0.0625 0.9600000000000001 0.07375 0.9566666658653846 0.07375 0.7916666658653846 0.09874999999999999 0.7516666658653846 0.105 0.7333333341346153
491 0.34625 0.5166666658653847 0.34375 0.5583333341346154 0.3975 0.5616666658653846 0.40125 0.4833333341346154 0.34625 0.4766666658653846 0.34625 0.5166666658653847
1885 0.33875 0.7233333341346154 0.99625 0.8683333341346154 0.99625 0.08833333413461539 0.99625 0.005 0.35375 0.08166666586538461 0.33875 0.7233333341346154
1885 0.35125 0.08499999999999999 0.25875 0.05 0.06375 0.060000000000000005 0.07125000000000001 0.46166666586538463 0.07125000000000001 0.9116666658653846 0.34375 0.7266666658653846 0.35125 0.08499999999999999
1885 0.00625 0.9149999999999999 0.06625 0.9166666658653846 0.0625 0.008333334134615384 0.01125 0.008333334134615384 0.00625 0.9149999999999999
792 0.00875 0.92 0.00625 0.9916666658653847 0.83375 0.995 0.99875 0.995 0.99875 0.8683333341346154 0.34375 0.7333333341346153 0.06875 0.9166666658653846 0.00875 0.92