559 0.00875 0.005 0.01125 0.46166666586538463 0.76375 0.4416666658653846 0.76125 0.005 0.00875 0.005
631 0.49125 0.8566666658653846 0.525 0.9233333341346154 0.7725000000000001 0.8916666658653847 0.7749999999999999 0.8099999999999999 0.7749999999999999 0.795 0.6975 0.7333333341346153 0.6787500000000001 0.6716666658653847 0.48124999999999996 0.6883333341346154 0.49125 0.7583333341346153 0.48000000000000004 0.7583333341346153 0.47000000000000003 0.8066666658653846 0.46749999999999997 0.8266666658653846 0.48000000000000004 0.8266666658653846 0.47250000000000003 0.8466666658653845 0.49125 0.8566666658653846
1116 0.9750000000000001 0.5866666658653846 0.73125 0.6 0.7225 0.74 0.8025 0.8233333341346154 0.9937499999999999 0.8066666658653846 0.99625 0.6266666658653846 0.9750000000000001 0.5866666658653846
1564 0.06375 0.8916666658653847 0.030000000000000002 0.9916666658653847 0.5425 0.9916666658653847 0.45749999999999996 0.8166666658653846 0.14875 0.8366666658653846 0.125 0.8566666658653846 0.06375 0.8916666658653847
757 0.25125 0.6966666658653846 0.25875 0.7233333341346154 0.25125 0.7583333341346153 0.27125 0.7583333341346153 0.26625 0.72 0.25375000000000003 0.6816666658653846 0.24125 0.6383333341346155 0.23125 0.6383333341346155 0.21250000000000002 0.6616666658653846 0.21 0.6966666658653846 0.2 0.755 0.2 0.7749999999999999 0.19749999999999998 0.8200000000000001 0.2 0.84 0.2225 0.8466666658653845 0.2175 0.8066666658653846 0.20500000000000002 0.7916666658653846 0.2075 0.7616666658653847 0.2075 0.7166666658653846 0.22 0.6716666658653847 0.2275 0.6616666658653846 0.23625000000000002 0.6649999999999999 0.25125 0.6966666658653846
291 0.43875000000000003 0.8166666658653846 0.43624999999999997 0.7433333341346154 0.43125 0.72 0.42624999999999996 0.6783333341346154 0.41625 0.6416666658653847 0.41125 0.6416666658653847 0.40125 0.6849999999999999 0.39499999999999996 0.7166666658653846 0.38749999999999996 0.785 0.3925 0.8233333341346154 0.43875000000000003 0.8166666658653846
1382 0.32625 0.7516666658653846 0.31375000000000003 0.755 0.3 0.7816666658653847 0.31 0.8366666658653846 0.31625000000000003 0.8433333341346153 0.34375 0.8433333341346153 0.36 0.8433333341346153 0.37 0.8266666658653846 0.375 0.7916666658653846 0.3775 0.755 0.37 0.755 0.34375 0.755 0.32625 0.7516666658653846
1601 0.7587499999999999 0.5266666658653846 0.76125 0.4833333341346154 0.6950000000000001 0.48000000000000004 0.6975 0.535 0.7587499999999999 0.5266666658653846
1977 0.99875 0.7583333341346153 0.07875 0.83 0.01125 0.9916666658653847 0.83375 0.995 0.82875 0.97 0.9912500000000001 0.9600000000000001 0.99875 0.7583333341346153
1885 0.06375 0.8466666658653845 0.9912500000000001 0.765 0.99875 0.0016666658653846154 0.0625 0.015000000000000001 0.035 0.008333334134615384 0.06375 0.83 0.06375 0.8466666658653845
1885 0.06625 0.8533333341346154 0.030000000000000002 0.011666665865384616 0.00875 0.0016666658653846154 0.00625 0.8816666658653846 0.01875 0.995 0.06625 0.8533333341346154