402 0.01 0 0.006666665865384615 0.04 0.32 0.04 0.39 0 0.01 0
1885 0.013333334134615385 0.053333334134615384 0.01 0.6799999999999999 0.3133333341346154 0.7022222211538461 0.3266666658653846 0.04444444471153846 0.013333334134615385 0.053333334134615384
1885 0.31 0.7111111105769231 0.5399999999999999 0.7866666658653846 0.5666666658653846 0.0044444447115384615 0.39666666586538457 0 0.33 0.048888889423076926 0.31 0.7111111105769231
1885 0.5399999999999999 0.7955555552884616 0.8366666658653846 0.728888889423077 0.86 0.0044444447115384615 0.5700000000000001 0 0.5399999999999999 0.7955555552884616
1885 0.84 0.7333333341346153 0.9966666658653847 0.8088888894230769 0.9966666658653847 0.0044444447115384615 0.86 0 0.84 0.7333333341346153
792 0.5399999999999999 0.8 0.3033333341346154 0.7111111105769231 0.006666665865384615 0.6933333341346154 0.006666665865384615 0.9955555552884616 0.9966666658653847 0.9955555552884616 0.9966666658653847 0.8133333341346154 0.8333333341346154 0.7377777788461538 0.5399999999999999 0.8
208 0.9966666658653847 0.7111111105769231 0.8 0.64 0.4466666658653846 0.751111110576923 0.36 0.92 0.3866666658653846 0.9955555552884616 0.99 0.9955555552884616 0.9966666658653847 0.7111111105769231
564 0.99 0.013333334134615385 0.86 0.017777778846153846 0.8466666658653845 0.6444444447115385 0.9366666658653846 0.6622222211538461 0.99 0.688888889423077 0.99 0.013333334134615385
564 0.4933333341346154 0.7155555552884615 0.5333333341346154 0.7111111105769231 0.5399999999999999 0.04 0.41000000000000003 0.08444444471153846 0.39333333413461535 0.6177777788461539 0.41333333413461537 0.631111110576923 0.42666666586538465 0.6444444447115385 0.4466666658653846 0.6444444447115385 0.4666666658653846 0.6622222211538461 0.4766666658653846 0.6933333341346154 0.4933333341346154 0.7155555552884615
564 0.23 0.6266666658653846 0.2533333341346154 0.6222222211538462 0.2466666658653846 0.10666666586538462 0.07 0.12000000000000001 0.08666666586538462 0.608888889423077 0.11333333413461538 0.6044444447115385 0.14666666586538463 0.5911111105769231 0.19333333413461537 0.6133333341346154 0.19666666586538462 0.631111110576923 0.21 0.64 0.23 0.6266666658653846
153 0.40666666586538464 0.7377777788461538 0.41333333413461537 0.76 0.4366666658653846 0.751111110576923 0.46 0.72 0.4633333341346154 0.6711111105769232 0.46 0.6622222211538461 0.4366666658653846 0.6488888894230769 0.42 0.6488888894230769 0.41333333413461537 0.6666666658653846 0.40666666586538464 0.6977777788461539 0.40666666586538464 0.7377777788461538
153 0.3833333341346154 0.6444444447115385 0.3666666658653846 0.6577777788461538 0.3733333341346154 0.7733333341346154 0.40666666586538464 0.76 0.42 0.6444444447115385 0.40333333413461536 0.6444444447115385 0.3833333341346154 0.6444444447115385