1942 0.6796875 0.12352941105769231 0.66015625 0.6117647067307692 0.890625 0.6352941177884616 0.921875 0.11470588221153846 0.6796875 0.12352941105769231
558 0.470703125 0.05294117548076923 0.470703125 0.3882352932692308 0.640625 0.4 0.658203125 0.38529411778846157 0.6640625 0.05294117548076923 0.650390625 0.038235293269230766 0.470703125 0.05294117548076923
558 0.314453125 0.2264705889423077 0.4609375 0.2205882355769231 0.46484375 0.05294117548076923 0.3125 0.06176470673076923 0.314453125 0.2264705889423077
558 0.3125 0.23823529326923076 0.30859375 0.0676470576923077 0.130859375 0.0764705889423077 0.134765625 0.2323529423076923 0.3125 0.23823529326923076
751 0.46875 0.2235294110576923 0.3125 0.2323529423076923 0.318359375 0.26470588221153846 0.310546875 0.29411764663461537 0.443359375 0.29411764663461537 0.474609375 0.29705882451923077 0.46875 0.2235294110576923
558 0.619140625 1 0.638671875 0.9441176466346154 0.64453125 0.5970588245192308 0.4921875 0.5705882355769231 0.42578125 0.6235294110576923 0.4296875 1 0.619140625 1
1670 0.34375 0.5 0.341796875 0.5558823533653846 0.271484375 0.5970588245192308 0.263671875 0.9558823533653846 0.419921875 0.9941176466346153 0.421875 0.6176470576923077 0.484375 0.5705882355769231 0.490234375 0.5235294110576922 0.34375 0.5
836 0.3359375 0.5588235288461538 0.341796875 0.29705882451923077 0.052734375 0.2794117644230769 0.068359375 0.920588235576923 0.240234375 0.9764705889423078 0.259765625 0.9705882355769231 0.271484375 0.5970588245192308 0.3359375 0.5588235288461538
645 0.890625 0.7676470576923078 0.87109375 0.9941176466346153 0.935546875 0.9911764711538461 0.890625 0.7676470576923078
1977 0.939453125 0.9941176466346153 0.998046875 0.9941176466346153 0.998046875 0.7558823533653847 0.890625 0.7352941177884615 0.939453125 0.9941176466346153
1885 0.009765625 0.7235294110576922 0.01953125 0.7294117644230769 0.005859375 0.3411764711538462 0.009765625 0.7235294110576922
1885 0.095703125 0 0.109375 0.8205882355769231 0.845703125 0.9941176466346153 0.98828125 0.9911764711538461 0.998046875 0 0.095703125 0
1885 0.005859375 0 0.009765625 0.3294117644230769 0.01953125 0.9058823533653846 0.0546875 0.9264705889423077 0.109375 0.8147058822115384 0.09375 0 0.005859375 0
792 0.05078125 0.9352941177884616 0.01953125 0.9117647067307693 0.009765625 0.7323529423076922 0.005859375 0.9911764711538461 0.8046875 0.9882352932692308 0.109375 0.8235294110576923 0.05078125 0.9352941177884616
1239 0.525390625 0.44999999999999996 0.525390625 0.46176470673076925 0.603515625 0.46176470673076925 0.611328125 0.4294117644230769 0.611328125 0.4147058822115385 0.53125 0.4029411754807692 0.525390625 0.42352941105769226 0.525390625 0.44999999999999996
1601 0.64453125 0.4823529423076923 0.62890625 0.4823529423076923 0.62109375 0.5352941177884616 0.64453125 0.5294117644230769 0.64453125 0.4823529423076923