1314 0.203125 0 0.2109375 0.12058823557692308 0.3203125 0.13235294230769232 0.3125 0 0.203125 0
1315 0.025390625 0 0.029296875 0.10588235336538461 0.1796875 0.11176470673076923 0.171875 0 0.025390625 0
1168 0.482421875 0.4911764711538461 0.513671875 0.5147058822115385 0.57421875 0.5411764711538462 0.572265625 0.44999999999999996 0.583984375 0.4470588245192308 0.58203125 0.43529411778846155 0.501953125 0.4147058822115385 0.451171875 0.4441176466346154 0.482421875 0.4911764711538461
1027 0.521484375 0.4441176466346154 0.513671875 0.4147058822115385 0.515625 0.3558823533653846 0.51171875 0.3176470576923077 0.509765625 0.3 0.5 0.28529411778846153 0.513671875 0.28529411778846153 0.54296875 0.2823529423076923 0.5546875 0.2735294110576923 0.541015625 0.24705882451923078 0.5234375 0.20294117548076923 0.515625 0.16764705769230767 0.48046875 0.16764705769230767 0.47265625 0.20294117548076923 0.462890625 0.23529411778846152 0.443359375 0.2676470576923077 0.474609375 0.28529411778846153 0.490234375 0.29705882451923077 0.490234375 0.3176470576923077 0.48828125 0.38529411778846157 0.484375 0.43529411778846155 0.484375 0.45882352884615385 0.509765625 0.44999999999999996 0.521484375 0.4441176466346154
466 0.591796875 0 0.578125 0.5411764711538462 0.82421875 0.6352941177884616 0.87890625 0.6029411754807692 0.94140625 0 0.591796875 0
1885 0.53125 0.5823529423076923 0.943359375 0.7441176466346153 0.998046875 0.7647058822115385 0.994140625 0.002941175480769231 0.513671875 0.002941175480769231 0.53125 0.5823529423076923
208 0.953125 1 0.98046875 0.5823529423076923 0.990234375 0.5441176466346154 0.958984375 0.5235294110576922 0.810546875 0.6441176466346155 0.501953125 0.5117647067307692 0.419921875 0.4088235288461538 0.392578125 0.4176470576923077 0.404296875 0.2323529423076923 0.412109375 0.2176470576923077 0.009765625 0.2323529423076923 0.009765625 0.9352941177884616 0.0390625 1 0.953125 1
1329 0.251953125 0.4441176466346154 0.123046875 0.4911764711538461 0.0390625 0.4941176466346154 0.099609375 0.6852941177884616 0.203125 0.6470588245192308 0.349609375 0.5941176466346154 0.341796875 0.5705882355769231 0.283203125 0.4823529423076923 0.265625 0.4470588245192308 0.251953125 0.4441176466346154
1329 0.322265625 0.5264705889423077 0.349609375 0.5852941177884615 0.478515625 0.5352941177884616 0.501953125 0.5117647067307692 0.431640625 0.4088235288461538 0.283203125 0.42352941105769226 0.279296875 0.4441176466346154 0.294921875 0.4823529423076923 0.322265625 0.5264705889423077
1885 0.005859375 0.8911764711538462 0.525390625 0.5941176466346154 0.509765625 0.002941175480769231 0.005859375 0 0.005859375 0.8911764711538462
792 0.994140625 1 0.998046875 0.7705882355769231 0.525390625 0.5852941177884615 0.009765625 0.8970588245192308 0.009765625 1 0.994140625 1