1885 0.24444444471153848 0 0.23555555528846156 0.8466666658653845 0.7155555552884615 0.8200000000000001 0.8 0 0.24444444471153848 0
655 0.7911111105769231 0 0.7066666658653846 0.9933333341346154 0.9955555552884616 0.9966666658653847 0.9955555552884616 0 0.7911111105769231 0
910 0.7688888894230769 0.7166666658653846 0.7822222211538462 0.7166666658653846 0.7822222211538462 0.6933333341346154 0.7644444447115385 0.67 0.751111110576923 0.6666666658653846 0.7466666658653847 0.6733333341346154 0.7466666658653847 0.6833333341346154 0.7333333341346153 0.6833333341346154 0.72 0.6866666658653846 0.72 0.6966666658653846 0.72 0.7033333341346153 0.7333333341346153 0.7133333341346154 0.7466666658653847 0.7133333341346154 0.751111110576923 0.7066666658653846 0.7688888894230769 0.7166666658653846
457 0.6355555552884616 0.6066666658653846 0.6222222211538462 0.6133333341346154 0.6222222211538462 0.7466666658653847 0.72 0.74 0.72 0.7166666658653846 0.7155555552884615 0.7066666658653846 0.7111111105769231 0.6900000000000001 0.728888889423077 0.6799999999999999 0.7377777788461538 0.5833333341346154 0.7111111105769231 0.5666666658653846 0.6044444447115385 0.5666666658653846 0.6355555552884616 0.6 0.6355555552884616 0.6066666658653846
1927 0.6266666658653846 0.7766666658653846 0.64 0.83 0.6444444447115385 0.86 0.631111110576923 0.9066666658653847 0.6533333341346155 0.9400000000000001 0.6666666658653846 0.9600000000000001 0.6977777788461539 0.9933333341346154 0.72 0.74 0.6266666658653846 0.7466666658653847 0.6266666658653846 0.7766666658653846
1120 0.27555555528846154 0.1333333341346154 0.2666666658653846 0.4366666658653846 0.5422222211538462 0.4433333341346154 0.5511111105769231 0.14333333413461538 0.27555555528846154 0.1333333341346154
1885 0.08444444471153846 0 0.08888888942307692 0.8200000000000001 0.22666666586538461 0.8166666658653846 0.24000000000000002 0 0.08444444471153846 0
1885 0.013333334134615385 0.9933333341346154 0.08888888942307692 0.9933333341346154 0.07555555528846154 0 0.008888889423076923 0.0033333341346153847 0.013333334134615385 0.9933333341346154
1545 0.09333333413461539 0.8233333341346154 0.08888888942307692 0.9966666658653847 0.23555555528846156 0.9933333341346154 0.24000000000000002 0.9366666658653846 0.23111111057692307 0.8233333341346154 0.09333333413461539 0.8233333341346154
1421 0.22222222115384616 0.06333333413461538 0.16888888942307692 0.006666665865384615 0.16 0.0033333341346153847 0.22222222115384616 0.06333333413461538
564 0.15111111057692309 0.2 0.16444444471153846 0.10333333413461537 0.1911111105769231 0.056666665865384616 0.1911111105769231 0.03333333413461538 0.18222222115384618 0.023333334134615382 0.16888888942307692 0.016666665865384615 0.14666666586538463 0.013333334134615385 0.15111111057692309 0.006666665865384615 0.013333334134615385 0 0.013333334134615385 0.9933333341346154 0.18666666586538463 0.9933333341346154 0.16888888942307692 0.8999999999999999 0.16888888942307692 0.78 0.16 0.5566666658653846 0.15111111057692309 0.3666666658653846 0.15111111057692309 0.2
466 0.5688888894230769 0.5433333341346154 0.5688888894230769 0.5133333341346155 0.5377777788461539 0.5133333341346155 0.24000000000000002 0.52 0.24000000000000002 0.9733333341346154 0.2711111105769231 0.9733333341346154 0.2666666658653846 0.9366666658653846 0.32 0.9233333341346154 0.3911111105769231 0.9166666658653846 0.4444444447115385 0.91 0.4933333341346154 0.9133333341346154 0.5333333341346154 0.9166666658653846 0.5644444447115384 0.92 0.5688888894230769 0.9466666658653846 0.5866666658653846 0.9533333341346153 0.5955555552884616 0.95 0.6177777788461539 0.6166666658653847 0.6355555552884616 0.6066666658653846 0.5688888894230769 0.5433333341346154
757 0.39555555528846154 0.5366666658653846 0.3822222211538462 0.5566666658653846 0.41777777884615386 0.5533333341346154 0.44 0.55 0.4444444447115385 0.5366666658653846 0.4533333341346154 0.5233333341346154 0.44 0.52 0.42666666586538465 0.5233333341346154 0.41777777884615386 0.5133333341346155 0.42666666586538465 0.49666666586538466 0.43555555528846157 0.49 0.43555555528846157 0.4833333341346154 0.4311111105769231 0.48000000000000004 0.42666666586538465 0.48000000000000004 0.41777777884615386 0.4833333341346154 0.40888888942307694 0.49666666586538466 0.40888888942307694 0.51 0.40888888942307694 0.5233333341346154 0.3911111105769231 0.5233333341346154 0.3777777788461538 0.5233333341346154 0.3733333341346154 0.53 0.3822222211538462 0.5366666658653846 0.39555555528846154 0.5366666658653846
1596 0.5422222211538462 0.52 0.5333333341346154 0.5266666658653846 0.5288888894230769 0.5433333341346154 0.5644444447115384 0.5433333341346154 0.5688888894230769 0.5266666658653846 0.5644444447115384 0.5133333341346155 0.5511111105769231 0.51 0.5555555552884616 0.5 0.56 0.4833333341346154 0.5377777788461539 0.4833333341346154 0.52 0.4866666658653846 0.5422222211538462 0.4933333341346154 0.5422222211538462 0.5066666658653847 0.5511111105769231 0.5166666658653847 0.5422222211538462 0.52
1314 0.6577777788461538 0.2533333341346154 0.7555555552884615 0.2533333341346154 0.7644444447115385 0.2 0.6711111105769232 0.19333333413461537 0.6577777788461538 0.2533333341346154
1314 0.6577777788461538 0.33666666586538463 0.7466666658653847 0.33666666586538463 0.7555555552884615 0.2833333341346154 0.6622222211538461 0.27666666586538463 0.6577777788461538 0.33666666586538463
1314 0.7377777788461538 0.4233333341346154 0.7422222211538462 0.35666666586538465 0.6533333341346155 0.35333333413461543 0.6533333341346155 0.41333333413461537 0.7377777788461538 0.4233333341346154
792 0.23555555528846156 0.8500000000000001 0.24000000000000002 0.9933333341346154 0.5955555552884616 0.9933333341346154 0.6977777788461539 0.99 0.7022222211538461 0.8200000000000001 0.23555555528846156 0.8500000000000001
655 0.2666666658653846 0.9066666658653847 0.41333333413461537 0.9033333341346155 0.41777777884615386 0.6866666658653846 0.2577777788461538 0.6900000000000001 0.2666666658653846 0.9066666658653847
655 0.42666666586538465 0.8999999999999999 0.5688888894230769 0.8933333341346154 0.5822222211538461 0.6833333341346154 0.4311111105769231 0.6900000000000001 0.42666666586538465 0.8999999999999999
1907 0.5066666658653847 0.5933333341346153 0.5244444447115385 0.59 0.5377777788461539 0.58 0.4977777788461539 0.5533333341346154 0.4488888894230769 0.5433333341346154 0.3822222211538462 0.5399999999999999 0.3288888894230769 0.5433333341346154 0.3066666658653846 0.5533333341346154 0.2933333341346154 0.5700000000000001 0.2933333341346154 0.59 0.32 0.5966666658653846 0.34666666586538464 0.5966666658653846 0.4 0.5966666658653846 0.4533333341346154 0.5966666658653846 0.5066666658653847 0.5933333341346153