559 0.23875 0.005 0.23625000000000002 0.4416666658653846 0.98875 0.46166666586538463 0.9912500000000001 0.005 0.23875 0.005
631 0.5275 0.8466666658653845 0.52 0.8266666658653846 0.5325 0.8266666658653846 0.53 0.8066666658653846 0.52 0.7583333341346153 0.5087499999999999 0.7583333341346153 0.51875 0.6883333341346154 0.32125 0.6716666658653847 0.3025 0.7333333341346153 0.22499999999999998 0.795 0.22499999999999998 0.8099999999999999 0.2275 0.8916666658653847 0.475 0.9233333341346154 0.5087499999999999 0.8566666658653846 0.5275 0.8466666658653845
1116 0.0037500000000000003 0.6266666658653846 0.00625 0.8066666658653846 0.19749999999999998 0.8233333341346154 0.27749999999999997 0.74 0.26875 0.6 0.025 0.5866666658653846 0.0037500000000000003 0.6266666658653846
1564 0.875 0.8566666658653846 0.8512500000000001 0.8366666658653846 0.5425 0.8166666658653846 0.45749999999999996 0.9916666658653847 0.97 0.9916666658653847 0.93625 0.8916666658653847 0.875 0.8566666658653846
757 0.76375 0.6649999999999999 0.7725000000000001 0.6616666658653846 0.78 0.6716666658653847 0.7925 0.7166666658653846 0.7925 0.7616666658653847 0.795 0.7916666658653846 0.7825 0.8066666658653846 0.7775 0.8466666658653845 0.8 0.84 0.8025 0.8200000000000001 0.8 0.7749999999999999 0.8 0.755 0.7899999999999999 0.6966666658653846 0.7875000000000001 0.6616666658653846 0.76875 0.6383333341346155 0.7587499999999999 0.6383333341346155 0.74625 0.6816666658653846 0.73375 0.72 0.72875 0.7583333341346153 0.74875 0.7583333341346153 0.7412500000000001 0.7233333341346154 0.74875 0.6966666658653846 0.76375 0.6649999999999999
291 0.6075 0.8233333341346154 0.6125 0.785 0.605 0.7166666658653846 0.59875 0.6849999999999999 0.58875 0.6416666658653847 0.58375 0.6416666658653847 0.57375 0.6783333341346154 0.56875 0.72 0.56375 0.7433333341346154 0.56125 0.8166666658653846 0.6075 0.8233333341346154
1382 0.65625 0.755 0.63 0.755 0.6224999999999999 0.755 0.625 0.7916666658653846 0.63 0.8266666658653846 0.64 0.8433333341346153 0.65625 0.8433333341346153 0.68375 0.8433333341346153 0.6900000000000001 0.8366666658653846 0.7 0.7816666658653847 0.68625 0.755 0.67375 0.7516666658653846 0.65625 0.755
1601 0.3025 0.535 0.305 0.48000000000000004 0.23875 0.4833333341346154 0.24125 0.5266666658653846 0.3025 0.535
1977 0.00875 0.9600000000000001 0.17124999999999999 0.97 0.16624999999999998 0.995 0.98875 0.9916666658653847 0.92125 0.83 0.00125 0.7583333341346153 0.00875 0.9600000000000001
1885 0.93625 0.83 0.965 0.008333334134615384 0.9375 0.015000000000000001 0.00125 0.0016666658653846154 0.00875 0.765 0.93625 0.8466666658653845 0.93625 0.83
1885 0.98125 0.995 0.9937499999999999 0.8816666658653846 0.9912500000000001 0.0016666658653846154 0.97 0.011666665865384616 0.93375 0.8533333341346154 0.98125 0.995