1942 0.12890625 0.0025706947115384615 0.142578125 0.2236503846153846 0.521484375 0.2236503846153846 0.529296875 0.012853471153846155 0.12890625 0.0025706947115384615
1314 0.96484375 0.20308483173076922 0.98046875 0.028277634615384614 0.888671875 0.038560411057692305 0.873046875 0.19794344471153844 0.96484375 0.20308483173076922
207 0.314453125 0.9948586129807692 0.513671875 0.9974293052884615 0.998046875 0.8791773774038462 0.998046875 0.2724935721153846 0.7890625 0.2493573269230769 0.763671875 0.28791773798076925 0.759765625 0.3573264783653846 0.734375 0.44215938221153844 0.244140625 0.49614395913461534 0.21484375 0.43444730048076924 0.1953125 0.4473007716346154 0.203125 0.5064267355769231 0.193359375 0.5501285336538462 0.1953125 0.6169665817307692 0.1953125 0.6452442163461539 0.205078125 0.6658097692307692 0.193359375 0.6992287908653847 0.19140625 0.7326478149038462 0.208984375 0.7506426730769231 0.232421875 0.7455012860576923 0.314453125 0.9948586129807692
1329 0.705078125 0.3573264783653846 0.634765625 0.4601542427884615 0.728515625 0.5115681225961539 0.833984375 0.4035989711538462 0.705078125 0.3573264783653846
1329 0.859375 0.3933161947115385 0.73828125 0.5115681225961539 0.935546875 0.5989717235576923 0.998046875 0.5372750649038461 0.990234375 0.4370179951923077 0.859375 0.3933161947115385
104 0.513671875 0.2236503846153846 0.521484375 0.07455012740384616 0.439453125 0.07197943509615384 0.40234375 0.08483290384615386 0.404296875 0.22107969230769228 0.513671875 0.2236503846153846
447 0.755859375 0.2904884326923077 0.76171875 0.2750642668269231 0.771484375 0.17223650480769231 0.65234375 0.16452442067307693 0.5546875 0.17737789182692307 0.5625 0.18251928125 0.552734375 0.4575835480769231 0.6328125 0.4498714663461539 0.701171875 0.35218508894230766 0.75390625 0.37532133653846156 0.755859375 0.2904884326923077
852 0.07421875 0.6992287908653847 0.08203125 0.6786632379807693 0.142578125 0.6452442163461539 0.125 0.37532133653846156 0.130859375 0.3624678653846154 0.005859375 0.36760925480769235 0.01171875 0.67095115625 0.0625 0.6838046274038461 0.064453125 0.6992287908653847 0.07421875 0.6992287908653847
1839 0.11328125 0.3624678653846154 0.115234375 0.3110539855769231 0.103515625 0.25706940865384614 0.01171875 0.2596401033653846 0.009765625 0.28534704326923077 0.005859375 0.33161953846153847 0.01953125 0.3650385600961539 0.05859375 0.36760925480769235 0.11328125 0.3624678653846154
1885 0.98828125 0.7712082259615385 0.998046875 0 0.65234375 0.0025706947115384615 0.6328125 0.5449871466346153 0.98828125 0.7712082259615385
1885 0.005859375 0.5989717235576923 0.625 0.5526992283653847 0.64453125 0.0025706947115384615 0.005859375 0.0025706947115384615 0.005859375 0.5989717235576923
1314 0.005859375 0.012853471153846155 0.01171875 0.0874035985576923 0.08984375 0.0874035985576923 0.0859375 0.010282776442307693 0.005859375 0.012853471153846155
1314 0.015625 0.12853470432692307 0.021484375 0.20822622115384615 0.091796875 0.20308483173076922 0.091796875 0.12596400961538462 0.015625 0.12853470432692307
792 0.990234375 0.7789203076923077 0.630859375 0.5501285336538462 0.009765625 0.6015424158653846 0.005859375 0.9948586129807692 0.998046875 0.9948586129807692 0.990234375 0.7789203076923077