1314 0.701171875 0.09041095913461539 0.701171875 0.2082191778846154 0.759765625 0.21095890384615384 0.76171875 0.08493150721153847 0.701171875 0.09041095913461539
1314 0.25 0.21643835576923076 0.431640625 0.22191780769230768 0.42578125 0.08493150721153847 0.234375 0.09041095913461539 0.25 0.21643835576923076
180 0.234375 0.6794520552884615 0.3046875 0.6794520552884615 0.349609375 0.6438356153846154 0.330078125 0.5808219182692308 0.205078125 0.5917808221153846 0.19921875 0.6520547956730769 0.234375 0.6794520552884615
180 0.5625 0.8684931514423078 0.572265625 0.8767123293269231 0.59375 0.88219178125 0.62890625 0.8712328774038463 0.623046875 0.7780821923076923 0.630859375 0.7561643846153847 0.630859375 0.7424657524038462 0.623046875 0.7315068485576923 0.61328125 0.7287671225961538 0.599609375 0.7287671225961538 0.580078125 0.7287671225961538 0.5625 0.7315068485576923 0.548828125 0.7452054783653845 0.55078125 0.7945205480769231 0.5625 0.8684931514423078
211 0.708984375 0.24657534134615386 0.701171875 0.24657534134615386 0.685546875 0.6109589038461538 0.72265625 0.5753424663461538 0.734375 0.5561643846153846 0.744140625 0.5424657524038461 0.748046875 0.5287671225961538 0.76171875 0.5260273966346154 0.7734375 0.51780821875 0.779296875 0.5068493149038461 0.80078125 0.4931506850961539 0.802734375 0.4794520552884615 0.8125 0.46301369951923077 0.8125 0.4164383557692308 0.810546875 0.38904109615384613 0.80078125 0.36164383653846155 0.794921875 0.3315068485576923 0.80078125 0.2904109591346154 0.814453125 0.2547945216346154 0.8125 0.23835616346153848 0.783203125 0.24931506730769232 0.765625 0.26027397355769233 0.7421875 0.26027397355769233 0.708984375 0.24657534134615386
655 0.921875 0.71780821875 0.98046875 0.0027397259615384614 0.9296875 0 0.8828125 0.7643835625000001 0.921875 0.71780821875
1168 0.822265625 0.36712328846153847 0.814453125 0.37808219230769236 0.8203125 0.3808219182692308 0.814453125 0.5315068485576924 0.8828125 0.5561643846153846 0.8984375 0.37534246634615387 0.822265625 0.36712328846153847
1027 0.87109375 0.24109588942307691 0.849609375 0.2876712331730769 0.8828125 0.29315068509615383 0.8828125 0.32054794471153847 0.880859375 0.37534246634615387 0.865234375 0.3945205480769231 0.89453125 0.38904109615384613 0.87890625 0.38904109615384613 0.8984375 0.29315068509615383 0.91015625 0.30136986298076923 0.912109375 0.24109588942307691 0.87109375 0.24109588942307691
1942 0.005859375 0 0.01171875 0.5260273966346154 0.111328125 0.47397260336538466 0.05859375 0 0.005859375 0
1607 0.134765625 0.5452054783653846 0.09375 0.5452054783653846 0.05859375 0.5287671225961538 0.005859375 0.5397260264423077 0.009765625 0.9890410961538462 0.2734375 0.9945205480769231 0.3359375 0.9917808221153847 0.560546875 0.7397260264423077 0.580078125 0.4657534254807692 0.57421875 0.4219178076923077 0.5546875 0.4 0.54296875 0.3945205480769231 0.48828125 0.4273972596153846 0.4609375 0.4410958894230769 0.400390625 0.4712328774038462 0.361328125 0.4602739735576923 0.35546875 0.47397260336538466 0.353515625 0.4904109591346154 0.294921875 0.5123287668269231 0.189453125 0.5424657524038461 0.134765625 0.5452054783653846
1708 0.6484375 0.8109589038461539 0.6328125 0.8712328774038463 0.66796875 0.9041095889423078 0.658203125 0.8438356153846154 0.6640625 0.7917808221153847 0.671875 0.7397260264423077 0.669921875 0.6849315072115385 0.662109375 0.6684931514423076 0.65234375 0.6273972596153846 0.67578125 0.5835616442307692 0.662109375 0.5808219182692308 0.662109375 0.5424657524038461 0.673828125 0.5287671225961538 0.51953125 0.4904109591346154 0.080078125 0.7013698629807692 0.099609375 0.7150684927884616 0.099609375 0.7534246586538462 0.1015625 0.7698630144230769 0.0859375 0.7917808221153847 0.109375 0.8082191778846154 0.10546875 0.8547945216346153 0.11328125 0.8767123293269231 0.08984375 0.9342465745192308 0.08984375 0.9808219182692308 0.1484375 0.9890410961538462 0.142578125 0.9506849326923077 0.150390625 0.9232876706730769 0.158203125 0.8904109591346153 0.154296875 0.8383561634615385 0.26953125 0.8986301370192307 0.265625 0.9917808221153847 0.330078125 0.9972602740384615 0.330078125 0.9780821923076922 0.32421875 0.9479452043269231 0.328125 0.9260273966346154 0.328125 0.8958904110576923 0.32421875 0.8904109591346153 0.474609375 0.7671232884615384 0.498046875 0.7506849326923077 0.509765625 0.7397260264423077 0.515625 0.8356164375 0.53125 0.8273972596153847 0.533203125 0.7424657524038462 0.544921875 0.723287670673077 0.564453125 0.7013698629807692 0.591796875 0.6739726033653847 0.599609375 0.6547945216346154 0.625 0.6273972596153846 0.638671875 0.6273972596153846 0.64453125 0.7041095889423077 0.64453125 0.7534246586538462 0.6484375 0.8109589038461539
1740 0.40234375 0.5315068485576924 0.404296875 0.558904110576923 0.455078125 0.5753424663461538 0.482421875 0.5561643846153846 0.515625 0.5342465745192307 0.50390625 0.5150684927884616 0.48046875 0.4904109591346154 0.435546875 0.49863013701923076 0.431640625 0.5068493149038461 0.423828125 0.5150684927884616 0.40234375 0.5315068485576924
1027 0.533203125 0.4794520552884615 0.529296875 0.4356164375 0.521484375 0.3424657524038462 0.525390625 0.30684931490384615 0.5234375 0.2767123293269231 0.548828125 0.27397260336538465 0.58203125 0.26575342548076925 0.60546875 0.2520547956730769 0.548828125 0.10684931490384615 0.515625 0.10684931490384615 0.482421875 0.10684931490384615 0.474609375 0.10684931490384615 0.41796875 0.2547945216346154 0.439453125 0.2684931514423077 0.505859375 0.28219178125 0.509765625 0.4794520552884615 0.50390625 0.5041095889423077 0.501953125 0.51780821875 0.51171875 0.5342465745192307 0.54296875 0.5397260264423077 0.548828125 0.5123287668269231 0.533203125 0.4794520552884615
385 0.5234375 0.7808219182692308 0.330078125 0.9835616442307693 0.8125 0.9945205480769231 0.849609375 0.8931506850961538 0.5234375 0.7808219182692308
1885 0.98046875 0 0.923828125 0.7780821923076923 0.998046875 0.8136986298076923 0.998046875 0 0.98046875 0
1885 0.798828125 0.4931506850961539 0.93359375 0.5150684927884616 0.97265625 0.0027397259615384614 0.708984375 0 0.69140625 0.46301369951923077 0.798828125 0.4931506850961539
1885 0.005859375 0.5342465745192307 0.12890625 0.4931506850961539 0.08203125 0 0.01171875 0.010958903846153846 0.005859375 0.5342465745192307
1885 0.69140625 0.687671233173077 0.701171875 0 0.154296875 0.0027397259615384614 0.09375 0.0027397259615384614 0.134765625 0.5041095889423077 0.66796875 0.7150684927884616 0.69140625 0.687671233173077
792 0.009765625 0.5452054783653846 0.005859375 0.9917808221153847 0.998046875 0.9945205480769231 0.998046875 0.8273972596153847 0.9140625 0.7808219182692308 0.93359375 0.5205479447115384 0.6953125 0.4712328774038462 0.693359375 0.6931506850961539 0.66796875 0.723287670673077 0.130859375 0.5013698629807692 0.009765625 0.5452054783653846