1885 0.2 0 0.28444444471153846 0.8200000000000001 0.7644444447115385 0.8466666658653845 0.7555555552884615 0 0.2 0
655 0.0044444447115384615 0 0.0044444447115384615 0.9966666658653847 0.2933333341346154 0.9933333341346154 0.20888888942307693 0 0.0044444447115384615 0
910 0.24888888942307694 0.7066666658653846 0.2533333341346154 0.7133333341346154 0.2666666658653846 0.7133333341346154 0.28 0.7033333341346153 0.28 0.6966666658653846 0.28 0.6866666658653846 0.2666666658653846 0.6833333341346154 0.2533333341346154 0.6833333341346154 0.2533333341346154 0.6733333341346154 0.24888888942307694 0.6666666658653846 0.23555555528846156 0.67 0.21777777884615385 0.6933333341346154 0.21777777884615385 0.7166666658653846 0.23111111057692307 0.7166666658653846 0.24888888942307694 0.7066666658653846
457 0.3644444447115385 0.6 0.39555555528846154 0.5666666658653846 0.28888888942307694 0.5666666658653846 0.2622222211538462 0.5833333341346154 0.2711111105769231 0.6799999999999999 0.28888888942307694 0.6900000000000001 0.28444444471153846 0.7066666658653846 0.28 0.7166666658653846 0.28 0.74 0.3777777788461538 0.7466666658653847 0.3777777788461538 0.6133333341346154 0.3644444447115385 0.6066666658653846 0.3644444447115385 0.6
1927 0.3733333341346154 0.7466666658653847 0.28 0.74 0.30222222115384617 0.9933333341346154 0.33333333413461536 0.9600000000000001 0.34666666586538464 0.9400000000000001 0.3688888894230769 0.9066666658653847 0.35555555528846156 0.86 0.36 0.83 0.3733333341346154 0.7766666658653846 0.3733333341346154 0.7466666658653847
1120 0.4488888894230769 0.14333333413461538 0.45777777884615384 0.4433333341346154 0.7333333341346153 0.4366666658653846 0.7244444447115386 0.1333333341346154 0.4488888894230769 0.14333333413461538
1885 0.76 0 0.7733333341346154 0.8166666658653846 0.9111111105769231 0.8200000000000001 0.9155555552884616 0 0.76 0
1885 0.991111110576923 0.0033333341346153847 0.9244444447115385 0 0.9111111105769231 0.9933333341346154 0.9866666658653845 0.9933333341346154 0.991111110576923 0.0033333341346153847
1545 0.7688888894230769 0.8233333341346154 0.76 0.9366666658653846 0.7644444447115385 0.9933333341346154 0.9111111105769231 0.9966666658653847 0.9066666658653847 0.8233333341346154 0.7688888894230769 0.8233333341346154
1421 0.84 0.0033333341346153847 0.8311111105769231 0.006666665865384615 0.777777778846154 0.06333333413461538 0.84 0.0033333341346153847
564 0.8488888894230769 0.3666666658653846 0.84 0.5566666658653846 0.8311111105769231 0.78 0.8311111105769231 0.8999999999999999 0.8133333341346154 0.9933333341346154 0.9866666658653845 0.9933333341346154 0.9866666658653845 0 0.8488888894230769 0.006666665865384615 0.8533333341346154 0.013333334134615385 0.8311111105769231 0.016666665865384615 0.8177777788461539 0.023333334134615382 0.8088888894230769 0.03333333413461538 0.8088888894230769 0.056666665865384616 0.8355555552884616 0.10333333413461537 0.8488888894230769 0.2 0.8488888894230769 0.3666666658653846
466 0.3644444447115385 0.6066666658653846 0.3822222211538462 0.6166666658653847 0.40444444471153845 0.95 0.41333333413461537 0.9533333341346153 0.4311111105769231 0.9466666658653846 0.43555555528846157 0.92 0.4666666658653846 0.9166666658653846 0.5066666658653847 0.9133333341346154 0.5555555552884616 0.91 0.608888889423077 0.9166666658653846 0.6799999999999999 0.9233333341346154 0.7333333341346153 0.9366666658653846 0.728888889423077 0.9733333341346154 0.76 0.9733333341346154 0.76 0.52 0.46222222115384615 0.5133333341346155 0.4311111105769231 0.5133333341346155 0.4311111105769231 0.5433333341346154 0.3644444447115385 0.6066666658653846
757 0.6177777788461539 0.5366666658653846 0.6266666658653846 0.53 0.6222222211538462 0.5233333341346154 0.608888889423077 0.5233333341346154 0.5911111105769231 0.5233333341346154 0.5911111105769231 0.51 0.5911111105769231 0.49666666586538466 0.5822222211538461 0.4833333341346154 0.5733333341346154 0.48000000000000004 0.5688888894230769 0.48000000000000004 0.5644444447115384 0.4833333341346154 0.5644444447115384 0.49 0.5733333341346154 0.49666666586538466 0.5822222211538461 0.5133333341346155 0.5733333341346154 0.5233333341346154 0.56 0.52 0.5466666658653846 0.5233333341346154 0.5555555552884616 0.5366666658653846 0.56 0.55 0.5822222211538461 0.5533333341346154 0.6177777788461539 0.5566666658653846 0.6044444447115385 0.5366666658653846 0.6177777788461539 0.5366666658653846
1596 0.4488888894230769 0.5166666658653847 0.45777777884615384 0.5066666658653847 0.45777777884615384 0.4933333341346154 0.48000000000000004 0.4866666658653846 0.46222222115384615 0.4833333341346154 0.44 0.4833333341346154 0.4444444447115385 0.5 0.4488888894230769 0.51 0.43555555528846157 0.5133333341346155 0.4311111105769231 0.5266666658653846 0.43555555528846157 0.5433333341346154 0.4711111105769231 0.5433333341346154 0.4666666658653846 0.5266666658653846 0.45777777884615384 0.52 0.4488888894230769 0.5166666658653847
1314 0.3288888894230769 0.19333333413461537 0.23555555528846156 0.2 0.24444444471153848 0.2533333341346154 0.34222222115384615 0.2533333341346154 0.3288888894230769 0.19333333413461537
1314 0.33777777884615384 0.27666666586538463 0.24444444471153848 0.2833333341346154 0.2533333341346154 0.33666666586538463 0.34222222115384615 0.33666666586538463 0.33777777884615384 0.27666666586538463
1314 0.34666666586538464 0.41333333413461537 0.34666666586538464 0.35333333413461543 0.2577777788461538 0.35666666586538465 0.2622222211538462 0.4233333341346154 0.34666666586538464 0.41333333413461537
792 0.29777777884615386 0.8200000000000001 0.30222222115384617 0.99 0.40444444471153845 0.9933333341346154 0.76 0.9933333341346154 0.7644444447115385 0.8500000000000001 0.29777777884615386 0.8200000000000001
655 0.7422222211538462 0.6900000000000001 0.5822222211538461 0.6866666658653846 0.5866666658653846 0.9033333341346155 0.7333333341346153 0.9066666658653847 0.7422222211538462 0.6900000000000001
655 0.5688888894230769 0.6900000000000001 0.41777777884615386 0.6833333341346154 0.4311111105769231 0.8933333341346154 0.5733333341346154 0.8999999999999999 0.5688888894230769 0.6900000000000001
1907 0.5466666658653846 0.5966666658653846 0.6 0.5966666658653846 0.6533333341346155 0.5966666658653846 0.6799999999999999 0.5966666658653846 0.7066666658653846 0.59 0.7066666658653846 0.5700000000000001 0.6933333341346154 0.5533333341346154 0.6711111105769232 0.5433333341346154 0.6177777788461539 0.5399999999999999 0.5511111105769231 0.5433333341346154 0.5022222211538462 0.5533333341346154 0.46222222115384615 0.58 0.4755555552884615 0.59 0.4933333341346154 0.5933333341346153 0.5466666658653846 0.5966666658653846