1314 0.25390625 0.32688172115384617 0.36328125 0.3397849471153846 0.35546875 0.09462365625000001 0.2421875 0.10107526923076923 0.25390625 0.32688172115384617
1317 0.6328125 0.1440860216346154 0.630859375 0.2301075264423077 0.654296875 0.23225806490384615 0.654296875 0.14193548317307692 0.6328125 0.1440860216346154
211 0.65234375 0.2967741947115385 0.64453125 0.38279569951923076 0.62890625 0.38279569951923076 0.619140625 0.6107526875 0.638671875 0.6129032259615385 0.681640625 0.6064516129807692 0.728515625 0.6 0.76953125 0.6021505384615384 0.79296875 0.2688172043269231 0.76953125 0.27096774278846153 0.75 0.27741935576923077 0.73046875 0.27741935576923077 0.71484375 0.2752688173076923 0.69921875 0.28172043028846155 0.681640625 0.27741935576923077 0.673828125 0.30537634375 0.65234375 0.2967741947115385
570 0.755859375 0.4086021514423077 0.763671875 0.36989247355769234 0.703125 0.3591397860576923 0.693359375 0.39784946153846157 0.755859375 0.4086021514423077
1885 0.625 0.40430107451923075 0.76953125 0.4731182788461539 0.80859375 0.0107526875 0.634765625 0.027956990384615386 0.625 0.40430107451923075
1038 0.109375 0.35698924759615386 0.12109375 0.3526881730769231 0.099609375 0.055913978365384615 0.005859375 0.04301075240384615 0.005859375 0.48172043028846157 0.021484375 0.48172043028846157 0.0234375 0.45806451682692306 0.05078125 0.4602150528846154 0.044921875 0.43440860096153844 0.05859375 0.4150537644230769 0.103515625 0.4064516129807692 0.109375 0.35698924759615386
1603 0.060546875 0.5591397860576923 0.064453125 0.5913978485576923 0.255859375 0.6817204302884616 0.46484375 0.6279569903846153 0.4609375 0.5935483870192308 0.34375 0.5698924735576922 0.341796875 0.5075268822115384 0.3359375 0.5032258052884615 0.435546875 0.47096774278846154 0.43359375 0.4473118269230769 0.43359375 0.4387096778846154 0.435546875 0.4258064519230769 0.435546875 0.4064516129807692 0.40234375 0.4021505384615385 0.375 0.4021505384615385 0.345703125 0.38709677403846154 0.310546875 0.36559139903846155 0.283203125 0.36559139903846155 0.251953125 0.3720430096153846 0.228515625 0.3720430096153846 0.2109375 0.36559139903846155 0.193359375 0.36344086057692304 0.158203125 0.3505376346153846 0.12109375 0.3591397860576923 0.103515625 0.3591397860576923 0.09375 0.39784946153846157 0.0703125 0.4086021514423077 0.052734375 0.42795699038461543 0.052734375 0.44086021394230773 0.0234375 0.45806451682692306 0.021484375 0.47096774278846154 0.015625 0.5010752692307693 0.01953125 0.5225806442307692 0.015625 0.5354838701923077 0.03515625 0.5376344086538462 0.0546875 0.5462365600961538 0.060546875 0.5591397860576923
1714 0.4453125 0.5913978485576923 0.44921875 0.6795698918269231 0.458984375 0.7139784951923077 0.455078125 0.5892473125 0.474609375 0.5827956995192308 0.48046875 0.5397849471153846 0.564453125 0.5139784951923076 0.578125 0.5075268822115384 0.435546875 0.47956989182692306 0.333984375 0.50537634375 0.34375 0.5182795697115384 0.345703125 0.5677419350961539 0.35546875 0.5720430096153846 0.359375 0.5935483870192308 0.35546875 0.647311826923077 0.35546875 0.6731182788461538 0.365234375 0.6881720432692308 0.369140625 0.6516129038461538 0.373046875 0.5741935480769231 0.4453125 0.5913978485576923
1027 0.44921875 0.36989247355769234 0.4609375 0.36559139903846155 0.513671875 0.3612903221153846 0.47265625 0.27311827884615386 0.4453125 0.27311827884615386 0.4453125 0.2602150528846154 0.443359375 0.2752688173076923 0.42578125 0.27311827884615386 0.375 0.36344086057692304 0.435546875 0.36989247355769234 0.4453125 0.36989247355769234 0.435546875 0.3720430096153846 0.43359375 0.39139784855769233 0.439453125 0.4021505384615385 0.435546875 0.4150537644230769 0.44140625 0.4387096778846154 0.431640625 0.4516129038461539 0.44140625 0.46881720432692303 0.439453125 0.47956989182692306 0.42578125 0.5010752692307693 0.4453125 0.5268817211538461 0.46875 0.5225806442307692 0.482421875 0.5075268822115384 0.478515625 0.48172043028846157 0.451171875 0.4752688173076923 0.46484375 0.47096774278846154 0.4609375 0.4387096778846154 0.453125 0.43440860096153844 0.46875 0.4258064519230769 0.46484375 0.4064516129807692 0.453125 0.39784946153846157 0.462890625 0.39139784855769233 0.46875 0.3763440865384616 0.44921875 0.36989247355769234
1885 0.751953125 0.70537634375 0.998046875 0.7677419350961538 0.998046875 0.0021505384615384615 0.1953125 0.0021505384615384615 0.189453125 0.5354838701923077 0.59375 0.6666666658653846 0.609375 0.6731182788461538 0.625 0.017204300480769232 0.8046875 0.01290322596153846 0.751953125 0.70537634375
444 0.013671875 0.5376344086538462 0.009765625 0.5397849471153846 0.013671875 0.6580645168269231 0.064453125 0.6602150528846155 0.0703125 0.5827956995192308 0.052734375 0.5462365600961538 0.013671875 0.5376344086538462
1885 0.005859375 0.5139784951923076 0.193359375 0.5376344086538462 0.189453125 0.0021505384615384615 0.005859375 0.0021505384615384615 0.005859375 0.5139784951923076
1714 0.9453125 0.8903225817307692 0.935546875 0.9913978485576924 0.994140625 0.9956989254807692 0.994140625 0.8903225817307692 0.998046875 0.8881720432692308 0.9921875 0.636559139423077 0.935546875 0.6107526875 0.83984375 0.6107526875 0.765625 0.6107526875 0.6796875 0.6107526875 0.6328125 0.6150537644230769 0.572265625 0.6236559134615385 0.53515625 0.6322580649038462 0.513671875 0.6666666658653846 0.501953125 0.7010752692307692 0.513671875 0.7505376346153846 0.529296875 0.7763440865384615 0.5859375 0.8107526875000001 0.685546875 0.8537634399038462 0.73828125 0.8709677427884616 0.798828125 0.8774193557692308 0.8828125 0.8860215048076923 0.9453125 0.8903225817307692
417 0.47265625 0.584946235576923 0.484375 0.6602150528846155 0.494140625 0.8150537644230769 0.4921875 0.9913978485576924 0.513671875 0.9849462355769231 0.525390625 0.926881721153846 0.51953125 0.8881720432692308 0.521484375 0.7806451610576922 0.50390625 0.7505376346153846 0.5 0.69462365625 0.505859375 0.6666666658653846 0.5234375 0.6451612908653845 0.564453125 0.6236559134615385 0.6015625 0.6129032259615385 0.60546875 0.5634408605769231 0.60546875 0.5118279567307693 0.478515625 0.5440860216346154 0.47265625 0.584946235576923
423 0.73046875 0.8193548389423077 0.728515625 0.9913978485576924 0.765625 0.9978494615384614 0.91796875 0.9978494615384614 0.91015625 0.9763440865384615 0.76953125 0.9096774182692309 0.763671875 0.7397849471153847 0.65234375 0.70537634375 0.611328125 0.6924731177884615 0.5625 0.6795698918269231 0.515625 0.6559139783653846 0.5234375 0.7354838701923078 0.533203125 0.9913978485576924 0.57421875 0.9956989254807692 0.55859375 0.7397849471153847 0.580078125 0.7591397860576923 0.60546875 0.9978494615384614 0.623046875 0.9978494615384614 0.603515625 0.7677419350961538 0.650390625 0.7892473125 0.669921875 0.9978494615384614 0.69140625 0.9913978485576924 0.67578125 0.7935483870192308 0.73046875 0.8193548389423077
181 0.005859375 0.7505376346153846 0.005859375 0.9978494615384614 0.0703125 0.9763440865384615 0.064453125 0.7827956995192308 0.04296875 0.7483870961538461 0.01953125 0.7376344086538461 0.005859375 0.7505376346153846
385 0.005859375 0.5354838701923077 0.009765625 0.8903225817307692 0.373046875 0.7591397860576923 0.005859375 0.5354838701923077
792 0.005859375 0.5182795697115384 0.005859375 0.8924731177884616 0.013671875 0.9956989254807692 0.369140625 0.9978494615384614 0.998046875 0.9913978485576924 0.9921875 0.7720430096153846 0.763671875 0.7096774182692307 0.76953125 0.48172043028846157 0.62109375 0.4150537644230769 0.615234375 0.6731182788461538 0.19140625 0.5376344086538462 0.005859375 0.5182795697115384