1942 0.9937499999999999 0.0018552884615384616 0.61 0.0018552884615384616 0.61 0.44526901682692305 0.9937499999999999 0.46567718028846156 0.9937499999999999 0.42300556490384617 0.9937499999999999 0.0018552884615384616
207 0.10124999999999999 0.9424860865384616 0.11249999999999999 0.9276437836538461 0.1225 0.9165120600961539 0.13 0.9666048245192307 0.14875 0.9666048245192307 0.16125 0.9703153990384615 0.16624999999999998 0.9925788485576923 0.195 0.9962894254807693 0.8049999999999999 1 0.81375 0.9703153990384615 0.8187500000000001 0.8923933221153846 0.83875 0.8738404447115384 0.8512500000000001 0.8014842307692308 0.8412499999999999 0.7328385889423077 0.8187500000000001 0.6753246754807692 0.35125 0.5454545456730769 0.27749999999999997 0.44526901682692305 0.26999999999999996 0.4267161418269231 0.26625 0.1818181826923077 0.25625 0.2356215216346154 0.24375000000000002 0.24675324759615383 0.22874999999999998 0.23933209615384615 0.215 0.17439703125 0.2075 0.17068645673076924 0.20249999999999999 0.2356215216346154 0.18125000000000002 0.23933209615384615 0.16624999999999998 0.22077922115384616 0.16125 0.16697588221153847 0.14625000000000002 0.16326530528846156 0.14625000000000002 0.19294990625 0.13499999999999998 0.24675324759615383 0.11249999999999999 0.24304267067307692 0.10124999999999999 0.16697588221153847 0.08124999999999999 0.15584415625 0.07875 0.20779220673076923 0.07625 0.23933209615384615 0.055 0.24304267067307692 0.042499999999999996 0.22448979567307692 0.025 0.15213358173076924 0.01125 0.15955473076923077 0.01625 0.20779220673076923 0.01625 0.2541743966346154 0.025 0.34693877644230764 0.0275 0.5565862716346154 0.06375 0.5491651201923077 0.09125 0.6103896105769231 0.05 0.6400742115384616 0.0475 0.866419295673077 0.08375 0.8923933221153846 0.08875000000000001 0.9276437836538461 0.10124999999999999 0.9424860865384616
207 0.43624999999999997 0.339517625 0.42875 0.2615955480769231 0.42875 0.1818181826923077 0.41625 0.1818181826923077 0.41125 0.2319109471153846 0.40625 0.24304267067307692 0.40375 0.2003710576923077 0.39499999999999996 0.18923933173076923 0.38749999999999996 0.2319109471153846 0.375 0.24304267067307692 0.3725 0.21150278365384614 0.3675 0.18552875721153847 0.36 0.18552875721153847 0.36 0.2319109471153846 0.34125 0.24304267067307692 0.33625 0.22077922115384616 0.32875 0.1818181826923077 0.31875 0.19294990625 0.32125 0.22448979567307692 0.31 0.2504638221153846 0.3025 0.23933209615384615 0.2975 0.20408163221153847 0.295 0.1818181826923077 0.2825 0.2578849711538461 0.2825 0.4341372908653846 0.3575 0.5454545456730769 0.8187500000000001 0.6753246754807692 0.84375 0.7179962884615385 0.855 0.7254174399038462 0.86 0.7105751394230769 0.8674999999999999 0.6864564014423077 0.875 0.6567718004807692 0.885 0.6141001850961538 0.83125 0.5602968461538461 0.49375 0.4842300552884616 0.445 0.4007421153846154 0.43624999999999997 0.339517625
1421 0.44 0.22448979567307692 0.445 0.21150278365384614 0.46499999999999997 0.1818181826923077 0.44 0.20779220673076923 0.00125 0.15955473076923077 0.00125 0.18552875721153847 0.44 0.22448979567307692
1170 0.44999999999999996 0.3914656778846154 0.49125 0.4805194807692308 0.5087499999999999 0.4805194807692308 0.50625 0.45640074278846154 0.5325 0.46196660576923076 0.525 0.3914656778846154 0.5275 0.3803339519230769 0.50125 0.36549165144230766 0.44999999999999996 0.3914656778846154
1415 0.8462500000000001 0.4879406298076923 0.6950000000000001 0.4842300552884616 0.6925 0.5343228197115384 0.8462500000000001 0.5565862716346154 0.8462500000000001 0.4879406298076923
1885 0.9937499999999999 0.7105751394230769 0.9937499999999999 0.0018552884615384616 0.51125 0.0018552884615384616 0.51125 0.5825602956730769 0.9937499999999999 0.7105751394230769
1885 0.00125 0.9165120600961539 0.5087499999999999 0.5881261586538462 0.51375 0.005565862980769231 0.00125 0.0018552884615384616 0.00125 0.9165120600961539
792 0.00625 1 0.9937499999999999 0.9925788485576923 0.9937499999999999 0.7142857139423077 0.51875 0.5862708725961538 0.0037500000000000003 0.9239332091346154 0.00625 1
1027 0.50375 0.27643784855769227 0.49375 0.2504638221153846 0.475 0.2504638221153846 0.4625 0.2857142860576923 0.48625 0.3079777355769231 0.48625 0.28200371153846154 0.50375 0.27643784855769227
1027 0.48625 0.3766233774038461 0.48625 0.3079777355769231 0.4775 0.3840445264423077 0.49624999999999997 0.3877551009615384 0.48625 0.3766233774038461
1329 0.0575 0.5306122451923077 0.1225 0.6567718004807692 0.33875 0.5528756947115384 0.28 0.44897959134615384 0.0575 0.5306122451923077
570 0.15125 0.46567718028846156 0.23125 0.6326530600961539 0.33625 0.5825602956730769 0.26375 0.4415584423076923 0.15125 0.46567718028846156
1331 0.365 0.5380333942307692 0.41125 0.51391465625 0.375 0.4304267163461538 0.3 0.45269016586538463 0.365 0.5380333942307692
570 0.3675 0.41558441586538464 0.42624999999999996 0.5269016706730769 0.48375 0.49165120673076923 0.42875 0.3766233774038461 0.3675 0.41558441586538464