1942 0.078125 0.11470588221153846 0.109375 0.6352941177884616 0.33984375 0.6117647067307692 0.3203125 0.12352941105769231 0.078125 0.11470588221153846
558 0.349609375 0.038235293269230766 0.3359375 0.05294117548076923 0.341796875 0.38529411778846157 0.359375 0.4 0.529296875 0.3882352932692308 0.529296875 0.05294117548076923 0.349609375 0.038235293269230766
558 0.6875 0.06176470673076923 0.53515625 0.05294117548076923 0.5390625 0.2205882355769231 0.685546875 0.2264705889423077 0.6875 0.06176470673076923
558 0.865234375 0.2323529423076923 0.869140625 0.0764705889423077 0.69140625 0.0676470576923077 0.6875 0.23823529326923076 0.865234375 0.2323529423076923
751 0.525390625 0.29705882451923077 0.556640625 0.29411764663461537 0.689453125 0.29411764663461537 0.681640625 0.26470588221153846 0.6875 0.2323529423076923 0.53125 0.2235294110576923 0.525390625 0.29705882451923077
558 0.5703125 1 0.57421875 0.6235294110576923 0.5078125 0.5705882355769231 0.35546875 0.5970588245192308 0.361328125 0.9441176466346154 0.380859375 1 0.5703125 1
1670 0.509765625 0.5235294110576922 0.515625 0.5705882355769231 0.578125 0.6176470576923077 0.580078125 0.9941176466346153 0.736328125 0.9558823533653846 0.728515625 0.5970588245192308 0.658203125 0.5558823533653846 0.65625 0.5 0.509765625 0.5235294110576922
836 0.728515625 0.5970588245192308 0.740234375 0.9705882355769231 0.759765625 0.9764705889423078 0.931640625 0.920588235576923 0.947265625 0.2794117644230769 0.658203125 0.29705882451923077 0.6640625 0.5588235288461538 0.728515625 0.5970588245192308
645 0.064453125 0.9911764711538461 0.12890625 0.9941176466346153 0.109375 0.7676470576923078 0.064453125 0.9911764711538461
1977 0.109375 0.7352941177884615 0.001953125 0.7558823533653847 0.001953125 0.9941176466346153 0.060546875 0.9941176466346153 0.109375 0.7352941177884615
1885 0.994140625 0.3411764711538462 0.98046875 0.7294117644230769 0.990234375 0.7235294110576922 0.994140625 0.3411764711538462
1885 0.001953125 0 0.01171875 0.9911764711538461 0.154296875 0.9941176466346153 0.890625 0.8205882355769231 0.904296875 0 0.001953125 0
1885 0.90625 0 0.890625 0.8147058822115384 0.9453125 0.9264705889423077 0.98046875 0.9058823533653846 0.990234375 0.3294117644230769 0.994140625 0 0.90625 0
792 0.890625 0.8235294110576923 0.1953125 0.9882352932692308 0.994140625 0.9911764711538461 0.990234375 0.7323529423076922 0.98046875 0.9117647067307693 0.94921875 0.9352941177884616 0.890625 0.8235294110576923
1239 0.474609375 0.42352941105769226 0.46875 0.4029411754807692 0.388671875 0.4147058822115385 0.388671875 0.4294117644230769 0.396484375 0.46176470673076925 0.474609375 0.46176470673076925 0.474609375 0.44999999999999996 0.474609375 0.42352941105769226
1601 0.35546875 0.5294117644230769 0.37890625 0.5352941177884616 0.37109375 0.4823529423076923 0.35546875 0.4823529423076923 0.35546875 0.5294117644230769