1314 0.7578125 0.10107526923076923 0.64453125 0.09462365625000001 0.63671875 0.3397849471153846 0.74609375 0.32688172115384617 0.7578125 0.10107526923076923
1317 0.345703125 0.14193548317307692 0.345703125 0.23225806490384615 0.369140625 0.2301075264423077 0.3671875 0.1440860216346154 0.345703125 0.14193548317307692
211 0.326171875 0.30537634375 0.318359375 0.27741935576923077 0.30078125 0.28172043028846155 0.28515625 0.2752688173076923 0.26953125 0.27741935576923077 0.25 0.27741935576923077 0.23046875 0.27096774278846153 0.20703125 0.2688172043269231 0.23046875 0.6021505384615384 0.271484375 0.6 0.318359375 0.6064516129807692 0.361328125 0.6129032259615385 0.380859375 0.6107526875 0.37109375 0.38279569951923076 0.35546875 0.38279569951923076 0.34765625 0.2967741947115385 0.326171875 0.30537634375
570 0.306640625 0.39784946153846157 0.296875 0.3591397860576923 0.236328125 0.36989247355769234 0.244140625 0.4086021514423077 0.306640625 0.39784946153846157
1885 0.365234375 0.027956990384615386 0.19140625 0.0107526875 0.23046875 0.4731182788461539 0.375 0.40430107451923075 0.365234375 0.027956990384615386
1038 0.896484375 0.4064516129807692 0.94140625 0.4150537644230769 0.955078125 0.43440860096153844 0.94921875 0.4602150528846154 0.9765625 0.45806451682692306 0.978515625 0.48172043028846157 0.994140625 0.48172043028846157 0.994140625 0.04301075240384615 0.900390625 0.055913978365384615 0.87890625 0.3526881730769231 0.890625 0.35698924759615386 0.896484375 0.4064516129807692
1603 0.9453125 0.5462365600961538 0.96484375 0.5376344086538462 0.984375 0.5354838701923077 0.98046875 0.5225806442307692 0.984375 0.5010752692307693 0.978515625 0.47096774278846154 0.9765625 0.45806451682692306 0.947265625 0.44086021394230773 0.947265625 0.42795699038461543 0.9296875 0.4086021514423077 0.90625 0.39784946153846157 0.896484375 0.3591397860576923 0.87890625 0.3591397860576923 0.841796875 0.3505376346153846 0.806640625 0.36344086057692304 0.7890625 0.36559139903846155 0.771484375 0.3720430096153846 0.748046875 0.3720430096153846 0.716796875 0.36559139903846155 0.689453125 0.36559139903846155 0.654296875 0.38709677403846154 0.625 0.4021505384615385 0.59765625 0.4021505384615385 0.564453125 0.4064516129807692 0.564453125 0.4258064519230769 0.56640625 0.4387096778846154 0.56640625 0.4473118269230769 0.564453125 0.47096774278846154 0.6640625 0.5032258052884615 0.658203125 0.5075268822115384 0.65625 0.5698924735576922 0.5390625 0.5935483870192308 0.53515625 0.6279569903846153 0.744140625 0.6817204302884616 0.935546875 0.5913978485576923 0.939453125 0.5591397860576923 0.9453125 0.5462365600961538
1714 0.626953125 0.5741935480769231 0.630859375 0.6516129038461538 0.634765625 0.6881720432692308 0.64453125 0.6731182788461538 0.64453125 0.647311826923077 0.640625 0.5935483870192308 0.64453125 0.5720430096153846 0.654296875 0.5677419350961539 0.65625 0.5182795697115384 0.666015625 0.50537634375 0.564453125 0.47956989182692306 0.421875 0.5075268822115384 0.435546875 0.5139784951923076 0.51953125 0.5397849471153846 0.525390625 0.5827956995192308 0.544921875 0.5892473125 0.541015625 0.7139784951923077 0.55078125 0.6795698918269231 0.5546875 0.5913978485576923 0.626953125 0.5741935480769231
1027 0.53125 0.3763440865384616 0.537109375 0.39139784855769233 0.546875 0.39784946153846157 0.53515625 0.4064516129807692 0.53125 0.4258064519230769 0.546875 0.43440860096153844 0.5390625 0.4387096778846154 0.53515625 0.47096774278846154 0.548828125 0.4752688173076923 0.521484375 0.48172043028846157 0.517578125 0.5075268822115384 0.53125 0.5225806442307692 0.5546875 0.5268817211538461 0.57421875 0.5010752692307693 0.560546875 0.47956989182692306 0.55859375 0.46881720432692303 0.568359375 0.4516129038461539 0.55859375 0.4387096778846154 0.564453125 0.4150537644230769 0.560546875 0.4021505384615385 0.56640625 0.39139784855769233 0.564453125 0.3720430096153846 0.5546875 0.36989247355769234 0.564453125 0.36989247355769234 0.625 0.36344086057692304 0.57421875 0.27311827884615386 0.556640625 0.2752688173076923 0.5546875 0.2602150528846154 0.5546875 0.27311827884615386 0.52734375 0.27311827884615386 0.486328125 0.3612903221153846 0.5390625 0.36559139903846155 0.55078125 0.36989247355769234 0.53125 0.3763440865384616
1885 0.1953125 0.01290322596153846 0.375 0.017204300480769232 0.390625 0.6731182788461538 0.40625 0.6666666658653846 0.810546875 0.5354838701923077 0.8046875 0.0021505384615384615 0.001953125 0.0021505384615384615 0.001953125 0.7677419350961538 0.248046875 0.70537634375 0.1953125 0.01290322596153846
444 0.947265625 0.5462365600961538 0.9296875 0.5827956995192308 0.935546875 0.6602150528846155 0.986328125 0.6580645168269231 0.990234375 0.5397849471153846 0.986328125 0.5376344086538462 0.947265625 0.5462365600961538
1885 0.994140625 0.0021505384615384615 0.810546875 0.0021505384615384615 0.806640625 0.5376344086538462 0.994140625 0.5139784951923076 0.994140625 0.0021505384615384615
1714 0.1171875 0.8860215048076923 0.201171875 0.8774193557692308 0.26171875 0.8709677427884616 0.314453125 0.8537634399038462 0.4140625 0.8107526875000001 0.470703125 0.7763440865384615 0.486328125 0.7505376346153846 0.498046875 0.7010752692307692 0.486328125 0.6666666658653846 0.46484375 0.6322580649038462 0.427734375 0.6236559134615385 0.3671875 0.6150537644230769 0.3203125 0.6107526875 0.234375 0.6107526875 0.16015625 0.6107526875 0.064453125 0.6107526875 0.0078125 0.636559139423077 0.001953125 0.8881720432692308 0.005859375 0.8903225817307692 0.005859375 0.9956989254807692 0.064453125 0.9913978485576924 0.0546875 0.8903225817307692 0.1171875 0.8860215048076923
417 0.521484375 0.5440860216346154 0.39453125 0.5118279567307693 0.39453125 0.5634408605769231 0.3984375 0.6129032259615385 0.435546875 0.6236559134615385 0.4765625 0.6451612908653845 0.494140625 0.6666666658653846 0.5 0.69462365625 0.49609375 0.7505376346153846 0.478515625 0.7806451610576922 0.48046875 0.8881720432692308 0.474609375 0.926881721153846 0.486328125 0.9849462355769231 0.5078125 0.9913978485576924 0.505859375 0.8150537644230769 0.515625 0.6602150528846155 0.52734375 0.584946235576923 0.521484375 0.5440860216346154
423 0.32421875 0.7935483870192308 0.30859375 0.9913978485576924 0.330078125 0.9978494615384614 0.349609375 0.7892473125 0.396484375 0.7677419350961538 0.376953125 0.9978494615384614 0.39453125 0.9978494615384614 0.419921875 0.7591397860576923 0.44140625 0.7397849471153847 0.42578125 0.9956989254807692 0.466796875 0.9913978485576924 0.4765625 0.7354838701923078 0.484375 0.6559139783653846 0.4375 0.6795698918269231 0.388671875 0.6924731177884615 0.34765625 0.70537634375 0.236328125 0.7397849471153847 0.23046875 0.9096774182692309 0.08984375 0.9763440865384615 0.08203125 0.9978494615384614 0.234375 0.9978494615384614 0.271484375 0.9913978485576924 0.26953125 0.8193548389423077 0.32421875 0.7935483870192308
181 0.98046875 0.7376344086538461 0.95703125 0.7483870961538461 0.935546875 0.7827956995192308 0.9296875 0.9763440865384615 0.994140625 0.9978494615384614 0.994140625 0.7505376346153846 0.98046875 0.7376344086538461
385 0.626953125 0.7591397860576923 0.990234375 0.8903225817307692 0.994140625 0.5354838701923077 0.626953125 0.7591397860576923
792 0.80859375 0.5376344086538462 0.384765625 0.6731182788461538 0.37890625 0.4150537644230769 0.23046875 0.48172043028846157 0.236328125 0.7096774182692307 0.0078125 0.7720430096153846 0.001953125 0.9913978485576924 0.630859375 0.9978494615384614 0.986328125 0.9956989254807692 0.994140625 0.8924731177884616 0.994140625 0.5182795697115384 0.80859375 0.5376344086538462