1942 0.99 0.7022222211538461 0.9933333341346154 0.16888888942307692 0.76 0.16 0.7333333341346153 0.6577777788461538 0.9733333341346154 0.7155555552884615 0.99 0.7022222211538461
1672 0.9933333341346154 0.991111110576923 0.9933333341346154 0.7066666658653846 0.9033333341346155 0.8088888894230769 0.8866666658653847 0.9955555552884616 0.9933333341346154 0.991111110576923
836 0.46 0.3111111105769231 0.32333333413461535 0.3111111105769231 0.3133333341346154 0.5777777788461539 0.39666666586538457 0.5911111105769231 0.39333333413461535 0.9288888894230769 0.46 0.951111110576923 0.5766666658653846 0.8577777788461538 0.59 0.32 0.46 0.3111111105769231
1027 0.5466666658653846 0.3111111105769231 0.5399999999999999 0.29777777884615386 0.5433333341346154 0.19555555528846155 0.5866666658653846 0.19555555528846155 0.5700000000000001 0.10222222115384616 0.52 0.10222222115384616 0.49 0.18222222115384618 0.5366666658653846 0.1911111105769231 0.5366666658653846 0.23111111057692307 0.5366666658653846 0.28444444471153846 0.5233333341346154 0.3066666658653846 0.5466666658653846 0.3111111105769231
1564 0.19 0.5866666658653846 0.07 0.6222222211538462 0.16 0.6577777788461538 0.3066666658653846 0.6133333341346154 0.19 0.5866666658653846
1942 0.2066666658653846 0.1333333341346154 0.0033333341346153847 0.09777777884615385 0.0033333341346153847 0.608888889423077 0.2066666658653846 0.5644444447115384 0.2066666658653846 0.1333333341346154
564 0.23666666586538462 0.5377777788461539 0.26 0.5288888894230769 0.2566666658653846 0.4755555552884615 0.26 0.36 0.2466666658653846 0.29777777884615386 0.2433333341346154 0.1911111105769231 0.23666666586538462 0.1333333341346154 0.22333333413461537 0.1333333341346154 0.21 0.5377777788461539 0.23666666586538462 0.5377777788461539
558 0.3033333341346154 0.9866666658653845 0.39333333413461535 0.9288888894230769 0.39666666586538457 0.6 0.03666666586538461 0.7022222211538461 0.0033333341346153847 0.688888889423077 0.0033333341346153847 0.9955555552884616 0.26999999999999996 0.9955555552884616 0.2933333341346154 0.9733333341346154 0.3033333341346154 0.9866666658653845
1977 0.26 0.5511111105769231 0.0033333341346153847 0.6177777788461539 0.0033333341346153847 0.6577777788461538 0.03666666586538461 0.7022222211538461 0.39333333413461535 0.5955555552884616 0.26 0.5511111105769231
1885 0.0033333341346153847 0 0.01 0.991111110576923 0.4566666658653846 0.8355555552884616 0.47000000000000003 0 0.0033333341346153847 0
1885 0.99 0.9777777788461539 0.99 0 0.47333333413461537 0.0044444447115384615 0.4666666658653846 0.8355555552884616 0.89 0.951111110576923 0.99 0.9777777788461539
792 0.47000000000000003 0.84 0.02 0.9955555552884616 0.42666666586538465 0.9955555552884616 0.9866666658653845 0.991111110576923 0.99 0.9777777788461539 0.47000000000000003 0.84