1885 0.27333333413461536 0 0.2933333341346154 0.48888888942307696 0.9966666658653847 0.5688888894230769 0.9966666658653847 0 0.27333333413461536 0
1885 0.006666665865384615 0 0.01 0.608888889423077 0.29 0.4977777788461539 0.2666666658653846 0 0.006666665865384615 0
852 0.4833333341346154 0.4666666658653846 0.49666666586538466 0.4533333341346154 0.5133333341346155 0.29777777884615386 0.3633333341346154 0.2622222211538462 0.2666666658653846 0.27555555528846154 0.13666666586538462 0.32444444471153844 0.1533333341346154 0.5333333341346154 0.16 0.5555555552884616 0.17333333413461538 0.5511111105769231 0.17666666586538463 0.5155555552884615 0.47000000000000003 0.4666666658653846 0.47000000000000003 0.48888888942307696 0.4833333341346154 0.4666666658653846
1743 0.40666666586538464 0.3066666658653846 0.41000000000000003 0.27555555528846154 0.41333333413461537 0.09777777884615385 0.2533333341346154 0.10222222115384616 0.25 0.28888888942307694 0.3033333341346154 0.3111111105769231 0.40666666586538464 0.3066666658653846
1400 0.56 0.6977777788461539 0.6 0.7066666658653846 0.66 0.7066666658653846 0.7233333341346154 0.6222222211538462 0.7266666658653846 0.46222222115384615 0.7033333341346153 0.43555555528846157 0.67 0.4311111105769231 0.6433333341346154 0.43555555528846157 0.6233333341346154 0.43555555528846157 0.6066666658653846 0.41777777884615386 0.58 0.40888888942307694 0.5533333341346154 0.41333333413461537 0.5266666658653846 0.44 0.5066666658653847 0.4533333341346154 0.48000000000000004 0.48888888942307696 0.47000000000000003 0.5155555552884615 0.4666666658653846 0.5511111105769231 0.46 0.5955555552884616 0.49 0.608888889423077 0.49 0.6666666658653846 0.56 0.6977777788461539
1603 0.7833333341346154 0.9644444447115385 0.7833333341346154 0.991111110576923 0.9966666658653847 0.991111110576923 0.9933333341346154 0.4 0.8166666658653846 0.3866666658653846 0.8099999999999999 0.4533333341346154 0.8099999999999999 0.4755555552884615 0.8 0.4755555552884615 0.7666666658653847 0.5688888894230769 0.7733333341346154 0.5866666658653846 0.7566666658653846 0.6622222211538461 0.74 0.6622222211538461 0.7066666658653846 0.7644444447115385 0.73 0.7644444447115385 0.7366666658653845 0.7911111105769231 0.76 0.8311111105769231 0.77 0.8711111105769231 0.78 0.92 0.7833333341346154 0.9644444447115385
792 0.9966666658653847 0.5733333341346154 0.2933333341346154 0.48888888942307696 0.013333334134615385 0.6222222211538462 0.006666665865384615 0.9866666658653845 0.99 0.991111110576923 0.9966666658653847 0.5733333341346154
1605 0.4366666658653846 0.8266666658653846 0.39666666586538457 0.8177777788461539 0.33999999999999997 0.8088888894230769 0.2566666658653846 0.7555555552884615 0.19333333413461537 0.728888889423077 0.14666666586538463 0.7022222211538461 0.09666666586538461 0.7111111105769231 0.08666666586538462 0.7155555552884615 0.08 0.6666666658653846 0.053333334134615384 0.631111110576923 0.026666665865384614 0.6177777788461539 0.006666665865384615 0.6222222211538462 0.006666665865384615 0.9866666658653845 0.7833333341346154 0.991111110576923 0.7766666658653846 0.9288888894230769 0.7633333341346155 0.8533333341346154 0.75 0.8222222211538461 0.7366666658653845 0.7866666658653846 0.7233333341346154 0.7688888894230769 0.7133333341346154 0.76 0.6633333341346154 0.7733333341346154 0.5933333341346153 0.8355555552884616 0.5666666658653846 0.8488888894230769 0.5166666658653847 0.8488888894230769 0.4366666658653846 0.8266666658653846
570 0.7166666658653846 0.7733333341346154 0.6966666658653846 0.7733333341346154 0.6066666658653846 0.7733333341346154 0.41000000000000003 0.8977777788461538 0.47333333413461537 0.92 0.5333333341346154 0.9422222211538462 0.58 0.9555555552884616 0.6033333341346154 0.9555555552884616 0.6333333341346153 0.9288888894230769 0.6799999999999999 0.8933333341346154 0.7133333341346154 0.8577777788461538 0.7233333341346154 0.8222222211538461 0.7333333341346153 0.7688888894230769 0.7166666658653846 0.7733333341346154
570 0.013333334134615385 0.7733333341346154 0.04333333413461538 0.8 0.08666666586538462 0.8044444447115384 0.08 0.6799999999999999 0.026666665865384614 0.6222222211538462 0.016666665865384615 0.631111110576923 0.013333334134615385 0.7733333341346154
570 0.9133333341346154 0.36 0.8466666658653845 0.4755555552884615 0.95 0.5022222211538462 0.9966666658653847 0.3644444447115385 0.9133333341346154 0.36
570 0.9933333341346154 0.6844444447115384 0.9966666658653847 0.608888889423077 0.95 0.5733333341346154 0.8166666658653846 0.6622222211538461 0.8566666658653846 0.7022222211538461 0.9433333341346154 0.7155555552884615 0.9933333341346154 0.6844444447115384
1942 0.55 0.013333334134615385 0.55 0.32444444471153844 0.7066666658653846 0.34666666586538464 0.73 0.013333334134615385 0.55 0.013333334134615385
1400 0.3766666658653846 0.8177777788461539 0.43 0.8177777788461539 0.42 0.631111110576923 0.2666666658653846 0.5866666658653846 0.2033333341346154 0.6577777788461538 0.2066666658653846 0.72 0.22333333413461537 0.7377777788461538 0.3133333341346154 0.7866666658653846 0.34666666586538464 0.8088888894230769 0.3766666658653846 0.8177777788461539