1942 0.35815602884615383 0.376953125 0.34751773076923076 0.05859375 0.0035460985576923074 0.0390625 0.03191489423076923 0.384765625 0.35815602884615383 0.376953125
564 0.39716312019230765 0.04296875 0.36879432692307695 0.033203125 0.3368794326923077 0.0390625 0.32269503605769234 0.033203125 0.28723404326923074 0.03125 0.24113475240384613 0.025390625 0.18085106490384614 0.021484375 0.10638297836538461 0.009765625 0.07092198557692307 0.001953125 0.0035460985576923074 0 0.007092199519230769 0.11328125 0.017730497596153846 0.109375 0.06382978605769231 0.115234375 0.08510638221153846 0.125 0.12411347596153846 0.14453125 0.15602836778846155 0.158203125 0.17021276682692307 0.15234375 0.19858156009615383 0.17578125 0.20567375961538462 0.162109375 0.23404255288461537 0.15625 0.23404255288461537 0.1484375 0.2624113485576923 0.13671875 0.2765957451923077 0.130859375 0.3297872331730769 0.14453125 0.3546099278846154 0.154296875 0.3652482259615385 0.16796875 0.3546099278846154 0.1796875 0.38297872355769236 0.185546875 0.3900709230769231 0.19921875 0.4219858149038461 0.20703125 0.40070921875 0.078125 0.4078014182692308 0.07421875 0.41134751682692305 0.05859375 0.39716312019230765 0.04296875
1314 0.4397163125 0.283203125 0.4397163125 0.328125 0.5106382980769231 0.328125 0.5141843966346153 0.283203125 0.4397163125 0.283203125
1929 0.5070921995192308 0.578125 0.5 0.6015625 0.5070921995192308 0.607421875 0.5248226947115385 0.619140625 0.5531914903846153 0.62890625 0.5567375889423076 0.55859375 0.5248226947115385 0.568359375 0.5070921995192308 0.578125
468 0.12765957451923077 0.548828125 0.13120567307692307 0.529296875 0.042553192307692306 0.4921875 0.07801418509615385 0.73828125 0.15602836778846155 0.736328125 0.12765957451923077 0.548828125
1909 0.20212765865384613 0.564453125 0.1524822692307692 0.556640625 0.09929078125 0.55859375 0.04609929086538462 0.55859375 0.07801418509615385 0.673828125 0.08156028365384614 0.712890625 0.09929078125 0.69140625 0.10992907692307693 0.673828125 0.13829787259615384 0.666015625 0.17375886538461538 0.658203125 0.23758865144230767 0.634765625 0.25177305048076926 0.609375 0.25531914903846153 0.5859375 0.20212765865384613 0.564453125
1494 0.6773049639423078 0.18359375 0.6737588653846154 0.732421875 0.7978723413461538 0.78515625 0.8120567379807693 0.177734375 0.6773049639423078 0.18359375
402 0.5425531923076923 0.001953125 0.17021276682692307 0 0.5460992908653846 0.044921875 0.5425531923076923 0.001953125
1885 0.5602836875 0.64453125 0.549645389423077 0.087890625 0.549645389423077 0.044921875 0.0035460985576923074 0.00390625 0.0035460985576923074 0.712890625 0.5602836875 0.64453125
1885 0.8120567379807693 0.001953125 0.6950354615384615 0 0.6914893605769231 0.181640625 0.8085106394230769 0.173828125 0.8120567379807693 0.001953125
1885 0.6737588653846154 0.740234375 0.6879432620192307 0 0.549645389423077 0.001953125 0.5709219855769231 0.75390625 0.7836879423076923 0.85546875 0.7978723413461538 0.787109375 0.6737588653846154 0.740234375
1885 0.7872340432692309 0.99609375 0.9893617019230769 0.99609375 0.9893617019230769 0 0.8226950360576922 0.001953125 0.7872340432692309 0.99609375
1469 0.6879432620192307 0.9921875 0.7304964543269231 0.984375 0.7624113485576923 0.974609375 0.7872340432692309 0.962890625 0.7836879423076923 0.86328125 0.6028368798076923 0.771484375 0.5709219855769231 0.7734375 0.5319148942307692 0.7734375 0.4787234038461538 0.78125 0.44680850961538465 0.7890625 0.40070921875 0.796875 0.36879432692307695 0.810546875 0.3546099278846154 0.822265625 0.3439716322115384 0.8359375 0.34751773076923076 0.849609375 0.5319148942307692 0.990234375 0.5851063822115384 0.99609375 0.6241134759615385 0.99609375 0.6879432620192307 0.9921875
663 0.08510638221153846 0.99609375 0.12411347596153846 0.99609375 0.0035460985576923074 0.400390625 0.007092199519230769 0.55078125 0.08510638221153846 0.99609375
1885 0.0035460985576923074 0.9921875 0.07801418509615385 0.99609375 0.007092199519230769 0.4453125 0.0035460985576923074 0.9921875
792 0.5709219855769231 0.755859375 0.5673758870192308 0.64453125 0.04964538942307692 0.7109375 0.08156028365384614 0.9921875 0.25177305048076926 0.998046875 0.7978723413461538 0.994140625 0.7978723413461538 0.861328125 0.5709219855769231 0.755859375