402 0.5533333341346154 0.07 0.9266666658653846 0.005 0.40666666586538464 0 0.5533333341346154 0.07
1885 0.9400000000000001 0 0.9333333341346154 0.005 0.56 0.075 0.56 0.72 0.99 0.87 0.99 0 0.9400000000000001 0
1885 0.0033333341346153847 0 0.006666665865384615 0.965 0.0033333341346153847 0.995 0.5566666658653846 0.73 0.5566666658653846 0.075 0.40333333413461536 0 0.0033333341346153847 0
792 0.56 0.73 0.01 0.995 0.3 0.995 0.9866666658653845 0.99 0.9933333341346154 0.87 0.56 0.73
558 0.2433333341346154 0.23500000000000001 0.2466666658653846 0.08 0.01 0.005 0.01 0.20500000000000002 0.2433333341346154 0.23500000000000001
558 0.2533333341346154 0.08 0.2433333341346154 0.23500000000000001 0.19 0.23500000000000001 0.19666666586538462 0.39 0.2433333341346154 0.39 0.33 0.39 0.33 0.11 0.2533333341346154 0.08
558 0.4566666658653846 0.15 0.33666666586538463 0.11 0.33666666586538463 0.26999999999999996 0.4566666658653846 0.28 0.4566666658653846 0.15
558 0.4566666658653846 0.15 0.4666666658653846 0.28500000000000003 0.49 0.33999999999999997 0.44999999999999996 0.34500000000000003 0.4533333341346154 0.39 0.5533333341346154 0.375 0.5566666658653846 0.19 0.4566666658653846 0.15
751 0.33666666586538463 0.275 0.33333333413461536 0.33999999999999997 0.35333333413461543 0.33999999999999997 0.49 0.335 0.4633333341346154 0.28500000000000003 0.33666666586538463 0.275
1670 0.42 0.525 0.40333333413461536 0.46 0.29 0.485 0.2966666658653846 0.5700000000000001 0.39 0.6 0.39333333413461535 0.9349999999999999 0.5133333341346155 0.8500000000000001 0.5066666658653847 0.565 0.42 0.525
1564 0.053333334134615384 0.635 0.09 0.6849999999999999 0.2533333341346154 0.63 0.1633333341346154 0.595 0.053333334134615384 0.635
757 0.13666666586538462 0.5549999999999999 0.11666666586538461 0.545 0.1 0.5850000000000001 0.11333333413461538 0.635 0.12333333413461538 0.5549999999999999 0.13666666586538462 0.5549999999999999
1977 0.0033333341346153847 0.755 0.31 0.645 0.39 0.62 0.27333333413461536 0.565 0.0033333341346153847 0.635 0.0033333341346153847 0.755
558 0.2033333341346154 0.995 0.31 0.985 0.33666666586538463 0.97 0.39 0.9400000000000001 0.3833333341346154 0.625 0.19666666586538462 0.7 0.2033333341346154 0.995
558 0.19 0.9750000000000001 0.19666666586538462 0.7 0.006666665865384615 0.77 0.006666665865384615 0.995 0.19 0.9750000000000001
1942 0.8733333341346154 0.545 0.9866666658653845 0.5399999999999999 0.9833333341346153 0.18 0.86 0.19 0.8433333341346153 0.495 0.8766666658653846 0.51 0.8733333341346154 0.545
1116 0.8733333341346154 0.605 0.8733333341346154 0.51 0.8566666658653846 0.505 0.7433333341346154 0.485 0.7366666658653845 0.5850000000000001 0.8466666658653845 0.605 0.8733333341346154 0.605
558 0.8866666658653847 0.78 0.8866666658653847 0.6 0.86 0.61 0.74 0.5850000000000001 0.7366666658653845 0.56 0.7166666658653846 0.5850000000000001 0.7100000000000001 0.84 0.8333333341346154 0.88 0.8766666658653846 0.78 0.8866666658653847 0.78
1772 0.66 0.47000000000000003 0.6533333341346155 0.535 0.7266666658653846 0.545 0.7233333341346154 0.475 0.66 0.47000000000000003
819 0.6533333341346155 0.51 0.6533333341346155 0.495 0.6499999999999999 0.47000000000000003 0.6466666658653846 0.44999999999999996 0.63 0.44999999999999996 0.63 0.49 0.6033333341346154 0.515 0.62 0.535 0.6333333341346153 0.5399999999999999 0.64 0.53 0.6533333341346155 0.51
637 0.4633333341346154 0.825 0.4633333341346154 0.77 0.46 0.6499999999999999 0.4466666658653846 0.625 0.42666666586538465 0.625 0.41666666586538464 0.6499999999999999 0.41666666586538464 0.715 0.42 0.865 0.44999999999999996 0.87 0.46 0.845 0.4633333341346154 0.825
1711 0.99 0.8150000000000001 0.8833333341346153 0.78 0.7966666658653847 0.9450000000000001 0.7733333341346154 0.99 0.99 0.995 0.99 0.8150000000000001
1813 0.9433333341346154 0.59 0.9066666658653847 0.5850000000000001 0.8966666658653846 0.63 0.8966666658653846 0.6900000000000001 0.8866666658653847 0.78 0.9133333341346154 0.785 0.9433333341346154 0.795 0.9633333341346154 0.785 0.9633333341346154 0.72 0.9766666658653846 0.6950000000000001 0.9833333341346153 0.6 0.9433333341346154 0.59
1964 0.55 0.49 0.4333333341346154 0.52 0.5233333341346154 0.565 0.5566666658653846 0.55 0.7100000000000001 0.595 0.7366666658653845 0.535 0.55 0.49
558 0.56 0.8 0.6966666658653846 0.8500000000000001 0.7133333341346154 0.595 0.56 0.55 0.56 0.8
558 0.5166666658653847 0.84 0.53 0.8200000000000001 0.5533333341346154 0.795 0.5533333341346154 0.55 0.5133333341346155 0.575 0.5166666658653847 0.84
1942 0.6266666658653846 0.44999999999999996 0.6533333341346155 0.44999999999999996 0.6533333341346155 0.47000000000000003 0.6933333341346154 0.47000000000000003 0.7033333341346153 0.20500000000000002 0.5966666658653846 0.21 0.5933333341346153 0.485 0.62 0.485 0.6266666658653846 0.44999999999999996