1885 0.41666666586538464 0.777777778846154 0.42666666586538465 0.0044444447115384615 0.07333333413461539 0.0044444447115384615 0.11 0.8444444447115385 0.41666666586538464 0.777777778846154
1885 0.4333333341346154 0 0.42 0.777777778846154 0.8366666658653846 0.9955555552884616 0.9933333341346154 0.991111110576923 0.9933333341346154 0 0.4333333341346154 0
792 0.11 0.8488888894230769 0.12333333413461538 0.991111110576923 0.8266666658653846 0.991111110576923 0.42666666586538465 0.7822222211538462 0.11 0.8488888894230769
655 0.0033333341346153847 0 0.0033333341346153847 0.9955555552884616 0.12000000000000001 0.991111110576923 0.07333333413461539 0 0.0033333341346153847 0
558 0.2166666658653846 0.017777778846153846 0.22333333413461537 0.3111111105769231 0.41666666586538464 0.3111111105769231 0.42 0.017777778846153846 0.2166666658653846 0.017777778846153846
558 0.09666666586538461 0.32444444471153844 0.13666666586538462 0.3155555552884615 0.22333333413461537 0.3155555552884615 0.2166666658653846 0.017777778846153846 0.08 0.017777778846153846 0.09666666586538461 0.32444444471153844
751 0.4833333341346154 0.17777777884615384 0.4466666658653846 0.2133333341346154 0.5433333341346154 0.22666666586538461 0.6066666658653846 0.20444444471153847 0.6066666658653846 0.12444444471153847 0.5033333341346153 0.1288888894230769 0.47333333413461537 0.15555555528846154 0.4833333341346154 0.17777777884615384
558 0.61 0.02222222115384615 0.4866666658653846 0.013333334134615385 0.49 0.09777777884615385 0.4933333341346154 0.13777777884615386 0.61 0.12444444471153847 0.61 0.02222222115384615
558 0.8466666658653845 0.28444444471153846 0.8433333341346153 0.2666666658653846 0.84 0.013333334134615385 0.61 0.013333334134615385 0.6066666658653846 0.3111111105769231 0.72 0.32444444471153844 0.7366666658653845 0.28 0.8466666658653845 0.28444444471153846
836 0.99 0.2711111105769231 0.73 0.28 0.7233333341346154 0.34666666586538464 0.7233333341346154 0.991111110576923 0.99 0.991111110576923 0.99 0.2711111105769231
558 0.5033333341346153 0.608888889423077 0.4933333341346154 0.991111110576923 0.7166666658653846 0.9955555552884616 0.7233333341346154 0.6977777788461539 0.5033333341346153 0.608888889423077
1977 0.64 0.5555555552884616 0.5 0.5911111105769231 0.7233333341346154 0.6977777788461539 0.7233333341346154 0.5733333341346154 0.64 0.5555555552884616
575 0.6866666658653846 0.5244444447115385 0.6966666658653846 0.48444444471153847 0.7066666658653846 0.44 0.7100000000000001 0.40444444471153845 0.7033333341346153 0.3866666658653846 0.6933333341346154 0.40444444471153845 0.6966666658653846 0.43555555528846157 0.6966666658653846 0.46222222115384615 0.6799999999999999 0.5022222211538462 0.6799999999999999 0.45777777884615384 0.6799999999999999 0.43555555528846157 0.6766666658653846 0.41333333413461537 0.6666666658653846 0.4 0.66 0.41777777884615386 0.67 0.46222222115384615 0.6733333341346154 0.4755555552884615 0.67 0.5155555552884615 0.66 0.4933333341346154 0.6533333341346155 0.4444444447115385 0.6499999999999999 0.41777777884615386 0.6366666658653847 0.39555555528846154 0.6366666658653847 0.4311111105769231 0.6466666658653846 0.4533333341346154 0.66 0.4977777788461539 0.6533333341346155 0.52 0.6633333341346154 0.5866666658653846 0.6900000000000001 0.5911111105769231 0.6966666658653846 0.5377777788461539 0.6866666658653846 0.5244444447115385
1670 0.5 0.5911111105769231 0.6433333341346154 0.5511111105769231 0.5366666658653846 0.511111110576923 0.3733333341346154 0.5422222211538462 0.3766666658653846 0.92 0.4666666658653846 0.9955555552884616 0.4933333341346154 0.9955555552884616 0.5 0.5911111105769231
558 0.1266666658653846 0.9466666658653846 0.2 0.9155555552884616 0.3666666658653846 0.8711111105769231 0.3666666658653846 0.5422222211538462 0.11 0.5688888894230769 0.1266666658653846 0.9466666658653846
1564 0.22 0.5377777788461539 0.2 0.48888888942307696 0.1 0.5022222211538462 0.10666666586538462 0.56 0.22 0.5377777788461539
1977 0.49 0.5022222211538462 0.4366666658653846 0.4755555552884615 0.1 0.48888888942307696 0.10666666586538462 0.5733333341346154 0.49 0.5022222211538462