1885 0.89 0.8444444447115385 0.9266666658653846 0.0044444447115384615 0.5733333341346154 0.0044444447115384615 0.5833333341346154 0.777777778846154 0.89 0.8444444447115385
1885 0.006666665865384615 0 0.006666665865384615 0.991111110576923 0.1633333341346154 0.9955555552884616 0.58 0.777777778846154 0.5666666658653846 0 0.006666665865384615 0
792 0.5733333341346154 0.7822222211538462 0.17333333413461538 0.991111110576923 0.8766666658653846 0.991111110576923 0.89 0.8488888894230769 0.5733333341346154 0.7822222211538462
655 0.9266666658653846 0 0.88 0.991111110576923 0.9966666658653847 0.9955555552884616 0.9966666658653847 0 0.9266666658653846 0
558 0.58 0.017777778846153846 0.5833333341346154 0.3111111105769231 0.7766666658653846 0.3111111105769231 0.7833333341346154 0.017777778846153846 0.58 0.017777778846153846
558 0.92 0.017777778846153846 0.7833333341346154 0.017777778846153846 0.7766666658653846 0.3155555552884615 0.8633333341346153 0.3155555552884615 0.9033333341346155 0.32444444471153844 0.92 0.017777778846153846
751 0.5266666658653846 0.15555555528846154 0.49666666586538466 0.1288888894230769 0.39333333413461535 0.12444444471153847 0.39333333413461535 0.20444444471153847 0.4566666658653846 0.22666666586538461 0.5533333341346154 0.2133333341346154 0.5166666658653847 0.17777777884615384 0.5266666658653846 0.15555555528846154
558 0.39 0.12444444471153847 0.5066666658653847 0.13777777884615386 0.51 0.09777777884615385 0.5133333341346155 0.013333334134615385 0.39 0.02222222115384615 0.39 0.12444444471153847
558 0.2633333341346154 0.28 0.28 0.32444444471153844 0.39333333413461535 0.3111111105769231 0.39 0.013333334134615385 0.16 0.013333334134615385 0.1566666658653846 0.2666666658653846 0.1533333341346154 0.28444444471153846 0.2633333341346154 0.28
836 0.01 0.991111110576923 0.27666666586538463 0.991111110576923 0.27666666586538463 0.34666666586538464 0.26999999999999996 0.28 0.01 0.2711111105769231 0.01 0.991111110576923
558 0.27666666586538463 0.6977777788461539 0.2833333341346154 0.9955555552884616 0.5066666658653847 0.991111110576923 0.49666666586538466 0.608888889423077 0.27666666586538463 0.6977777788461539
1977 0.27666666586538463 0.5733333341346154 0.27666666586538463 0.6977777788461539 0.5 0.5911111105769231 0.36 0.5555555552884616 0.27666666586538463 0.5733333341346154
575 0.3033333341346154 0.5377777788461539 0.31 0.5911111105769231 0.33666666586538463 0.5866666658653846 0.34666666586538464 0.52 0.33999999999999997 0.4977777788461539 0.35333333413461543 0.4533333341346154 0.3633333341346154 0.4311111105769231 0.3633333341346154 0.39555555528846154 0.35 0.41777777884615386 0.34666666586538464 0.4444444447115385 0.33999999999999997 0.4933333341346154 0.33 0.5155555552884615 0.3266666658653846 0.4755555552884615 0.33 0.46222222115384615 0.33999999999999997 0.41777777884615386 0.33333333413461536 0.4 0.32333333413461535 0.41333333413461537 0.32 0.43555555528846157 0.32 0.45777777884615384 0.32 0.5022222211538462 0.3033333341346154 0.46222222115384615 0.3033333341346154 0.43555555528846157 0.3066666658653846 0.40444444471153845 0.2966666658653846 0.3866666658653846 0.29 0.40444444471153845 0.2933333341346154 0.44 0.3033333341346154 0.48444444471153847 0.3133333341346154 0.5244444447115385 0.3033333341346154 0.5377777788461539
1670 0.5066666658653847 0.9955555552884616 0.5333333341346154 0.9955555552884616 0.6233333341346154 0.92 0.6266666658653846 0.5422222211538462 0.4633333341346154 0.511111110576923 0.35666666586538465 0.5511111105769231 0.5 0.5911111105769231 0.5066666658653847 0.9955555552884616
558 0.89 0.5688888894230769 0.6333333341346153 0.5422222211538462 0.6333333341346153 0.8711111105769231 0.8 0.9155555552884616 0.8733333341346154 0.9466666658653846 0.89 0.5688888894230769
1564 0.8933333341346154 0.56 0.8999999999999999 0.5022222211538462 0.8 0.48888888942307696 0.78 0.5377777788461539 0.8933333341346154 0.56
1977 0.8933333341346154 0.5733333341346154 0.8999999999999999 0.48888888942307696 0.5633333341346154 0.4755555552884615 0.51 0.5022222211538462 0.8933333341346154 0.5733333341346154