558 0.016666665865384615 0 0.030000000000000002 0.2416666658653846 0.6233333341346154 0.2416666658653846 0.6366666658653847 0 0.016666665865384615 0
1885 0.5533333341346154 0.7833333341346154 0.8333333341346154 0.9708333341346154 0.9400000000000001 0.0041666658653846155 0.5700000000000001 0.0041666658653846155 0.5566666658653846 0.4833333341346154 0.5533333341346154 0.7833333341346154
1885 0.5533333341346154 0.7916666658653846 0.5633333341346154 0.008333334134615384 0.02 0 0.053333334134615384 0.5041666658653846 0.07 0.9916666658653847 0.5533333341346154 0.7916666658653846
1564 0.39333333413461535 0.5125 0.4933333341346154 0.5708333341346153 0.66 0.5333333341346154 0.5433333341346154 0.475 0.39333333413461535 0.5125
1670 0.13666666586538462 0.9958333341346154 0.36 0.9958333341346154 0.35666666586538465 0.6083333341346153 0.2666666658653846 0.525 0.26 0.47916666586538464 0.05 0.5125 0.056666665865384616 0.5541666658653847 0.12333333413461538 0.6541666658653846 0.1266666658653846 0.6833333341346154 0.13666666586538462 0.9958333341346154
558 0.6766666658653846 0.5583333341346154 0.3666666658653846 0.6375 0.3833333341346154 0.9958333341346154 0.66 0.8833333341346153 0.6766666658653846 0.5583333341346154
1977 0.35333333413461543 0.6041666658653846 0.35666666586538465 0.6375 0.7 0.5375 0.5333333341346154 0.4541666658653846 0.2666666658653846 0.5166666658653847 0.35333333413461543 0.6041666658653846
561 0.7833333341346154 0.9958333341346154 0.83 0.9958333341346154 0.8533333341346154 0.7833333341346154 0.77 0.8374999999999999 0.7833333341346154 0.9958333341346154
1942 0.8633333341346153 0.625 0.9366666658653846 0.0125 0.78 0.016666665865384615 0.75 0.5625 0.8633333341346153 0.625
1885 0.9433333341346154 0.0041666658653846155 0.8333333341346154 0.9916666658653847 0.9966666658653847 0.9958333341346154 0.9966666658653847 0 0.9433333341346154 0.0041666658653846155
1885 0.016666665865384615 0.0041666658653846155 0.01 0.0041666658653846155 0.006666665865384615 0.9916666658653847 0.06666666586538461 0.9958333341346154 0.016666665865384615 0.0041666658653846155
792 0.55 0.7958333341346153 0.07333333413461539 0.9958333341346154 0.7033333341346153 0.9958333341346154 0.83 0.9958333341346154 0.8266666658653846 0.9708333341346154 0.55 0.7958333341346153
561 0.11333333413461538 0.6499999999999999 0.10666666586538462 0.6458333341346154 0.053333334134615384 0.5583333341346154 0.07 0.6666666658653846 0.06333333413461538 0.9833333341346153 0.1266666658653846 0.9833333341346153 0.11333333413461538 0.6499999999999999