558 0.08875000000000001 0.06666666586538461 0.07625 0.2866666658653846 0.275 0.2933333341346154 0.27749999999999997 0.08 0.08875000000000001 0.06666666586538461
558 0.455 0.08166666586538461 0.28 0.0766666658653846 0.2825 0.23500000000000001 0.4475 0.2416666658653846 0.455 0.08166666586538461
558 0.4525 0.38 0.5225000000000001 0.3866666658653846 0.5225000000000001 0.07333333413461539 0.46 0.08166666586538461 0.4525 0.38
1116 0.2875 0.23833333413461538 0.28 0.37 0.44999999999999996 0.3766666658653846 0.4525 0.2533333341346154 0.2875 0.23833333413461538
491 0.24125 0.415 0.24125 0.3766666658653846 0.22 0.37 0.1875 0.37 0.1875 0.40666666586538464 0.18625 0.445 0.19 0.5033333341346153 0.2275 0.51 0.23875 0.5066666658653847 0.24125 0.415
558 0.68375 0.32499999999999996 0.8212499999999999 0.3083333341346154 0.8724999999999999 0.3083333341346154 0.88 0.005 0.6125 0.0016666658653846154 0.605 0.3416666658653846 0.68375 0.32499999999999996
291 0.6637500000000001 0.40333333413461536 0.66625 0.3833333341346154 0.6537499999999999 0.3766666658653846 0.65125 0.4 0.6425 0.4283333341346154 0.6325000000000001 0.45833333413461536 0.635 0.5583333341346154 0.6537499999999999 0.575 0.68625 0.5683333341346154 0.6787500000000001 0.46166666586538463 0.66875 0.4283333341346154 0.6637500000000001 0.40333333413461536
291 0.59625 0.575 0.59625 0.44833333413461535 0.58875 0.4216666658653846 0.58375 0.41333333413461537 0.56875 0.39666666586538457 0.57375 0.3733333341346154 0.56125 0.3733333341346154 0.5549999999999999 0.39666666586538457 0.5475 0.41000000000000003 0.535 0.4316666658653846 0.53 0.4866666658653846 0.525 0.5866666658653846 0.5549999999999999 0.5966666658653846 0.56875 0.6 0.5862499999999999 0.5933333341346153 0.59625 0.575
561 0.42875 0.5416666658653846 0.26999999999999996 0.5316666658653847 0.26999999999999996 0.8233333341346154 0.42624999999999996 0.8200000000000001 0.42875 0.5416666658653846
559 0.48375 0.6516666658653846 0.4375 0.5483333341346154 0.42375 0.8233333341346154 0.44 0.9983333341346154 0.51125 0.995 0.8362499999999999 0.9883333341346153 0.8575 0.6583333341346154 0.48375 0.6516666658653846
1675 0.195 0.72 0.19 0.8466666658653845 0.26125000000000004 0.84 0.26125000000000004 0.5233333341346154 0.275 0.49666666586538466 0.2725 0.41333333413461537 0.09375 0.40333333413461536 0.08124999999999999 0.49666666586538466 0.13499999999999998 0.545 0.1275 0.72 0.195 0.72
419 0.36250000000000004 0.6616666658653846 0.29 0.6383333341346155 0.2275 0.6366666658653847 0.16125 0.6583333341346154 0.12000000000000001 0.6849999999999999 0.09874999999999999 0.7100000000000001 0.11249999999999999 0.7166666658653846 0.16875 0.6933333341346154 0.2225 0.6716666658653847 0.2275 0.7366666658653845 0.215 0.9983333341346154 0.24875 0.995 0.25125 0.7583333341346153 0.24125 0.7433333341346154 0.23374999999999999 0.6683333341346154 0.2725 0.6683333341346154 0.2825 0.6716666658653847 0.2825 0.7366666658653845 0.27749999999999997 0.7883333341346154 0.2725 0.995 0.3 0.9916666658653847 0.2975 0.7683333341346154 0.295 0.7433333341346154 0.295 0.6649999999999999 0.34125 0.6883333341346154 0.33875 0.7583333341346153 0.33125000000000004 0.995 0.35500000000000004 0.9916666658653847 0.36 0.7716666658653846 0.3525 0.7516666658653846 0.35125 0.6916666658653846 0.3775 0.7133333341346154 0.39625 0.7366666658653845 0.39625 0.8099999999999999 0.375 0.985 0.39625 0.9983333341346154 0.475 0.9883333341346153 0.47000000000000003 0.865 0.43125 0.7366666658653845 0.36250000000000004 0.6616666658653846
561 0.0037500000000000003 0.6233333341346154 0.0037500000000000003 0.7033333341346153 0.1275 0.72 0.13499999999999998 0.565 0.0037500000000000003 0.6233333341346154
1977 0.51375 0.5 0.275 0.49666666586538466 0.26125000000000004 0.5283333341346154 0.43374999999999997 0.5383333341346154 0.49125 0.655 0.8625 0.655 0.8625 0.6166666658653847 0.8412499999999999 0.6166666658653847 0.6024999999999999 0.5133333341346155 0.51375 0.5
1885 0.9912500000000001 0.9916666658653847 0.9937499999999999 0.005 0.8875 0.005 0.8412499999999999 0.9983333341346154 0.9912500000000001 0.9916666658653847
1885 0.47250000000000003 0.0016666658653846154 0.00125 0.011666665865384616 0.0037500000000000003 0.8233333341346154 0.42125 0.8266666658653846 0.47250000000000003 0.0016666658653846154
1885 0.41375 0.83 0.8462500000000001 0.8066666658653846 0.8575 0.40666666586538464 0.8625 0.3116666658653846 0.88 0.011666665865384616 0.48124999999999996 0.005 0.41375 0.83
792 0.00875 0.8266666658653846 0.00625 0.9916666658653847 0.8362499999999999 0.9983333341346154 0.84875 0.8033333341346154 0.00875 0.8266666658653846
1023 0.8 0.9783333341346154 0.7775 0.9400000000000001 0.68625 0.9366666658653846 0.67125 0.9916666658653847 0.7 0.9816666658653846 0.8 0.9783333341346154
1152 0.5 0.5716666658653846 0.5 0.5866666658653846 0.52875 0.5833333341346154 0.5325 0.515 0.49874999999999997 0.5166666658653847 0.4975 0.53 0.48750000000000004 0.53 0.49 0.5533333341346154 0.5 0.5716666658653846