1907 0.39344262259615387 0.583984375 0.4295081971153846 0.58203125 0.48524590144230767 0.572265625 0.5213114759615385 0.560546875 0.5409836057692308 0.55078125 0.5442622956730769 0.54296875 0.5081967211538462 0.53125 0.4622950817307692 0.53125 0.4065573774038462 0.533203125 0.350819673076923 0.544921875 0.3049180336538461 0.552734375 0.29836065624999997 0.568359375 0.33770491826923077 0.58203125 0.39344262259615387 0.583984375
757 0.27868852403846156 0.525390625 0.3049180336538461 0.533203125 0.2852459014423077 0.548828125 0.36721311538461543 0.533203125 0.34426229567307687 0.52734375 0.34426229567307687 0.513671875 0.32786885336538457 0.53515625 0.3213114759615384 0.5234375 0.3311475408653846 0.50390625 0.3147540985576923 0.513671875 0.31147540865384615 0.525390625 0.30163934375 0.521484375 0.27868852403846156 0.525390625
757 0.35737704807692305 0.494140625 0.3344262283653846 0.501953125 0.3311475408653846 0.50390625 0.34426229567307687 0.501953125 0.3737704927884616 0.515625 0.3836065576923077 0.51171875 0.3836065576923077 0.498046875 0.35737704807692305 0.494140625
1794 0.4918032788461538 0.419921875 0.5836065576923077 0.435546875 0.7311475408653846 0.4296875 0.7344262283653846 0.380859375 0.7508196730769231 0.33203125 0.7508196730769231 0.287109375 0.5213114759615385 0.287109375 0.49836065625000003 0.3046875 0.4918032788461538 0.419921875
1798 0.9967213125000001 0.39453125 0.8786885240384615 0.390625 0.9114754086538461 0.37109375 0.8622950817307693 0.37890625 0.855737704326923 0.390625 0.8721311466346153 0.404296875 0.8950819663461539 0.404296875 0.8688524591346154 0.390625 0.9967213125000001 0.39453125
1120 0.009836064903846153 0.001953125 0.016393442307692307 0.390625 0.41311475480769233 0.359375 0.4065573774038462 0.00390625 0.009836064903846153 0.001953125
466 0.4459016394230769 0.86328125 0.4459016394230769 0.884765625 0.5934426225961539 0.80078125 0.5967213124999999 0.78125 0.6098360649038461 0.7734375 0.6327868846153847 0.54296875 0.42622950721153846 0.509765625 0.16721311538461536 0.5703125 0.15409836057692308 0.60546875 0.23606557451923077 0.626953125 0.23606557451923077 0.759765625 0.19344262259615386 0.791015625 0.21311475480769232 0.794921875 0.23606557451923077 0.796875 0.3180327860576923 0.79296875 0.3704918028846154 0.806640625 0.41311475480769233 0.822265625 0.4459016394230769 0.837890625 0.4459016394230769 0.86328125
457 0.15409836057692308 0.607421875 0.013114754807692308 0.640625 0.03934426201923077 0.841796875 0.23934426201923076 0.765625 0.2327868846153846 0.65625 0.2491803269230769 0.646484375 0.22295081971153846 0.65234375 0.22950819711538462 0.625 0.15409836057692308 0.607421875
1927 0.05573770432692308 0.974609375 0.06557377163461539 0.994140625 0.35409836057692307 0.994140625 0.34426229567307687 0.97265625 0.3737704927884616 0.96875 0.4327868846153846 0.931640625 0.4360655745192308 0.888671875 0.43934426201923077 0.84375 0.38032786778846156 0.80859375 0.3344262283653846 0.794921875 0.22622950721153845 0.80078125 0.2032786875 0.796875 0.1868852451923077 0.7890625 0.03934426201923077 0.845703125 0.04590163942307693 0.876953125 0.06557377163461539 0.900390625 0.07868852403846154 0.93359375 0.08524590144230769 0.955078125 0.06557377163461539 0.96875 0.05573770432692308 0.974609375
1064 0.6918032788461539 0.865234375 0.7180327860576923 0.86328125 0.7344262283653846 0.861328125 0.7672131153846155 0.765625 0.7311475408653846 0.75 0.7114754086538462 0.744140625 0.6721311466346154 0.740234375 0.6262295072115385 0.748046875 0.6196721322115385 0.767578125 0.6426229519230768 0.8515625 0.655737704326923 0.859375 0.6918032788461539 0.865234375
1885 0.4295081971153846 0.75390625 0.9967213125000001 0.896484375 0.9934426225961539 0 0.41311475480769233 0.001953125 0.4295081971153846 0.75390625
1885 0.4295081971153846 0.75390625 0.4065573774038462 0.001953125 0.013114754807692308 0 0.009836064903846153 0.515625 0.009836064903846153 0.8828125 0.4295081971153846 0.75390625
792 0.013114754807692308 0.88671875 0.009836064903846153 0.99609375 0.9967213125000001 0.99609375 0.9934426225961539 0.904296875 0.4229508197115385 0.7578125 0.013114754807692308 0.88671875
314 0.016393442307692307 0.65625 0.09508196634615386 0.65625 0.11803278605769231 0.634765625 0.11147540865384616 0.572265625 0.013114754807692308 0.568359375 0.013114754807692308 0.58203125 0.016393442307692307 0.65625
909 0.04590163942307693 0.5859375 0.06885245913461538 0.58203125 0.07540983653846153 0.560546875 0.05573770432692308 0.537109375 0.016393442307692307 0.5546875 0.022950819711538464 0.572265625 0.02622950721153846 0.58203125 0.04590163942307693 0.5859375