1314 0.23828125 0.08493150721153847 0.240234375 0.21095890384615384 0.298828125 0.2082191778846154 0.298828125 0.09041095913461539 0.23828125 0.08493150721153847
1314 0.765625 0.09041095913461539 0.57421875 0.08493150721153847 0.568359375 0.22191780769230768 0.75 0.21643835576923076 0.765625 0.09041095913461539
180 0.80078125 0.6520547956730769 0.794921875 0.5917808221153846 0.669921875 0.5808219182692308 0.650390625 0.6438356153846154 0.6953125 0.6794520552884615 0.765625 0.6794520552884615 0.80078125 0.6520547956730769
180 0.44921875 0.7945205480769231 0.451171875 0.7452054783653845 0.4375 0.7315068485576923 0.419921875 0.7287671225961538 0.400390625 0.7287671225961538 0.38671875 0.7287671225961538 0.376953125 0.7315068485576923 0.369140625 0.7424657524038462 0.369140625 0.7561643846153847 0.376953125 0.7780821923076923 0.37109375 0.8712328774038463 0.40625 0.88219178125 0.427734375 0.8767123293269231 0.4375 0.8684931514423078 0.44921875 0.7945205480769231
211 0.2578125 0.26027397355769233 0.234375 0.26027397355769233 0.216796875 0.24931506730769232 0.1875 0.23835616346153848 0.185546875 0.2547945216346154 0.19921875 0.2904109591346154 0.205078125 0.3315068485576923 0.19921875 0.36164383653846155 0.189453125 0.38904109615384613 0.1875 0.4164383557692308 0.1875 0.46301369951923077 0.197265625 0.4794520552884615 0.19921875 0.4931506850961539 0.220703125 0.5068493149038461 0.2265625 0.51780821875 0.23828125 0.5260273966346154 0.251953125 0.5287671225961538 0.255859375 0.5424657524038461 0.265625 0.5561643846153846 0.27734375 0.5753424663461538 0.314453125 0.6109589038461538 0.298828125 0.24657534134615386 0.291015625 0.24657534134615386 0.2578125 0.26027397355769233
655 0.1171875 0.7643835625000001 0.0703125 0 0.01953125 0.0027397259615384614 0.078125 0.71780821875 0.1171875 0.7643835625000001
1168 0.1015625 0.37534246634615387 0.1171875 0.5561643846153846 0.185546875 0.5315068485576924 0.1796875 0.3808219182692308 0.185546875 0.37808219230769236 0.177734375 0.36712328846153847 0.1015625 0.37534246634615387
1027 0.087890625 0.24109588942307691 0.08984375 0.30136986298076923 0.1015625 0.29315068509615383 0.12109375 0.38904109615384613 0.10546875 0.38904109615384613 0.134765625 0.3945205480769231 0.119140625 0.37534246634615387 0.1171875 0.32054794471153847 0.1171875 0.29315068509615383 0.150390625 0.2876712331730769 0.12890625 0.24109588942307691 0.087890625 0.24109588942307691
1942 0.94140625 0 0.888671875 0.47397260336538466 0.98828125 0.5260273966346154 0.994140625 0 0.94140625 0
1607 0.810546875 0.5424657524038461 0.705078125 0.5123287668269231 0.646484375 0.4904109591346154 0.64453125 0.47397260336538466 0.638671875 0.4602739735576923 0.599609375 0.4712328774038462 0.5390625 0.4410958894230769 0.51171875 0.4273972596153846 0.45703125 0.3945205480769231 0.4453125 0.4 0.42578125 0.4219178076923077 0.419921875 0.4657534254807692 0.439453125 0.7397260264423077 0.6640625 0.9917808221153847 0.7265625 0.9945205480769231 0.990234375 0.9890410961538462 0.994140625 0.5397260264423077 0.94140625 0.5287671225961538 0.90625 0.5452054783653846 0.865234375 0.5452054783653846 0.810546875 0.5424657524038461
1708 0.35546875 0.7534246586538462 0.35546875 0.7041095889423077 0.361328125 0.6273972596153846 0.375 0.6273972596153846 0.400390625 0.6547945216346154 0.408203125 0.6739726033653847 0.435546875 0.7013698629807692 0.455078125 0.723287670673077 0.466796875 0.7424657524038462 0.46875 0.8273972596153847 0.484375 0.8356164375 0.490234375 0.7397260264423077 0.501953125 0.7506849326923077 0.525390625 0.7671232884615384 0.67578125 0.8904109591346153 0.671875 0.8958904110576923 0.671875 0.9260273966346154 0.67578125 0.9479452043269231 0.669921875 0.9780821923076922 0.669921875 0.9972602740384615 0.734375 0.9917808221153847 0.73046875 0.8986301370192307 0.845703125 0.8383561634615385 0.841796875 0.8904109591346153 0.849609375 0.9232876706730769 0.857421875 0.9506849326923077 0.8515625 0.9890410961538462 0.91015625 0.9808219182692308 0.91015625 0.9342465745192308 0.88671875 0.8767123293269231 0.89453125 0.8547945216346153 0.890625 0.8082191778846154 0.9140625 0.7917808221153847 0.8984375 0.7698630144230769 0.900390625 0.7534246586538462 0.900390625 0.7150684927884616 0.919921875 0.7013698629807692 0.48046875 0.4904109591346154 0.326171875 0.5287671225961538 0.337890625 0.5424657524038461 0.337890625 0.5808219182692308 0.32421875 0.5835616442307692 0.34765625 0.6273972596153846 0.337890625 0.6684931514423076 0.330078125 0.6849315072115385 0.328125 0.7397260264423077 0.3359375 0.7917808221153847 0.341796875 0.8438356153846154 0.33203125 0.9041095889423078 0.3671875 0.8712328774038463 0.3515625 0.8109589038461539 0.35546875 0.7534246586538462
1740 0.576171875 0.5150684927884616 0.568359375 0.5068493149038461 0.564453125 0.49863013701923076 0.51953125 0.4904109591346154 0.49609375 0.5150684927884616 0.484375 0.5342465745192307 0.517578125 0.5561643846153846 0.544921875 0.5753424663461538 0.595703125 0.558904110576923 0.59765625 0.5315068485576924 0.576171875 0.5150684927884616
1027 0.451171875 0.5123287668269231 0.45703125 0.5397260264423077 0.48828125 0.5342465745192307 0.498046875 0.51780821875 0.49609375 0.5041095889423077 0.490234375 0.4794520552884615 0.494140625 0.28219178125 0.560546875 0.2684931514423077 0.58203125 0.2547945216346154 0.525390625 0.10684931490384615 0.517578125 0.10684931490384615 0.484375 0.10684931490384615 0.451171875 0.10684931490384615 0.39453125 0.2520547956730769 0.41796875 0.26575342548076925 0.451171875 0.27397260336538465 0.4765625 0.2767123293269231 0.474609375 0.30684931490384615 0.478515625 0.3424657524038462 0.470703125 0.4356164375 0.466796875 0.4794520552884615 0.451171875 0.5123287668269231
385 0.150390625 0.8931506850961538 0.1875 0.9945205480769231 0.669921875 0.9835616442307693 0.4765625 0.7808219182692308 0.150390625 0.8931506850961538
1885 0.001953125 0 0.001953125 0.8136986298076923 0.076171875 0.7780821923076923 0.01953125 0 0.001953125 0
1885 0.30859375 0.46301369951923077 0.291015625 0 0.02734375 0.0027397259615384614 0.06640625 0.5150684927884616 0.201171875 0.4931506850961539 0.30859375 0.46301369951923077
1885 0.98828125 0.010958903846153846 0.91796875 0 0.87109375 0.4931506850961539 0.994140625 0.5342465745192307 0.98828125 0.010958903846153846
1885 0.33203125 0.7150684927884616 0.865234375 0.5041095889423077 0.90625 0.0027397259615384614 0.845703125 0.0027397259615384614 0.298828125 0 0.30859375 0.687671233173077 0.33203125 0.7150684927884616
792 0.869140625 0.5013698629807692 0.33203125 0.723287670673077 0.306640625 0.6931506850961539 0.3046875 0.4712328774038462 0.06640625 0.5205479447115384 0.0859375 0.7808219182692308 0.001953125 0.8273972596153847 0.001953125 0.9945205480769231 0.994140625 0.9917808221153847 0.990234375 0.5452054783653846 0.869140625 0.5013698629807692