964 0 0 0 0.9946666658653847 0.998 0.9946666658653847 0.996 0 0 0
1562 0.6159999999999999 0.14133333413461538 0.674 0.17066666586538462 0.6819999999999999 0.17333333413461538 0.6859999999999999 0.16533333413461537 0.6859999999999999 0.1306666658653846 0.676 0.12000000000000001 0.602 0.08533333413461539 0.6 0.09066666586538462 0.6 0.10933333413461538 0.604 0.12266666586538462 0.606 0.1306666658653846 0.6159999999999999 0.14133333413461538
1954 0.7260000000000001 0.7306666658653846 0.504 0.7173333341346153 0.504 0.7759999999999999 0.502 0.8346666658653846 0.736 0.8346666658653846 0.7260000000000001 0.7306666658653846
1942 0.906 0.544 0.8979999999999999 0.456 0.886 0.41066666586538464 0.8180000000000001 0.552 0.824 0.584 0.826 0.6373333341346155 0.906 0.544
1942 0.9400000000000001 0.8266666658653846 0.92 0.64 0.826 0.7013333341346153 0.8500000000000001 0.9946666658653847 0.962 0.9893333341346153 0.9400000000000001 0.8266666658653846
1285 0.728 0.8906666658653847 0.7080000000000001 0.912 0.704 0.9306666658653846 0.6920000000000001 0.9626666658653846 0.6940000000000001 0.9893333341346153 0.872 0.9920000000000001 0.872 0.9786666658653846 0.8680000000000001 0.952 0.858 0.92 0.84 0.896 0.8160000000000001 0.8746666658653847 0.7919999999999999 0.8666666658653847 0.766 0.8666666658653847 0.756 0.8746666658653847 0.736 0.8773333341346153 0.728 0.8906666658653847
1286 0.628 0.8613333341346153 0.6159999999999999 0.84 0.61 0.8266666658653846 0.596 0.8133333341346154 0.5860000000000001 0.8053333341346154 0.588 0.7866666658653846 0.582 0.768 0.5760000000000001 0.7626666658653847 0.564 0.7706666658653846 0.56 0.784 0.564 0.8 0.566 0.8079999999999999 0.552 0.8213333341346154 0.5399999999999999 0.84 0.546 0.8693333341346154 0.55 0.8826666658653846 0.566 0.9146666658653846 0.566 0.9813333341346154 0.582 0.9813333341346154 0.596 0.9813333341346154 0.612 0.9733333341346154 0.612 0.9306666658653846 0.61 0.9013333341346154 0.612 0.8826666658653846 0.622 0.8746666658653847 0.628 0.8613333341346153
1286 0.428 0.968 0.446 0.9546666658653845 0.444 0.9466666658653846 0.452 0.9146666658653846 0.47000000000000003 0.8666666658653847 0.494 0.8506666658653846 0.504 0.8426666658653846 0.504 0.8079999999999999 0.49 0.7759999999999999 0.476 0.7733333341346154 0.454 0.7813333341346154 0.448 0.8 0.44200000000000006 0.8346666658653846 0.44999999999999996 0.856 0.438 0.8746666658653847 0.42 0.8933333341346154 0.41000000000000003 0.912 0.39599999999999996 0.9493333341346154 0.39599999999999996 0.9706666658653845 0.40399999999999997 0.9733333341346154 0.428 0.968
1286 0.516 0.8586666658653846 0.504 0.8533333341346154 0.48800000000000004 0.8613333341346153 0.46799999999999997 0.888 0.454 0.9173333341346154 0.44200000000000006 0.9440000000000001 0.448 0.9626666658653846 0.474 0.9653333341346154 0.498 0.968 0.518 0.9733333341346154 0.538 0.9786666658653846 0.5479999999999999 0.968 0.55 0.9359999999999999 0.542 0.904 0.528 0.8746666658653847 0.516 0.8586666658653846
1286 0.258 0.8746666658653847 0.24800000000000003 0.848 0.23 0.8373333341346154 0.20800000000000002 0.8373333341346154 0.192 0.8506666658653846 0.186 0.8773333341346153 0.184 0.896 0.19 0.9146666658653846 0.196 0.9306666658653846 0.16599999999999998 0.952 0.156 0.9626666658653846 0.186 0.9653333341346154 0.23 0.968 0.256 0.968 0.268 0.984 0.286 0.9893333341346153 0.3 0.9920000000000001 0.296 0.984 0.28800000000000003 0.9546666658653845 0.276 0.9573333341346154 0.246 0.9306666658653846 0.262 0.904 0.258 0.8746666658653847
1120 0.33199999999999996 0.608 0.33 0.5973333341346154 0.32399999999999995 0.6026666658653845 0.31 0.6053333341346154 0.31 0.6213333341346154 0.322 0.624 0.328 0.6319999999999999 0.338 0.6479999999999999 0.33 0.6693333341346153 0.358 0.6746666658653846 0.394 0.592 0.366 0.5866666658653846 0.336 0.6426666658653846 0.33199999999999996 0.6266666658653846 0.33199999999999996 0.608
1942 0.20400000000000001 0.7866666658653846 0.218 0.656 0.002 0.6026666658653845 0.002 0.9760000000000001 0.20199999999999999 0.9226666658653847 0.20400000000000001 0.7866666658653846
1942 0.32 0.9413333341346154 0.32399999999999995 0.848 0.33199999999999996 0.6880000000000001 0.24000000000000002 0.6639999999999999 0.222 0.76 0.224 0.9493333341346154 0.32 0.9413333341346154
1286 0.652 0.7759999999999999 0.654 0.8053333341346154 0.6499999999999999 0.8213333341346154 0.6499999999999999 0.856 0.6499999999999999 0.8773333341346153 0.6659999999999999 0.88 0.672 0.856 0.678 0.8426666658653846 0.678 0.824 0.676 0.8106666658653846 0.676 0.7919999999999999 0.6659999999999999 0.7733333341346154 0.652 0.7759999999999999
1286 0.696 0.8053333341346154 0.6920000000000001 0.8160000000000001 0.6920000000000001 0.8320000000000001 0.6799999999999999 0.8426666658653846 0.67 0.8773333341346153 0.674 0.8986666658653846 0.7 0.8773333341346153 0.7 0.8373333341346154 0.72 0.8346666658653846 0.7260000000000001 0.8346666658653846 0.716 0.8160000000000001 0.716 0.8 0.7060000000000001 0.7893333341346154 0.6920000000000001 0.7946666658653846 0.696 0.8053333341346154
1286 0.702 0.8586666658653846 0.7080000000000001 0.8826666658653846 0.6940000000000001 0.8906666658653847 0.6839999999999999 0.9066666658653847 0.6900000000000001 0.9359999999999999 0.716 0.9093333341346154 0.7240000000000001 0.888 0.74 0.8746666658653847 0.748 0.8693333341346154 0.746 0.8533333341346154 0.738 0.8373333341346154 0.7240000000000001 0.8373333341346154 0.7060000000000001 0.84 0.702 0.8586666658653846
171 0.538 0.8853333341346155 0.542 0.8933333341346154 0.5479999999999999 0.8 0.564 0.6826666658653846 0.582 0.5893333341346154 0.5940000000000001 0.5306666658653846 0.602 0.5093333341346153 0.5940000000000001 0.504 0.58 0.56 0.5579999999999999 0.6639999999999999 0.542 0.7759999999999999 0.538 0.8853333341346155
171 0.43400000000000005 0.7333333341346153 0.41800000000000004 0.9573333341346154 0.43400000000000005 0.9600000000000001 0.44 0.84 0.44999999999999996 0.7066666658653846 0.46599999999999997 0.5733333341346154 0.484 0.45866666586538457 0.5 0.3706666658653846 0.516 0.3013333341346154 0.5 0.2933333341346154 0.48800000000000004 0.35466666586538464 0.46599999999999997 0.4666666658653846 0.44 0.6373333341346155 0.43400000000000005 0.7333333341346153
171 0.24800000000000003 0.8053333341346154 0.252 0.8586666658653846 0.262 0.8666666658653847 0.262 0.8026666658653846 0.252 0.6880000000000001 0.24000000000000002 0.6 0.226 0.5306666658653846 0.20800000000000002 0.47200000000000003 0.20199999999999999 0.4533333341346154 0.19399999999999998 0.45866666586538457 0.20800000000000002 0.512 0.228 0.5973333341346154 0.24400000000000002 0.712 0.24800000000000003 0.8053333341346154
1562 0.076 0.5413333341346154 0.062000000000000006 0.528 0.042 0.544 0.054 0.5573333341346154 0.076 0.5413333341346154