965 0.003994651442307692 0 0.002 0.9946666658653847 1 0.9946666658653847 1 0.49600000000000005 0.9980106971153847 0 0.003994651442307692 0
655 0.542 0.584 0.614 0.5813333341346154 0.614 0.336 0.546 0.33866666586538463 0.542 0.584
1291 0.654 0.4613333341346154 0.66 0.4693333341346154 0.6479999999999999 0.4826666658653846 0.6340000000000001 0.48800000000000004 0.626 0.4933333341346154 0.6180000000000001 0.4826666658653846 0.6159999999999999 0.48800000000000004 0.61 0.4986666658653846 0.62 0.5093333341346153 0.604 0.528 0.61 0.5386666658653846 0.5940000000000001 0.5733333341346154 0.5860000000000001 0.5973333341346154 0.588 0.608 0.604 0.608 0.614 0.6026666658653845 0.614 0.5866666658653846 0.6159999999999999 0.5493333341346154 0.638 0.5466666658653846 0.64 0.5146666658653847 0.646 0.5093333341346153 0.6499999999999999 0.4986666658653846 0.6819999999999999 0.49600000000000005 0.676 0.47200000000000003 0.6799999999999999 0.464 0.6819999999999999 0.45066666586538456 0.676 0.4373333341346154 0.67 0.43466666586538466 0.656 0.44 0.654 0.4613333341346154
663 0.906 0.6133333341346154 0.89 0.184 0.8819999999999999 0.16533333413461537 0.854 0.1813333341346154 0.8500000000000001 0.2106666658653846 0.862 0.6773333341346154 0.874 0.672 0.8979999999999999 0.6479999999999999 0.906 0.6133333341346154
1505 0.6639999999999999 0.6026666658653845 0.66 0.6159999999999999 0.6679999999999999 0.6319999999999999 0.6679999999999999 0.6880000000000001 0.6659999999999999 0.696 0.678 0.7146666658653846 0.6839999999999999 0.704 0.6940000000000001 0.6373333341346155 0.704 0.6293333341346153 0.732 0.6266666658653846 0.796 0.6026666658653845 0.8119999999999999 0.5866666658653846 0.8180000000000001 0.5493333341346154 0.744 0.5173333341346154 0.718 0.608 0.6639999999999999 0.6026666658653845
1505 0.36200000000000004 0.6133333341346154 0.428 0.6373333341346155 0.436 0.76 0.46799999999999997 0.6933333341346154 0.47000000000000003 0.6266666658653846 0.476 0.6266666658653846 0.47800000000000004 0.6106666658653845 0.476 0.6053333341346154 0.422 0.6026666658653845 0.398 0.5146666658653847 0.30799999999999994 0.5493333341346154 0.312 0.5706666658653846 0.328 0.5973333341346154 0.36200000000000004 0.6133333341346154
1501 0.246 0.9920000000000001 0.266 0.9920000000000001 0.268 0.9813333341346154 0.28 0.9146666658653846 0.29 0.912 0.294 0.8853333341346155 0.30799999999999994 0.88 0.34600000000000003 0.824 0.34400000000000003 0.8 0.328 0.7919999999999999 0.23 0.7946666658653846 0.218 0.7893333341346154 0.182 0.6106666658653845 0.174 0.5946666658653846 0.146 0.5946666658653846 0.12200000000000001 0.6106666658653845 0.12200000000000001 0.64 0.116 0.6479999999999999 0.114 0.6986666658653846 0.134 0.7066666658653846 0.148 0.7413333341346154 0.16999999999999998 0.888 0.222 0.8933333341346154 0.23399999999999999 0.9093333341346154 0.258 0.9173333341346154 0.246 0.9920000000000001
1501 0.138 0.712 0.128 0.704 0.108 0.6986666658653846 0.05 0.696 0.006 0.6906666658653846 0.004 0.9946666658653847 0.206 0.9946666658653847 0.238 0.952 0.23399999999999999 0.9066666658653847 0.222 0.8933333341346154 0.16999999999999998 0.888 0.14400000000000002 0.72 0.138 0.712
663 0.28 0.232 0.27799999999999997 0.2133333341346154 0.27799999999999997 0.192 0.23399999999999999 0.16 0.228 0.17333333413461538 0.22 0.20800000000000002 0.20400000000000001 0.6 0.214 0.6453333341346154 0.232 0.6639999999999999 0.264 0.6746666658653846 0.262 0.5573333341346154 0.28 0.232
1942 0.384 0.5013333341346153 0.386 0.4853333341346154 0.39599999999999996 0.3066666658653846 0.39599999999999996 0.2906666658653846 0.394 0.28533333413461537 0.338 0.2453333341346154 0.33199999999999996 0.2506666658653846 0.318 0.49600000000000005 0.32 0.5146666658653847 0.328 0.52 0.376 0.5066666658653847 0.384 0.5013333341346153
1942 0.003991415865384615 0 0.002 0.6186666658653847 0.028 0.6133333341346154 0.068 0.592 0.088 0.5680000000000001 0.096 0.5306666658653846 0.112 0.07466666586538462 0.10400000000000001 0.056 0.064 0.016 0.042 0 0.003991415865384615 0
1027 0.8180000000000001 0.1813333341346154 0.864 0.1253333341346154 0.826 0.10933333413461538 0.782 0.17866666586538463 0.8180000000000001 0.1813333341346154
1027 0.348 0.1813333341346154 0.282 0.10933333413461538 0.254 0.1306666658653846 0.312 0.18666666586538463 0.348 0.1813333341346154
1027 0.376 0.096 0.358 0.1013333341346154 0.39599999999999996 0.16 0.41000000000000003 0.14666666586538463 0.376 0.096
911 0.7439657548076923 0 0.734 0.7759999999999999 0.752 0.8160000000000001 0.748 0.864 0.762 0.8666666658653847 0.768 0.8320000000000001 0.778 0.7893333341346154 0.7759999999999999 0.037333334134615384 0.7759999999999999 0 0.7439657548076923 0
1504 0.998 0.9920000000000001 0.998 0.8613333341346153 0.966 0.8613333341346153 0.858 0.8586666658653846 0.786 0.8586666658653846 0.756 0.8586666658653846 0.738 0.8613333341346153 0.718 0.8746666658653847 0.704 0.8933333341346154 0.6940000000000001 0.9920000000000001 0.998 0.9920000000000001
1504 1 0.7093333341346154 0.716 0.7093333341346154 0.6880000000000001 0.712 0.67 0.7173333341346153 0.656 0.744 0.652 0.9146666658653846 0.644 0.912 0.64 0.9386666658653847 0.6499999999999999 0.9920000000000001 0.698 0.9920000000000001 0.704 0.8906666658653847 0.714 0.8746666658653847 0.744 0.8586666658653846 0.998 0.8613333341346153 1 0.7853333341346154 1 0.7093333341346154
1562 0.126 0.424 0.148 0.424 0.152 0.36266666586538465 0.126 0.36 0.126 0.424
911 0.366 0.9893333341346153 0.38 0.9920000000000001 0.376 0.061333334134615385 0.378 0.029333334134615384 0.364 0.029333334134615384 0.366 0.9893333341346153
911 0.43400000000000005 0.8320000000000001 0.44 0.8320000000000001 0.44 0.14400000000000002 0.428 0.14400000000000002 0.43400000000000005 0.8320000000000001
911 0.6819999999999999 0 0.6819999999999999 0.6613333341346154 0.698 0.656 0.704 0.010666665865384615 0.704 0 0.6819999999999999 0
1504 0.994 0.7066666658653846 0.998 0.6346666658653847 0.99 0.6213333341346154 0.954 0.6026666658653845 0.9420000000000001 0.6053333341346154 0.9319999999999999 0.6186666658653847 0.908 0.7093333341346154 0.994 0.7066666658653846
1562 0.9580000000000001 0.35466666586538464 0.98 0.34133333413461536 0.9760000000000001 0.2826666658653846 0.954 0.2933333341346154 0.9580000000000001 0.35466666586538464
1230 0.598 0.4453333341346154 0.6 0.4293333341346154 0.6 0.3893333341346154 0.598 0.3786666658653846 0.59 0.368 0.562 0.3706666658653846 0.5579999999999999 0.376 0.5559999999999999 0.44266666586538467 0.5579999999999999 0.448 0.566 0.4533333341346154 0.5940000000000001 0.4533333341346154 0.598 0.4453333341346154