964 0.002787627403846154 0 0 0.49619771875 0 0.99619771875 0.9943820216346153 0.99619771875 0.9943820216346153 0 0.002787627403846154 0
1942 0.519662920673077 0.46387832692307696 0.5449438197115385 0.4600760456730769 0.5449438197115385 0.44106463942307694 0.5449438197115385 0.4106463870192308 0.53932584375 0.4106463870192308 0.48314606730769233 0.4068441057692308 0.48314606730769233 0.44106463942307694 0.48595505528846156 0.4600760456730769 0.519662920673077 0.46387832692307696
1953 0.42696629326923075 0.45247148317307695 0.42415730288461534 0.40304182451923076 0.34269662980769233 0.4334600769230769 0.3455056177884615 0.5209125480769231 0.3567415721153846 0.5209125480769231 0.37921348317307696 0.49429657692307694 0.42696629326923075 0.45247148317307695
1942 0.3061797764423077 0.4448669206730769 0.26685393269230767 0.4600760456730769 0.2724719110576923 0.5855513317307692 0.31179775240384616 0.5551330793269231 0.3061797764423077 0.4448669206730769
1942 0.26404494471153844 0.5969581754807692 0.25842696634615386 0.4600760456730769 0.20224718990384616 0.4866920144230769 0.20505618028846154 0.5741444855769231 0.21067415625000002 0.6463878317307692 0.26404494471153844 0.5969581754807692
1942 0.12640449519230768 0.7338403052884614 0.1938202235576923 0.6653992403846154 0.18820224759615384 0.5703422043269231 0.18820224759615384 0.49429657692307694 0.10112359615384615 0.532319391826923 0.10393258413461538 0.5551330793269231 0.11235955048076923 0.6463878317307692 0.12640449519230768 0.7338403052884614
1942 0.033707865384615385 0.8859315600961538 0.11516853846153846 0.7832699615384615 0.10674157211538461 0.7376425865384615 0.09269662980769232 0.6653992403846154 0.08146067307692308 0.5589353605769231 0.04494381971153846 0.5703422043269231 0.01966292067307692 0.5855513317307692 0.002808987980769231 0.6007604567307692 0.002808987980769231 0.7908745240384616 0.033707865384615385 0.8859315600961538
1953 0.6516853942307693 0.4258555144230769 0.6460674158653846 0.4296577956730769 0.6348314615384615 0.42205323076923074 0.6264044951923077 0.42205323076923074 0.6207865168269231 0.4144486682692308 0.6179775288461538 0.4144486682692308 0.6151685384615384 0.4106463870192308 0.6067415721153846 0.4106463870192308 0.6039325841346154 0.4068441057692308 0.5955056177884616 0.45627376442307693 0.6235955048076923 0.4866920144230769 0.6432584278846154 0.5057034230769231 0.6573033701923077 0.5209125480769231 0.6685393269230769 0.536121673076923 0.6769662932692307 0.536121673076923 0.67977528125 0.4448669206730769 0.6685393269230769 0.4334600769230769 0.660112360576923 0.4334600769230769 0.6516853942307693 0.4258555144230769
1942 0.7219101129807692 0.5931558942307692 0.730337079326923 0.6235741442307692 0.738764045673077 0.6235741442307692 0.75 0.48288973317307693 0.7134831466346154 0.46387832692307696 0.7050561802884616 0.5703422043269231 0.7078651682692307 0.5741444855769231 0.7219101129807692 0.5931558942307692
1942 0.7640449447115384 0.6387832692307692 0.7724719110576923 0.6653992403846154 0.7808988774038461 0.6996197716346154 0.7921348317307693 0.6996197716346154 0.8005617980769231 0.6197718629807691 0.808988764423077 0.5171102668269231 0.7584269663461539 0.4904942956730769 0.7471910120192308 0.6235741442307692 0.7556179783653847 0.6311787067307691 0.7640449447115384 0.6387832692307692
1942 0.8005617980769231 0.7072243341346154 0.82022471875 0.7072243341346154 0.8342696634615384 0.7262357403846154 0.8455056177884616 0.7528517115384615 0.8455056177884616 0.7832699615384615 0.8623595504807693 0.8060836490384615 0.8848314615384615 0.7148288966346155 0.8932584278846154 0.6692015216346154 0.9016853942307693 0.5703422043269231 0.8230337067307693 0.5209125480769231 0.8230337067307693 0.543726235576923 0.8146067403846153 0.6045627379807692 0.8061797764423078 0.6692015216346154 0.8005617980769231 0.7072243341346154
1942 0.9494382019230769 0.9391634975961539 0.9550561802884616 0.9277566538461539 0.9943820216346153 0.8250950576923077 0.9915730336538461 0.6311787067307691 0.921348314903846 0.5779467692307693 0.9157303365384616 0.6045627379807692 0.8988764038461539 0.7148288966346155 0.8735955048076923 0.8174904951923078 0.9494382019230769 0.9391634975961539
1505 0.46910112259615383 0.44106463942307694 0.4438202235576923 0.44106463942307694 0.4353932596153846 0.4486692019230769 0.42696629326923075 0.45247148317307695 0.3595505625 0.5171102668269231 0.33426966346153847 0.5399239543269231 0.31179775240384616 0.5551330793269231 0.2949438197115385 0.5779467692307693 0.28370786538461534 0.5931558942307692 0.24719101201923077 0.6007604567307692 0.23314606730769233 0.6197718629807691 0.23033707932692307 0.6768060841346154 0.17977528125 0.6768060841346154 0.16011236057692307 0.6920152091346154 0.14606741586538463 0.7642585552884615 0.1404494375 0.8060836490384615 0.14325842788461537 0.8288973389423078 0.07584269711538462 0.7984790865384616 0.05898876442307692 0.7984790865384616 0.04775281009615385 0.8060836490384615 0.03932584375 0.8479087451923076 0.04494381971153846 0.9049429663461539 0.06460674038461539 0.97338403125 0.07303370673076923 0.98859315625 0.43820224759615384 0.984790875 0.5 0.4790874519230769 0.49719101201923077 0.45247148317307695 0.49157303365384614 0.4448669206730769 0.46910112259615383 0.44106463942307694
1505 0.9016853942307693 0.9923954375 0.9073033701923077 0.98859315625 0.9241573028846154 0.9543726225961537 0.9325842692307693 0.8897338413461539 0.9325842692307693 0.8517110264423077 0.9241573028846154 0.8479087451923076 0.9016853942307693 0.8517110264423077 0.8707865168269231 0.8593155889423076 0.839887639423077 0.8707224326923076 0.8455056177884616 0.8060836490384615 0.8455056177884616 0.7566539927884615 0.839887639423077 0.7262357403846154 0.8314606730769231 0.7148288966346155 0.82022471875 0.7072243341346154 0.7921348317307693 0.7034220528846155 0.7752808990384616 0.7034220528846155 0.769662920673077 0.6768060841346154 0.769662920673077 0.6539923966346154 0.7640449447115384 0.6349809879807692 0.7471910120192308 0.6235741442307692 0.7275280889423077 0.6235741442307692 0.7275280889423077 0.6121673004807693 0.7162921346153847 0.5931558942307692 0.7050561802884616 0.5741444855769231 0.6882022475961538 0.5627376418269231 0.6769662932692307 0.536121673076923 0.6685393269230769 0.536121673076923 0.6516853942307693 0.5171102668269231 0.6067415721153846 0.46387832692307696 0.589887639423077 0.4448669206730769 0.5758426971153846 0.4448669206730769 0.5561797764423078 0.4448669206730769 0.53932584375 0.4486692019230769 0.5280898870192308 0.4600760456730769 0.5252808990384615 0.4866920144230769 0.5280898870192308 0.5247148293269231 0.5533707860576923 0.942965778846154 0.5533707860576923 0.96577946875 0.5533707860576923 0.9923954375 0.9016853942307693 0.9923954375