965 0.00826790625 0 0.0027624302884615383 0.9930069927884616 1 0.9930069927884616 1 0.49475524519230774 0.9972569567307693 0 0.00826790625 0
1032 0.91051696875 0 0.6988950264423077 0.19230769230769232 0.6988950264423077 0.19930069951923077 0.7071823197115384 0.20279720192307693 0.9696132596153846 0 0.91051696875 0
1032 0.8425956033653846 0 0.7071823197115384 0.17482517548076923 0.7127071826923077 0.1783216778846154 0.8839779014423077 0 0.8425956033653846 0
1942 0.9585635360576923 0.3391608389423077 0.9558011057692308 0.26223776201923077 0.9475138125 0.1468531466346154 0.8646408846153846 0.1783216778846154 0.8591160216346154 0.1818181826923077 0.8674033149038463 0.3391608389423077 0.8701657451923077 0.3601398605769231 0.9143646418269231 0.3496503485576923 0.9585635360576923 0.3391608389423077
1942 0.06906077403846154 0.47552447596153846 0.07734806730769231 0.44055943990384616 0.09944751442307692 0.17482517548076923 0.10220994471153846 0.14335664423076924 0.10220994471153846 0.125874125 0.08563535817307691 0.11888111778846154 0.011049723557692308 0.10139860096153847 0.008287293269230769 0.5069930072115384 0.06906077403846154 0.47552447596153846
1502 0.16298342548076925 0.9895104903846155 0.19337016586538464 0.9510489519230769 0.22099447596153846 0.9230769230769231 0.24033149278846155 0.8916083918269231 0.25138121634615385 0.8531468533653845 0.25966850721153845 0.7937062932692308 0.25966850721153845 0.625874125 0.2541436466346154 0.5524475528846154 0.2458563533653846 0.5489510480769231 0.005524862980769231 0.517482516826923 0.008287293269230769 0.9895104903846155 0.16298342548076925 0.9895104903846155
1501 0.26243093990384614 0.6608391610576922 0.26243093990384614 0.7202797211538462 0.26243093990384614 0.7552447548076924 0.29558011057692307 0.7622377620192308 0.31491712740384614 0.7552447548076924 0.36740331490384615 0.7027972019230769 0.3756906081730769 0.65734265625 0.37016574519230766 0.6118881129807693 0.36740331490384615 0.46853146874999996 0.3591160216346154 0.46153846153846156 0.23204419951923078 0.4475524471153846 0.23480662980769232 0.48951049038461536 0.23756906009615383 0.5244755240384615 0.23480662980769232 0.5419580408653846 0.2541436466346154 0.5489510480769231 0.26243093990384614 0.6608391610576922
1291 0.24309392307692307 0.5104895096153846 0.23480662980769232 0.47552447596153846 0.22928176682692308 0.44055943990384616 0.20994475240384616 0.4160839158653846 0.19060773557692307 0.4090909086538461 0.17403314903846154 0.39860139903846153 0.17403314903846154 0.38111888221153845 0.18232044230769232 0.3531468533653846 0.17403314903846154 0.3251748245192308 0.16298342548076925 0.3076923076923077 0.14364640865384615 0.3076923076923077 0.12154696153846153 0.31818181730769235 0.11325966826923077 0.3321678317307692 0.11325966826923077 0.3496503485576923 0.11325966826923077 0.3776223774038462 0.11878453124999999 0.3951048942307693 0.12707182211538462 0.4090909086538461 0.09944751442307692 0.41258741346153843 0.08011049759615384 0.4370629375 0.06077348076923077 0.4650349639423077 0.0524861875 0.4825174831730769 0.030386740384615384 0.5104895096153846 0.23756906009615383 0.5419580408653846 0.24309392307692307 0.5104895096153846
1504 0.3756906081730769 0.5874125865384616 0.3729281778846154 0.6328671322115385 0.3977900552884615 0.639860139423077 0.44198894951923073 0.5699300697115385 0.44751381250000005 0.46153846153846156 0.4447513822115384 0.4370629375 0.4226519326923077 0.4160839158653846 0.400552485576923 0.4020979014423077 0.3232044206730769 0.39160839182692303 0.32872928125 0.4335664326923077 0.32872928125 0.4545454543269231 0.36740331490384615 0.4650349639423077 0.3756906081730769 0.5874125865384616
1291 0.30386740384615385 0.3776223774038462 0.29558011057692307 0.3566433557692308 0.29558011057692307 0.34615384615384615 0.2817679567307692 0.3496503485576923 0.2872928173076923 0.32867132932692306 0.2845303870192308 0.29720279807692307 0.2651933701923077 0.2937062932692308 0.24033149278846155 0.3076923076923077 0.24309392307692307 0.3496503485576923 0.22651933653846154 0.3566433557692308 0.20718231971153844 0.3601398605769231 0.19613259615384615 0.37412587499999994 0.1988950264423077 0.41258741346153843 0.23204419951923078 0.4440559447115385 0.27624309375 0.4475524471153846 0.3093922644230769 0.4475524471153846 0.30662983413461536 0.41958042067307694 0.31491712740384614 0.4020979014423077 0.30386740384615385 0.3776223774038462
1291 0.32872928125 0.38461538461538464 0.3895027620192308 0.38461538461538464 0.40607734855769234 0.37412587499999994 0.3895027620192308 0.34615384615384615 0.37016574519230766 0.34265734375 0.3729281778846154 0.32867132932692306 0.3729281778846154 0.31118881009615385 0.36464088461538463 0.2867132860576923 0.3508287283653846 0.27272727163461535 0.3342541442307692 0.2832167836538461 0.3259668509615385 0.2937062932692308 0.3314917115384616 0.31818181730769235 0.3342541442307692 0.32867132932692306 0.3232044206730769 0.3496503485576923 0.3176795576923077 0.36713286778846155 0.32872928125 0.38461538461538464
1298 0.5552486177884616 0.4300699302884615 0.5580110504807693 0.41258741346153843 0.5662983413461539 0.3951048942307693 0.5939226514423077 0.38111888221153845 0.604972375 0.3601398605769231 0.6077348076923077 0.3391608389423077 0.5939226514423077 0.3076923076923077 0.5801104975961539 0.26223776201923077 0.5690607740384616 0.2412587403846154 0.5414364639423077 0.22727272836538462 0.5276243100961538 0.20629370673076922 0.5276243100961538 0.19930069951923077 0.5331491706730769 0.16783216826923075 0.5276243100961538 0.1503496514423077 0.5276243100961538 0.12937062980769232 0.5138121538461539 0.11888111778846154 0.4944751370192308 0.11888111778846154 0.47513812259615384 0.13286713221153848 0.47237568990384615 0.1468531466346154 0.47237568990384615 0.16433566346153847 0.47237568990384615 0.1818181826923077 0.47237568990384615 0.19930069951923077 0.4779005528846154 0.22027972115384614 0.4530386730769231 0.23076923076923078 0.4447513822115384 0.2552447548076923 0.41712707211538463 0.29720279807692307 0.400552485576923 0.34265734375 0.40331491826923077 0.39160839182692303 0.4226519326923077 0.4160839158653846 0.44751381250000005 0.4265734254807692 0.45027624278846157 0.45104895192307687 0.4364640889423077 0.48601398557692305 0.44198894951923073 0.49650349759615386 0.4447513822115384 0.5104895096153846 0.44198894951923073 0.5629370625 0.4447513822115384 0.6223776225961538 0.45027624278846157 0.6818181826923078 0.45027624278846157 0.7167832163461539 0.4613259663461538 0.7342657331730769 0.4558011057692308 0.7517482524038462 0.46685082932692307 0.7692307692307693 0.4558011057692308 0.7937062932692308 0.45027624278846157 0.8181818173076922 0.4558011057692308 0.8356643365384616 0.47237568990384615 0.8321678317307692 0.48618784615384614 0.8181818173076922 0.48618784615384614 0.8006993004807692 0.4917127067307692 0.8006993004807692 0.5027624302884616 0.7867132860576922 0.4972375697115385 0.7692307692307693 0.5 0.7447552451923076 0.4972375697115385 0.6923076923076923 0.5055248629807692 0.6608391610576922 0.5027624302884616 0.6223776225961538 0.4944751370192308 0.5979020985576923 0.4972375697115385 0.5769230769230769 0.5055248629807692 0.5454545456730769 0.5055248629807692 0.5734265745192307 0.5082872932692308 0.6118881129807693 0.5220994471153846 0.6643356634615384 0.5138121538461539 0.6713286706730769 0.5165745865384616 0.6993006995192308 0.5276243100961538 0.7272727283653846 0.5441988942307693 0.7657342668269231 0.5607734807692307 0.7552447548076924 0.5607734807692307 0.7412587403846154 0.5469613269230769 0.6993006995192308 0.5552486177884616 0.6888111899038462 0.5580110504807693 0.6678321682692308 0.5662983413461539 0.6433566442307692 0.5524861875 0.6118881129807693 0.5552486177884616 0.5769230769230769 0.5635359110576923 0.5524475528846154 0.5607734807692307 0.47552447596153846 0.5552486177884616 0.4300699302884615
1286 0.6491712716346154 0.3566433557692308 0.6325966850961537 0.34265734375 0.6270718221153846 0.3251748245192308 0.6160220985576923 0.2832167836538461 0.604972375 0.27272727163461535 0.6077348076923077 0.25874125961538463 0.6160220985576923 0.25874125961538463 0.6215469615384616 0.23776223798076923 0.6215469615384616 0.2237762235576923 0.6215469615384616 0.19930069951923077 0.604972375 0.19230769230769232 0.5939226514423077 0.19230769230769232 0.5745856346153846 0.20279720192307693 0.5718232043269231 0.2132867139423077 0.5718232043269231 0.2237762235576923 0.5801104975961539 0.23776223798076923 0.5801104975961539 0.25174825240384613 0.5828729278846153 0.2867132860576923 0.6077348076923077 0.34265734375 0.5911602211538461 0.38461538461538464 0.5662983413461539 0.3951048942307693 0.5552486177884616 0.44055943990384616 0.5635359110576923 0.5699300697115385 0.585635358173077 0.5909090913461539 0.5911602211538461 0.59440559375 0.5939226514423077 0.6223776225961538 0.6104972379807692 0.6188811177884616 0.6243093918269231 0.6048951057692308 0.6353591153846154 0.6013986009615384 0.6132596682692307 0.59440559375 0.6160220985576923 0.5734265745192307 0.6132596682692307 0.5454545456730769 0.6215469615384616 0.48601398557692305 0.6132596682692307 0.4335664326923077 0.6160220985576923 0.4160839158653846 0.6325966850961537 0.4265734254807692 0.6408839783653846 0.41258741346153843 0.6215469615384616 0.3881118870192308 0.6160220985576923 0.3531468533653846 0.6270718221153846 0.36363636298076923 0.6491712716346154 0.38111888221153845 0.6491712716346154 0.3566433557692308
1290 0.8646408846153846 0.96853146875 0.8839779014423077 0.9475524471153847 0.8950276250000001 0.9265734254807693 0.9088397788461537 0.8881118870192307 0.9033149182692307 0.8391608389423078 0.8895027620192307 0.7797202788461538 0.8701657451923077 0.7342657331730769 0.8701657451923077 0.6783216778846154 0.8646408846153846 0.6678321682692308 0.8259668509615385 0.6433566442307692 0.8038674038461538 0.6293706298076922 0.8066298341346154 0.6188811177884616 0.8259668509615385 0.6153846153846154 0.8314917115384616 0.6153846153846154 0.8535911610576924 0.6153846153846154 0.8784530384615384 0.5804195793269231 0.8563535913461539 0.5594405600961538 0.8370165745192307 0.5524475528846154 0.82872928125 0.5279720288461538 0.8232044206730769 0.5 0.8066298341346154 0.48601398557692305 0.7900552475961539 0.47552447596153846 0.7651933701923077 0.48601398557692305 0.7458563533653847 0.5104895096153846 0.7375690600961539 0.5244755240384615 0.7265193365384615 0.5244755240384615 0.7099447524038461 0.5244755240384615 0.6988950264423077 0.5349650360576923 0.6988950264423077 0.5524475528846154 0.7209944759615384 0.5804195793269231 0.7320441995192308 0.5979020985576923 0.7320441995192308 0.6083916081730769 0.704419889423077 0.6188811177884616 0.6685082884615384 0.625874125 0.6464088389423076 0.6643356634615384 0.6353591153846154 0.7062937067307692 0.6270718221153846 0.7412587403846154 0.6160220985576923 0.7692307692307693 0.6077348076923077 0.7937062932692308 0.6104972379807692 0.8286713293269231 0.6270718221153846 0.8986013990384615 0.6408839783653846 0.9335664326923077 0.6298342548076923 0.9895104903846155 0.8674033149038463 0.9895104903846155 0.8646408846153846 0.96853146875
931 0.72375690625 0.5594405600961538 0.7430939230769231 0.5664335673076922 0.770718233173077 0.5699300697115385 0.7983425408653846 0.5769230769230769 0.8066298341346154 0.5839160841346154 0.8232044206730769 0.5839160841346154 0.8370165745192307 0.59440559375 0.8259668509615385 0.6083916081730769 0.8204419879807693 0.6223776225961538 0.8314917115384616 0.6188811177884616 0.8453038677884616 0.6188811177884616 0.8591160216346154 0.6153846153846154 0.8701657451923077 0.6048951057692308 0.8701657451923077 0.5874125865384616 0.8674033149038463 0.5734265745192307 0.8535911610576924 0.5594405600961538 0.8370165745192307 0.5524475528846154 0.8342541442307693 0.5454545456730769 0.82872928125 0.5209790216346154 0.8259668509615385 0.5 0.8176795576923077 0.48951049038461536 0.795580110576923 0.4790209783653846 0.7845303870192308 0.47552447596153846 0.7624309399038461 0.48951049038461536 0.7458563533653847 0.5139860144230769 0.7403314927884614 0.5244755240384615 0.7099447524038461 0.5244755240384615 0.7016574591346154 0.5279720288461538 0.6988950264423077 0.5559440552884616 0.7099447524038461 0.5594405600961538 0.72375690625 0.5594405600961538
1291 0.9861878461538461 0.4650349639423077 0.9751381225961538 0.4650349639423077 0.9640883966346153 0.4580419591346154 0.9613259663461539 0.44055943990384616 0.9751381225961538 0.4160839158653846 0.9779005528846153 0.39160839182692303 0.9779005528846153 0.36713286778846155 0.9668508293269231 0.3496503485576923 0.9475138125 0.34265734375 0.928176795673077 0.3391608389423077 0.9088397788461537 0.3601398605769231 0.9005524855769231 0.3706293701923077 0.9033149182692307 0.39160839182692303 0.8977900552884616 0.40559440625 0.8867403317307693 0.4300699302884615 0.8701657451923077 0.4230769230769231 0.8370165745192307 0.4440559447115385 0.8093922644230769 0.4580419591346154 0.7872928173076923 0.4720279711538462 0.7900552475961539 0.47552447596153846 0.8176795576923077 0.48951049038461536 0.82872928125 0.5104895096153846 0.8342541442307693 0.5489510480769231 0.8508287283653846 0.5524475528846154 0.8701657451923077 0.5699300697115385 0.8701657451923077 0.6013986009615384 0.8701657451923077 0.6223776225961538 0.9972375697115384 0.6328671322115385 0.9972375697115384 0.4720279711538462 0.9861878461538461 0.4650349639423077
1291 0.8259668509615385 0.40559440625 0.8121546971153847 0.41258741346153843 0.7928176802884616 0.4265734254807692 0.7679558004807692 0.4440559447115385 0.7596685072115386 0.4545454543269231 0.7513812163461538 0.46853146874999996 0.7430939230769231 0.5139860144230769 0.7513812163461538 0.5 0.77624309375 0.4790209783653846 0.795580110576923 0.46853146874999996 0.8453038677884616 0.44055943990384616 0.8674033149038463 0.4230769230769231 0.8674033149038463 0.41258741346153843 0.8674033149038463 0.3951048942307693 0.8729281778846154 0.3601398605769231 0.8701657451923077 0.34615384615384615 0.8508287283653846 0.3356643365384615 0.8314917115384616 0.34265734375 0.8232044206730769 0.3706293701923077 0.8259668509615385 0.39160839182692303 0.8259668509615385 0.40559440625
1291 0.6961325961538462 0.39160839182692303 0.7817679567307692 0.4020979014423077 0.7845303870192308 0.39160839182692303 0.7679558004807692 0.36713286778846155 0.7541436466346153 0.3566433557692308 0.7624309399038461 0.34615384615384615 0.7596685072115386 0.32867132932692306 0.7596685072115386 0.31118881009615385 0.7513812163461538 0.2937062932692308 0.7403314927884614 0.2937062932692308 0.729281766826923 0.2937062932692308 0.72375690625 0.3216783221153846 0.72375690625 0.3356643365384615 0.7265193365384615 0.3496503485576923 0.7127071826923077 0.3706293701923077 0.7016574591346154 0.38461538461538464 0.6961325961538462 0.39160839182692303
1291 0.770718233173077 0.36713286778846155 0.795580110576923 0.36713286778846155 0.8204419879807693 0.3706293701923077 0.8121546971153847 0.3496503485576923 0.8204419879807693 0.34615384615384615 0.8066298341346154 0.32867132932692306 0.8093922644230769 0.3146853149038461 0.8093922644230769 0.3041958052884616 0.7983425408653846 0.2867132860576923 0.7817679567307692 0.2867132860576923 0.7734806634615385 0.2937062932692308 0.7734806634615385 0.3146853149038461 0.7734806634615385 0.3321678317307692 0.7651933701923077 0.3391608389423077 0.7596685072115386 0.3531468533653846 0.770718233173077 0.36713286778846155
1286 0.7209944759615384 0.23426573317307692 0.7182320432692308 0.23776223798076923 0.7154696129807692 0.24825174759615384 0.7182320432692308 0.27272727163461535 0.72375690625 0.29720279807692307 0.72375690625 0.3146853149038461 0.7265193365384615 0.2937062932692308 0.7430939230769231 0.2902097908653846 0.7541436466346153 0.2832167836538461 0.7486187836538462 0.24475524519230768 0.7403314927884614 0.23426573317307692 0.7458563533653847 0.22027972115384614 0.7430939230769231 0.20629370673076922 0.7375690600961539 0.19930069951923077 0.72375690625 0.21678321634615386 0.7209944759615384 0.23426573317307692
1032 0.23020257692307694 0 0.20441988942307693 0.006993007211538462 0.47237568990384615 0.13986013942307693 0.47513812259615384 0.12937062980769232 0.2492003485576923 0 0.23020257692307694 0
1032 0.06906077403846154 0 0.14917127163461538 0.03146853125 0.46408839663461543 0.1608391610576923 0.46961325961538464 0.14335664423076924 0.18376743028846151 0 0.06906077403846154 0
1947 0.29558011057692307 0.3706293701923077 0.3121546971153846 0.21678321634615386 0.3121546971153846 0.18881118990384615 0.3121546971153846 0.16783216826923075 0.30386740384615385 0.15384615384615385 0.18508287259615383 0.125874125 0.17127071875000002 0.12937062980769232 0.16022099519230767 0.1468531466346154 0.1464088389423077 0.3041958052884616 0.1464088389423077 0.38111888221153845 0.29558011057692307 0.3706293701923077
1505 0.6850828725961539 0.39160839182692303 0.6546961322115384 0.40559440625 0.6436464086538461 0.5139860144230769 0.6325966850961537 0.6818181826923078 0.6436464086538461 0.6783216778846154 0.6491712716346154 0.6538461538461539 0.6795580120192307 0.6223776225961538 0.7265193365384615 0.6083916081730769 0.7154696129807692 0.5734265745192307 0.6988950264423077 0.5454545456730769 0.7016574591346154 0.5244755240384615 0.7430939230769231 0.517482516826923 0.7458563533653847 0.48601398557692305 0.7679558004807692 0.44055943990384616 0.8232044206730769 0.4020979014423077 0.8176795576923077 0.3706293701923077 0.7790055240384616 0.3706293701923077 0.7872928173076923 0.3951048942307693 0.6850828725961539 0.39160839182692303
1449 0.44198894951923073 0.5384615384615384 0.44751381250000005 0.5384615384615384 0.4558011057692308 0.517482516826923 0.48618784615384614 0.4475524471153846 0.5220994471153846 0.48951049038461536 0.5248618774038462 0.4790209783653846 0.5027624302884616 0.4300699302884615 0.519337016826923 0.4020979014423077 0.5248618774038462 0.3951048942307693 0.5220994471153846 0.3776223774038462 0.5331491706730769 0.36363636298076923 0.5441988942307693 0.34265734375 0.5828729278846153 0.3076923076923077 0.5580110504807693 0.2762237764423077 0.5220994471153846 0.3391608389423077 0.5138121538461539 0.3391608389423077 0.5055248629807692 0.3531468533653846 0.4944751370192308 0.36713286778846155 0.46961325961538464 0.4265734254807692 0.4337016586538462 0.49650349759615386 0.44198894951923073 0.5034965024038461 0.45027624278846157 0.5069930072115384 0.44198894951923073 0.5384615384615384