964 0.004 0 0.002 0.9946666658653847 1 0.9946666658653847 1 0 0.004 0
1562 0.394 0.1306666658653846 0.39599999999999996 0.12266666586538462 0.4 0.10933333413461538 0.4 0.09066666586538462 0.398 0.08533333413461539 0.32399999999999995 0.12000000000000001 0.314 0.1306666658653846 0.314 0.16533333413461537 0.318 0.17333333413461538 0.326 0.17066666586538462 0.384 0.14133333413461538 0.394 0.1306666658653846
1954 0.264 0.8346666658653846 0.498 0.8346666658653846 0.49600000000000005 0.7759999999999999 0.49600000000000005 0.7173333341346153 0.27399999999999997 0.7306666658653846 0.264 0.8346666658653846
1942 0.174 0.6373333341346155 0.176 0.584 0.182 0.552 0.114 0.41066666586538464 0.10200000000000001 0.456 0.094 0.544 0.174 0.6373333341346155
1942 0.038 0.9893333341346153 0.15 0.9946666658653847 0.174 0.7013333341346153 0.08 0.64 0.060000000000000005 0.8266666658653846 0.038 0.9893333341346153
1285 0.264 0.8773333341346153 0.24400000000000002 0.8746666658653847 0.23399999999999999 0.8666666658653847 0.20800000000000002 0.8666666658653847 0.184 0.8746666658653847 0.16 0.896 0.14200000000000002 0.92 0.132 0.952 0.128 0.9786666658653846 0.128 0.9920000000000001 0.306 0.9893333341346153 0.30799999999999994 0.9626666658653846 0.296 0.9306666658653846 0.292 0.912 0.272 0.8906666658653847 0.264 0.8773333341346153
1286 0.378 0.8746666658653847 0.38799999999999996 0.8826666658653846 0.39 0.9013333341346154 0.38799999999999996 0.9306666658653846 0.38799999999999996 0.9733333341346154 0.40399999999999997 0.9813333341346154 0.41800000000000004 0.9813333341346154 0.43400000000000005 0.9813333341346154 0.43400000000000005 0.9146666658653846 0.44999999999999996 0.8826666658653846 0.454 0.8693333341346154 0.46 0.84 0.448 0.8213333341346154 0.43400000000000005 0.8079999999999999 0.436 0.8 0.44 0.784 0.436 0.7706666658653846 0.424 0.7626666658653847 0.41800000000000004 0.768 0.412 0.7866666658653846 0.414 0.8053333341346154 0.40399999999999997 0.8133333341346154 0.39 0.8266666658653846 0.384 0.84 0.372 0.8613333341346153 0.378 0.8746666658653847
1286 0.596 0.9733333341346154 0.604 0.9706666658653845 0.604 0.9493333341346154 0.59 0.912 0.58 0.8933333341346154 0.562 0.8746666658653847 0.55 0.856 0.5579999999999999 0.8346666658653846 0.552 0.8 0.546 0.7813333341346154 0.524 0.7733333341346154 0.51 0.7759999999999999 0.49600000000000005 0.8079999999999999 0.49600000000000005 0.8426666658653846 0.506 0.8506666658653846 0.53 0.8666666658653847 0.5479999999999999 0.9146666658653846 0.5559999999999999 0.9466666658653846 0.554 0.9546666658653845 0.572 0.968 0.596 0.9733333341346154
1286 0.47200000000000003 0.8746666658653847 0.45799999999999996 0.904 0.44999999999999996 0.9359999999999999 0.452 0.968 0.462 0.9786666658653846 0.482 0.9733333341346154 0.502 0.968 0.526 0.9653333341346154 0.552 0.9626666658653846 0.5579999999999999 0.9440000000000001 0.546 0.9173333341346154 0.532 0.888 0.512 0.8613333341346153 0.49600000000000005 0.8533333341346154 0.484 0.8586666658653846 0.47200000000000003 0.8746666658653847
1286 0.738 0.904 0.754 0.9306666658653846 0.7240000000000001 0.9573333341346154 0.712 0.9546666658653845 0.704 0.984 0.7 0.9920000000000001 0.714 0.9893333341346153 0.732 0.984 0.744 0.968 0.77 0.968 0.8140000000000001 0.9653333341346154 0.844 0.9626666658653846 0.8340000000000001 0.952 0.804 0.9306666658653846 0.8099999999999999 0.9146666658653846 0.8160000000000001 0.896 0.8140000000000001 0.8773333341346153 0.8079999999999999 0.8506666658653846 0.7919999999999999 0.8373333341346154 0.77 0.8373333341346154 0.752 0.848 0.7420000000000001 0.8746666658653847 0.738 0.904
1120 0.6679999999999999 0.6266666658653846 0.6639999999999999 0.6426666658653846 0.6340000000000001 0.5866666658653846 0.606 0.592 0.642 0.6746666658653846 0.67 0.6693333341346153 0.662 0.6479999999999999 0.672 0.6319999999999999 0.678 0.624 0.6900000000000001 0.6213333341346154 0.6900000000000001 0.6053333341346154 0.676 0.6026666658653845 0.67 0.5973333341346154 0.6679999999999999 0.608 0.6679999999999999 0.6266666658653846
1942 0.798 0.9226666658653847 0.998 0.9760000000000001 0.998 0.6026666658653845 0.782 0.656 0.796 0.7866666658653846 0.798 0.9226666658653847
1942 0.7759999999999999 0.9493333341346154 0.778 0.76 0.76 0.6639999999999999 0.6679999999999999 0.6880000000000001 0.676 0.848 0.6799999999999999 0.9413333341346154 0.7759999999999999 0.9493333341346154
1286 0.33399999999999996 0.7733333341346154 0.32399999999999995 0.7919999999999999 0.32399999999999995 0.8106666658653846 0.322 0.824 0.322 0.8426666658653846 0.328 0.856 0.33399999999999996 0.88 0.35 0.8773333341346153 0.35 0.856 0.35 0.8213333341346154 0.34600000000000003 0.8053333341346154 0.348 0.7759999999999999 0.33399999999999996 0.7733333341346154
1286 0.30799999999999994 0.7946666658653846 0.294 0.7893333341346154 0.28400000000000003 0.8 0.28400000000000003 0.8160000000000001 0.27399999999999997 0.8346666658653846 0.28 0.8346666658653846 0.3 0.8373333341346154 0.3 0.8773333341346153 0.326 0.8986666658653846 0.33 0.8773333341346153 0.32 0.8426666658653846 0.30799999999999994 0.8320000000000001 0.30799999999999994 0.8160000000000001 0.304 0.8053333341346154 0.30799999999999994 0.7946666658653846
1286 0.294 0.84 0.276 0.8373333341346154 0.262 0.8373333341346154 0.254 0.8533333341346154 0.252 0.8693333341346154 0.26 0.8746666658653847 0.276 0.888 0.28400000000000003 0.9093333341346154 0.31 0.9359999999999999 0.31599999999999995 0.9066666658653847 0.306 0.8906666658653847 0.292 0.8826666658653846 0.298 0.8586666658653846 0.294 0.84
171 0.45799999999999996 0.7759999999999999 0.44200000000000006 0.6639999999999999 0.42 0.56 0.40599999999999997 0.504 0.398 0.5093333341346153 0.40599999999999997 0.5306666658653846 0.41800000000000004 0.5893333341346154 0.436 0.6826666658653846 0.452 0.8 0.45799999999999996 0.8933333341346154 0.462 0.8853333341346155 0.45799999999999996 0.7759999999999999
171 0.56 0.6373333341346155 0.534 0.4666666658653846 0.512 0.35466666586538464 0.5 0.2933333341346154 0.484 0.3013333341346154 0.5 0.3706666658653846 0.516 0.45866666586538457 0.534 0.5733333341346154 0.55 0.7066666658653846 0.56 0.84 0.566 0.9600000000000001 0.582 0.9573333341346154 0.566 0.7333333341346153 0.56 0.6373333341346155
171 0.756 0.712 0.772 0.5973333341346154 0.7919999999999999 0.512 0.8059999999999999 0.45866666586538457 0.798 0.4533333341346154 0.7919999999999999 0.47200000000000003 0.7739999999999999 0.5306666658653846 0.76 0.6 0.748 0.6880000000000001 0.738 0.8026666658653846 0.738 0.8666666658653847 0.748 0.8586666658653846 0.752 0.8053333341346154 0.756 0.712
1562 0.946 0.5573333341346154 0.9580000000000001 0.544 0.9380000000000001 0.528 0.924 0.5413333341346154 0.946 0.5573333341346154