964 0 0 0 0.9966666658653847 0.9955555552884616 0.9966666658653847 0.9955555552884616 0 0 0
1954 0.41777777884615386 0.4983333341346154 0.4222222211538461 0.47833333413461543 0.46444444471153845 0.4766666658653846 0.4666666658653846 0.4 0.46444444471153845 0.39499999999999996 0.4466666658653846 0.39499999999999996 0.3133333341346154 0.39666666586538457 0.3066666658653846 0.40499999999999997 0.3044444447115385 0.4433333341346154 0.3044444447115385 0.4866666658653846 0.41777777884615386 0.4983333341346154
1954 0.6266666658653846 0.39666666586538457 0.48888888942307696 0.39666666586538457 0.48444444471153847 0.40499999999999997 0.48444444471153847 0.4233333341346154 0.48000000000000004 0.47833333413461543 0.62 0.46499999999999997 0.6266666658653846 0.39666666586538457
698 0.5688888894230769 0.4083333341346154 0.5666666658653846 0.4216666658653846 0.5711111105769231 0.42500000000000004 0.56 0.4416666658653846 0.5422222211538462 0.45833333413461536 0.508888889423077 0.47833333413461543 0.4755555552884615 0.49 0.4911111105769231 0.4933333341346154 0.5399999999999999 0.47333333413461537 0.5511111105769231 0.46166666586538463 0.5622222211538461 0.4633333341346154 0.5644444447115384 0.46166666586538463 0.5866666658653846 0.4466666658653846 0.6 0.445 0.6044444447115385 0.4433333341346154 0.6066666658653846 0.435 0.5888888894230769 0.43 0.5955555552884616 0.41333333413461537 0.5933333341346153 0.40499999999999997 0.5822222211538461 0.4 0.5688888894230769 0.4083333341346154
1505 0.23333333413461538 0.5533333341346154 0.2688888894230769 0.565 0.29111111057692307 0.6066666658653846 0.34666666586538464 0.5766666658653846 0.3755555552884615 0.5433333341346154 0.36222222115384617 0.475 0.35555555528846156 0.4633333341346154 0.20888888942307693 0.445 0.23333333413461538 0.5533333341346154
1501 0 0.5491666658653845 0.002222221153846154 0.6516666658653846 0.18444444471153845 0.6583333341346154 0.22444444471153846 0.7933333341346154 0.22 0.7616666658653847 0.23555555528846156 0.755 0.24222222115384615 0.7666666658653847 0.24444444471153848 0.755 0.24444444471153848 0.6433333341346154 0.26 0.63 0.2511111105769231 0.6166666658653847 0.21555555528846154 0.6183333341346154 0.20888888942307693 0.49 0.1888888894230769 0.44999999999999996 0.15555555528846154 0.445 0 0.44664319230769234 0 0.5491666658653845
1291 0.1 0.35666666586538465 0.08666666586538462 0.33 0.06888888942307693 0.31 0.048888889423076926 0.3066666658653846 0.017777778846153846 0.31 0.002222221153846154 0.3216666658653846 0.002222221153846154 0.40499999999999997 0.011111110576923076 0.4083333341346154 0.0044444447115384615 0.48166666586538465 0.19555555528846155 0.49666666586538466 0.21111111057692306 0.6166666658653847 0.24444444471153848 0.6166666658653847 0.2711111105769231 0.6216666658653847 0.28888888942307694 0.5966666658653846 0.29111111057692307 0.565 0.2622222211538462 0.565 0.22888888942307692 0.53 0.19777777884615383 0.445 0.17111111057692308 0.40666666586538464 0.14888888942307693 0.39499999999999996 0.10888888942307692 0.385 0.09555555528846155 0.37166666586538466 0.1 0.35666666586538465
1505 0.991111110576923 0.4283333341346154 0.7644444447115385 0.445 0.7133333341346154 0.44833333413461535 0.688888889423077 0.47833333413461543 0.6866666658653846 0.6083333341346153 0.6511111105769231 0.615 0.6688888894230769 0.6283333341346153 0.6666666658653846 0.7383333341346153 0.6733333341346154 0.72 0.6822222211538461 0.735 0.6711111105769232 0.7633333341346155 0.6844444447115384 0.7766666658653846 0.6977777788461539 0.715 0.7133333341346154 0.7316666658653846 0.7133333341346154 0.8083333341346154 0.722222221153846 0.8083333341346154 0.728888889423077 0.7833333341346154 0.7422222211538462 0.795 0.7311111105769231 0.8316666658653846 0.7577777788461538 0.84 0.7888888894230769 0.7616666658653847 0.8444444447115385 0.8150000000000001 0.8511111105769231 0.905 0.8622222211538462 0.9183333341346154 0.88 0.9149999999999999 0.8777777788461538 0.9083333341346154 0.88 0.8733333341346154 0.8933333341346154 0.885 0.8955555552884615 0.9083333341346154 0.9177777788461537 0.91 0.9044444447115385 0.965 0.9177777788461537 0.9733333341346154 0.9311111105769231 0.9083333341346154 0.9577777788461539 0.9383333341346154 0.9733333341346154 0.9600000000000001 0.9933333341346154 0.9750000000000001 0.991111110576923 0.4283333341346154
1291 0.9111111105769231 0.4366666658653846 0.9533333341346153 0.4366666658653846 0.9888888894230768 0.4433333341346154 0.991111110576923 0.42500000000000004 0.98 0.4 0.9933333341346154 0.3766666658653846 0.991111110576923 0.3316666658653846 0.9688888894230769 0.3283333341346154 0.9288888894230769 0.3266666658653846 0.9088888894230769 0.34333333413461536 0.9088888894230769 0.36 0.9088888894230769 0.3766666658653846 0.9022222211538462 0.39 0.9177777788461537 0.4 0.9244444447115385 0.41333333413461537 0.9066666658653847 0.4233333341346154 0.8933333341346154 0.435 0.9111111105769231 0.4366666658653846
1291 0.7866666658653846 0.495 0.9422222211538462 0.47833333413461543 0.9355555552884615 0.46 0.9177777788461537 0.4416666658653846 0.8999999999999999 0.42666666586538465 0.888888889423077 0.4083333341346154 0.86 0.40499999999999997 0.8377777788461539 0.41666666586538464 0.8333333341346154 0.4366666658653846 0.7955555552884616 0.445 0.76 0.445 0.74 0.4383333341346154 0.7155555552884615 0.44 0.7111111105769231 0.44999999999999996 0.7111111105769231 0.46 0.7355555552884615 0.46833333413461536 0.722222221153846 0.47333333413461537 0.72 0.515 0.6977777788461539 0.5283333341346154 0.6977777788461539 0.55 0.7044444447115384 0.5633333341346154 0.7022222211538461 0.5783333341346154 0.6911111105769231 0.6733333341346154 0.6844444447115384 0.6983333341346154 0.7155555552884615 0.6966666658653846 0.722222221153846 0.6216666658653847 0.7355555552884615 0.6016666658653846 0.7466666658653847 0.6216666658653847 0.76 0.6366666658653847 0.76 0.615 0.7866666658653846 0.495
1291 0.7155555552884615 0.4416666658653846 0.7466666658653847 0.44 0.7844444447115385 0.4416666658653846 0.8266666658653846 0.4366666658653846 0.8200000000000001 0.41666666586538464 0.7866666658653846 0.40166666586538463 0.76 0.3983333341346154 0.7422222211538462 0.39 0.7577777788461538 0.37166666586538466 0.7422222211538462 0.34666666586538464 0.722222221153846 0.33333333413461536 0.688888889423077 0.3383333341346154 0.6799999999999999 0.3583333341346154 0.6822222211538461 0.38 0.6866666658653846 0.39 0.6666666658653846 0.4 0.6422222211538462 0.4116666658653846 0.631111110576923 0.4216666658653846 0.6466666658653846 0.4566666658653846 0.6488888894230769 0.5116666658653846 0.6422222211538462 0.5516666658653846 0.6177777788461539 0.56 0.5933333341346153 0.565 0.5733333341346154 0.6183333341346154 0.56 0.6883333341346154 0.5511111105769231 0.7016666658653846 0.5444444447115384 0.7066666658653846 0.5422222211538462 0.7250000000000001 0.5577777788461539 0.7416666658653847 0.5777777788461539 0.7383333341346153 0.6 0.6916666658653846 0.6133333341346154 0.645 0.6266666658653846 0.625 0.6288888894230769 0.6116666658653845 0.6933333341346154 0.6083333341346153 0.688888889423077 0.47000000000000003 0.7111111105769231 0.44999999999999996 0.7155555552884615 0.4416666658653846
1291 0.5711111105769231 0.5483333341346154 0.5377777788461539 0.5700000000000001 0.5511111105769231 0.61 0.5666666658653846 0.625 0.5733333341346154 0.5966666658653846 0.6 0.5583333341346154 0.6355555552884616 0.55 0.6444444447115385 0.5266666658653846 0.6422222211538462 0.4566666658653846 0.631111110576923 0.4216666658653846 0.6733333341346154 0.39499999999999996 0.6799999999999999 0.385 0.6555555552884615 0.38 0.64 0.39499999999999996 0.6288888894230769 0.4116666658653846 0.6288888894230769 0.4316666658653846 0.6288888894230769 0.4466666658653846 0.6066666658653846 0.47333333413461537 0.5733333341346154 0.5233333341346154 0.5844444447115384 0.5283333341346154 0.5888888894230769 0.5416666658653846 0.5711111105769231 0.5483333341346154
1942 0.88 0.2566666658653846 0.8222222211538461 0.29 0.8244444447115384 0.335 0.8933333341346154 0.31 0.88 0.2566666658653846
1942 0.9066666658653847 0.23500000000000001 0.9177777788461537 0.30166666586538465 0.9933333341346154 0.27333333413461536 0.9933333341346154 0.19 0.9066666658653847 0.23500000000000001
1942 0.22888888942307692 0.3383333341346154 0.19555555528846155 0.3266666658653846 0.18666666586538463 0.3616666658653846 0.22666666586538461 0.3733333341346154 0.22888888942307692 0.3383333341346154
1942 0.18222222115384618 0.315 0.14 0.2983333341346154 0.1288888894230769 0.3383333341346154 0.17777777884615384 0.35333333413461543 0.18222222115384618 0.315
1942 0.12000000000000001 0.29 0.06222222115384615 0.2633333341346154 0.05555555528846154 0.3116666658653846 0.11555555528846154 0.335 0.12000000000000001 0.29
153 0.6622222211538461 0.6283333341346153 0.6555555552884615 0.63 0.6377777788461538 0.6216666658653847 0.6288888894230769 0.6316666658653846 0.6244444447115385 0.6416666658653847 0.608888889423077 0.6499999999999999 0.5755555552884615 0.735 0.5933333341346153 0.745 0.6333333341346153 0.7483333341346154 0.66 0.7483333341346154 0.6622222211538461 0.7383333341346153 0.6622222211538461 0.6283333341346153
171 0.29555555528846156 0.11833333413461539 0.27333333413461536 0.115 0.2866666658653846 0.73 0.3 0.73 0.29555555528846156 0.11833333413461539
171 0.3666666658653846 0.2483333341346154 0.35333333413461543 0.2483333341346154 0.35555555528846156 0.6366666658653847 0.3644444447115385 0.64 0.3666666658653846 0.2483333341346154
171 0.751111110576923 0 0.751111110576923 0.018333334134615385 0.7644444447115385 0.9866666658653845 0.7955555552884616 0.9866666658653845 0.7844631826923076 0 0.751111110576923 0
171 0.608888889423077 0.16999999999999998 0.6155555552884615 0.625 0.6244444447115385 0.625 0.6222222211538462 0.16999999999999998 0.608888889423077 0.16999999999999998