964 0.0044444447115384615 0 0.0044444447115384615 0.9966666658653847 1 0.9966666658653847 1 0 0.0044444447115384615 0
1954 0.6955555552884616 0.4866666658653846 0.6955555552884616 0.4433333341346154 0.6933333341346154 0.40499999999999997 0.6866666658653846 0.39666666586538457 0.5533333341346154 0.39499999999999996 0.5355555552884615 0.39499999999999996 0.5333333341346154 0.4 0.5355555552884615 0.4766666658653846 0.5777777788461539 0.47833333413461543 0.5822222211538461 0.4983333341346154 0.6955555552884616 0.4866666658653846
1954 0.38 0.46499999999999997 0.52 0.47833333413461543 0.5155555552884615 0.4233333341346154 0.5155555552884615 0.40499999999999997 0.511111110576923 0.39666666586538457 0.3733333341346154 0.39666666586538457 0.38 0.46499999999999997
698 0.41777777884615386 0.4 0.40666666586538464 0.40499999999999997 0.40444444471153845 0.41333333413461537 0.41111111057692307 0.43 0.39333333413461535 0.435 0.39555555528846154 0.4433333341346154 0.4 0.445 0.41333333413461537 0.4466666658653846 0.43555555528846157 0.46166666586538463 0.4377777788461538 0.4633333341346154 0.4488888894230769 0.46166666586538463 0.46 0.47333333413461537 0.508888889423077 0.4933333341346154 0.5244444447115385 0.49 0.4911111105769231 0.47833333413461543 0.45777777884615384 0.45833333413461536 0.44 0.4416666658653846 0.4288888894230769 0.42500000000000004 0.4333333341346154 0.4216666658653846 0.4311111105769231 0.4083333341346154 0.41777777884615386 0.4
1505 0.7911111105769231 0.445 0.6444444447115385 0.4633333341346154 0.6377777788461538 0.475 0.6244444447115385 0.5433333341346154 0.6533333341346155 0.5766666658653846 0.7088888894230769 0.6066666658653846 0.7311111105769231 0.565 0.7666666658653847 0.5533333341346154 0.7911111105769231 0.445
1501 1 0.44664319230769234 0.8444444447115385 0.445 0.811111110576923 0.44999999999999996 0.7911111105769231 0.49 0.7844444447115385 0.6183333341346154 0.748888889423077 0.6166666658653847 0.74 0.63 0.7555555552884615 0.6433333341346154 0.7555555552884615 0.755 0.7577777788461538 0.7666666658653847 0.7644444447115385 0.755 0.78 0.7616666658653847 0.7755555552884614 0.7933333341346154 0.8155555552884616 0.6583333341346154 0.9977777788461538 0.6516666658653846 1 0.5491666658653845 1 0.44664319230769234
1291 0.9044444447115385 0.37166666586538466 0.891111110576923 0.385 0.8511111105769231 0.39499999999999996 0.8288888894230768 0.40666666586538464 0.8022222211538461 0.445 0.771111110576923 0.53 0.7377777788461538 0.565 0.7088888894230769 0.565 0.7111111105769231 0.5966666658653846 0.728888889423077 0.6216666658653847 0.7555555552884615 0.6166666658653847 0.7888888894230769 0.6166666658653847 0.8044444447115384 0.49666666586538466 0.9955555552884616 0.48166666586538465 0.9888888894230768 0.4083333341346154 0.9977777788461538 0.40499999999999997 0.9977777788461538 0.3216666658653846 0.9822222211538462 0.31 0.951111110576923 0.3066666658653846 0.9311111105769231 0.31 0.9133333341346154 0.33 0.8999999999999999 0.35666666586538465 0.9044444447115385 0.37166666586538466
1505 0.006666665865384615 0.9750000000000001 0.026666665865384614 0.9600000000000001 0.042222221153846155 0.9383333341346154 0.06888888942307693 0.9083333341346154 0.08222222115384616 0.9733333341346154 0.09555555528846155 0.965 0.08222222115384616 0.91 0.10444444471153846 0.9083333341346154 0.10666666586538462 0.885 0.12000000000000001 0.8733333341346154 0.12222222115384616 0.9083333341346154 0.12000000000000001 0.9149999999999999 0.13777777884615386 0.9183333341346154 0.14888888942307693 0.905 0.15555555528846154 0.8150000000000001 0.21111111057692306 0.7616666658653847 0.24222222115384615 0.84 0.2688888894230769 0.8316666658653846 0.2577777788461538 0.795 0.2711111105769231 0.7833333341346154 0.27777777884615384 0.8083333341346154 0.2866666658653846 0.8083333341346154 0.2866666658653846 0.7316666658653846 0.30222222115384617 0.715 0.3155555552884615 0.7766666658653846 0.3288888894230769 0.7633333341346155 0.3177777788461539 0.735 0.3266666658653846 0.72 0.33333333413461536 0.7383333341346153 0.33111111057692305 0.6283333341346153 0.34888888942307694 0.615 0.3133333341346154 0.6083333341346153 0.3111111105769231 0.47833333413461543 0.2866666658653846 0.44833333413461535 0.23555555528846156 0.445 0.008888889423076923 0.4283333341346154 0.006666665865384615 0.9750000000000001
1291 0.10666666586538462 0.435 0.09333333413461539 0.4233333341346154 0.07555555528846154 0.41333333413461537 0.08222222115384616 0.4 0.09777777884615385 0.39 0.09111111057692309 0.3766666658653846 0.09111111057692309 0.36 0.09111111057692309 0.34333333413461536 0.07111111057692308 0.3266666658653846 0.031111110576923076 0.3283333341346154 0.008888889423076923 0.3316666658653846 0.006666665865384615 0.3766666658653846 0.02 0.4 0.008888889423076923 0.42500000000000004 0.011111110576923076 0.4433333341346154 0.04666666586538462 0.4366666658653846 0.08888888942307692 0.4366666658653846 0.10666666586538462 0.435
1291 0.24000000000000002 0.615 0.24000000000000002 0.6366666658653847 0.2533333341346154 0.6216666658653847 0.26444444471153844 0.6016666658653846 0.27777777884615384 0.6216666658653847 0.28444444471153846 0.6966666658653846 0.3155555552884615 0.6983333341346154 0.30888888942307696 0.6733333341346154 0.29777777884615386 0.5783333341346154 0.29555555528846156 0.5633333341346154 0.30222222115384617 0.55 0.30222222115384617 0.5283333341346154 0.28 0.515 0.27777777884615384 0.47333333413461537 0.26444444471153844 0.46833333413461536 0.28888888942307694 0.46 0.28888888942307694 0.44999999999999996 0.28444444471153846 0.44 0.26 0.4383333341346154 0.24000000000000002 0.445 0.20444444471153847 0.445 0.16666666586538462 0.4366666658653846 0.16222222115384616 0.41666666586538464 0.14 0.40499999999999997 0.11111111057692308 0.4083333341346154 0.1 0.42666666586538465 0.08222222115384616 0.4416666658653846 0.06444444471153846 0.46 0.05777777884615384 0.47833333413461543 0.2133333341346154 0.495 0.24000000000000002 0.615
1291 0.28888888942307694 0.44999999999999996 0.3111111105769231 0.47000000000000003 0.3066666658653846 0.6083333341346153 0.3711111105769231 0.6116666658653845 0.3733333341346154 0.625 0.3866666658653846 0.645 0.4 0.6916666658653846 0.4222222211538461 0.7383333341346153 0.44222222115384613 0.7416666658653847 0.45777777884615384 0.7250000000000001 0.45555555528846153 0.7066666658653846 0.4488888894230769 0.7016666658653846 0.44 0.6883333341346154 0.42666666586538465 0.6183333341346154 0.40666666586538464 0.565 0.3822222211538462 0.56 0.35777777884615386 0.5516666658653846 0.35111111057692307 0.5116666658653846 0.35333333413461543 0.4566666658653846 0.3688888894230769 0.4216666658653846 0.35777777884615386 0.4116666658653846 0.33333333413461536 0.4 0.3133333341346154 0.39 0.3177777788461539 0.38 0.32 0.3583333341346154 0.3111111105769231 0.3383333341346154 0.27777777884615384 0.33333333413461536 0.2577777788461538 0.34666666586538464 0.24222222115384615 0.37166666586538466 0.2577777788461538 0.39 0.24000000000000002 0.3983333341346154 0.2133333341346154 0.40166666586538463 0.18 0.41666666586538464 0.17333333413461538 0.4366666658653846 0.21555555528846154 0.4416666658653846 0.2533333341346154 0.44 0.28444444471153846 0.4416666658653846 0.28888888942307694 0.44999999999999996
1291 0.41111111057692307 0.5416666658653846 0.41555555528846155 0.5283333341346154 0.42666666586538465 0.5233333341346154 0.39333333413461535 0.47333333413461537 0.3711111105769231 0.4466666658653846 0.3711111105769231 0.4316666658653846 0.3711111105769231 0.4116666658653846 0.36 0.39499999999999996 0.3444444447115385 0.38 0.32 0.385 0.3266666658653846 0.39499999999999996 0.3688888894230769 0.4216666658653846 0.35777777884615386 0.4566666658653846 0.35555555528846156 0.5266666658653846 0.3644444447115385 0.55 0.4 0.5583333341346154 0.42666666586538465 0.5966666658653846 0.4333333341346154 0.625 0.4488888894230769 0.61 0.46222222115384615 0.5700000000000001 0.4288888894230769 0.5483333341346154 0.41111111057692307 0.5416666658653846
1942 0.10666666586538462 0.31 0.17555555528846153 0.335 0.17777777884615384 0.29 0.12000000000000001 0.2566666658653846 0.10666666586538462 0.31
1942 0.006666665865384615 0.19 0.006666665865384615 0.27333333413461536 0.08222222115384616 0.30166666586538465 0.09333333413461539 0.23500000000000001 0.006666665865384615 0.19
1942 0.7733333341346154 0.3733333341346154 0.8133333341346154 0.3616666658653846 0.8044444447115384 0.3266666658653846 0.771111110576923 0.3383333341346154 0.7733333341346154 0.3733333341346154
1942 0.8222222211538461 0.35333333413461543 0.8711111105769231 0.3383333341346154 0.86 0.2983333341346154 0.8177777788461539 0.315 0.8222222211538461 0.35333333413461543
1942 0.8844444447115385 0.335 0.9444444447115384 0.3116666658653846 0.9377777788461539 0.2633333341346154 0.88 0.29 0.8844444447115385 0.335
153 0.33777777884615384 0.7383333341346153 0.33999999999999997 0.7483333341346154 0.3666666658653846 0.7483333341346154 0.40666666586538464 0.745 0.42444444471153847 0.735 0.3911111105769231 0.6499999999999999 0.3755555552884615 0.6416666658653847 0.3711111105769231 0.6316666658653846 0.36222222115384617 0.6216666658653847 0.3444444447115385 0.63 0.33777777884615384 0.6283333341346153 0.33777777884615384 0.7383333341346153
171 0.7 0.73 0.7133333341346154 0.73 0.7266666658653846 0.115 0.7044444447115384 0.11833333413461539 0.7 0.73
171 0.6355555552884616 0.64 0.6444444447115385 0.6366666658653847 0.6466666658653846 0.2483333341346154 0.6333333341346153 0.2483333341346154 0.6355555552884616 0.64
171 0.2155368173076923 0 0.20444444471153847 0.9866666658653845 0.23555555528846156 0.9866666658653845 0.24888888942307694 0.018333334134615385 0.24888888942307694 0 0.2155368173076923 0
171 0.3777777788461538 0.16999999999999998 0.3755555552884615 0.625 0.38444444471153844 0.625 0.3911111105769231 0.16999999999999998 0.3777777788461538 0.16999999999999998