965 0 0 0 0.4939939951923077 0.002 0.9909909903846154 0.996 0.9939939951923077 0.996 0 0 0
1942 0.55 0.45645645673076923 0.562 0.46846846875 0.63 0.47447447355769234 0.64 0.46246246153846154 0.642 0.4384384375 0.636 0.23423423317307693 0.6319999999999999 0.21021020913461538 0.624 0.1981981971153846 0.554 0.15615615624999998 0.55 0.15915915865384617 0.542 0.1711711706730769 0.5399999999999999 0.18618618509615384 0.538 0.2132132139423077 0.542 0.4174174182692308 0.546 0.4384384375 0.55 0.45645645673076923
658 0.002 0 0.002 0.9909909903846154 0.136 0.9849849855769232 0.18 0.9669669663461539 0.16199999999999998 0 0.002 0
1505 0.7759999999999999 0.5285285288461539 0.7579999999999999 0.4774774783653846 0.562 0.4924924927884616 0.55 0.5795795793269231 0.5940000000000001 0.6126126129807692 0.606 0.6606606610576923 0.622 0.6666666658653846 0.626 0.7057057067307693 0.72 0.7087087091346155 0.796 0.6546546538461538 0.824 0.6096096105769231 0.7919999999999999 0.6126126129807692 0.7759999999999999 0.5285285288461539
1507 0.41600000000000004 0.5435435432692308 0.46599999999999997 0.5735735745192307 0.484 0.5795795793269231 0.512 0.5855855865384615 0.492 0.4864864855769231 0.38799999999999996 0.4864864855769231 0.398 0.5285285288461539 0.41600000000000004 0.5435435432692308
1291 0.596 0.6366366370192308 0.572 0.5855855865384615 0.52 0.5975975985576923 0.47200000000000003 0.5855855865384615 0.454 0.5465465456730769 0.41600000000000004 0.5435435432692308 0.402 0.5255255264423077 0.378 0.42942943028846153 0.372 0.3963963966346154 0.38799999999999996 0.38738738701923076 0.394 0.37837837740384617 0.38799999999999996 0.34534534615384616 0.38799999999999996 0.3033033028846154 0.378 0.2762762764423077 0.34400000000000003 0.27027026923076924 0.32399999999999995 0.2942942932692308 0.3 0.34534534615384616 0.286 0.38138138221153844 0.246 0.4234234230769231 0.242 0.4714714711538462 0.268 0.48348348317307693 0.37 0.4924924927884616 0.386 0.5345345336538462 0.384 0.6786786778846154 0.414 0.7057057067307693 0.43 0.7567567572115385 0.448 0.7987987980769231 0.454 0.8948948942307692 0.452 0.9819819831730769 0.608 0.9819819831730769 0.602 0.7237237235576923 0.596 0.6366366370192308
1291 0.8140000000000001 0.53153153125 0.796 0.5015015024038462 0.7939999999999999 0.4804804807692308 0.798 0.4474474471153846 0.782 0.39939939903846156 0.77 0.39339339423076924 0.756 0.4144144134615385 0.744 0.4204204206730769 0.744 0.4474474471153846 0.75 0.4654654663461538 0.7739999999999999 0.4864864855769231 0.78 0.5285285288461539 0.782 0.5795795793269231 0.8079999999999999 0.5975975985576923 0.828 0.5975975985576923 0.844 0.6786786778846154 0.84 0.7267267259615384 0.862 0.7417417427884616 0.89 0.7417417427884616 0.906 0.7357357355769231 0.896 0.7207207211538461 0.8819999999999999 0.7087087091346155 0.88 0.6876876875 0.8680000000000001 0.6036036033653847 0.86 0.5615615625 0.838 0.5465465456730769 0.8140000000000001 0.53153153125
1291 0.978 0.6726726730769231 0.9920000000000001 0.6696696706730769 0.99 0.6636636634615385 0.966 0.6396396394230769 0.954 0.6096096105769231 0.9319999999999999 0.5645645649038461 0.906 0.5525525528846154 0.8999999999999999 0.5255255264423077 0.874 0.48948949038461537 0.856 0.46846846875 0.86 0.4534534543269231 0.86 0.42942943028846153 0.856 0.4114114110576923 0.8360000000000001 0.4144144134615385 0.83 0.43543543509615384 0.8360000000000001 0.4594594591346154 0.828 0.4864864855769231 0.854 0.5135135144230769 0.8819999999999999 0.5345345336538462 0.896 0.5705705697115385 0.912 0.5975975985576923 0.928 0.6276276274038461 0.9420000000000001 0.6696696706730769 0.9560000000000001 0.6756756754807692 0.972 0.6756756754807692 0.978 0.6726726730769231
1083 0.8340000000000001 0.4924924927884616 0.83 0.516516516826923 0.8079999999999999 0.5255255264423077 0.8079999999999999 0.5435435432692308 0.8500000000000001 0.5465465456730769 0.87 0.5285285288461539 0.8680000000000001 0.4924924927884616 0.876 0.47447447355769234 0.8340000000000001 0.4924924927884616
268 0.446 0.5555555552884616 0.402 0.5615615625 0.41000000000000003 0.5975975985576923 0.432 0.5975975985576923 0.456 0.5765765769230768 0.492 0.5405405408653846 0.47000000000000003 0.5405405408653846 0.446 0.5555555552884616
1753 0.676 0.39339339423076924 0.716 0.39939939903846156 0.7100000000000001 0.2132132139423077 0.676 0.20420420432692307 0.676 0.39339339423076924
171 0.5702352932692307 0 0.574 0.04804804807692308 0.5860000000000001 0.6036036033653847 0.598 0.6186186177884616 0.5800869567307692 0 0.5702352932692307 0
1291 0.8999999999999999 0.4444444447115385 0.886 0.43543543509615384 0.878 0.4444444447115385 0.878 0.46246246153846154 0.878 0.4804804807692308 0.874 0.4924924927884616 0.89 0.5045045048076923 0.906 0.5285285288461539 0.906 0.5045045048076923 0.904 0.4804804807692308 0.894 0.47447447355769234 0.8999999999999999 0.45645645673076923 0.8999999999999999 0.4444444447115385
1942 0.522 0.4204204206730769 0.518 0.1771771778846154 0.51 0.15315315384615386 0.504 0.1291291298076923 0.49600000000000005 0.12312312259615385 0.38799999999999996 0.0630630625 0.394 0.45045044951923074 0.436 0.45645645673076923 0.48000000000000004 0.46246246153846154 0.502 0.4594594591346154 0.516 0.45045044951923074 0.522 0.4204204206730769
1753 0.7240000000000001 0.12312312259615385 0.744 0.10810810817307694 0.672 0.03903903846153846 0.6479999999999999 0.06906906971153846 0.6340000000000001 0.10510510576923077 0.704 0.15915915865384617 0.712 0.13813813701923078 0.7240000000000001 0.12312312259615385
171 0.894 0.18618618509615384 0.888 0.18918918990384614 0.89 0.20720720673076926 0.904 0.6966966971153846 0.912 0.6966966971153846 0.894 0.18618618509615384