402 0.10642361057692308 0 0.4921875 0.171875 1 0.11372853125000001 1 0 0.10642361057692308 0
1073 0.703125 0.70703125 0.69921875 0.80078125 0.72265625 0.80078125 0.703125 0.5078125 0.72265625 0.49609375 0.72265625 0.484375 0.7109375 0.4765625 0.7109375 0.46875 0.734375 0.46484375 0.7421875 0.44921875 0.7109375 0.44921875 0.703125 0.38671875 0.7109375 0.3828125 0.7109375 0.375 0.703125 0.375 0.69921875 0.33984375 0.67578125 0.3515625 0.67578125 0.3671875 0.46875 0.35546875 0.46875 0.328125 0.4453125 0.33203125 0.4453125 0.3515625 0.43359375 0.3515625 0.43359375 0.3671875 0.44140625 0.37109375 0.44140625 0.41015625 0.42578125 0.40234375 0.42578125 0.37109375 0.4140625 0.39453125 0.390625 0.39453125 0.40625 0.80859375 0.42578125 0.80859375 0.4375 0.765625 0.46875 0.76171875 0.46875 0.8515625 0.48828125 0.87109375 0.49609375 0.8671875 0.4921875 0.76953125 0.5234375 0.765625 0.55078125 0.796875 0.59765625 0.8359375 0.62890625 0.8359375 0.5859375 0.78125 0.5546875 0.77734375 0.546875 0.7578125 0.62109375 0.74609375 0.625 0.7890625 0.64453125 0.79296875 0.64453125 0.72265625 0.6875 0.70703125 0.703125 0.70703125
1661 0.6796875 0.72265625 0.70703125 0.71875 0.7265625 0.85546875 0.71484375 0.71484375 0.6953125 0.69140625 0.67578125 0.68359375 0.640625 0.6875 0.62890625 0.69921875 0.63671875 0.71484375 0.6171875 0.85546875 0.64453125 0.72265625 0.671875 0.72265625 0.671875 0.87109375 0.67578125 0.87109375 0.6796875 0.72265625
177 0.796875 0.83203125 0.8359375 0.84375 0.89453125 0.84375 0.9296875 0.7734375 0.85546875 0.7734375 0.7890625 0.76953125 0.796875 0.83203125
570 0.9375 0.765625 0.89453125 0.71484375 0.8828125 0.6640625 0.8359375 0.703125 0.7890625 0.71875 0.7734375 0.72265625 0.80859375 0.765625 0.88671875 0.77734375 0.9375 0.765625
1942 0.90234375 0.234375 0.78125 0.29296875 0.7890625 0.68359375 0.99609375 0.6875 0.99609375 0.25 0.90234375 0.234375
564 1 0.1828125 0.96484375 0.2109375 0.9453125 0.2109375 0.91796875 0.20703125 0.89453125 0.19921875 0.875 0.21875 0.83984375 0.2265625 0.7890625 0.26171875 0.75 0.29296875 0.734375 0.33203125 0.7265625 0.4296875 0.73046875 0.47265625 0.74609375 0.50390625 0.75 0.5390625 0.78515625 0.55078125 0.78515625 0.54296875 0.77734375 0.3125 0.8046875 0.328125 0.84375 0.3046875 0.87109375 0.27734375 0.890625 0.25 0.90234375 0.24609375 0.93359375 0.265625 0.9765625 0.265625 0.99609375 0.25390625 1 0.216796875 1 0.1828125
1942 0.0078125 0.1328125 0.0078125 0.78125 0.3125 0.71484375 0.3359375 0.70703125 0.33203125 0.25 0.20703125 0.1484375 0.05078125 0.1171875 0.0078125 0.1328125
564 0.140625 0.09375 0.1171875 0.08984375 0.0546875 0.0703125 0.0078125 0.0703125 0.0078125 0.15625 0.02734375 0.13671875 0.06640625 0.12890625 0.08984375 0.14453125 0.109375 0.16796875 0.13671875 0.1875 0.171875 0.19140625 0.2109375 0.18359375 0.23828125 0.21484375 0.25390625 0.25 0.30859375 0.2734375 0.34375 0.2734375 0.3515625 0.3046875 0.35546875 0.36328125 0.359375 0.46875 0.359375 0.54296875 0.37890625 0.609375 0.39453125 0.62890625 0.390625 0.515625 0.390625 0.4921875 0.39453125 0.390625 0.40625 0.390625 0.41015625 0.36328125 0.390625 0.3046875 0.35546875 0.2421875 0.33203125 0.21484375 0.3046875 0.19140625 0.2734375 0.1640625 0.24609375 0.13671875 0.22265625 0.125 0.19140625 0.12109375 0.16796875 0.09765625 0.140625 0.09375
321 0.3203125 0.78515625 0.33203125 0.78515625 0.33984375 0.80859375 0.35546875 0.828125 0.46875 0.8203125 0.4609375 0.78515625 0.48046875 0.78515625 0.48046875 0.765625 0.4609375 0.75 0.46875 0.72265625 0.43359375 0.71484375 0.43359375 0.6953125 0.27734375 0.7109375 0.265625 0.73828125 0.30859375 0.73828125 0.3125 0.765625 0.3203125 0.765625 0.3203125 0.78515625
1754 0.0078125 0.8515625 0.203125 0.98828125 0.30078125 0.8125 0.015625 0.61328125 0.0078125 0.8515625
1662 0.421875 0.9140625 0.43359375 0.99609375 0.44921875 0.99609375 0.4375 0.90625 0.4453125 0.8984375 0.45703125 0.88671875 0.4296875 0.86328125 0.37890625 0.86328125 0.33203125 0.8671875 0.296875 0.875 0.2890625 0.88671875 0.29296875 0.90234375 0.3125 0.91015625 0.296875 0.99609375 0.3125 0.9921875 0.31640625 0.921875 0.3359375 0.921875 0.33203125 0.99609375 0.35546875 0.99609375 0.35546875 0.92578125 0.3984375 0.921875 0.40234375 0.99609375 0.4140625 0.99609375 0.41015625 0.91796875 0.421875 0.9140625
1885 1 0.1171875 0.4921875 0.17578125 0.515625 0.76171875 0.99609375 0.8125 1 0.490234375 1 0.1171875
1885 0.007828379807692309 0 0.01171875 0.95703125 0.515625 0.765625 0.4921875 0.171875 0.10260416826923077 0 0.007828379807692309 0
792 0.0078125 0.95703125 0.0078125 0.99609375 0.99609375 0.99609375 0.99609375 0.81640625 0.51953125 0.765625 0.0078125 0.95703125
1027 0.6171875 0.0546875 0.63671875 0.0546875 0.65625 0.04296875 0.64453125 0.02734375 0.62890625 0.02734375 0.61328125 0.03515625 0.61328125 0.046875 0.6171875 0.0546875