948 0.40625 0.4609375 0.44140625 0.421875 0.4296875 0.16796875 0.109375 0.1875 0.1171875 0.33984375 0.08203125 0.421875 0.08203125 0.4609375 0.40625 0.4609375
1349 0.578125 0.1796875 0.49609375 0.1953125 0.45703125 0.234375 0.6015625 0.2109375 0.6484375 0.203125 0.578125 0.1796875
1349 0.99609375 0.0390625 0.859375 0.08203125 0.78515625 0.14453125 0.84375 0.15234375 0.98046875 0.09765625 0.99609375 0.0390625
1942 0.8671875 0.53125 0.83203125 0.32421875 0.74609375 0.33203125 0.73828125 0.61328125 0.87109375 0.6171875 0.8671875 0.53125
345 0.83203125 0.18359375 0.828125 0.515625 0.98046875 0.51171875 0.98046875 0.12109375 0.83203125 0.18359375
345 0.47265625 0.5390625 0.67578125 0.53125 0.6875 0.23828125 0.609375 0.20703125 0.4609375 0.26171875 0.47265625 0.5390625
845 0.67578125 0.62890625 0.62890625 0.59765625 0.5859375 0.62890625 0.59765625 0.6640625 0.65625 0.66796875 0.67578125 0.62890625
1565 0.78515625 0.63671875 0.76171875 0.62109375 0.73046875 0.6484375 0.765625 0.67578125 0.79296875 0.67578125 0.78515625 0.63671875
644 0.47265625 0.6875 0.46484375 0.69140625 0.47265625 0.9453125 0.54296875 0.95703125 0.5390625 0.6953125 0.47265625 0.6875
633 0.59375 0.671875 0.57421875 0.6640625 0.53125 0.6640625 0.51953125 0.6953125 0.57421875 0.7109375 0.59375 0.671875
1670 0.1953125 0.9140625 0.4140625 0.90234375 0.41796875 0.66796875 0.4453125 0.65234375 0.44140625 0.578125 0.14453125 0.58203125 0.14453125 0.63671875 0.1171875 0.66015625 0.1953125 0.9140625
1426 0.37109375 0.63671875 0.3515625 0.66015625 0.39453125 0.6640625 0.41796875 0.6484375 0.37109375 0.63671875
757 0.16015625 0.6015625 0.16796875 0.60546875 0.16015625 0.57421875 0.125 0.55859375 0.09765625 0.5703125 0.08984375 0.65234375 0.11328125 0.640625 0.11328125 0.578125 0.13671875 0.56640625 0.16015625 0.6015625
347 0.40625 0.98046875 0.40625 0.73046875 0.19921875 0.82421875 0.203125 0.9921875 0.33203125 0.9921875 0.40625 0.98046875
404 0.14813701923076922 0 0.140625 0.09765625 0.1796875 0.109375 0.14951508653846154 0 0.14813701923076922 0
404 0.02734375 0 0.0078125 0.1640625 0.03515625 0.18359375 0.03515625 0.140625 0.02734375 0
404 0.05859375 0.09765625 0.03515625 0.12109375 0.0703125 0.12890625 0.0859375 0.11328125 0.05859375 0.09765625
404 0.32421875 0.06640625 0.3046875 0.1015625 0.35546875 0.1015625 0.36328125 0.08203125 0.32421875 0.06640625
404 0.6484375 0.08984375 0.625 0.11328125 0.66015625 0.1171875 0.67578125 0.1015625 0.6484375 0.08984375
404 0.8203125 0.05078125 0.7890625 0.0390625 0.765625 0.0546875 0.77734375 0.06640625 0.80078125 0.06640625 0.8203125 0.05078125
345 0.07421875 0.26171875 0.0078125 0.2578125 0 0.53515625 0.0859375 0.53515625 0.07421875 0.26171875
531 0.203125 0.81640625 0.41015625 0.71484375 0.2265625 0.6875 0.1953125 0.70703125 0.203125 0.81640625
1077 0.73828125 0.98046875 0.734375 0.7109375 0.58984375 0.69140625 0.546875 0.7109375 0.5390625 0.93359375 0.73828125 0.98046875
1152 0.91796875 0.234375 0.89453125 0.234375 0.8671875 0.234375 0.87109375 0.265625 0.9140625 0.2578125 0.91796875 0.234375
1382 0.87890625 0.3359375 0.92578125 0.33203125 0.93359375 0.3125 0.92578125 0.296875 0.91015625 0.30078125 0.88671875 0.3125 0.875 0.328125 0.87890625 0.3359375
1670 0.12890625 0.65234375 0.234375 0.65625 0.21875 0.671875 0.26171875 0.6796875 0.30078125 0.67578125 0.3515625 0.70703125 0.40625 0.703125 0.41015625 0.67578125 0.453125 0.65625 0.4453125 0.5859375 0.171875 0.58203125 0.140625 0.58984375 0.1328125 0.62890625 0.12890625 0.65234375
576 0.296875 0.71875 0.28125 0.7109375 0.26171875 0.72265625 0.2265625 0.71875 0.21875 0.70703125 0.203125 0.7109375 0.203125 0.734375 0.33984375 0.734375 0.38671875 0.7109375 0.34375 0.71875 0.328125 0.71875 0.296875 0.71875
973 0.54296875 0.59765625 0.5234375 0.59765625 0.52734375 0.65625 0.55078125 0.65625 0.54296875 0.59765625
291 0.48828125 0.65625 0.51171875 0.66015625 0.5078125 0.6015625 0.50390625 0.59375 0.50390625 0.56640625 0.48828125 0.56640625 0.48828125 0.58984375 0.48828125 0.609375 0.48828125 0.65625
299 0.5234375 0.4296875 0.48828125 0.4296875 0.4921875 0.453125 0.515625 0.44921875 0.5234375 0.4296875
299 0.5234375 0.31640625 0.49609375 0.31640625 0.5 0.33203125 0.5234375 0.33203125 0.5234375 0.31640625
345 0.4765625 0.6953125 0.4140625 0.68359375 0.41015625 0.92578125 0.48046875 0.953125 0.4765625 0.6953125
644 0.75 0.71484375 0.73828125 0.99609375 0.91796875 0.9921875 0.9140625 0.73046875 0.75 0.71484375
345 0.98828125 0.734375 0.92578125 0.73046875 0.9296875 0.9921875 0.9921875 0.9921875 0.98828125 0.734375
1564 0.78515625 0.68359375 0.81640625 0.68359375 0.68359375 0.671875 0.63671875 0.67578125 0.57421875 0.67578125 0.72265625 0.6875 0.73828125 0.69140625 0.78515625 0.68359375
576 0.87109375 0.6875 0.828125 0.6875 0.8046875 0.69140625 0.84375 0.703125 0.94140625 0.703125 0.94140625 0.6875 0.87109375 0.6875
531 0 0.7149784495192308 0.109375 0.71875 0.2109375 0.67578125 0.0390625 0.66796875 0.1015625 0.640625 0 0.640625 0 0.7149784495192308
531 0.85546875 0.6796875 0.75 0.69921875 0.9921875 0.72265625 0.9921875 0.68359375 0.85546875 0.6796875
552 0.05078125 0.9296875 0.0703125 0.92578125 0.0703125 0.86328125 0.05859375 0.859375 0.02734375 0.86328125 0.00390625 0.86328125 0.01171875 0.921875 0.02734375 0.9296875 0.05078125 0.9296875
552 0.50390625 0.37890625 0.48828125 0.37890625 0.48828125 0.39453125 0.50390625 0.39453125 0.50390625 0.37890625
402 0 0 0 0.17578125 0.1171875 0.17578125 0.44140625 0.16796875 0.53125 0.18359375 0.99609375 0.02734375 0.9921875 0 0 0