1120 0.2578125 0.23828125 0.02734375 0.20703125 0.0234375 0.42578125 0.23828125 0.43359375 0.2578125 0.41015625 0.2578125 0.390625 0.2578125 0.3359375 0.2578125 0.23828125
1027 0.80078125 0.49609375 0.80078125 0.46875 0.83984375 0.4609375 0.81640625 0.375 0.74609375 0.37109375 0.73046875 0.4609375 0.75390625 0.47265625 0.75390625 0.50390625 0.75390625 0.53125 0.76171875 0.5625 0.78515625 0.5546875 0.80078125 0.54296875 0.80078125 0.49609375
569 0.890625 0.3359375 0.94921875 0.3203125 0.99609375 0.26953125 0.9921875 0.18359375 0.57421875 0.24609375 0.5703125 0.421875 0.5859375 0.51171875 0.62109375 0.546875 0.6796875 0.3515625 0.73828125 0.33203125 0.796875 0.27734375 0.890625 0.3359375
1329 0.82421875 0.67578125 0.8828125 0.69921875 0.9296875 0.6875 0.96875 0.625 0.89453125 0.609375 0.82421875 0.67578125
579 0.4765625 0.63671875 0.42578125 0.63671875 0.3984375 0.66796875 0.41796875 0.72265625 0.4296875 0.7265625 0.515625 0.7265625 0.54296875 0.6875 0.53125 0.66015625 0.4765625 0.63671875
873 0.609375 0.75 0.64453125 0.7578125 0.671875 0.71875 0.6484375 0.7109375 0.58984375 0.7109375 0.609375 0.75
1603 0.98828125 0.58203125 0.9375 0.62109375 0.88671875 0.578125 0.75390625 0.5859375 0.71875 0.58203125 0.70703125 0.578125 0.6015625 0.578125 0.4765625 0.6171875 0.48828125 0.69921875 0.75390625 0.76953125 0.77734375 0.78125 0.7734375 0.80078125 0.78515625 0.83984375 0.8359375 0.84765625 0.953125 0.80859375 0.98828125 0.80859375 0.98828125 0.58203125
781 0.28125 0.72265625 0.28125 0.56640625 0.00390625 0.578125 0.03125 0.73828125 0.28125 0.72265625
570 0.4140625 0.9296875 0.46875 0.97265625 0.52734375 0.94921875 0.4765625 0.80859375 0.05078125 0.76171875 0.01953125 0.84765625 0.4140625 0.9296875
775 0.09375 0.6328125 0.07421875 0.6640625 0.0703125 0.68359375 0.109375 0.69921875 0.16015625 0.72265625 0.15625 0.6875 0.14453125 0.66796875 0.11328125 0.64453125 0.09375 0.6328125
1942 0.67578125 0.5703125 0.7421875 0.59375 0.7890625 0.5703125 0.85546875 0.58203125 0.90625 0.58984375 0.90625 0.3359375 0.796875 0.2890625 0.6875 0.3671875 0.67578125 0.5703125
1942 0.9921875 0.56640625 0.9921875 0.2890625 0.9375 0.33203125 0.92578125 0.60546875 0.94921875 0.609375 0.9921875 0.56640625
1329 0.6484375 0.66015625 0.75 0.66015625 0.75390625 0.60546875 0.671875 0.5859375 0.6484375 0.66015625
1094 0.4921875 0.34765625 0.48046875 0.3046875 0.44140625 0.2578125 0.41015625 0.2578125 0.37890625 0.265625 0.3515625 0.3046875 0.33984375 0.71484375 0.46875 0.6875 0.48046875 0.390625 0.4921875 0.34765625
1498 0.41015625 0.3828125 0.375 0.32421875 0.359375 0.3828125 0.41015625 0.3828125
268 0.3515625 0.76171875 0.36328125 0.76171875 0.37890625 0.7265625 0.29296875 0.71484375 0.24609375 0.75390625 0.3515625 0.76171875
1590 0.50390625 0.890625 0.52734375 0.92578125 0.56640625 0.8671875 0.69140625 0.8359375 0.74609375 0.8203125 0.75390625 0.87109375 0.7890625 0.77734375 0.43359375 0.6953125 0.2265625 0.76171875 0.50390625 0.890625
1196 0.93359375 0.80859375 0.80078125 0.85546875 0.7109375 0.90625 0.703125 0.9765625 0.99609375 0.98828125 0.99609375 0.828125 0.93359375 0.80859375
462 0.203125 0.4453125 0.1953125 0.3203125 0.125 0.31640625 0.125 0.45703125 0.203125 0.4453125
297 0 0.68359375 0.0234375 0.68359375 0.03515625 0.6640625 0.03515625 0.6484375 0.03515625 0.6328125 0.03125 0.609375 0.01953125 0.59375 0 0.59375 0 0.68359375
126 0 0.91796875 0.00390625 0.98828125 0.6484375 0.98828125 0.6796875 0.94921875 0.67578125 0.90625 0.65625 0.8828125 0.61328125 0.87109375 0.58984375 0.87109375 0.55078125 0.8828125 0.53125 0.90234375 0.48046875 0.8125 0.40234375 0.78515625 0.30859375 0.76953125 0.19140625 0.7578125 0.0703125 0.75 0.02734375 0.76953125 0.02734375 0.83984375 0 0.8466796875 0 0.91796875
1316 0.38671875 0.51953125 0.34765625 0.51953125 0.33984375 0.55859375 0.3828125 0.5546875 0.38671875 0.51953125
582 0.390625 0.5390625 0.39453125 0.55859375 0.44921875 0.5546875 0.44140625 0.49609375 0.421875 0.49609375 0.40234375 0.49609375 0.3984375 0.515625 0.390625 0.5390625
279 0.58203125 0.82421875 0.58203125 0.8046875 0.5546875 0.78125 0.48828125 0.78515625 0.44921875 0.7890625 0.49609375 0.828125 0.58203125 0.82421875
1349 0.515625 0.60546875 0.5859375 0.6015625 0.62109375 0.5625 0.6015625 0.4921875 0.578125 0.4296875 0.546875 0.41015625 0.5234375 0.42578125 0.5 0.47265625 0.50390625 0.53125 0.4921875 0.58984375 0.515625 0.60546875
1329 0.609375 0.6640625 0.6171875 0.62890625 0.60546875 0.609375 0.57421875 0.6015625 0.546875 0.62109375 0.54296875 0.65234375 0.55859375 0.66796875 0.58203125 0.66796875 0.609375 0.6640625
1036 0.64453125 0.76171875 0.66015625 0.74609375 0.67578125 0.7265625 0.66015625 0.703125 0.62890625 0.703125 0.6015625 0.703125 0.58203125 0.70703125 0.5859375 0.7265625 0.60546875 0.74609375 0.6171875 0.7578125 0.64453125 0.76171875
370 0.33984375 0.453125 0.32421875 0.3671875 0.34375 0.34765625 0.34375 0.29296875 0.3125 0.28515625 0.2890625 0.29296875 0.2890625 0.35546875 0.3046875 0.36328125 0.296875 0.453125 0.33984375 0.453125
1653 0.41015625 0.37890625 0.39453125 0.36328125 0.37890625 0.3515625 0.37890625 0.32421875 0.3671875 0.3203125 0.35546875 0.33984375 0.3515625 0.36328125 0.359375 0.375 0.41015625 0.37890625
402 0 0.109375 0.5625 0.21875 0.9921875 0.14453125 0.9921875 0.00390625 0 0 0 0.109375
404 0.31640625 0.12109375 0.328125 0.125 0.33984375 0.125 0.36328125 0.125 0.3671875 0.109375 0.3515625 0.10546875 0.33203125 0.1015625 0.31640625 0.10546875 0.31640625 0.12109375
404 0.13671875 0.07421875 0.1484375 0.078125 0.1640625 0.078125 0.17578125 0.07421875 0.1875 0.0625 0.1640625 0.0546875 0.140625 0.05859375 0.12890625 0.06640625 0.13671875 0.07421875
404 0.4609375 0.1875 0.4765625 0.18359375 0.4765625 0.17578125 0.45703125 0.171875 0.44140625 0.17578125 0.453125 0.1875 0.4609375 0.1875
345 0.44921875 0.69140625 0.4609375 0.5625 0.33984375 0.56640625 0.3359375 0.71484375 0.4140625 0.69921875 0.44921875 0.69140625
648 0.44921875 0.28515625 0.42578125 0.26171875 0.40234375 0.26171875 0.375 0.265625 0.359375 0.29296875 0.3515625 0.32421875 0.3515625 0.41015625 0.3515625 0.48828125 0.34765625 0.5546875 0.4609375 0.5546875 0.46875 0.4765625 0.47265625 0.35546875 0.47265625 0.31640625 0.44921875 0.28515625