490 0.59765625 0.39453125 0.59375 0.4609375 0.66015625 0.4609375 0.66015625 0.39453125 0.59765625 0.39453125
1199 0.54296875 0.72265625 0.5390625 0.48046875 0.48828125 0.4609375 0.48828125 0.4375 0.30859375 0.4453125 0.30078125 0.48046875 0.30859375 0.50390625 0.32421875 0.74609375 0.54296875 0.72265625
531 0.58984375 0.44140625 0.5 0.45703125 0.55078125 0.48828125 0.6953125 0.4765625 0.671875 0.45703125 0.62890625 0.4609375 0.58984375 0.44140625
531 0.21875 0.515625 0.3046875 0.51171875 0.3046875 0.48828125 0.30078125 0.45703125 0.0625 0.4765625 0.0078125 0.50390625 0.046875 0.51171875 0.19921875 0.51171875 0.19921875 0.5625 0.01171875 0.57421875 0.01171875 0.6875 0.23828125 0.6640625 0.21875 0.515625
1442 1 0.22299592548076924 0.9140625 0.23046875 0.90234375 0.453125 0.90625 0.59375 0.90234375 0.85546875 1 0.9268329326923077 1 0.22299592548076924
1116 0.80859375 0.47265625 0.8984375 0.4921875 0.8984375 0.39453125 0.8046875 0.390625 0.80859375 0.47265625
1564 0.203125 0.52734375 0.19140625 0.5078125 0.16796875 0.5078125 0.02734375 0.515625 0.01171875 0.52734375 0.0078125 0.55078125 0.03125 0.56640625 0.07421875 0.56640625 0.1796875 0.56640625 0.203125 0.546875 0.203125 0.52734375
402 0.024218749999999997 0 0.05859375 0.015625 0.2890625 0.03515625 0.46484375 0.05078125 0.671875 0.0546875 0.7421875 0.03125 0.796875 0.0390625 0.8927556826923078 0 0.024218749999999997 0
792 0.953125 0.98828125 0.99609375 0.984375 1 0.94140625 0.89453125 0.85546875 0.890625 0.828125 0.7421875 0.73828125 0.69140625 0.71875 0.6015625 0.72265625 0.48828125 0.7421875 0.359375 0.7578125 0.26171875 0.76171875 0.23046875 0.76953125 0.23046875 0.8515625 0.234375 0.91796875 0.23828125 0.98828125 0.953125 0.98828125
1670 0.53515625 0.5 0.5390625 0.48828125 0.48828125 0.46875 0.484375 0.44140625 0.30859375 0.44140625 0.296875 0.47265625 0.32421875 0.50390625 0.53515625 0.5
1199 0.32421875 0.75390625 0.5390625 0.7265625 0.5390625 0.515625 0.31640625 0.515625 0.32421875 0.75390625
313 0.1640625 0.37890625 0.1875 0.375 0.19140625 0.3359375 0.1484375 0.34375 0.1484375 0.37109375 0.1640625 0.37890625
1366 0.015625 0.3671875 0.01171875 0.3828125 0.078125 0.37890625 0.078125 0.36328125 0.015625 0.3671875
1366 0.2109375 0.34765625 0.203125 0.37890625 0.26953125 0.375 0.26953125 0.3515625 0.2109375 0.34765625
1366 0.09765625 0.375 0.14453125 0.3828125 0.140625 0.35546875 0.09765625 0.35546875 0.09765625 0.375
1366 0.015625 0.265625 0.015625 0.296875 0.08984375 0.29296875 0.09375 0.26953125 0.015625 0.265625
299 0.140625 0.265625 0.140625 0.296875 0.21484375 0.30078125 0.22265625 0.26171875 0.140625 0.265625
948 0.296875 0.21875 0.29296875 0.2734375 0.50390625 0.26953125 0.5078125 0.2265625 0.296875 0.21875
983 0.5546875 0.29296875 0.65625 0.29296875 0.6484375 0.26171875 0.5546875 0.265625 0.5546875 0.29296875
1523 0.515625 0.24609375 0.515625 0.38671875 0.66015625 0.37890625 0.66015625 0.08203125 0.01171875 0.03515625 0.01171875 0.3984375 0.2734375 0.390625 0.28515625 0.23046875 0.515625 0.24609375
1523 0.9140625 0 0.80078125 0.0546875 0.7890625 0.37109375 0.8984375 0.37890625 0.90234375 0.234375 0.93359375 0.2265625 0.98828125 0.22265625 1 0.2080078125 1 0.1015625 0.99609375 0 0.9140625 0
531 0.89453125 0.50390625 0.875 0.4921875 0.7890625 0.46875 0.7265625 0.4921875 0.8984375 0.55859375 0.89453125 0.50390625
1523 0.55859375 0.49609375 0.5546875 0.71484375 0.6953125 0.69140625 0.703125 0.4921875 0.55859375 0.49609375
1523 0.875 0.828125 0.8984375 0.8359375 0.8984375 0.5703125 0.74609375 0.50390625 0.73828125 0.71875 0.875 0.828125
345 0.23046875 0.78515625 0.3125 0.765625 0.30859375 0.5234375 0.1796875 0.53125 0.16796875 0.5625 0.21875 0.5546875 0.23046875 0.78515625
345 0.2265625 0.98828125 0.234375 0.9609375 0.21875 0.6875 0.00390625 0.703125 0.00390625 0.984375 0.2265625 0.98828125
360 0.859375 0.7890625 0.88671875 0.80078125 0.88671875 0.7265625 0.859375 0.71875 0.859375 0.7890625
360 0.78515625 0.58203125 0.77734375 0.6484375 0.8203125 0.64453125 0.8203125 0.5859375 0.78515625 0.58203125
1861 0.45703125 0.2109375 0.4921875 0.2109375 0.49609375 0.1484375 0.453125 0.15234375 0.45703125 0.2109375
1382 0.609375 0.2109375 0.640625 0.21875 0.65234375 0.14453125 0.61328125 0.15234375 0.609375 0.2109375