402 0.003773836538461539 0 0 0.111328125 0 0.2274305552884615 0.20703125 0.2734375 0.9921875 0.15625 0.9921875 0 0.003773836538461539 0
1027 0.2578125 0.0859375 0.28125 0.109375 0.30859375 0.125 0.33203125 0.140625 0.33984375 0.1484375 0.359375 0.12890625 0.38671875 0.109375 0.40625 0.09375 0.41015625 0.06640625 0.3984375 0.05078125 0.37890625 0.0390625 0.359375 0.03125 0.328125 0.03125 0.3125 0.03515625 0.28125 0.03515625 0.2734375 0.046875 0.2578125 0.0703125 0.2578125 0.0859375
1075 0.1875 0.5078125 0.19921875 0.6171875 0.27734375 0.61328125 0.265625 0.49609375 0.1875 0.5078125
655 0.97265625 0.265625 0.64453125 0.30078125 0.66796875 0.73046875 0.99609375 0.74609375 0.97265625 0.265625
1230 0.890625 0.359375 0.73046875 0.3671875 0.7421875 0.671875 0.91015625 0.671875 0.890625 0.359375
1942 0.6015625 0.359375 0.3203125 0.37890625 0.34765625 0.5703125 0.60546875 0.55859375 0.6015625 0.359375
168 0.6171875 0.875 0.6171875 0.8671875 0.5625 0.859375 0.546875 0.640625 0.6328125 0.62890625 0.60546875 0.55078125 0.4453125 0.5625 0.453125 0.64453125 0.5390625 0.640625 0.54296875 0.8671875 0.51171875 0.87109375 0.546875 0.87890625 0.54296875 0.90625 0.5546875 0.90234375 0.5625 0.875 0.6171875 0.875
1115 0.37890625 0.4296875 0.37890625 0.41015625 0.4765625 0.328125 0.48046875 0.40234375 0.4765625 0.41796875 0.4765625 0.46484375 0.49609375 0.4765625 0.51171875 0.46484375 0.5078125 0.41796875 0.4921875 0.4140625 0.484375 0.3203125 0.46484375 0.3125 0.35546875 0.4140625 0.3125 0.4453125 0.32421875 0.46484375 0.33984375 0.453125 0.34765625 0.43359375 0.375 0.42578125 0.41015625 0.84375 0.3671875 0.84765625 0.40625 0.8828125 0.48046875 0.84765625 0.41796875 0.83984375 0.37890625 0.4296875
1885 0.00390625 0.8203125 0.24609375 0.71875 0.21484375 0.2734375 0.00390625 0.2265625 0.00390625 0.8203125
1885 0.66796875 0.73046875 0.64453125 0.30078125 0.97265625 0.265625 0.99609375 0.6875 0.9921875 0.22265625 0.98828125 0.15625 0.2109375 0.26953125 0.25 0.71875 0.66796875 0.73046875
792 0 0.9960784927884615 0.99609375 0.9921875 0.9921875 0.75 0.24609375 0.71484375 0.00390625 0.8203125 0 0.908203125 0 0.9960784927884615