402 0.0037468124999999997 0 0 0.091796875 0 0.1876594375 0.76171875 0.21875 0.9921875 0.19921875 0.99609375 0.0546875 0.6059895817307692 0 0.0037468124999999997 0
1885 0 0.8200604855769231 0.72265625 0.7734375 0.73046875 0.21875 0 0.1876662235576923 0 0.8200604855769231
1885 0.99609375 0.8984375 0.99609375 0.23828125 0.9921875 0.1953125 0.73046875 0.21484375 0.72265625 0.77734375 0.99609375 0.8984375
792 0 0.9960784302884615 0.9921875 0.9921875 0.99609375 0.89453125 0.71875 0.76953125 0.00390625 0.8203125 0 0.908203125 0 0.9960784302884615
230 0.0546875 0.54296875 0.0703125 0.60546875 0.66796875 0.56640625 0.63671875 0.51953125 0.0546875 0.54296875
230 0.79296875 0.5234375 0.67578125 0.5546875 0.96875 0.62109375 0.99609375 0.625 0.9921875 0.55078125 0.79296875 0.5234375
230 0.05859375 0.71875 0.08984375 0.796875 0.68359375 0.74609375 0.62109375 0.66796875 0.05859375 0.71875
230 0.8359375 0.69140625 0.703125 0.73828125 0.96875 0.84765625 0.9921875 0.85546875 0.9921875 0.74609375 0.8359375 0.69140625
1069 0.3046875 0.7578125 0.32421875 0.7578125 0.328125 0.7734375 0.49609375 0.76953125 0.48828125 0.5859375 0.3359375 0.59375 0.328125 0.609375 0.3046875 0.60546875 0.3046875 0.7578125
1885 0.6278645817307692 0 0.99609375 0.0546875 0.99609375 0 0.6278645817307692 0
176 0 0.0126953125 0.01171875 0.0390625 0.0234375 0.9921875 0.04296875 0.9921875 0.03125 0.0390625 0.0703125 0.0390625 0.07421875 0.99609375 0.0859375 0.99609375 0.078125 0.0390625 0.125 0.046875 0.12890625 0.99609375 0.14453125 0.9921875 0.13671875 0.046875 0.17578125 0.046875 0.18359375 0.9921875 0.19140625 0.9921875 0.1875 0.05078125 0.2265625 0.05078125 0.23046875 0.9921875 0.24609375 0.9921875 0.234375 0.0546875 0.27734375 0.0546875 0.28125 0.9921875 0.29296875 0.9921875 0.2890625 0.0546875 0.328125 0.0625 0.32421875 0.58984375 0.34375 0.58203125 0.34765625 0.0625 0.390625 0.06640625 0.37890625 0.578125 0.40234375 0.578125 0.40234375 0.06640625 0.44140625 0.0703125 0.42578125 0.578125 0.44921875 0.578125 0.453125 0.0703125 0.48046875 0.0703125 0.4765625 0.578125 0.49609375 0.578125 0.49609375 0.07421875 0.53125 0.078125 0.5234375 0.99609375 0.53515625 0.98828125 0.54296875 0.078125 0.57421875 0.08203125 0.56640625 0.9921875 0.578125 0.98828125 0.5859375 0.0859375 0.62109375 0.0859375 0.61328125 0.98828125 0.625 0.98828125 0.6328125 0.0859375 0.6640625 0.09375 0.65234375 0.9921875 0.6640625 0.9921875 0.67578125 0.08984375 0.703125 0.09375 0.6953125 0.9921875 0.703125 0.9921875 0.71484375 0.09375 0.74609375 0.09765625 0.73828125 0.98828125 0.74609375 0.98828125 0.76171875 0.1015625 0.7890625 0.10546875 0.7734375 0.98828125 0.78515625 0.98828125 0.80078125 0.10546875 0.8203125 0.10546875 0.80859375 0.9921875 0.82421875 0.9921875 0.8359375 0.10546875 0.859375 0.10546875 0.84765625 0.98828125 0.859375 0.98828125 0.87109375 0.10546875 0.890625 0.1171875 0.87890625 0.984375 0.890625 0.984375 0.90234375 0.11328125 0.93359375 0.12109375 0.91796875 0.9921875 0.9296875 0.98828125 0.9453125 0.12109375 0.96484375 0.12109375 0.95703125 0.99609375 0.96875 0.9921875 0.97265625 0.12109375 0.99609375 0.12109375 0.99609375 0.09765625 0 0.004272461538461538 0 0.0126953125