378 0.17812499999999998 0.4125 0.184375 0.41666666586538464 0.2 0.41666666586538464 0.2375 0.4 0.24062499999999998 0.39583333413461536 0.2375 0.3666666658653846 0.24375000000000002 0.3666666658653846 0.24062499999999998 0.3291666658653846 0.253125 0.3291666658653846 0.25625 0.3416666658653846 0.259375 0.3458333341346154 0.259375 0.36250000000000004 0.2625 0.36250000000000004 0.265625 0.3791666658653846 0.35624999999999996 0.36250000000000004 0.35624999999999996 0.3291666658653846 0.3125 0.3208333341346154 0.25625 0.2583333341346154 0.22812500000000002 0.2583333341346154 0.22812500000000002 0.25 0.175 0.2416666658653846 0.10625000000000001 0.2458333341346154 0.12187500000000001 0.41666666586538464 0.125 0.41666666586538464 0.134375 0.4125 0.14375 0.42500000000000004 0.171875 0.4208333341346154 0.17812499999999998 0.4125
378 0.25625 0.2583333341346154 0.3125 0.3208333341346154 0.35624999999999996 0.3291666658653846 0.35 0.22499999999999998 0.22812500000000002 0.23333333413461538 0.22812500000000002 0.25 0.22812500000000002 0.2583333341346154 0.25625 0.2583333341346154
203 0.16562500000000002 0.15 0.175 0.1916666658653846 0.18125000000000002 0.2666666658653846 0.1875 0.2916666658653846 0.190625 0.3083333341346154 0.19687500000000002 0.3458333341346154 0.2 0.41666666586538464 0.234375 0.4 0.22812500000000002 0.2583333341346154 0.24375000000000002 0.25 0.25 0.2416666658653846 0.24062499999999998 0.23333333413461538 0.221875 0.20833333413461538 0.215625 0.14166666586538462 0.21250000000000002 0.07083333413461539 0.34375 0.07083333413461539 0.34375 0.008333334134615384 0.09062500000000001 0 0.09375 0.06666666586538461 0.17812499999999998 0.06666666586538461 0.175 0.08333333413461538 0.171875 0.12083333413461537 0.16562500000000002 0.15
381 0.190625 0.4708333341346154 0.18125000000000002 0.41666666586538464 0.140625 0.42500000000000004 0.128125 0.4333333341346154 0.128125 0.47916666586538464 0.140625 0.4833333341346154 0.190625 0.4708333341346154
381 0.390625 0.4208333341346154 0.38125 0.3708333341346154 0.334375 0.3791666658653846 0.33125000000000004 0.4291666658653846 0.34687500000000004 0.4375 0.390625 0.4208333341346154
1182 0.25 0.4458333341346154 0.26875 0.4458333341346154 0.271875 0.45833333413461536 0.290625 0.4458333341346154 0.3 0.4458333341346154 0.3 0.42500000000000004 0.265625 0.42500000000000004 0.2625 0.4208333341346154 0.259375 0.4 0.265625 0.3916666658653846 0.265625 0.3791666658653846 0.2625 0.36250000000000004 0.259375 0.36250000000000004 0.259375 0.3458333341346154 0.25625 0.3416666658653846 0.253125 0.3291666658653846 0.24062499999999998 0.3291666658653846 0.24375000000000002 0.3666666658653846 0.2375 0.3666666658653846 0.24062499999999998 0.39583333413461536 0.24062499999999998 0.4041666658653846 0.246875 0.4083333341346154 0.246875 0.4208333341346154 0.24375000000000002 0.42500000000000004 0.2375 0.4333333341346154 0.19374999999999998 0.4458333341346154 0.19687500000000002 0.4666666658653846 0.234375 0.4666666658653846 0.25 0.4541666658653846 0.25 0.4458333341346154
1942 0.08466435336538461 0 0.1 0.2208333341346154 0.10625000000000001 0.2458333341346154 0.12187500000000001 0.4333333341346154 0.125 0.4833333341346154 0.11875 0.4833333341346154 0.12187500000000001 0.4958333341346154 0.12187500000000001 0.5208333341346154 0.40625 0.4416666658653846 0.40625 0.4208333341346154 0.4 0.41666666586538464 0.3783415841346154 0 0.08466435336538461 0
828 0.421875 0.075 0.42500000000000004 0.1583333341346154 0.478125 0.1583333341346154 0.478125 0.075 0.421875 0.075
828 0.49375 0.07916666586538461 0.49375 0.1541666658653846 0.540625 0.1583333341346154 0.540625 0.07916666586538461 0.49375 0.07916666586538461
828 0.559375 0.07916666586538461 0.5625 0.175 0.596875 0.175 0.596875 0.08333333413461538 0.559375 0.07916666586538461
828 0.609375 0.075 0.6125 0.15 0.653125 0.15 0.653125 0.07916666586538461 0.609375 0.075
828 0.60625 0.1541666658653846 0.609375 0.2375 0.65625 0.23333333413461538 0.65625 0.1541666658653846 0.60625 0.1541666658653846
828 0.603125 0.175 0.55625 0.1791666658653846 0.559375 0.2625 0.603125 0.2583333341346154 0.603125 0.175
828 0.540625 0.2416666658653846 0.540625 0.16249999999999998 0.49375 0.16249999999999998 0.49375 0.2458333341346154 0.540625 0.2416666658653846
828 0.46562499999999996 0.2625 0.484375 0.2583333341346154 0.484375 0.17083333413461538 0.42500000000000004 0.17083333413461538 0.428125 0.2625 0.46562499999999996 0.2541666658653846 0.46562499999999996 0.2625
354 0.46562499999999996 0.4958333341346154 0.46562499999999996 0.48750000000000004 0.46875 0.4833333341346154 0.46562499999999996 0.2541666658653846 0.428125 0.2625 0.428125 0.2583333341346154 0.396875 0.2666666658653846 0.40937500000000004 0.4208333341346154 0.4125 0.5083333341346153 0.46562499999999996 0.4958333341346154
1601 0.09687499999999999 0.7041666658653847 0.09687499999999999 0.7625 0.11875 0.7583333341346153 0.12187500000000001 0.6958333341346153 0.09687499999999999 0.7041666658653847
1370 0.109375 0.7958333341346153 0.109375 0.8833333341346153 0.103125 0.9291666658653847 0.1 0.9708333341346154 0.115625 0.9833333341346153 0.146875 0.9791666658653846 0.16562500000000002 0.9666666658653846 0.16562500000000002 0.9541666658653847 0.14375 0.9666666658653846 0.12187500000000001 0.9666666658653846 0.11249999999999999 0.95 0.109375 0.925 0.115625 0.8875 0.11249999999999999 0.8333333341346154 0.115625 0.7583333341346153 0.109375 0.7250000000000001 0.103125 0.7291666658653846 0.1 0.7375 0.109375 0.7375 0.109375 0.7958333341346153
1885 0 0 0 0.9693181826923076 0.16875 0.8875 0.171875 0.8083333341346154 0.153125 0.7291666658653846 0.15625 0.6958333341346153 0.175 0.6875 0.19687500000000002 0.6916666658653846 0.20625 0.6958333341346153 0.20625 0.6499999999999999 0.19687500000000002 0.6416666658653847 0.19687500000000002 0.6333333341346153 0.203125 0.625 0.21250000000000002 0.6291666658653846 0.221875 0.6291666658653846 0.221875 0.5875 0.23125 0.5791666658653847 0.246875 0.5791666658653847 0.246875 0.5333333341346154 0.296875 0.5125 0.296875 0.5416666658653846 0.30625 0.5416666658653846 0.30625 0.525 0.32499999999999996 0.5083333341346153 0.34687500000000004 0.5083333341346153 0.34687500000000004 0.4916666658653846 0.38125 0.4958333341346154 0.40937500000000004 0.4958333341346154 0.4125 0.5 0.4125 0.525 0.43437499999999996 0.5333333341346154 0.459375 0.5291666658653846 0.47187500000000004 0.5208333341346154 0.47187500000000004 0.5 0.484375 0.4958333341346154 0.49687499999999996 0.4833333341346154 0.5 0.4958333341346154 0.534375 0.4958333341346154 0.546875 0.4958333341346154 0.546875 0.525 0.575 0.5291666658653846 0.621875 0.5333333341346154 0.621875 0.5541666658653847 0.6 0.5666666658653846 0.6 0.575 0.6968749999999999 0.5791666658653847 0.690625 0.2791666658653846 0.7281249999999999 0.2666666658653846 0.73125 0.2458333341346154 0.796875 0.2458333341346154 0.8187500000000001 0.2416666658653846 0.828125 0.2458333341346154 0.828125 0.2625 0.8500000000000001 0.2625 0.846875 0.1916666658653846 0.846875 0.1375 0.8687499999999999 0.10416666586538462 0.8687499999999999 0.08333333413461538 0.8656250000000001 0.075 0.8625 0.08333333413461538 0.859375 0.07916666586538461 0.859375 0.06666666586538461 0.8625 0.06666666586538461 0.8625 0.05833333413461539 0.871875 0.05833333413461539 0.871875 0.05 0.875 0.05 0.875 0.05833333413461539 0.8812500000000001 0.05833333413461539 0.8843749999999999 0.05 0.890625 0.0625 0.890625 0.07083333413461539 0.890625 0.07916666586538461 0.8875 0.08333333413461538 0.8812500000000001 0.08333333413461538 0.8812500000000001 0.09583333413461538 0.878125 0.14166666586538462 0.878125 0.16249999999999998 0.8843749999999999 0.16249999999999998 0.8875 0.1916666658653846 0.8968750000000001 0.22916666586538462 0.8968750000000001 0.2541666658653846 0.8999999999999999 0.3375 0.96875 0.3416666658653846 0.96875 0.4333333341346154 0.996875 0.4458333341346154 0.996875 0 0.3783203125 0 0.390625 0.2625 0.4 0.41666666586538464 0.40625 0.4208333341346154 0.40625 0.4416666658653846 0.12187500000000001 0.5208333341346154 0.12187500000000001 0.4958333341346154 0.11875 0.4833333341346154 0.125 0.4833333341346154 0.10625000000000001 0.2458333341346154 0.1 0.2208333341346154 0.08466435336538461 0 0 0
381 0.28125 0.5791666658653847 0.23125 0.5791666658653847 0.221875 0.5875 0.221875 0.6375 0.26875 0.6375 0.271875 0.5875 0.28125 0.5875 0.28125 0.5791666658653847
381 0.26875 0.6416666658653847 0.31875 0.6499999999999999 0.31875 0.5875 0.271875 0.5875 0.26875 0.6416666658653847
770 0.34687500000000004 0.4916666658653846 0.34687500000000004 0.5083333341346153 0.32499999999999996 0.5083333341346153 0.30625 0.525 0.30625 0.5416666658653846 0.296875 0.5416666658653846 0.296875 0.5125 0.246875 0.5333333341346154 0.246875 0.5791666658653847 0.28125 0.5791666658653847 0.28125 0.5833333341346154 0.31875 0.5875 0.31875 0.6166666658653847 0.33125000000000004 0.6208333341346154 0.36250000000000004 0.5958333341346154 0.365625 0.5541666658653847 0.36875 0.5458333341346153 0.40312499999999996 0.5541666658653847 0.40312499999999996 0.525 0.40625 0.5208333341346154 0.40937500000000004 0.4958333341346154 0.34687500000000004 0.4916666658653846
771 0.34687500000000004 0.4916666658653846 0.34687500000000004 0.5083333341346153 0.32499999999999996 0.5083333341346153 0.30625 0.525 0.30625 0.5833333341346154 0.31875 0.5875 0.31875 0.6166666658653847 0.33125000000000004 0.6208333341346154 0.36250000000000004 0.5958333341346154 0.36250000000000004 0.5541666658653847 0.365625 0.5416666658653846 0.39375000000000004 0.525 0.40625 0.5208333341346154 0.40937500000000004 0.4958333341346154 0.34687500000000004 0.4916666658653846
1314 0.365625 0.6208333341346154 0.453125 0.6208333341346154 0.453125 0.5916666658653846 0.37187499999999996 0.5916666658653846 0.365625 0.6208333341346154
1184 0.446875 0.5416666658653846 0.44375 0.5458333341346153 0.415625 0.5458333341346153 0.415625 0.5541666658653847 0.40312499999999996 0.5541666658653847 0.36875 0.55 0.365625 0.5958333341346154 0.37187499999999996 0.5958333341346154 0.37187499999999996 0.5916666658653846 0.4375 0.5958333341346154 0.475 0.5833333341346154 0.475 0.5708333341346153 0.46562499999999996 0.5708333341346153 0.46562499999999996 0.5416666658653846 0.446875 0.5416666658653846
417 0.7375 0.925 0.7375 0.9125000000000001 0.734375 0.8958333341346154 0.734375 0.8625 0.73125 0.8416666658653846 0.7093750000000001 0.8374999999999999 0.7124999999999999 0.8625 0.70625 0.8708333341346154 0.7 0.8541666658653846 0.6812499999999999 0.8374999999999999 0.6656249999999999 0.8208333341346153 0.6343749999999999 0.8166666658653846 0.596875 0.8083333341346154 0.5625 0.8125 0.534375 0.8125 0.49687499999999996 0.8208333341346153 0.45625000000000004 0.8333333341346154 0.44062500000000004 0.8500000000000001 0.428125 0.8833333341346153 0.421875 0.9166666658653846 0.421875 0.9958333341346154 0.7375 0.9958333341346154 0.7375 0.9583333341346154 0.7375 0.925
417 0.1875 0.8958333341346154 0.190625 0.8666666658653847 0.221875 0.8625 0.221875 0.8791666658653846 0.22812500000000002 0.8958333341346154 0.246875 0.8958333341346154 0.25 0.9041666658653846 0.275 0.925 0.278125 0.9958333341346154 0.296875 0.9958333341346154 0.296875 0.9375 0.31562500000000004 0.9375 0.328125 0.9458333341346153 0.34687500000000004 0.9458333341346153 0.34687500000000004 0.9958333341346154 0.36250000000000004 0.9958333341346154 0.36250000000000004 0.9375 0.40312499999999996 0.9083333341346154 0.42500000000000004 0.8999999999999999 0.428125 0.8833333341346153 0.4375 0.8541666658653846 0.4375 0.8416666658653846 0.43437499999999996 0.825 0.428125 0.7916666658653846 0.421875 0.7791666658653846 0.415625 0.7708333341346154 0.40937500000000004 0.7708333341346154 0.4 0.7708333341346154 0.34062499999999996 0.7958333341346153 0.334375 0.7916666658653846 0.328125 0.7875000000000001 0.31875 0.7875000000000001 0.3 0.7250000000000001 0.290625 0.7250000000000001 0.2875 0.7208333341346154 0.253125 0.7333333341346153 0.246875 0.7291666658653846 0.21875 0.7083333341346154 0.20625 0.6958333341346153 0.2 0.6916666658653846 0.175 0.6875 0.15625 0.6958333341346153 0.153125 0.7291666658653846 0.171875 0.8083333341346154 0.16875 0.8875 0.16562500000000002 0.8875 0.16562500000000002 0.9958333341346154 0.17812499999999998 0.9958333341346154 0.17812499999999998 0.8958333341346154 0.1875 0.8958333341346154
730 0.26875 0.6416666658653847 0.26875 0.6375 0.221875 0.6375 0.221875 0.6291666658653846 0.21250000000000002 0.6291666658653846 0.203125 0.625 0.19687500000000002 0.6333333341346153 0.19687500000000002 0.6416666658653847 0.20625 0.6499999999999999 0.20625 0.6958333341346153 0.221875 0.7124999999999999 0.221875 0.6791666658653847 0.221875 0.6666666658653846 0.246875 0.6583333341346154 0.25 0.6499999999999999 0.275 0.6499999999999999 0.284375 0.6583333341346154 0.29375 0.6666666658653846 0.296875 0.7250000000000001 0.3 0.7250000000000001 0.31875 0.7875000000000001 0.328125 0.7875000000000001 0.334375 0.7916666658653846 0.33125000000000004 0.7541666658653846 0.33125000000000004 0.7 0.328125 0.6499999999999999 0.31875 0.6499999999999999 0.26875 0.6416666658653847
180 0.8031250000000001 0.6125 0.796875 0.6166666658653847 0.796875 0.6458333341346154 0.840625 0.6458333341346154 0.871875 0.6458333341346154 0.875 0.6375 0.903125 0.6375 0.9156249999999999 0.6 0.921875 0.5541666658653847 0.921875 0.5458333341346153 0.9156249999999999 0.5333333341346154 0.8125 0.5333333341346154 0.809375 0.5416666658653846 0.7875000000000001 0.5791666658653847 0.79375 0.5833333341346154 0.8031250000000001 0.6125
605 0.921875 0.5416666658653846 0.9156249999999999 0.5333333341346154 0.8125 0.5333333341346154 0.809375 0.5416666658653846 0.7875000000000001 0.5791666658653847 0.7906249999999999 0.5833333341346154 0.6 0.575 0.48124999999999996 0.5666666658653846 0.475 0.5833333341346154 0.453125 0.5916666658653846 0.453125 0.6208333341346154 0.365625 0.6208333341346154 0.36875 0.5958333341346154 0.36250000000000004 0.5958333341346154 0.33125000000000004 0.6208333341346154 0.328125 0.6208333341346154 0.328125 0.6499999999999999 0.33125000000000004 0.6958333341346153 0.33125000000000004 0.7541666658653846 0.334375 0.7916666658653846 0.34062499999999996 0.7958333341346153 0.4 0.7708333341346154 0.415625 0.7708333341346154 0.428125 0.7916666658653846 0.4375 0.8500000000000001 0.45625000000000004 0.8333333341346154 0.534375 0.8125 0.565625 0.8125 0.596875 0.8083333341346154 0.6656249999999999 0.8208333341346153 0.7 0.8541666658653846 0.70625 0.8708333341346154 0.7124999999999999 0.8625 0.7093750000000001 0.8374999999999999 0.73125 0.8416666658653846 0.734375 0.8625 0.734375 0.8958333341346154 0.89375 0.9166666658653846 0.89375 0.9958333341346154 0.925 0.9958333341346154 0.925 0.9583333341346154 0.91875 0.6625000000000001 0.934375 0.6041666658653846 0.934375 0.5916666658653846 0.9156249999999999 0.5916666658653846 0.921875 0.5541666658653847 0.921875 0.5416666658653846
792 0.7375 0.9125000000000001 0.7375 0.9958333341346154 0.8125 0.9958333341346154 0.89375 0.9958333341346154 0.89375 0.9166666658653846 0.734375 0.8958333341346154 0.7375 0.9125000000000001
792 0.9875 0.9958333341346154 0.9875 0.9916666658653847 0.9875 0.9875 0.9906250000000001 0.7 0.91875 0.6875 0.925 0.9958333341346154 0.9875 0.9958333341346154
771 0.828125 0.2458333341346154 0.8187500000000001 0.2416666658653846 0.796875 0.2458333341346154 0.73125 0.2416666658653846 0.7281249999999999 0.2666666658653846 0.734375 0.275 0.765625 0.275 0.8031250000000001 0.2791666658653846 0.825 0.275 0.828125 0.2625 0.828125 0.2458333341346154
768 0.8500000000000001 0.275 0.84375 0.2625 0.828125 0.2625 0.825 0.275 0.8031250000000001 0.2791666658653846 0.76875 0.275 0.734375 0.275 0.7281249999999999 0.2666666658653846 0.690625 0.2791666658653846 0.6968749999999999 0.5833333341346154 0.7906249999999999 0.5833333341346154 0.7875000000000001 0.5791666658653847 0.809375 0.5416666658653846 0.8125 0.5333333341346154 0.85625 0.5333333341346154 0.85625 0.4666666658653846 0.846875 0.45833333413461536 0.8500000000000001 0.3916666658653846 0.8500000000000001 0.3666666658653846 0.846875 0.3416666658653846 0.8500000000000001 0.3375 0.8500000000000001 0.275
345 0.9468749999999999 0.44999999999999996 0.921875 0.44999999999999996 0.921875 0.4541666658653846 0.871875 0.4541666658653846 0.85625 0.4666666658653846 0.85625 0.5333333341346154 0.9156249999999999 0.5333333341346154 0.921875 0.5416666658653846 0.921875 0.5541666658653847 0.9156249999999999 0.5916666658653846 0.934375 0.5916666658653846 0.934375 0.6041666658653846 0.91875 0.6625000000000001 0.91875 0.6875 0.996875 0.7 0.996875 0.5666666658653846 0.996875 0.4458333341346154 0.96875 0.4333333341346154 0.9624999999999999 0.4416666658653846 0.9468749999999999 0.44999999999999996
3 0.8968750000000001 0.22916666586538462 0.8875 0.1916666658653846 0.8843749999999999 0.16249999999999998 0.878125 0.16249999999999998 0.8812500000000001 0.09583333413461538 0.8812500000000001 0.08333333413461538 0.8875 0.08333333413461538 0.890625 0.07916666586538461 0.890625 0.0625 0.8843749999999999 0.05 0.8812500000000001 0.05833333413461539 0.875 0.05833333413461539 0.875 0.05 0.871875 0.05 0.871875 0.05833333413461539 0.8625 0.05833333413461539 0.8625 0.06666666586538461 0.859375 0.06666666586538461 0.859375 0.07916666586538461 0.8625 0.08333333413461538 0.8656250000000001 0.075 0.8687499999999999 0.08333333413461538 0.8687499999999999 0.10416666586538462 0.846875 0.1375 0.8500000000000001 0.2625 0.8500000000000001 0.275 0.8500000000000001 0.33333333413461536 0.846875 0.3416666658653846 0.8500000000000001 0.3666666658653846 0.8500000000000001 0.3916666658653846 0.846875 0.45833333413461536 0.85625 0.4666666658653846 0.871875 0.4541666658653846 0.89375 0.44999999999999996 0.8968750000000001 0.3583333341346154 0.8999999999999999 0.3458333341346154 0.8999999999999999 0.3375 0.8968750000000001 0.22916666586538462
243 0.8999999999999999 0.3416666658653846 0.8968750000000001 0.3583333341346154 0.89375 0.4541666658653846 0.921875 0.4541666658653846 0.921875 0.39583333413461536 0.921875 0.3583333341346154 0.940625 0.3416666658653846 0.8999999999999999 0.3375 0.8999999999999999 0.3416666658653846
243 0.921875 0.3583333341346154 0.921875 0.44999999999999996 0.9468749999999999 0.44999999999999996 0.9624999999999999 0.4416666658653846 0.96875 0.4333333341346154 0.96875 0.3416666658653846 0.9593750000000001 0.3416666658653846 0.95625 0.3458333341346154 0.95625 0.3416666658653846 0.940625 0.3375 0.921875 0.3583333341346154
897 0.703125 0.5625 0.703125 0.5791666658653847 0.784375 0.5833333341346154 0.809375 0.5416666658653846 0.815625 0.5333333341346154 0.8218749999999999 0.4666666658653846 0.809375 0.45833333413461536 0.8125 0.42500000000000004 0.796875 0.4125 0.7749999999999999 0.4208333341346154 0.778125 0.4625 0.753125 0.5625 0.703125 0.5625
1270 0.534375 0.5208333341346154 0.534375 0.5041666658653846 0.51875 0.5 0.515625 0.4958333341346154 0.5 0.4958333341346154 0.49687499999999996 0.4833333341346154 0.484375 0.4916666658653846 0.47187500000000004 0.5 0.47187500000000004 0.5375 0.48750000000000004 0.5416666658653846 0.48750000000000004 0.55 0.515625 0.5541666658653847 0.54375 0.5416666658653846 0.54375 0.5208333341346154 0.534375 0.5208333341346154
1708 0.621875 0.5333333341346154 0.546875 0.525 0.546875 0.4958333341346154 0.5 0.4958333341346154 0.49687499999999996 0.4833333341346154 0.47187500000000004 0.5 0.47187500000000004 0.5166666658653847 0.453125 0.5291666658653846 0.453125 0.5416666658653846 0.46562499999999996 0.5416666658653846 0.46562499999999996 0.5666666658653846 0.478125 0.5708333341346153 0.48124999999999996 0.5666666658653846 0.575 0.5666666658653846 0.6 0.5708333341346153 0.6 0.5666666658653846 0.621875 0.5541666658653847 0.621875 0.5333333341346154
828 0.9593750000000001 0.16249999999999998 0.9624999999999999 0.2416666658653846 0.996875 0.2375 0.996875 0.16249999999999998 0.9593750000000001 0.16249999999999998