378 0.828125 0.4208333341346154 0.85625 0.42500000000000004 0.8656250000000001 0.4125 0.875 0.41666666586538464 0.878125 0.41666666586538464 0.89375 0.2458333341346154 0.825 0.2416666658653846 0.7718750000000001 0.25 0.7718750000000001 0.2583333341346154 0.7437499999999999 0.2583333341346154 0.6875 0.3208333341346154 0.64375 0.3291666658653846 0.64375 0.36250000000000004 0.734375 0.3791666658653846 0.7375 0.36250000000000004 0.7406250000000001 0.36250000000000004 0.7406250000000001 0.3458333341346154 0.7437499999999999 0.3416666658653846 0.746875 0.3291666658653846 0.7593749999999999 0.3291666658653846 0.7562500000000001 0.3666666658653846 0.7625 0.3666666658653846 0.7593749999999999 0.39583333413461536 0.7625 0.4 0.8 0.41666666586538464 0.815625 0.41666666586538464 0.8218749999999999 0.4125 0.828125 0.4208333341346154
378 0.7718750000000001 0.2583333341346154 0.7718750000000001 0.25 0.7718750000000001 0.23333333413461538 0.6499999999999999 0.22499999999999998 0.64375 0.3291666658653846 0.6875 0.3208333341346154 0.7437499999999999 0.2583333341346154 0.7718750000000001 0.2583333341346154
203 0.828125 0.12083333413461537 0.825 0.08333333413461538 0.8218749999999999 0.06666666586538461 0.90625 0.06666666586538461 0.909375 0 0.65625 0.008333334134615384 0.65625 0.07083333413461539 0.7875000000000001 0.07083333413461539 0.784375 0.14166666586538462 0.778125 0.20833333413461538 0.7593749999999999 0.23333333413461538 0.75 0.2416666658653846 0.7562500000000001 0.25 0.7718750000000001 0.2583333341346154 0.765625 0.4 0.8 0.41666666586538464 0.8031250000000001 0.3458333341346154 0.809375 0.3083333341346154 0.8125 0.2916666658653846 0.8187500000000001 0.2666666658653846 0.825 0.1916666658653846 0.8343750000000001 0.15 0.828125 0.12083333413461537
381 0.859375 0.4833333341346154 0.871875 0.47916666586538464 0.871875 0.4333333341346154 0.859375 0.42500000000000004 0.8187500000000001 0.41666666586538464 0.809375 0.4708333341346154 0.859375 0.4833333341346154
381 0.653125 0.4375 0.66875 0.4291666658653846 0.6656249999999999 0.3791666658653846 0.6187499999999999 0.3708333341346154 0.609375 0.4208333341346154 0.653125 0.4375
1182 0.75 0.4541666658653846 0.765625 0.4666666658653846 0.8031250000000001 0.4666666658653846 0.8062499999999999 0.4458333341346154 0.7625 0.4333333341346154 0.7562500000000001 0.42500000000000004 0.753125 0.4208333341346154 0.753125 0.4083333341346154 0.7593749999999999 0.4041666658653846 0.7593749999999999 0.39583333413461536 0.7625 0.3666666658653846 0.7562500000000001 0.3666666658653846 0.7593749999999999 0.3291666658653846 0.746875 0.3291666658653846 0.7437499999999999 0.3416666658653846 0.7406250000000001 0.3458333341346154 0.7406250000000001 0.36250000000000004 0.7375 0.36250000000000004 0.734375 0.3791666658653846 0.734375 0.3916666658653846 0.7406250000000001 0.4 0.7375 0.4208333341346154 0.734375 0.42500000000000004 0.7 0.42500000000000004 0.7 0.4458333341346154 0.7093750000000001 0.4458333341346154 0.7281249999999999 0.45833333413461536 0.73125 0.4458333341346154 0.75 0.4458333341346154 0.75 0.4541666658653846
1942 0.6216584158653846 0 0.6 0.41666666586538464 0.59375 0.4208333341346154 0.59375 0.4416666658653846 0.878125 0.5208333341346154 0.878125 0.4958333341346154 0.8812500000000001 0.4833333341346154 0.875 0.4833333341346154 0.878125 0.4333333341346154 0.89375 0.2458333341346154 0.8999999999999999 0.2208333341346154 0.9153356466346154 0 0.6216584158653846 0
828 0.521875 0.075 0.521875 0.1583333341346154 0.575 0.1583333341346154 0.578125 0.075 0.521875 0.075
828 0.459375 0.07916666586538461 0.459375 0.1583333341346154 0.50625 0.1541666658653846 0.50625 0.07916666586538461 0.459375 0.07916666586538461
828 0.40312499999999996 0.08333333413461538 0.40312499999999996 0.175 0.4375 0.175 0.44062500000000004 0.07916666586538461 0.40312499999999996 0.08333333413461538
828 0.34687500000000004 0.07916666586538461 0.34687500000000004 0.15 0.38749999999999996 0.15 0.390625 0.075 0.34687500000000004 0.07916666586538461
828 0.34375 0.1541666658653846 0.34375 0.23333333413461538 0.390625 0.2375 0.39375000000000004 0.1541666658653846 0.34375 0.1541666658653846
828 0.396875 0.2583333341346154 0.44062500000000004 0.2625 0.44375 0.1791666658653846 0.396875 0.175 0.396875 0.2583333341346154
828 0.50625 0.2458333341346154 0.50625 0.16249999999999998 0.459375 0.16249999999999998 0.459375 0.2416666658653846 0.50625 0.2458333341346154
828 0.534375 0.2541666658653846 0.571875 0.2625 0.575 0.17083333413461538 0.515625 0.17083333413461538 0.515625 0.2583333341346154 0.534375 0.2625 0.534375 0.2541666658653846
354 0.5875 0.5083333341346153 0.590625 0.4208333341346154 0.603125 0.2666666658653846 0.571875 0.2583333341346154 0.571875 0.2625 0.534375 0.2541666658653846 0.53125 0.4833333341346154 0.534375 0.48750000000000004 0.534375 0.4958333341346154 0.5875 0.5083333341346153
1601 0.878125 0.6958333341346153 0.8812500000000001 0.7583333341346153 0.903125 0.7625 0.903125 0.7041666658653847 0.878125 0.6958333341346153
1370 0.890625 0.7375 0.8999999999999999 0.7375 0.8968750000000001 0.7291666658653846 0.890625 0.7250000000000001 0.8843749999999999 0.7583333341346153 0.8875 0.8333333341346154 0.8843749999999999 0.8875 0.890625 0.925 0.8875 0.95 0.878125 0.9666666658653846 0.85625 0.9666666658653846 0.8343750000000001 0.9541666658653847 0.8343750000000001 0.9666666658653846 0.8531249999999999 0.9791666658653846 0.8843749999999999 0.9833333341346153 0.8999999999999999 0.9708333341346154 0.8968750000000001 0.9291666658653847 0.890625 0.8833333341346153 0.890625 0.7958333341346153 0.890625 0.7375
1885 0.003125 0 0.003125 0.4458333341346154 0.03125 0.4333333341346154 0.03125 0.3416666658653846 0.1 0.3375 0.103125 0.2541666658653846 0.103125 0.22916666586538462 0.11249999999999999 0.1916666658653846 0.115625 0.16249999999999998 0.12187500000000001 0.16249999999999998 0.12187500000000001 0.14166666586538462 0.11875 0.09583333413461538 0.11875 0.08333333413461538 0.11249999999999999 0.08333333413461538 0.109375 0.07916666586538461 0.109375 0.07083333413461539 0.109375 0.0625 0.115625 0.05 0.11875 0.05833333413461539 0.125 0.05833333413461539 0.125 0.05 0.128125 0.05 0.128125 0.05833333413461539 0.1375 0.05833333413461539 0.1375 0.06666666586538461 0.140625 0.06666666586538461 0.140625 0.07916666586538461 0.1375 0.08333333413461538 0.134375 0.075 0.13125 0.08333333413461538 0.13125 0.10416666586538462 0.153125 0.1375 0.153125 0.1916666658653846 0.15 0.2625 0.171875 0.2625 0.171875 0.2458333341346154 0.18125000000000002 0.2416666658653846 0.203125 0.2458333341346154 0.26875 0.2458333341346154 0.271875 0.2666666658653846 0.30937499999999996 0.2791666658653846 0.303125 0.5791666658653847 0.4 0.575 0.4 0.5666666658653846 0.37812500000000004 0.5541666658653847 0.37812500000000004 0.5333333341346154 0.42500000000000004 0.5291666658653846 0.453125 0.525 0.453125 0.4958333341346154 0.46562499999999996 0.4958333341346154 0.5 0.4958333341346154 0.503125 0.4833333341346154 0.515625 0.4958333341346154 0.528125 0.5 0.528125 0.5208333341346154 0.540625 0.5291666658653846 0.565625 0.5333333341346154 0.5875 0.525 0.5875 0.5 0.590625 0.4958333341346154 0.6187499999999999 0.4958333341346154 0.653125 0.4916666658653846 0.653125 0.5083333341346153 0.675 0.5083333341346153 0.6937500000000001 0.525 0.6937500000000001 0.5416666658653846 0.703125 0.5416666658653846 0.703125 0.5125 0.753125 0.5333333341346154 0.753125 0.5791666658653847 0.76875 0.5791666658653847 0.778125 0.5875 0.778125 0.6291666658653846 0.7875000000000001 0.6291666658653846 0.796875 0.625 0.8031250000000001 0.6333333341346153 0.8031250000000001 0.6416666658653847 0.79375 0.6499999999999999 0.79375 0.6958333341346153 0.8031250000000001 0.6916666658653846 0.825 0.6875 0.84375 0.6958333341346153 0.846875 0.7291666658653846 0.828125 0.8083333341346154 0.83125 0.8875 1 0.9693181826923076 1 0 0.9153356466346154 0 0.8999999999999999 0.2208333341346154 0.89375 0.2458333341346154 0.875 0.4833333341346154 0.8812500000000001 0.4833333341346154 0.878125 0.4958333341346154 0.878125 0.5208333341346154 0.59375 0.4416666658653846 0.59375 0.4208333341346154 0.6 0.41666666586538464 0.609375 0.2625 0.6216796874999999 0 0.003125 0
381 0.71875 0.5875 0.7281249999999999 0.5875 0.73125 0.6375 0.778125 0.6375 0.778125 0.5875 0.76875 0.5791666658653847 0.71875 0.5791666658653847 0.71875 0.5875
381 0.7281249999999999 0.5875 0.6812499999999999 0.5875 0.6812499999999999 0.6499999999999999 0.73125 0.6416666658653847 0.7281249999999999 0.5875
770 0.590625 0.4958333341346154 0.59375 0.5208333341346154 0.596875 0.525 0.596875 0.5541666658653847 0.6312500000000001 0.5458333341346153 0.6343749999999999 0.5541666658653847 0.6375 0.5958333341346154 0.66875 0.6208333341346154 0.6812499999999999 0.6166666658653847 0.6812499999999999 0.5875 0.71875 0.5833333341346154 0.71875 0.5791666658653847 0.753125 0.5791666658653847 0.753125 0.5333333341346154 0.703125 0.5125 0.703125 0.5416666658653846 0.6937500000000001 0.5416666658653846 0.6937500000000001 0.525 0.675 0.5083333341346153 0.653125 0.5083333341346153 0.653125 0.4916666658653846 0.590625 0.4958333341346154
771 0.590625 0.4958333341346154 0.59375 0.5208333341346154 0.60625 0.525 0.6343749999999999 0.5416666658653846 0.6375 0.5541666658653847 0.6375 0.5958333341346154 0.66875 0.6208333341346154 0.6812499999999999 0.6166666658653847 0.6812499999999999 0.5875 0.6937500000000001 0.5833333341346154 0.6937500000000001 0.525 0.675 0.5083333341346153 0.653125 0.5083333341346153 0.653125 0.4916666658653846 0.590625 0.4958333341346154
1314 0.628125 0.5916666658653846 0.546875 0.5916666658653846 0.546875 0.6208333341346154 0.6343749999999999 0.6208333341346154 0.628125 0.5916666658653846
1184 0.534375 0.5416666658653846 0.534375 0.5708333341346153 0.525 0.5708333341346153 0.525 0.5833333341346154 0.5625 0.5958333341346154 0.628125 0.5916666658653846 0.628125 0.5958333341346154 0.6343749999999999 0.5958333341346154 0.6312500000000001 0.55 0.596875 0.5541666658653847 0.584375 0.5541666658653847 0.584375 0.5458333341346153 0.55625 0.5458333341346153 0.553125 0.5416666658653846 0.534375 0.5416666658653846
417 0.2625 0.9583333341346154 0.2625 0.9958333341346154 0.578125 0.9958333341346154 0.578125 0.9166666658653846 0.571875 0.8833333341346153 0.559375 0.8500000000000001 0.54375 0.8333333341346154 0.503125 0.8208333341346153 0.46562499999999996 0.8125 0.4375 0.8125 0.40312499999999996 0.8083333341346154 0.365625 0.8166666658653846 0.334375 0.8208333341346153 0.31875 0.8374999999999999 0.3 0.8541666658653846 0.29375 0.8708333341346154 0.2875 0.8625 0.290625 0.8374999999999999 0.26875 0.8416666658653846 0.265625 0.8625 0.265625 0.8958333341346154 0.2625 0.9125000000000001 0.2625 0.925 0.2625 0.9583333341346154
417 0.8218749999999999 0.8958333341346154 0.8218749999999999 0.9958333341346154 0.8343750000000001 0.9958333341346154 0.8343750000000001 0.8875 0.83125 0.8875 0.828125 0.8083333341346154 0.846875 0.7291666658653846 0.84375 0.6958333341346153 0.825 0.6875 0.8 0.6916666658653846 0.79375 0.6958333341346153 0.78125 0.7083333341346154 0.753125 0.7291666658653846 0.746875 0.7333333341346153 0.7124999999999999 0.7208333341346154 0.7093750000000001 0.7250000000000001 0.7 0.7250000000000001 0.6812499999999999 0.7875000000000001 0.671875 0.7875000000000001 0.6656249999999999 0.7916666658653846 0.659375 0.7958333341346153 0.6 0.7708333341346154 0.590625 0.7708333341346154 0.584375 0.7708333341346154 0.578125 0.7791666658653846 0.571875 0.7916666658653846 0.565625 0.825 0.5625 0.8416666658653846 0.5625 0.8541666658653846 0.571875 0.8833333341346153 0.575 0.8999999999999999 0.596875 0.9083333341346154 0.6375 0.9375 0.6375 0.9958333341346154 0.653125 0.9958333341346154 0.653125 0.9458333341346153 0.671875 0.9458333341346153 0.684375 0.9375 0.703125 0.9375 0.703125 0.9958333341346154 0.721875 0.9958333341346154 0.7250000000000001 0.925 0.75 0.9041666658653846 0.753125 0.8958333341346154 0.7718750000000001 0.8958333341346154 0.778125 0.8791666658653846 0.778125 0.8625 0.809375 0.8666666658653847 0.8125 0.8958333341346154 0.8218749999999999 0.8958333341346154
730 0.6812499999999999 0.6499999999999999 0.671875 0.6499999999999999 0.66875 0.7 0.66875 0.7541666658653846 0.6656249999999999 0.7916666658653846 0.671875 0.7875000000000001 0.6812499999999999 0.7875000000000001 0.7 0.7250000000000001 0.703125 0.7250000000000001 0.70625 0.6666666658653846 0.715625 0.6583333341346154 0.7250000000000001 0.6499999999999999 0.75 0.6499999999999999 0.753125 0.6583333341346154 0.778125 0.6666666658653846 0.778125 0.6791666658653847 0.778125 0.7124999999999999 0.79375 0.6958333341346153 0.79375 0.6499999999999999 0.8031250000000001 0.6416666658653847 0.8031250000000001 0.6333333341346153 0.796875 0.625 0.7875000000000001 0.6291666658653846 0.778125 0.6291666658653846 0.778125 0.6375 0.73125 0.6375 0.73125 0.6416666658653847 0.6812499999999999 0.6499999999999999
180 0.20625 0.5833333341346154 0.21250000000000002 0.5791666658653847 0.190625 0.5416666658653846 0.1875 0.5333333341346154 0.084375 0.5333333341346154 0.078125 0.5458333341346153 0.078125 0.5541666658653847 0.084375 0.6 0.09687499999999999 0.6375 0.125 0.6375 0.128125 0.6458333341346154 0.159375 0.6458333341346154 0.203125 0.6458333341346154 0.203125 0.6166666658653847 0.19687500000000002 0.6125 0.20625 0.5833333341346154
605 0.078125 0.5541666658653847 0.084375 0.5916666658653846 0.065625 0.5916666658653846 0.065625 0.6041666658653846 0.08124999999999999 0.6625000000000001 0.075 0.9583333341346154 0.075 0.9958333341346154 0.10625000000000001 0.9958333341346154 0.10625000000000001 0.9166666658653846 0.265625 0.8958333341346154 0.265625 0.8625 0.26875 0.8416666658653846 0.290625 0.8374999999999999 0.2875 0.8625 0.29375 0.8708333341346154 0.3 0.8541666658653846 0.334375 0.8208333341346153 0.40312499999999996 0.8083333341346154 0.43437499999999996 0.8125 0.46562499999999996 0.8125 0.54375 0.8333333341346154 0.5625 0.8500000000000001 0.571875 0.7916666658653846 0.584375 0.7708333341346154 0.6 0.7708333341346154 0.659375 0.7958333341346153 0.6656249999999999 0.7916666658653846 0.66875 0.7541666658653846 0.66875 0.6958333341346153 0.671875 0.6499999999999999 0.671875 0.6208333341346154 0.66875 0.6208333341346154 0.6375 0.5958333341346154 0.6312500000000001 0.5958333341346154 0.6343749999999999 0.6208333341346154 0.546875 0.6208333341346154 0.546875 0.5916666658653846 0.525 0.5833333341346154 0.51875 0.5666666658653846 0.4 0.575 0.20937499999999998 0.5833333341346154 0.21250000000000002 0.5791666658653847 0.190625 0.5416666658653846 0.1875 0.5333333341346154 0.084375 0.5333333341346154 0.078125 0.5416666658653846 0.078125 0.5541666658653847
792 0.265625 0.8958333341346154 0.10625000000000001 0.9166666658653846 0.10625000000000001 0.9958333341346154 0.1875 0.9958333341346154 0.2625 0.9958333341346154 0.2625 0.9125000000000001 0.265625 0.8958333341346154
792 0.075 0.9958333341346154 0.08124999999999999 0.6875 0.009375 0.7 0.0125 0.9875 0.0125 0.9916666658653847 0.0125 0.9958333341346154 0.075 0.9958333341346154
771 0.171875 0.2625 0.175 0.275 0.19687500000000002 0.2791666658653846 0.234375 0.275 0.265625 0.275 0.271875 0.2666666658653846 0.26875 0.2416666658653846 0.203125 0.2458333341346154 0.18125000000000002 0.2416666658653846 0.171875 0.2458333341346154 0.171875 0.2625
768 0.15 0.3375 0.153125 0.3416666658653846 0.15 0.3666666658653846 0.15 0.3916666658653846 0.153125 0.45833333413461536 0.14375 0.4666666658653846 0.14375 0.5333333341346154 0.1875 0.5333333341346154 0.190625 0.5416666658653846 0.21250000000000002 0.5791666658653847 0.20937499999999998 0.5833333341346154 0.303125 0.5833333341346154 0.30937499999999996 0.2791666658653846 0.271875 0.2666666658653846 0.265625 0.275 0.23125 0.275 0.19687500000000002 0.2791666658653846 0.175 0.275 0.171875 0.2625 0.15625 0.2625 0.15 0.275 0.15 0.3375
345 0.0375 0.4416666658653846 0.03125 0.4333333341346154 0.003125 0.4458333341346154 0.003125 0.5666666658653846 0.003125 0.7 0.08124999999999999 0.6875 0.08124999999999999 0.6625000000000001 0.065625 0.6041666658653846 0.065625 0.5916666658653846 0.084375 0.5916666658653846 0.078125 0.5541666658653847 0.078125 0.5416666658653846 0.084375 0.5333333341346154 0.14375 0.5333333341346154 0.14375 0.4666666658653846 0.128125 0.4541666658653846 0.078125 0.4541666658653846 0.078125 0.44999999999999996 0.053125000000000006 0.44999999999999996 0.0375 0.4416666658653846
3 0.1 0.3375 0.1 0.3458333341346154 0.103125 0.3583333341346154 0.10625000000000001 0.44999999999999996 0.128125 0.4541666658653846 0.14375 0.4666666658653846 0.153125 0.45833333413461536 0.15 0.3916666658653846 0.15 0.3666666658653846 0.153125 0.3416666658653846 0.15 0.33333333413461536 0.15 0.275 0.15 0.2625 0.153125 0.1375 0.13125 0.10416666586538462 0.13125 0.08333333413461538 0.134375 0.075 0.1375 0.08333333413461538 0.140625 0.07916666586538461 0.140625 0.06666666586538461 0.1375 0.06666666586538461 0.1375 0.05833333413461539 0.128125 0.05833333413461539 0.128125 0.05 0.125 0.05 0.125 0.05833333413461539 0.11875 0.05833333413461539 0.115625 0.05 0.109375 0.0625 0.109375 0.07916666586538461 0.11249999999999999 0.08333333413461538 0.11875 0.08333333413461538 0.11875 0.09583333413461538 0.12187500000000001 0.16249999999999998 0.115625 0.16249999999999998 0.11249999999999999 0.1916666658653846 0.103125 0.22916666586538462 0.1 0.3375
243 0.1 0.3375 0.059375 0.3416666658653846 0.078125 0.3583333341346154 0.078125 0.39583333413461536 0.078125 0.4541666658653846 0.10625000000000001 0.4541666658653846 0.103125 0.3583333341346154 0.1 0.3416666658653846 0.1 0.3375
243 0.059375 0.3375 0.04375 0.3416666658653846 0.04375 0.3458333341346154 0.040624999999999994 0.3416666658653846 0.03125 0.3416666658653846 0.03125 0.4333333341346154 0.0375 0.4416666658653846 0.053125000000000006 0.44999999999999996 0.078125 0.44999999999999996 0.078125 0.3583333341346154 0.059375 0.3375
897 0.246875 0.5625 0.221875 0.4625 0.22499999999999998 0.4208333341346154 0.203125 0.4125 0.1875 0.42500000000000004 0.190625 0.45833333413461536 0.17812499999999998 0.4666666658653846 0.184375 0.5333333341346154 0.190625 0.5416666658653846 0.215625 0.5833333341346154 0.296875 0.5791666658653847 0.296875 0.5625 0.246875 0.5625
1270 0.45625000000000004 0.5208333341346154 0.45625000000000004 0.5416666658653846 0.484375 0.5541666658653847 0.5125 0.55 0.5125 0.5416666658653846 0.528125 0.5375 0.528125 0.5 0.515625 0.4916666658653846 0.503125 0.4833333341346154 0.5 0.4958333341346154 0.484375 0.4958333341346154 0.48124999999999996 0.5 0.46562499999999996 0.5041666658653846 0.46562499999999996 0.5208333341346154 0.45625000000000004 0.5208333341346154
1708 0.37812500000000004 0.5541666658653847 0.4 0.5666666658653846 0.4 0.5708333341346153 0.42500000000000004 0.5666666658653846 0.51875 0.5666666658653846 0.521875 0.5708333341346153 0.534375 0.5666666658653846 0.534375 0.5416666658653846 0.546875 0.5416666658653846 0.546875 0.5291666658653846 0.528125 0.5166666658653847 0.528125 0.5 0.503125 0.4833333341346154 0.5 0.4958333341346154 0.453125 0.4958333341346154 0.453125 0.525 0.37812500000000004 0.5333333341346154 0.37812500000000004 0.5541666658653847
828 0.003125 0.16249999999999998 0.003125 0.2375 0.0375 0.2416666658653846 0.040624999999999994 0.16249999999999998 0.003125 0.16249999999999998