341 0.8392857139423077 0.42857142788461544 0.8705357139423077 0.4305555552884615 0.8839285721153847 0.41071428605769233 0.8809523798076923 0.39880952403846154 0.8705357139423077 0.3928571418269231 0.8482142860576923 0.3829365072115385 0.830357141826923 0.3829365072115385 0.8110119038461538 0.3829365072115385 0.8005952379807693 0.3928571418269231 0.799107141826923 0.40873015865384615 0.8214285721153847 0.42658730048076926 0.8392857139423077 0.42857142788461544
1116 0.6860119038461538 0.07142857211538461 0.6845238100961539 0.14682539663461538 0.7886904759615384 0.14880952403846154 0.7901785721153847 0.07539682451923077 0.7931547620192307 0.06746031730769231 0.6860119038461538 0.07142857211538461
75 0.9032738100961539 0.15674603125 0.9032738100961539 0.17857142788461539 0.9092261899038461 0.1805555552884615 0.9092261899038461 0.15674603125 0.9151785721153847 0.16071428605769228 0.9107142860576923 0.14682539663461538 0.9002976201923077 0.14285714182692308 0.8988095240384616 0.14880952403846154 0.9032738100961539 0.15674603125
1735 0.9672619038461538 0.4226190480769231 0.9732142860576923 0.3849206346153846 0.9583333341346154 0.3789682548076923 0.9627976201923077 0.3075396826923077 0.9479166658653846 0.3055555552884615 0.9389880961538462 0.3769841274038462 0.9151785721153847 0.3809523798076923 0.9002976201923077 0.3928571418269231 0.8913690480769231 0.41269841346153846 0.8779761899038461 0.45833333413461536 0.8809523798076923 0.47420634855769234 0.8958333341346154 0.4940476201923077 0.9181547620192307 0.5019841274038461 0.9538690480769231 0.5039682548076923 0.9494047620192307 0.4880952379807692 0.9598214278846153 0.4503968245192308 0.9672619038461538 0.4226190480769231
345 0.6220238100961539 0 0.6220238100961539 0.033730158653846154 0.7872023798076923 0.033730158653846154 0.7857142860576923 0 0.6220238100961539 0
299 0.6607142860576923 0.17460317548076926 0.6622023798076923 0.16865079326923077 0.6711309519230769 0.16071428605769228 0.6711309519230769 0.1507936514423077 0.6607142860576923 0.14682539663461538 0.6473214278846153 0.14484126923076923 0.6369047620192307 0.14484126923076923 0.6235119038461538 0.14880952403846154 0.625 0.16071428605769228 0.6309523798076923 0.16865079326923077 0.6413690480769231 0.17261904807692308 0.6488095240384616 0.17460317548076926 0.6607142860576923 0.17460317548076926
1942 0.9375 0.15476190384615382 0.9464285721153847 0.17460317548076926 0.96875 0.17658730048076923 0.9910714278846153 0.001984127403846154 0.8660714278846153 0 0.8630952379807693 0.1507936514423077 0.8839285721153847 0.15674603125 0.9122023798076923 0.1646825408653846 0.9270833341346154 0.1646825408653846 0.9330357139423077 0.15674603125 0.9375 0.15476190384615382
1027 0.6220238100961539 0.05555555528846154 0.7232142860576923 0.05357142788461538 0.7291666658653846 0.04166666586538462 0.7306547620192307 0.03571428605769231 0.6220238100961539 0.03571428605769231 0.6220238100961539 0.05555555528846154
1670 1 0.32936507932692305 0.9985119038461538 0.3273809519230769 0.9732142860576923 0.3134920625 0.7351190480769231 0.3948412692307692 0.7291666658653846 0.41269841346153846 0.7291666658653846 0.41865079326923077 0.7291666658653846 0.5039682548076923 1 0.5039682548076923 1 0.32936507932692305
531 1 0.1940604206730769 0.955357141826923 0.1825396826923077 0.7544642860576923 0.125 0.6220238100961539 0.14087301682692308 0.6205357139423077 0.1825396826923077 0.7202380961538462 0.16865079326923077 1 0.2757936514423077 1 0.1940604206730769
347 1 0.27919056009615384 0.7172619038461538 0.17063492067307692 0.6220238100961539 0.1865079375 0.6220238100961539 0.42063492067307695 0.7172619038461538 0.39087301682692305 0.7351190480769231 0.40079365144230766 1 0.30158730048076926 1 0.27919056009615384
1564 0.9568452379807693 0.19841269951923077 0.8511904759615384 0.1646825408653846 0.7901785721153847 0.1865079375 0.9419642860576923 0.2400793653846154 0.950892858173077 0.23809523798076923 0.955357141826923 0.22619047596153846 0.9627976201923077 0.21428571394230772 0.9568452379807693 0.19841269951923077
1152 0.6309523798076923 0.1289682548076923 0.6309523798076923 0.12301587259615385 0.6294642860576923 0.10317460336538462 0.6220238100961539 0.10317460336538462 0.6205357139423077 0.13293650721153846 0.6309523798076923 0.1289682548076923
988 0.9627976201923077 0.33730158653846154 0.9642857139423077 0.3174603173076923 0.9627976201923077 0.30158730048076926 0.9449404759615384 0.30158730048076926 0.9404761899038461 0.3789682548076923 0.9211309519230769 0.3829365072115385 0.9047619038461538 0.3849206346153846 0.8988095240384616 0.39880952403846154 0.8913690480769231 0.41269841346153846 0.8854166658653846 0.4345238100961539 0.8809523798076923 0.44841269951923074 0.8854166658653846 0.46825396875 0.9002976201923077 0.4880952379807692 0.9315476201923077 0.5059523798076924 0.955357141826923 0.5039682548076923 0.9523809519230769 0.4920634927884615 0.9523809519230769 0.47222222115384616 0.9568452379807693 0.45436507932692305 0.9672619038461538 0.41865079326923077 0.9717261899038461 0.39880952403846154 0.9761904759615384 0.3849206346153846 0.9613095240384616 0.3769841274038462 0.9627976201923077 0.33730158653846154
1670 1 0.3273809519230769 0.9717261899038461 0.3115079375 0.7395833341346154 0.3928571418269231 0.736607141826923 0.41269841346153846 0.8407738100961539 0.5019841274038461 0.9166666658653846 0.5019841274038461 0.9032738100961539 0.4940476201923077 0.8854166658653846 0.48412698317307695 0.8809523798076923 0.47420634855769234 0.8794642860576923 0.45436507932692305 0.8809523798076923 0.4384920625 0.8869047620192307 0.42063492067307695 0.8943452379807693 0.40476190384615385 0.9002976201923077 0.39087301682692305 0.9136904759615384 0.3809523798076923 0.9330357139423077 0.3769841274038462 0.96875 0.3710317451923077 0.9851190480769231 0.3769841274038462 1 0.38419913461538463 1 0.3273809519230769
1199 0.7351190480769231 0.41865079326923077 0.7291666658653846 0.5039682548076923 0.8348214278846153 0.5019841274038461 0.7351190480769231 0.41865079326923077
564 0.9950148798076923 0 0.9851190480769231 0.03769841346153846 0.9732142860576923 0.16666666586538462 0.9747023798076923 0.17857142788461539 0.9985119038461538 0.1825396826923077 1 0.09027777884615386 1 0 0.9950148798076923 0
564 0.8556547620192307 0.15277777884615384 0.8630952379807693 0.14087301682692308 0.861607141826923 0.001984127403846154 0.7916666658653846 0 0.7857142860576923 0.14087301682692308 0.794642858173077 0.14484126923076923 0.8139880961538462 0.14087301682692308 0.8333333341346154 0.13690476201923077 0.8467261899038461 0.13888888942307692 0.8556547620192307 0.15277777884615384
1565 0.9389880961538462 0.1825396826923077 0.9285714278846153 0.17857142788461539 0.9166666658653846 0.17658730048076923 0.9136904759615384 0.19047618990384615 0.9568452379807693 0.20436507932692308 0.9538690480769231 0.1944444447115385 0.9464285721153847 0.19047618990384615 0.9479166658653846 0.1805555552884615 0.9434523798076923 0.16071428605769228 0.9270833341346154 0.15674603125 0.9315476201923077 0.17261904807692308 0.9389880961538462 0.1825396826923077
1152 0.8452380961538462 0.16666666586538462 0.8422619038461538 0.15277777884615384 0.8467261899038461 0.14682539663461538 0.8392857139423077 0.14484126923076923 0.8288690480769231 0.14285714182692308 0.8199404759615384 0.14087301682692308 0.8154761899038461 0.17063492067307692 0.825892858173077 0.17261904807692308 0.8363095240384616 0.17460317548076926 0.8452380961538462 0.16666666586538462
299 0.8095238100961539 0.16269841346153846 0.8154761899038461 0.16269841346153846 0.8125 0.14880952403846154 0.7723214278846153 0.14880952403846154 0.7752976201923077 0.15873015865384615 0.7916666658653846 0.1646825408653846 0.8095238100961539 0.16269841346153846
633 0.8095238100961539 0.17658730048076923 0.8005952379807693 0.1646825408653846 0.7901785721153847 0.15277777884615384 0.7619047620192307 0.1507936514423077 0.7663690480769231 0.16666666586538462 0.7708333341346154 0.17658730048076923 0.7931547620192307 0.17857142788461539 0.8095238100961539 0.17658730048076923
631 1 0.20317460336538462 0.9940476201923077 0.19047618990384615 0.9836309519230769 0.1805555552884615 0.9613095240384616 0.1924603173076923 0.9627976201923077 0.22222222115384616 0.9672619038461538 0.22817460336538462 0.9479166658653846 0.23214285817307692 0.9613095240384616 0.2400793653846154 0.9791666658653846 0.24801587259615385 0.9970238100961539 0.2539682548076923 1 0.22222222115384616 1 0.20317460336538462
792 0.6205357139423077 0.5059523798076924 0.7247023798076923 0.5059523798076924 0.7306547620192307 0.41071428605769233 0.7172619038461538 0.39880952403846154 0.6220238100961539 0.42658730048076926 0.6205357139423077 0.5059523798076924