341 0.17857142788461539 0.42658730048076926 0.20089285817307692 0.40873015865384615 0.19940476201923077 0.3928571418269231 0.18898809615384618 0.3829365072115385 0.16964285817307692 0.3829365072115385 0.1517857139423077 0.3829365072115385 0.1294642860576923 0.3928571418269231 0.11904762019230769 0.39880952403846154 0.11607142788461539 0.41071428605769233 0.1294642860576923 0.4305555552884615 0.16071428605769228 0.42857142788461544 0.17857142788461539 0.42658730048076926
1116 0.20684523798076923 0.06746031730769231 0.20982142788461539 0.07539682451923077 0.21130952403846154 0.14880952403846154 0.3154761899038461 0.14682539663461538 0.31398809615384615 0.07142857211538461 0.20684523798076923 0.06746031730769231
75 0.10119047596153846 0.14880952403846154 0.09970237980769231 0.14285714182692308 0.08928571394230769 0.14682539663461538 0.08482142788461539 0.16071428605769228 0.09077381009615385 0.15674603125 0.09077381009615385 0.1805555552884615 0.09672618990384615 0.17857142788461539 0.09672618990384615 0.15674603125 0.10119047596153846 0.14880952403846154
1735 0.04017857211538462 0.4503968245192308 0.05059523798076923 0.4880952379807692 0.046130951923076924 0.5039682548076923 0.08184523798076923 0.5019841274038461 0.10416666586538462 0.4940476201923077 0.11904762019230769 0.47420634855769234 0.12202381009615385 0.45833333413461536 0.10863095192307691 0.41269841346153846 0.09970237980769231 0.3928571418269231 0.08482142788461539 0.3809523798076923 0.06101190384615385 0.3769841274038462 0.05208333413461538 0.3055555552884615 0.03720237980769231 0.3075396826923077 0.04166666586538462 0.3789682548076923 0.02678571394230769 0.3849206346153846 0.03273809615384615 0.4226190480769231 0.04017857211538462 0.4503968245192308
345 0.21428571394230772 0 0.2127976201923077 0.033730158653846154 0.3779761899038461 0.033730158653846154 0.3779761899038461 0 0.21428571394230772 0
299 0.35119047596153846 0.17460317548076926 0.3586309519230769 0.17261904807692308 0.3690476201923077 0.16865079326923077 0.375 0.16071428605769228 0.37648809615384615 0.14880952403846154 0.3630952379807692 0.14484126923076923 0.35267857211538456 0.14484126923076923 0.33928571394230767 0.14682539663461538 0.3288690480769231 0.1507936514423077 0.3288690480769231 0.16071428605769228 0.3377976201923077 0.16865079326923077 0.33928571394230767 0.17460317548076926 0.35119047596153846 0.17460317548076926
1942 0.06696428605769231 0.15674603125 0.07291666586538462 0.1646825408653846 0.08779762019230769 0.1646825408653846 0.11607142788461539 0.15674603125 0.13690476201923077 0.1507936514423077 0.13392857211538461 0 0.008928572115384616 0.001984127403846154 0.03125 0.17658730048076923 0.05357142788461538 0.17460317548076926 0.0625 0.15476190384615382 0.06696428605769231 0.15674603125
1027 0.3779761899038461 0.03571428605769231 0.2693452379807692 0.03571428605769231 0.2708333341346154 0.04166666586538462 0.2767857139423077 0.05357142788461538 0.3779761899038461 0.05555555528846154 0.3779761899038461 0.03571428605769231
1670 0 0.5039682548076923 0.2708333341346154 0.5039682548076923 0.2708333341346154 0.41865079326923077 0.2708333341346154 0.41269841346153846 0.2648809519230769 0.3948412692307692 0.02678571394230769 0.3134920625 0.0014880961538461539 0.3273809519230769 0 0.32936507932692305 0 0.5039682548076923
531 0 0.2757936514423077 0.27976190384615385 0.16865079326923077 0.37946428605769233 0.1825396826923077 0.3779761899038461 0.14087301682692308 0.24553571394230772 0.125 0.04464285817307692 0.1825396826923077 0 0.1940604206730769 0 0.2757936514423077
347 0 0.30158730048076926 0.2648809519230769 0.40079365144230766 0.28273809615384615 0.39087301682692305 0.3779761899038461 0.42063492067307695 0.3779761899038461 0.1865079375 0.28273809615384615 0.17063492067307692 0 0.27919056009615384 0 0.30158730048076926
1564 0.03720237980769231 0.21428571394230772 0.04464285817307692 0.22619047596153846 0.04910714182692308 0.23809523798076923 0.05803571394230769 0.2400793653846154 0.20982142788461539 0.1865079375 0.14880952403846154 0.1646825408653846 0.04315476201923077 0.19841269951923077 0.03720237980769231 0.21428571394230772
1152 0.37946428605769233 0.13293650721153846 0.3779761899038461 0.10317460336538462 0.37053571394230767 0.10317460336538462 0.3690476201923077 0.12301587259615385 0.3690476201923077 0.1289682548076923 0.37946428605769233 0.13293650721153846
988 0.038690475961538455 0.3769841274038462 0.023809524038461538 0.3849206346153846 0.02827381009615385 0.39880952403846154 0.03273809615384615 0.41865079326923077 0.04315476201923077 0.45436507932692305 0.047619048076923076 0.47222222115384616 0.047619048076923076 0.4920634927884615 0.04464285817307692 0.5039682548076923 0.06845237980769231 0.5059523798076924 0.09970237980769231 0.4880952379807692 0.11458333413461538 0.46825396875 0.11904762019230769 0.44841269951923074 0.11458333413461538 0.4345238100961539 0.10863095192307691 0.41269841346153846 0.10119047596153846 0.39880952403846154 0.09523809615384615 0.3849206346153846 0.07886904807692309 0.3829365072115385 0.059523810096153845 0.3789682548076923 0.055059524038461545 0.30158730048076926 0.03720237980769231 0.30158730048076926 0.03571428605769231 0.3174603173076923 0.03720237980769231 0.33730158653846154 0.038690475961538455 0.3769841274038462
1670 0 0.38419913461538463 0.014880951923076924 0.3769841274038462 0.03125 0.3710317451923077 0.06696428605769231 0.3769841274038462 0.08630952403846154 0.3809523798076923 0.09970237980769231 0.39087301682692305 0.10565476201923077 0.40476190384615385 0.11309523798076923 0.42063492067307695 0.11904762019230769 0.4384920625 0.12053571394230769 0.45436507932692305 0.11904762019230769 0.47420634855769234 0.11458333413461538 0.48412698317307695 0.09672618990384615 0.4940476201923077 0.08333333413461538 0.5019841274038461 0.15922618990384615 0.5019841274038461 0.2633928581730769 0.41269841346153846 0.2604166658653846 0.3928571418269231 0.02827381009615385 0.3115079375 0 0.3273809519230769 0 0.38419913461538463
1199 0.16517857211538461 0.5019841274038461 0.2708333341346154 0.5039682548076923 0.2648809519230769 0.41865079326923077 0.16517857211538461 0.5019841274038461
564 0 0 0 0.09027777884615386 0.0014880961538461539 0.1825396826923077 0.02529762019230769 0.17857142788461539 0.02678571394230769 0.16666666586538462 0.014880951923076924 0.03769841346153846 0.004985120192307692 0 0 0
564 0.15327381009615385 0.13888888942307692 0.16666666586538462 0.13690476201923077 0.18601190384615382 0.14087301682692308 0.20535714182692308 0.14484126923076923 0.21428571394230772 0.14087301682692308 0.20833333413461538 0 0.13839285817307692 0.001984127403846154 0.13690476201923077 0.14087301682692308 0.14434523798076923 0.15277777884615384 0.15327381009615385 0.13888888942307692
1565 0.06845237980769231 0.17261904807692308 0.07291666586538462 0.15674603125 0.0565476201923077 0.16071428605769228 0.05208333413461538 0.1805555552884615 0.05357142788461538 0.19047618990384615 0.046130951923076924 0.1944444447115385 0.04315476201923077 0.20436507932692308 0.08630952403846154 0.19047618990384615 0.08333333413461538 0.17658730048076923 0.07142857211538461 0.17857142788461539 0.06101190384615385 0.1825396826923077 0.06845237980769231 0.17261904807692308
1152 0.16369047596153846 0.17460317548076926 0.17410714182692308 0.17261904807692308 0.18452381009615385 0.17063492067307692 0.18005952403846154 0.14087301682692308 0.17113095192307692 0.14285714182692308 0.16071428605769228 0.14484126923076923 0.15327381009615385 0.14682539663461538 0.15773809615384618 0.15277777884615384 0.15476190384615382 0.16666666586538462 0.16369047596153846 0.17460317548076926
299 0.20833333413461538 0.1646825408653846 0.2247023798076923 0.15873015865384615 0.22767857211538461 0.14880952403846154 0.1875 0.14880952403846154 0.18452381009615385 0.16269841346153846 0.19047618990384615 0.16269841346153846 0.20833333413461538 0.1646825408653846
633 0.20684523798076923 0.17857142788461539 0.22916666586538462 0.17658730048076923 0.23363095192307692 0.16666666586538462 0.23809523798076923 0.1507936514423077 0.20982142788461539 0.15277777884615384 0.19940476201923077 0.1646825408653846 0.19047618990384615 0.17658730048076923 0.20684523798076923 0.17857142788461539
631 0 0.22222222115384616 0.002976189903846154 0.2539682548076923 0.020833334134615387 0.24801587259615385 0.038690475961538455 0.2400793653846154 0.05208333413461538 0.23214285817307692 0.03273809615384615 0.22817460336538462 0.03720237980769231 0.22222222115384616 0.038690475961538455 0.1924603173076923 0.016369048076923076 0.1805555552884615 0.005952379807692308 0.19047618990384615 0 0.20317460336538462 0 0.22222222115384616
792 0.3779761899038461 0.42658730048076926 0.28273809615384615 0.39880952403846154 0.2693452379807692 0.41071428605769233 0.2752976201923077 0.5059523798076924 0.37946428605769233 0.5059523798076924 0.3779761899038461 0.42658730048076926