402 0.2168996730769231 0 0.60546875 0.0703125 0.84375 0.03125 0.9921875 0.0625 0.9921875 0 0.2168996730769231 0
1027 0.609375 0.03515625 0.55859375 0.04296875 0.60546875 0.05859375 0.66796875 0.046875 0.609375 0.03515625
251 0 0.2265625 0.37890625 0.2265625 0.375 0.07421875 0.00390625 0.0390625 0 0.1328125 0 0.2265625
1708 0.97265625 0.8046875 0.9921875 0.78515625 0.99609375 0.6796875 0.66015625 0.6171875 0.48828125 0.6875 0.484375 0.7109375 0.8984375 0.81640625 0.90625 0.98828125 0.92578125 0.98828125 0.92578125 0.82421875 0.94140625 0.8203125 0.97265625 0.8046875
417 0.734375 0.8984375 0.7734375 0.91015625 0.7734375 0.99609375 0.80078125 0.9921875 0.81640625 0.90625 0.83984375 0.90234375 0.859375 0.9921875 0.8671875 0.98828125 0.8671875 0.8671875 0.77734375 0.8359375 0.7734375 0.82421875 0.7734375 0.7890625 0.74609375 0.77734375 0.68359375 0.76171875 0.66015625 0.77734375 0.66796875 0.8125 0.671875 0.859375 0.65625 0.87890625 0.65234375 0.8984375 0.65234375 0.93359375 0.63671875 0.98828125 0.65234375 0.99609375 0.6875 0.88671875 0.734375 0.8984375
852 0.64453125 0.8046875 0.63671875 0.53515625 0.53125 0.515625 0.37109375 0.55859375 0.390625 0.828125 0.5078125 0.85546875 0.64453125 0.8046875
1714 0.52734375 0.51171875 0.63671875 0.5390625 0.68359375 0.51171875 0.48046875 0.48046875 0.3515625 0.5078125 0.4609375 0.53515625 0.52734375 0.51171875
1711 0.86328125 0.6484375 0.85546875 0.59765625 0.9921875 0.609375 0.9921875 0.54296875 0.9296875 0.5234375 0.81640625 0.58203125 0.84765625 0.58984375 0.84765625 0.64453125 0.86328125 0.6484375
1708 0.3671875 0.5703125 0.1953125 0.53515625 0.015625 0.57421875 0.015625 0.58984375 0.2109375 0.640625 0.2265625 0.79296875 0.2421875 0.79296875 0.2265625 0.640625 0.37109375 0.58984375 0.3671875 0.5703125
417 0.04296875 0.76171875 0.0546875 0.765625 0.078125 0.68359375 0.08203125 0.7265625 0.078125 0.6796875 0.1015625 0.67578125 0.09765625 0.65234375 0.0625 0.65234375 0.05859375 0.625 0.03515625 0.58984375 0.0078125 0.58984375 0.0078125 0.60546875 0.03125 0.6640625 0.01171875 0.73828125 0.0390625 0.66796875 0.05859375 0.66796875 0.04296875 0.76171875
417 0.1640625 0.7109375 0.15234375 0.80859375 0.1640625 0.80859375 0.1796875 0.71484375 0.21484375 0.69921875 0.2265625 0.76953125 0.23828125 0.765625 0.21484375 0.6875 0.15234375 0.671875 0.1484375 0.64453125 0.1328125 0.62109375 0.10546875 0.6171875 0.08203125 0.625 0.09765625 0.65234375 0.09765625 0.6875 0.09765625 0.73046875 0.08984375 0.7890625 0.1015625 0.77734375 0.12109375 0.703125 0.1640625 0.7109375
852 0.921875 0.6484375 0.92578125 0.46484375 0.84375 0.44921875 0.69921875 0.484375 0.69921875 0.6484375 0.81640625 0.67578125 0.921875 0.6484375
852 0 0.67137896875 0.2421875 0.640625 0.22265625 0.39453125 0.1796875 0.37890625 0 0.39037566346153846 0 0.67137896875
1885 0.8515625 0.61328125 0.84375 0.08984375 0.84375 0.03125 0.60546875 0.0703125 0.61328125 0.5859375 0.8515625 0.61328125
1885 0 0 0 0.154296875 0.00390625 0.3125 0 0.48828125 0 0.6635680384615384 0.61328125 0.5859375 0.6015625 0.06640625 0.22526041826923077 0 0 0
1885 0.99609375 0.47265625 0.99609375 0.15234375 0.9921875 0.05859375 0.84375 0.03125 0.85546875 0.61328125 0.99609375 0.47265625
792 0 0.9921875 0.9921875 0.9921875 0.9921875 0.47265625 0.85546875 0.61328125 0.609375 0.5859375 0 0.6635648870192308 0 0.9921875
558 0.8046875 0.3203125 0.80078125 0.16015625 0.765625 0.1640625 0.57421875 0.17578125 0.58203125 0.32421875 0.8046875 0.3203125