402 0.0078125 0 0.0078125 0.0625 0.15625 0.03125 0.39453125 0.0703125 0.783100326923077 0 0.0078125 0
1027 0.33203125 0.046875 0.39453125 0.05859375 0.44140625 0.04296875 0.390625 0.03515625 0.33203125 0.046875
251 1 0.1328125 0.99609375 0.0390625 0.625 0.07421875 0.62109375 0.2265625 1 0.2265625 1 0.1328125
1708 0.05859375 0.8203125 0.07421875 0.82421875 0.07421875 0.98828125 0.09375 0.98828125 0.1015625 0.81640625 0.515625 0.7109375 0.51171875 0.6875 0.33984375 0.6171875 0.00390625 0.6796875 0.0078125 0.78515625 0.02734375 0.8046875 0.05859375 0.8203125
417 0.3125 0.88671875 0.34765625 0.99609375 0.36328125 0.98828125 0.34765625 0.93359375 0.34765625 0.8984375 0.34375 0.87890625 0.328125 0.859375 0.33203125 0.8125 0.33984375 0.77734375 0.31640625 0.76171875 0.25390625 0.77734375 0.2265625 0.7890625 0.2265625 0.82421875 0.22265625 0.8359375 0.1328125 0.8671875 0.1328125 0.98828125 0.140625 0.9921875 0.16015625 0.90234375 0.18359375 0.90625 0.19921875 0.9921875 0.2265625 0.99609375 0.2265625 0.91015625 0.265625 0.8984375 0.3125 0.88671875
852 0.4921875 0.85546875 0.609375 0.828125 0.62890625 0.55859375 0.46875 0.515625 0.36328125 0.53515625 0.35546875 0.8046875 0.4921875 0.85546875
1714 0.5390625 0.53515625 0.6484375 0.5078125 0.51953125 0.48046875 0.31640625 0.51171875 0.36328125 0.5390625 0.47265625 0.51171875 0.5390625 0.53515625
1711 0.15234375 0.64453125 0.15234375 0.58984375 0.18359375 0.58203125 0.0703125 0.5234375 0.0078125 0.54296875 0.0078125 0.609375 0.14453125 0.59765625 0.13671875 0.6484375 0.15234375 0.64453125
1708 0.62890625 0.58984375 0.7734375 0.640625 0.7578125 0.79296875 0.7734375 0.79296875 0.7890625 0.640625 0.984375 0.58984375 0.984375 0.57421875 0.8046875 0.53515625 0.6328125 0.5703125 0.62890625 0.58984375
417 0.94140625 0.66796875 0.9609375 0.66796875 0.98828125 0.73828125 0.96875 0.6640625 0.9921875 0.60546875 0.9921875 0.58984375 0.96484375 0.58984375 0.94140625 0.625 0.9375 0.65234375 0.90234375 0.65234375 0.8984375 0.67578125 0.921875 0.6796875 0.91796875 0.7265625 0.921875 0.68359375 0.9453125 0.765625 0.95703125 0.76171875 0.94140625 0.66796875
417 0.87890625 0.703125 0.8984375 0.77734375 0.91015625 0.7890625 0.90234375 0.73046875 0.90234375 0.6875 0.90234375 0.65234375 0.91796875 0.625 0.89453125 0.6171875 0.8671875 0.62109375 0.8515625 0.64453125 0.84765625 0.671875 0.78515625 0.6875 0.76171875 0.765625 0.7734375 0.76953125 0.78515625 0.69921875 0.8203125 0.71484375 0.8359375 0.80859375 0.84765625 0.80859375 0.8359375 0.7109375 0.87890625 0.703125
852 0.18359375 0.67578125 0.30078125 0.6484375 0.30078125 0.484375 0.15625 0.44921875 0.07421875 0.46484375 0.078125 0.6484375 0.18359375 0.67578125
852 1 0.39037566346153846 0.8203125 0.37890625 0.77734375 0.39453125 0.7578125 0.640625 1 0.67137896875 1 0.39037566346153846
1885 0.38671875 0.5859375 0.39453125 0.0703125 0.15625 0.03125 0.15625 0.08984375 0.1484375 0.61328125 0.38671875 0.5859375
1885 0.7747395817307693 0 0.3984375 0.06640625 0.38671875 0.5859375 1 0.6635680384615384 1 0.48828125 0.99609375 0.3125 1 0.154296875 1 0 0.7747395817307693 0
1885 0.14453125 0.61328125 0.15625 0.03125 0.0078125 0.05859375 0.00390625 0.15234375 0.00390625 0.47265625 0.14453125 0.61328125
792 1 0.6635648870192308 0.390625 0.5859375 0.14453125 0.61328125 0.0078125 0.47265625 0.0078125 0.9921875 1 0.9921875 1 0.6635648870192308
558 0.41796875 0.32421875 0.42578125 0.17578125 0.234375 0.1640625 0.19921875 0.16015625 0.1953125 0.3203125 0.41796875 0.32421875