227 0 0.9921875 0.22265625 0.9921875 0.3828125 0.7734375 0.3828125 0.68359375 0.125 0.68359375 0 0.7252604182692307 0 0.9921875
227 0.9921875 0.67578125 0.890625 0.6796875 0.81640625 0.66796875 0.58984375 0.66796875 0.5859375 0.7578125 0.70703125 0.9921875 0.9921875 0.99609375 0.9921875 0.67578125
1942 0.6875 0.23046875 0.67578125 0.21875 0.6640625 0.21484375 0.65234375 0.22265625 0.640625 0.24609375 0.6328125 0.26953125 0.64453125 0.4375 0.65625 0.4375 0.70703125 0.4375 0.703125 0.2734375 0.703125 0.2578125 0.6875 0.23046875
1942 0.5078125 0.23046875 0.5 0.22265625 0.48828125 0.2109375 0.48046875 0.20703125 0.453125 0.23046875 0.4375 0.24609375 0.4296875 0.26953125 0.4375 0.44921875 0.53515625 0.44921875 0.53125 0.2734375 0.52734375 0.25390625 0.5078125 0.23046875
1942 0.3203125 0.25 0.30859375 0.2265625 0.296875 0.22265625 0.28125 0.23046875 0.265625 0.25 0.265625 0.2734375 0.26171875 0.46484375 0.32421875 0.46484375 0.328125 0.28125 0.328125 0.26953125 0.3203125 0.25
114 0.57421875 0.61328125 0.578125 0.59375 0.41015625 0.59765625 0.40625 0.6171875 0.41796875 0.6171875 0.41796875 0.69140625 0.56640625 0.6875 0.56640625 0.6171875 0.57421875 0.61328125
1403 0.046875 0.5078125 0.05078125 0.625 0.10546875 0.625 0.17578125 0.6171875 0.1796875 0.52734375 0.171875 0.51171875 0.09765625 0.51171875 0.046875 0.5078125
1885 0.29453125 0 0.26953125 0.015625 0.23046875 0.0625 0.20703125 0.125 0.18359375 0.1953125 0.17578125 0.3203125 0.1796875 0.6875 0.8125 0.671875 0.796875 0.2265625 0.79296875 0.15234375 0.76171875 0.05078125 0.736328125 0 0.29453125 0
1885 0.7365056826923078 0 0.7578125 0.0390625 0.7734375 0.09375 0.79296875 0.140625 0.79296875 0.16015625 0.8125 0.67578125 0.9921875 0.6953125 0.9883030745192307 0 0.7365056826923078 0
1885 0 0 0 0.7371773076923076 0.17578125 0.6875 0.1796875 0.1953125 0.18359375 0.18359375 0.1953125 0.15234375 0.20703125 0.1171875 0.2265625 0.0625 0.23828125 0.046875 0.26953125 0.01171875 0.287109375 0 0 0
1942 0.8235677067307693 0 0.8203125 0.01953125 0.8203125 0.04296875 0.82421875 0.15234375 0.85546875 0.11328125 0.8515625 0.03515625 0.84375 0.015625 0.828125 0 0.8235677067307693 0
1942 0.109375 0.0078125 0.09375 0.0234375 0.08984375 0.046875 0.08203125 0.07421875 0.078125 0.13671875 0.1171875 0.1796875 0.1171875 0.10546875 0.1171875 0.03515625 0.109375 0.0078125
792 0 0.9883124999999999 0.484375 0.9921875 0.9921875 0.9921875 0.98828125 0.69140625 0.8125 0.66796875 0.17578125 0.6875 0.00390625 0.7421875 0 0.865234375 0 0.9883124999999999
1656 0.38671875 0.7578125 0.41015625 0.7578125 0.5859375 0.76171875 0.5859375 0.69140625 0.38671875 0.69140625 0.38671875 0.7578125