826 0.86 0.9311111105769231 0.8966666658653846 0.9622222211538461 0.9016666658653846 0.9777777788461539 0.9358333341346154 0.98 0.9450000000000001 0.971111110576923 0.9299999999999999 0.9644444447115385 0.9225 0.9555555552884616 0.9125000000000001 0.9444444447115384 0.8941666658653846 0.9311111105769231 0.8783333341346153 0.9211111105769232 0.86 0.9311111105769231
417 0.7474999999999999 0.6644444447115384 0.7758333341346154 0.9255555552884616 0.92 0.891111110576923 0.9116666658653846 0.8377777788461539 0.8966666658653846 0.7044444447115384 0.8825000000000001 0.6433333341346154 0.8708333341346154 0.6144444447115385 0.8441666658653847 0.6022222211538462 0.8225 0.601111110576923 0.8 0.6022222211538462 0.7775 0.6244444447115385 0.765 0.6488888894230769 0.7525000000000001 0.6555555552884615 0.7474999999999999 0.6644444447115384
1157 0.9149999999999999 0.8766666658653846 0.9349999999999999 0.8955555552884615 0.9691666658653847 0.9211111105769232 0.9983333341346154 0.9244444447115385 1 0.8988888894230769 0.9741666658653846 0.8788888894230769 0.9675 0.8511111105769231 0.9383333341346154 0.8488888894230769 0.9158333341346154 0.8511111105769231 0.9149999999999999 0.8766666658653846
988 0.18666666586538463 0.48777777884615386 0.1833333341346154 0.49666666586538466 0.18166666586538463 0.5188888894230769 0.2208333341346154 0.5177777788461538 0.2258333341346154 0.508888889423077 0.23583333413461538 0.4977777788461539 0.23583333413461538 0.4855555552884615 0.2308333341346154 0.4944444447115384 0.22333333413461537 0.49666666586538466 0.2191666658653846 0.4811111105769231 0.21416666586538463 0.45777777884615384 0.195 0.4566666658653846 0.18833333413461537 0.4633333341346154 0.18666666586538463 0.48777777884615386
1314 0.3241666658653846 0.3666666658653846 0.28166666586538464 0.37 0.2833333341346154 0.42555555528846156 0.3258333341346154 0.4222222211538461 0.3241666658653846 0.3666666658653846
988 0.2075 0.3722222211538462 0.2075 0.43 0.2541666658653846 0.42777777884615387 0.2525 0.37 0.2075 0.3722222211538462
988 0.13 0.3744444447115385 0.1283333341346154 0.4322222211538461 0.18166666586538463 0.4311111105769231 0.1808333341346154 0.3755555552884615 0.13 0.3744444447115385
296 0.5 0.4144444447115384 0.5 0.4333333341346154 0.4983333341346154 0.4855555552884615 0.5241666658653846 0.4866666658653846 0.5241666658653846 0.4322222211538461 0.52 0.4288888894230769 0.52 0.41555555528846155 0.515 0.41555555528846155 0.5133333341346155 0.43 0.5058333341346154 0.43 0.5033333341346153 0.41555555528846155 0.5 0.4144444447115384
296 0.40499999999999997 0.40888888942307694 0.40750000000000003 0.4833333341346154 0.49666666586538466 0.4811111105769231 0.4975 0.40333333413461536 0.40499999999999997 0.40888888942307694
296 0.35416666586538464 0.4833333341346154 0.3708333341346154 0.4922222211538462 0.3983333341346154 0.4833333341346154 0.3983333341346154 0.4433333341346154 0.3941666658653846 0.4366666658653846 0.39333333413461535 0.4144444447115384 0.39 0.4144444447115384 0.3883333341346154 0.4377777788461538 0.3883333341346154 0.4466666658653846 0.3841666658653846 0.4333333341346154 0.3833333341346154 0.4455555552884615 0.3825 0.4588888894230769 0.3766666658653846 0.4322222211538461 0.375 0.4144444447115384 0.37166666586538466 0.41333333413461537 0.37166666586538466 0.4366666658653846 0.365 0.4322222211538461 0.365 0.4466666658653846 0.3616666658653846 0.44222222115384613 0.3591666658653846 0.4488888894230769 0.35416666586538464 0.4833333341346154
1363 0.49666666586538466 0.5311111105769231 0.5133333341346155 0.5433333341346154 0.5591666658653847 0.5411111105769231 0.5733333341346154 0.5266666658653846 0.5566666658653846 0.5155555552884615 0.5516666658653846 0.5077777788461538 0.5391666658653846 0.5022222211538462 0.5258333341346154 0.5055555552884615 0.5108333341346154 0.5133333341346155 0.4933333341346154 0.52 0.49666666586538466 0.5311111105769231
1369 0.3275 0.5622222211538461 0.3775 0.56 0.4125 0.5511111105769231 0.42500000000000004 0.5322222211538462 0.42 0.5277777788461538 0.40583333413461536 0.5133333341346155 0.36 0.501111110576923 0.3125 0.5166666658653847 0.3 0.5344444447115385 0.3033333341346154 0.5488888894230769 0.3275 0.5622222211538461
1362 0.46166666586538463 0.5488888894230769 0.47333333413461537 0.5533333341346154 0.49 0.5533333341346154 0.5083333341346153 0.5466666658653846 0.505 0.5388888894230769 0.49666666586538466 0.5388888894230769 0.47916666586538464 0.5388888894230769 0.4608333341346154 0.5433333341346154 0.46166666586538463 0.5488888894230769
417 0.6816666658653846 0.6122222211538462 0.6816666658653846 0.5833333341346154 0.6808333341346154 0.5577777788461539 0.655 0.5355555552884615 0.6425 0.53 0.6191666658653846 0.5399999999999999 0.6033333341346154 0.5577777788461539 0.5883333341346154 0.5977777788461538 0.5866666658653846 0.64 0.5625 0.64 0.5491666658653845 0.6322222211538461 0.5408333341346154 0.6211111105769231 0.5258333341346154 0.618888889423077 0.5283333341346154 0.63 0.5341666658653846 0.6422222211538462 0.5291666658653846 0.6833333341346154 0.5375 0.6933333341346154 0.5358333341346154 0.84 0.535 0.8544444447115385 0.5375 0.9444444447115384 0.5458333341346153 0.9466666658653846 0.5441666658653846 0.8622222211538462 0.5891666658653846 0.9033333341346155 0.5850000000000001 0.9966666658653847 0.595 0.9955555552884616 0.5941666658653847 0.9044444447115385 0.6425 0.8944444447115385 0.6408333341346153 0.9222222211538462 0.6491666658653846 0.92 0.6508333341346154 0.8922222211538462 0.6775 0.8855555552884616 0.6833333341346154 0.9466666658653846 0.6908333341346153 0.9433333341346154 0.6791666658653847 0.8188888894230769 0.6733333341346154 0.7055555552884616 0.6733333341346154 0.6755555552884616 0.6725 0.66 0.6816666658653846 0.6355555552884616 0.6925 0.63 0.6883333341346154 0.62 0.6816666658653846 0.6122222211538462
417 0.4808333341346154 0.9255555552884616 0.485 0.9944444447115385 0.4916666658653846 0.9977777788461538 0.4883333341346154 0.9188888894230769 0.48166666586538465 0.8200000000000001 0.47833333413461543 0.7477777788461538 0.4833333341346154 0.7477777788461538 0.4883333341346154 0.7322222211538462 0.4933333341346154 0.7166666658653846 0.4925 0.6900000000000001 0.49 0.6666666658653846 0.4983333341346154 0.6577777788461538 0.505 0.6488888894230769 0.5 0.6377777788461538 0.4933333341346154 0.6233333341346154 0.4866666658653846 0.618888889423077 0.48000000000000004 0.59 0.46416666586538463 0.5633333341346154 0.4475 0.5522222211538461 0.4291666658653846 0.5511111105769231 0.41000000000000003 0.5577777788461539 0.39499999999999996 0.5733333341346154 0.385 0.5877777788461539 0.3725 0.62 0.3725 0.6511111105769231 0.3733333341346154 0.6666666658653846 0.3575 0.6644444447115384 0.34416666586538464 0.6533333341346155 0.3383333341346154 0.641111110576923 0.33249999999999996 0.6433333341346154 0.3383333341346154 0.6577777788461538 0.33999999999999997 0.6811111105769231 0.3358333341346154 0.6988888894230769 0.34083333413461536 0.7133333341346154 0.34416666586538464 0.7166666658653846 0.3491666658653846 0.7388888894230768 0.34750000000000003 0.7955555552884616 0.3491666658653846 0.83 0.3491666658653846 0.8766666658653846 0.3491666658653846 0.9233333341346154 0.35083333413461537 0.9822222211538462 0.3583333341346154 0.978888889423077 0.35666666586538465 0.9033333341346155 0.3758333341346154 0.9400000000000001 0.3733333341346154 0.9955555552884616 0.3816666658653846 0.9933333341346154 0.3833333341346154 0.938888889423077 0.47333333413461537 0.9266666658653846 0.47000000000000003 0.9622222211538461 0.4766666658653846 0.9644444447115385 0.47583333413461537 0.9311111105769231 0.4808333341346154 0.9255555552884616
299 0.2716666658653846 0.16888888942307692 0.28083333413461536 0.19555555528846155 0.3066666658653846 0.19555555528846155 0.31583333413461534 0.16555555528846153 0.2716666658653846 0.16888888942307692
299 0.1533333341346154 0.17888888942307693 0.16 0.19666666586538462 0.2075 0.1944444447115385 0.21416666586538463 0.18111111057692308 0.1533333341346154 0.17888888942307693
119 0.865 0.4944444447115384 0.8724999999999999 0.508888889423077 0.8841666658653846 0.508888889423077 0.895 0.5155555552884615 0.9008333341346154 0.5033333341346153 0.8983333341346154 0.4944444447115384 0.88 0.49 0.87 0.48777777884615386 0.865 0.4944444447115384
1382 0.2275 0.4566666658653846 0.2341666658653846 0.51 0.27416666586538463 0.5044444447115385 0.2758333341346154 0.4533333341346154 0.2866666658653846 0.4522222211538462 0.28166666586538464 0.4444444447115385 0.2675 0.4455555552884615 0.23916666586538463 0.4388888894230769 0.2225 0.44111111057692304 0.2191666658653846 0.4522222211538462 0.2275 0.4566666658653846
299 0.045 0.511111110576923 0.025 0.5177777788461538 0.0375 0.5311111105769231 0.05166666586538461 0.5311111105769231 0.06333333413461538 0.5133333341346155 0.045 0.511111110576923
1362 0.04166666586538462 0.4433333341346154 0.0225 0.4566666658653846 0.0175 0.48888888942307696 0.03416666586538462 0.5166666658653847 0.075 0.5055555552884615 0.07916666586538461 0.4611111105769231 0.0625 0.4466666658653846 0.04166666586538462 0.4433333341346154
988 0.7358333341346154 0.44999999999999996 0.7458333341346154 0.47222222115384616 0.7625 0.47222222115384616 0.7658333341346153 0.46888888942307694 0.7733333341346154 0.4611111105769231 0.7775 0.45444444471153844 0.7733333341346154 0.44222222115384613 0.77 0.4455555552884615 0.765 0.44111111057692304 0.7583333341346153 0.4344444447115385 0.7591666658653846 0.43 0.7541666658653846 0.4288888894230769 0.7491666658653846 0.4344444447115385 0.74 0.4433333341346154 0.7375 0.4388888894230769 0.7308333341346154 0.44 0.7358333341346154 0.44999999999999996
973 0.7716666658653846 0.42444444471153847 0.7758333341346154 0.4344444447115385 0.7825 0.4677777788461538 0.8025 0.46444444471153845 0.8099999999999999 0.44111111057692304 0.8116666658653846 0.4222222211538461 0.8083333341346154 0.42 0.8016666658653846 0.41333333413461537 0.7808333341346153 0.41555555528846155 0.7791666658653846 0.4233333341346154 0.7741666658653846 0.41777777884615386 0.7716666658653846 0.42444444471153847
1865 0.8475 0.3522222211538461 0.8516666658653846 0.3644444447115385 0.845 0.40777777884615385 0.8683333341346154 0.4055555552884615 0.8691666658653846 0.38 0.8791666658653846 0.3666666658653846 0.8708333341346154 0.35777777884615386 0.8858333341346154 0.34333333413461536 0.88 0.32555555528846153 0.8883333341346155 0.30888888942307696 0.8841666658653846 0.28444444471153846 0.8758333341346154 0.2711111105769231 0.8666666658653847 0.27666666586538463 0.86 0.2633333341346154 0.8575 0.2566666658653846 0.8391666658653846 0.26111111057692304 0.8333333341346154 0.27777777884615384 0.83 0.2711111105769231 0.8233333341346154 0.27777777884615384 0.8175 0.2866666658653846 0.8175 0.31444444471153843 0.8133333341346154 0.33333333413461536 0.8325 0.33999999999999997 0.8333333341346154 0.35111111057692307 0.8425 0.34555555528846155 0.8475 0.3522222211538461
1314 0.6075 0.38 0.605 0.3977777788461539 0.625 0.3977777788461539 0.6241666658653846 0.3811111105769231 0.6075 0.38
1314 0.6383333341346155 0.1944444447115385 0.6 0.1911111105769231 0.5991666658653846 0.27444444471153845 0.6333333341346153 0.27333333413461536 0.64 0.27222222115384614 0.6383333341346155 0.1944444447115385
1632 0.6316666658653846 0.32333333413461535 0.6333333341346153 0.34111111057692306 0.6425 0.34555555528846155 0.6575 0.35 0.6558333341346153 0.31 0.6358333341346154 0.3122222211538462 0.6316666658653846 0.32333333413461535
1520 0.5966666658653846 0.45444444471153844 0.6666666658653846 0.4455555552884615 0.6616666658653846 0.14555555528846154 0.5941666658653847 0.14333333413461538 0.5716666658653846 0.14666666586538463 0.5875 0.4466666658653846 0.5966666658653846 0.45444444471153844
345 0.0825 0.05111111057692308 0.0025 0.045555555288461544 0.0016666658653846154 0.42555555528846156 0.08166666586538461 0.42 0.0825 0.05111111057692308
1564 0.8316666658653846 0.47444444471153846 0.7808333341346153 0.4855555552884615 0.8116666658653846 0.5 0.8625 0.48777777884615386 0.8316666658653846 0.47444444471153846
757 0.855 0.48222222115384616 0.8575 0.4833333341346154 0.8625 0.47888888942307695 0.8666666658653847 0.46555555528846154 0.8575 0.4611111105769231 0.8575 0.4711111105769231 0.8524999999999999 0.47444444471153846 0.8524999999999999 0.4488888894230769 0.8441666658653847 0.44999999999999996 0.8333333341346154 0.4333333341346154 0.8216666658653846 0.4322222211538461 0.8133333341346154 0.4433333341346154 0.8183333341346154 0.4466666658653846 0.825 0.44 0.8283333341346153 0.4455555552884615 0.8366666658653846 0.45444444471153844 0.8433333341346153 0.4588888894230769 0.8383333341346154 0.46 0.8366666658653846 0.4711111105769231 0.8366666658653846 0.48222222115384616 0.855 0.48222222115384616
1596 0.8150000000000001 0.47444444471153846 0.8266666658653846 0.47000000000000003 0.8333333341346154 0.4633333341346154 0.8233333341346154 0.4611111105769231 0.8150000000000001 0.46555555528846154 0.8150000000000001 0.47444444471153846
1469 0.2416666658653846 0.7855555552884615 0.15 0.8 0.14333333413461538 0.8711111105769231 0.24416666586538463 0.8566666658653846 0.2416666658653846 0.7855555552884615
334 0.11833333413461539 0.15444444471153848 0.1225 0.16444444471153846 0.12333333413461538 0.19222222115384616 0.1508333341346154 0.19222222115384616 0.1558333341346154 0.16555555528846153 0.1558333341346154 0.15222222115384615 0.145 0.13555555528846155 0.1291666658653846 0.13555555528846155 0.11833333413461539 0.15444444471153848
973 0.2616666658653846 0.14777777884615384 0.24916666586538463 0.16111111057692307 0.24916666586538463 0.19555555528846155 0.275 0.1944444447115385 0.27666666586538463 0.16222222115384616 0.2616666658653846 0.14777777884615384
417 0.58 0.4766666658653846 0.5733333341346154 0.4811111105769231 0.5608333341346154 0.5133333341346155 0.6133333341346154 0.511111110576923 0.6275000000000001 0.47000000000000003 0.6183333341346154 0.4633333341346154 0.6033333341346154 0.4677777788461538 0.5991666658653846 0.47333333413461537 0.58 0.4766666658653846
1382 0.3141666658653846 0.15444444471153848 0.3116666658653846 0.19333333413461537 0.3591666658653846 0.19666666586538462 0.3575 0.1566666658653846 0.3141666658653846 0.15444444471153848
1942 0.535 0.14555555528846154 0.5391666658653846 0.40888888942307694 0.5741666658653846 0.40222222115384615 0.5675 0.14666666586538463 0.535 0.14555555528846154
564 0.5608333341346154 0.26444444471153844 0.5866666658653846 0.2577777788461538 0.58 0.20111111057692307 0.5783333341346154 0.15444444471153848 0.5625 0.16111111057692307 0.5491666658653845 0.17888888942307693 0.5358333341346154 0.16888888942307692 0.5358333341346154 0.25 0.5625 0.25 0.5608333341346154 0.26444444471153844
345 0.8033333341346154 0.1333333341346154 0.7441666658653846 0.15222222115384615 0.7533333341346153 0.39333333413461535 0.8133333341346154 0.40111111057692306 0.8033333341346154 0.1333333341346154
1349 0.8266666658653846 0.10222222115384616 0.8316666658653846 0.09777777884615385 0.8150000000000001 0.08777777884615384 0.78 0.06555555528846155 0.7708333341346154 0.06777777884615385 0.7591666658653846 0.08888888942307692 0.7541666658653846 0.10666666586538462 0.7474999999999999 0.1288888894230769 0.7366666658653845 0.16 0.7433333341346154 0.17444444471153847 0.7424999999999999 0.19666666586538462 0.75 0.20444444471153847 0.7616666658653847 0.1833333341346154 0.7616666658653847 0.15444444471153848 0.7591666658653846 0.13555555528846155 0.7708333341346154 0.14333333413461538 0.7958333341346153 0.15555555528846154 0.8083333341346154 0.14777777884615384 0.7916666658653846 0.13555555528846155 0.7783333341346155 0.11777777884615384 0.7933333341346154 0.10222222115384616 0.8083333341346154 0.10666666586538462 0.8266666658653846 0.10222222115384616
291 0.4383333341346154 0.4866666658653846 0.4325 0.4666666658653846 0.4308333341346154 0.46 0.4316666658653846 0.4466666658653846 0.4258333341346154 0.4566666658653846 0.4225 0.47888888942307695 0.41916666586538465 0.5044444447115385 0.4283333341346154 0.5388888894230769 0.4425 0.5344444447115385 0.4425 0.511111110576923 0.4383333341346154 0.4866666658653846
1337 0.6258333341346154 0.4366666658653846 0.6183333341346154 0.4222222211538461 0.6 0.4566666658653846 0.6358333341346154 0.4566666658653846 0.6383333341346155 0.44999999999999996 0.6383333341346155 0.4388888894230769 0.6258333341346154 0.4366666658653846
279 0.6499999999999999 0.41000000000000003 0.6358333341346154 0.41111111057692307 0.6416666658653847 0.4522222211538462 0.6575 0.4522222211538462 0.6541666658653846 0.41555555528846155 0.6499999999999999 0.41000000000000003
1349 0.025 0.037777778846153846 0.010833334134615385 0.038888889423076924 0.0175 0.06777777884615385 0.03666666586538461 0.09222222115384615 0.055 0.08777777884615384 0.060000000000000005 0.07333333413461539 0.0766666658653846 0.06555555528846155 0.08833333413461539 0.07555555528846154 0.08166666586538461 0.10222222115384616 0.08833333413461539 0.13777777884615386 0.095 0.13444444471153846 0.1075 0.07555555528846154 0.09583333413461538 0.04 0.07833333413461538 0.038888889423076924 0.0525 0.037777778846153846 0.025 0.037777778846153846
1873 0.5691666658653847 0.04111111057692308 0.61 0.05 0.615 0.034444444711538465 0.5766666658653846 0.027777778846153844 0.5691666658653847 0.04111111057692308
1873 0.6216666658653847 0.06777777884615385 0.6775 0.07333333413461539 0.7066666658653846 0.045555555288461544 0.6658333341346154 0.04111111057692308 0.6575 0.04111111057692308 0.6216666658653847 0.06777777884615385
1047 0.7116666658653846 0.018888889423076923 0.7 0.01444444471153846 0.6933333341346154 0.02555555528846154 0.7133333341346154 0.027777778846153844 0.7116666658653846 0.018888889423076923
345 0.9600000000000001 0.09111111057692309 0.8966666658653846 0.11111111057692308 0.8925 0.3711111105769231 0.9608333341346154 0.4233333341346154 0.9600000000000001 0.09111111057692309
644 0.6950000000000001 0.4766666658653846 0.6941666658653846 0.4944444447115384 0.7375 0.5144444447115385 0.7358333341346154 0.49666666586538466 0.6950000000000001 0.4766666658653846
672 0.7133333341346154 0.3977777788461539 0.7116666658653846 0.17333333413461538 0.6916666658653846 0.17888888942307693 0.6883333341346154 0.39444444471153844 0.7133333341346154 0.3977777788461539
973 0.008333334134615384 0.4533333341346154 0.0025 0.44999999999999996 0.0041666658653846155 0.5288888894230769 0.015833334134615386 0.5266666658653846 0.0175 0.4633333341346154 0.008333334134615384 0.4533333341346154
533 0.7591666658653846 0.5377777788461539 0.7566666658653846 0.5255555552884615 0.6916666658653846 0.4988888894230769 0.6608333341346154 0.511111110576923 0.58 0.52 0.47000000000000003 0.5288888894230769 0.27333333413461536 0.5477777788461539 0.2616666658653846 0.5411111105769231 0.22666666586538461 0.5444444447115384 0.2341666658653846 0.5944444447115385 0.3683333341346154 0.5944444447115385 0.5258333341346154 0.5855555552884616 0.5833333341346154 0.5733333341346154 0.6950000000000001 0.5555555552884616 0.7591666658653846 0.5377777788461539
1708 0.6975 0.998888889423077 0.9974999999999999 0.991111110576923 0.9991666658653846 0.8766666658653846 0.6675 0.9588888894230769 0.6975 0.998888889423077
1346 0.9058333341346153 0.9955555552884616 0.9933333341346154 0.9944444447115385 0.9966666658653847 0.8855555552884616 0.8341666658653846 0.9244444447115385 0.9058333341346153 0.9955555552884616
1362 0.9091666658653845 0.9166666658653846 0.9275 0.9455555552884616 0.9591666658653846 0.9666666658653846 0.9983333341346154 0.9688888894230769 0.9908333341346154 0.8833333341346153 0.925 0.8977777788461538 0.9091666658653845 0.9166666658653846
299 0.9299999999999999 0.9011111105769231 0.9325 0.9177777788461537 0.9658333341346155 0.9355555552884615 0.9974999999999999 0.9411111105769231 0.9858333341346154 0.8877777788461538 0.9299999999999999 0.9011111105769231
973 0.0525 0.51 0.08666666586538462 0.5044444447115385 0.08666666586538462 0.46555555528846154 0.06666666586538461 0.4588888894230769 0.05083333413461539 0.47444444471153846 0.0525 0.51
169 0.006666665865384615 0.998888889423077 0.07166666586538462 0.9922222211538462 0.07166666586538462 0.59 0.0033333341346153847 0.5744444447115384 0.006666665865384615 0.998888889423077
1587 0.10583333413461539 0.5133333341346155 0.0766666658653846 0.5133333341346155 0.07833333413461538 0.5233333341346154 0.10166666586538461 0.5244444447115385 0.10583333413461539 0.5133333341346155
1425 0.06916666586538461 0.3122222211538462 0.07416666586538462 0.3288888894230769 0.3916666658653846 0.3188888894230769 0.37833333413461534 0.3 0.3775 0.22 0.3908333341346154 0.19888888942307695 0.36416666586538465 0.19666666586538462 0.07166666586538462 0.19333333413461537 0.07833333413461538 0.21444444471153845 0.07916666586538461 0.29777777884615386 0.06916666586538461 0.3122222211538462
345 0.535 0.10555555528846153 0.5416666658653846 0.08666666586538462 0.5483333341346154 0.07 0.3666666658653846 0.06333333413461538 0.3525 0.07777777884615385 0.3583333341346154 0.08666666586538462 0.3616666658653846 0.10111111057692307 0.365 0.11555555528846154 0.3666666658653846 0.1944444447115385 0.39333333413461535 0.19666666586538462 0.38 0.22 0.38 0.29777777884615386 0.39499999999999996 0.32222222115384613 0.37 0.32444444471153844 0.3675 0.39555555528846154 0.3775 0.40888888942307694 0.385 0.41222222115384616 0.53 0.40222222115384615 0.5366666658653846 0.39 0.535 0.10555555528846153
402 0.5366666658653846 0.04444444471153846 0.5333333341346154 0.06444444471153846 0.5375 0.06555555528846155 0.6024999999999999 0.07333333413461539 0.6791666658653847 0.07555555528846154 0.7075 0.06555555528846155 0.7041666658653847 0.05222222115384615 0.6950000000000001 0.042222221153846155 0.7216666658653845 0.026666665865384614 0.7658333341346153 0.031111110576923076 0.8316666658653846 0 0.4008333341346154 0.001111110576923077 0.56 0.012222221153846155 0.5366666658653846 0.04444444471153846
1670 0.115 0.4377777788461538 0.11666666586538461 0.5155555552884615 0.11 0.5455555552884616 0.11666666586538461 0.7855555552884615 0.2425 0.7677777788461538 0.24000000000000002 0.5977777788461538 0.23249999999999998 0.5977777788461538 0.22166666586538464 0.5544444447115384 0.22166666586538464 0.5422222211538462 0.2616666658653846 0.5377777788461539 0.275 0.5466666658653846 0.29250000000000004 0.5422222211538462 0.3083333341346154 0.52 0.30916666586538466 0.511111110576923 0.32 0.4988888894230769 0.34750000000000003 0.48888888942307696 0.3458333341346154 0.42555555528846156 0.115 0.4377777788461538
595 0.72 0.4344444447115385 0.7216666658653845 0.4444444447115385 0.7241666658653846 0.45444444471153844 0.7250000000000001 0.46444444471153845 0.7358333341346154 0.4633333341346154 0.7408333341346154 0.46555555528846154 0.735 0.45444444471153844 0.7441666658653846 0.43555555528846157 0.7474999999999999 0.42777777884615387 0.7424999999999999 0.41666666586538464 0.7408333341346154 0.41111111057692307 0.7375 0.40888888942307694 0.73 0.42 0.7233333341346154 0.43 0.72 0.4344444447115385
345 0.7075 0.06111111057692308 0.7124999999999999 0.07 0.7124999999999999 0.39666666586538457 0.7283333341346154 0.40111111057692306 0.7525000000000001 0.39666666586538457 0.8141666658653846 0.40666666586538464 0.8441666658653847 0.4055555552884615 0.8491666658653846 0.3644444447115385 0.845 0.34555555528846155 0.8583333341346153 0.28222222115384615 0.86 0.16999999999999998 0.8775000000000001 0.14888888942307693 0.8883333341346155 0.15111111057692309 0.89 0.39222222115384614 0.8975000000000001 0.39888888942307693 0.9033333341346155 0.39444444471153844 0.9158333341346154 0.39333333413461535 0.9308333341346154 0.41111111057692307 0.9291666658653847 0.4233333341346154 0.9591666658653846 0.42777777884615387 0.9616666658653846 0.4311111105769231 0.9858333341346154 0.4344444447115385 0.9991666658653846 0.4344444447115385 0.9991666658653846 0.002222221153846154 0.8350000000000001 0 0.7641666658653846 0.031111110576923076 0.7233333341346154 0.026666665865384614 0.6975 0.04 0.7075 0.06111111057692308
532 0.0016666658653846154 0.5266666658653846 0.0008333341346153846 0.5555555552884616 0.016666665865384615 0.5555555552884616 0.054166665865384614 0.5544444447115384 0.10666666586538462 0.5488888894230769 0.115 0.5144444447115385 0.11249999999999999 0.5133333341346155 0.0016666658653846154 0.5266666658653846
347 0.0125 0.6522222211538462 0.02 0.798888889423077 0.0225 0.798888889423077 0.09833333413461538 0.7855555552884615 0.115 0.7833333341346154 0.10833333413461539 0.55 0.0016666658653846154 0.5566666658653846 0.0016666658653846154 0.5755555552884615 0.0125 0.6522222211538462
347 0.7441666658653846 0.6788888894230769 0.9108333341346154 0.8044444447115384 0.9291666658653847 0.8166666658653846 0.9983333341346154 0.8011111105769231 0.9991666658653846 0.43555555528846157 0.9858333341346154 0.4377777788461538 0.9583333341346154 0.43 0.8724999999999999 0.41111111057692307 0.8133333341346154 0.40888888942307694 0.7533333341346153 0.3977777788461539 0.73 0.40444444471153845 0.7124999999999999 0.3977777788461539 0.6683333341346154 0.4 0.6641666658653846 0.40777777884615385 0.6708333341346153 0.41333333413461537 0.6708333341346153 0.501111110576923 0.6741666658653845 0.5033333341346153 0.6883333341346154 0.4944444447115384 0.7558333341346154 0.5222222211538461 0.7625 0.5411111105769231 0.7458333341346154 0.5488888894230769 0.7474999999999999 0.5622222211538461 0.7416666658653847 0.5677777788461539 0.7441666658653846 0.6788888894230769
828 0.5833333341346154 0.4388888894230769 0.5816666658653846 0.40666666586538464 0.5549999999999999 0.40777777884615385 0.5566666658653846 0.42555555528846156 0.5566666658653846 0.44 0.5833333341346154 0.4388888894230769
531 0.5083333341346153 0.5877777788461539 0.3775 0.5955555552884616 0.24000000000000002 0.5977777788461538 0.24083333413461538 0.92 0.24416666586538463 0.9977777788461538 0.27666666586538463 0.998888889423077 0.27333333413461536 0.971111110576923 0.6975 0.88 0.73 0.91 0.7533333341346153 0.9044444447115385 0.7566666658653846 0.8977777788461538 0.7516666658653846 0.891111110576923 0.7516666658653846 0.8577777788461538 0.7458333341346154 0.8500000000000001 0.7408333341346154 0.5700000000000001 0.745 0.5622222211538461 0.7466666658653847 0.5433333341346154 0.7208333341346154 0.5522222211538461 0.5291666658653846 0.5866666658653846 0.5083333341346153 0.5877777788461539
828 0.5991666658653846 0.3155555552884615 0.5991666658653846 0.35 0.615 0.34777777884615385 0.6108333341346154 0.32 0.5991666658653846 0.3155555552884615
1734 0.615 0.3044444447115385 0.6174999999999999 0.3 0.6116666658653845 0.29555555528846156 0.6133333341346154 0.2866666658653846 0.6008333341346154 0.28555555528846155 0.6 0.3044444447115385 0.615 0.3044444447115385
595 0.6291666658653846 0.26999999999999996 0.6166666658653847 0.27888888942307694 0.6224999999999999 0.2933333341346154 0.6275000000000001 0.2988888894230769 0.6466666658653846 0.30222222115384617 0.6525 0.29 0.6541666658653846 0.27888888942307694 0.6491666658653846 0.27222222115384614 0.6366666658653847 0.2666666658653846 0.6291666658653846 0.26999999999999996
180 0.5675 0.44 0.5583333341346154 0.4466666658653846 0.5583333341346154 0.4588888894230769 0.5875 0.4588888894230769 0.5883333341346154 0.4511111105769231 0.5833333341346154 0.44222222115384613 0.5675 0.44
462 0.5458333341346153 0.4233333341346154 0.5416666658653846 0.42555555528846156 0.5408333341346154 0.4433333341346154 0.5425 0.4566666658653846 0.5566666658653846 0.45777777884615384 0.5533333341346154 0.44222222115384613 0.5533333341346154 0.4366666658653846 0.5533333341346154 0.43 0.55 0.4233333341346154 0.5458333341346153 0.4233333341346154
291 0.8883333341346155 0.4322222211538461 0.8808333341346154 0.43 0.8816666658653846 0.44222222115384613 0.8758333341346154 0.45444444471153844 0.8758333341346154 0.4866666658653846 0.8825000000000001 0.48444444471153847 0.8916666658653847 0.4677777788461538 0.8933333341346154 0.4522222211538462 0.8866666658653847 0.4444444447115385 0.8891666658653846 0.4366666658653846 0.8883333341346155 0.4322222211538461
598 0.7975 0.35333333413461543 0.795 0.34333333413461536 0.7891666658653846 0.33777777884615384 0.7733333341346154 0.33666666586538463 0.7658333341346153 0.34333333413461536 0.7633333341346155 0.37 0.7666666658653847 0.38 0.7899999999999999 0.3811111105769231 0.7966666658653847 0.3688888894230769 0.7975 0.35333333413461543
189 0.9191666658653846 0.39 0.9158333341346154 0.3833333341346154 0.9133333341346154 0.3733333341346154 0.9058333341346153 0.3666666658653846 0.9025 0.3744444447115385 0.8975000000000001 0.3666666658653846 0.8933333341346154 0.3666666658653846 0.8891666658653846 0.3811111105769231 0.8866666658653847 0.3866666658653846 0.8808333341346154 0.40333333413461536 0.8741666658653846 0.40444444471153845 0.8758333341346154 0.4222222211538461 0.8791666658653846 0.42777777884615387 0.8791666658653846 0.4388888894230769 0.8758333341346154 0.44999999999999996 0.8741666658653846 0.4866666658653846 0.8983333341346154 0.49 0.8991666658653846 0.4522222211538462 0.8883333341346155 0.4455555552884615 0.89 0.43555555528846157 0.9241666658653845 0.4322222211538461 0.9241666658653845 0.4288888894230769 0.9283333341346154 0.42666666586538465 0.9316666658653846 0.40777777884615385 0.9191666658653846 0.39
1861 0.92 0.15111111057692309 0.9158333341346154 0.1633333341346154 0.9166666658653846 0.18222222115384618 0.9216666658653847 0.1911111105769231 0.9258333341346153 0.19333333413461537 0.9241666658653845 0.13 0.9183333341346154 0.14 0.92 0.15111111057692309
1364 0.8866666658653847 0.39444444471153844 0.885 0.3855555552884615 0.8816666658653846 0.3833333341346154 0.8741666658653846 0.3822222211538462 0.8683333341346154 0.3855555552884615 0.86 0.39888888942307693 0.865 0.40888888942307694 0.8716666658653847 0.41111111057692307 0.8825000000000001 0.40222222115384615 0.8866666658653847 0.39444444471153844
792 0.2416666658653846 0.7744444447115384 0.019166665865384618 0.8033333341346154 0.023333334134615382 0.9977777788461538 0.2191666658653846 1 0.2425 0.998888889423077 0.2416666658653846 0.7744444447115384
792 0.6958333341346153 0.8833333341346153 0.27666666586538463 0.9733333341346154 0.2791666658653846 0.998888889423077 0.4491666658653846 1 0.6825 0.998888889423077 0.6616666658653846 0.9655555552884615 0.6625000000000001 0.9544444447115384 0.9958333341346154 0.8744444447115385 0.9983333341346154 0.8055555552884616 0.9283333341346154 0.8188888894230769 0.7458333341346154 0.6844444447115384 0.7474999999999999 0.8488888894230769 0.7525000000000001 0.8555555552884615 0.7541666658653846 0.89 0.76 0.9011111105769231 0.7283333341346154 0.9133333341346154 0.6958333341346153 0.8833333341346153
1942 0.315 0.15111111057692309 0.32333333413461535 0.15111111057692309 0.3241666658653846 0.05444444471153846 0.1308333341346154 0.045555555288461544 0.1325 0.15777777884615382 0.155 0.16 0.1541666658653846 0.1911111105769231 0.3166666658653846 0.19 0.315 0.15111111057692309
1885 0.5366666658653846 0.10666666586538462 0.5375 0.14444444471153847 0.6616666658653846 0.14222222115384617 0.6666666658653846 0.13777777884615386 0.6666666658653846 0.39222222115384614 0.6791666658653847 0.3977777788461539 0.6858333341346154 0.1833333341346154 0.7100000000000001 0.16999999999999998 0.7108333341346154 0.10111111057692307 0.7083333341346154 0.06666666586538461 0.6833333341346154 0.0766666658653846 0.5525 0.06888888942307693 0.5366666658653846 0.10666666586538462
1885 0.09333333413461539 0 0.011666665865384616 0.001111110576923077 0.014166665865384617 0.03666666586538461 0.08416666586538463 0.03666666586538461 0.08499999999999999 0.18777777884615385 0.11916666586538462 0.1888888894230769 0.11583333413461538 0.15777777884615382 0.1283333341346154 0.15555555528846154 0.1308333341346154 0.04111111057692308 0.3258333341346154 0.05 0.3258333341346154 0.15222222115384615 0.35500000000000004 0.15444444471153848 0.3616666658653846 0.19222222115384616 0.365 0.19222222115384616 0.36250000000000004 0.11444444471153846 0.35500000000000004 0.08777777884615384 0.3491666658653846 0.07555555528846154 0.3658333341346154 0.060000000000000005 0.5316666658653847 0.06333333413461538 0.535 0.04444444471153846 0.5541666658653847 0.01444444471153846 0.3925 0 0.09333333413461539 0
1184 0.0008333341346153846 0.04 0.01 0.04 0.01 0.0033333341346153847 0.0008333341346153846 0.001111110576923077 0.0008333341346153846 0.04