1219 0.48750000000000004 0.09 0.4941666658653846 0.22333333413461537 0.61 0.23222222115384616 0.6066666658653846 0.09666666586538461 0.48750000000000004 0.09
1956 0.7541666658653846 0.4855555552884615 0.7541666658653846 0.5133333341346155 0.7458333341346154 0.5533333341346154 0.7458333341346154 0.6211111105769231 0.7608333341346154 0.631111110576923 0.7733333341346154 0.6255555552884615 0.7716666658653846 0.5588888894230769 0.7658333341346153 0.5122222211538461 0.765 0.4855555552884615 0.7541666658653846 0.4855555552884615
1956 0.7833333341346154 0.5255555552884615 0.7758333341346154 0.5422222211538462 0.7783333341346155 0.6322222211538461 0.8041666658653847 0.6322222211538461 0.8025 0.5344444447115385 0.7966666658653847 0.52 0.7966666658653847 0.48888888942307696 0.785 0.48888888942307696 0.7833333341346154 0.5255555552884615
1027 0.049166665865384616 0.5466666658653846 0.05 0.5544444447115384 0.06916666586538461 0.5533333341346154 0.08833333413461539 0.5477777788461539 0.07166666586538462 0.5399999999999999 0.0725 0.4388888894230769 0.06916666586538461 0.38777777884615383 0.09666666586538461 0.3866666658653846 0.08499999999999999 0.35666666586538465 0.08 0.33444444471153845 0.054166665865384614 0.33444444471153845 0.04083333413461539 0.38777777884615383 0.0625 0.3911111105769231 0.0625 0.4433333341346154 0.0625 0.5411111105769231 0.049166665865384616 0.5466666658653846
1942 0.9158333341346154 0.10333333413461537 0.9008333341346154 0.08222222115384616 0.9266666658653846 0.07 0.7216666658653845 0.10444444471153846 0.7241666658653846 0.4322222211538461 0.9141666658653846 0.4444444447115385 0.9158333341346154 0.10333333413461537
1942 0.0008333341346153846 0.001111110576923077 0.0033333341346153847 0.46555555528846154 0.3258333341346154 0.4366666658653846 0.3225 0.06555555528846155 0.14833333413461539 0.002222221153846154 0.0008333341346153846 0.001111110576923077
532 0.44833333413461535 0.4766666658653846 0.0033333341346153847 0.5522222211538461 0.0025 0.6055555552884615 0.4775 0.5077777788461538 0.6466666658653846 0.501111110576923 0.8866666658653847 0.5255555552884615 0.9116666658653846 0.501111110576923 0.6441666658653846 0.47777777884615386 0.44833333413461535 0.4766666658653846
1564 0.8366666658653846 0.5077777788461538 0.8608333341346154 0.5166666658653847 0.8791666658653846 0.5166666658653847 0.8908333341346153 0.5055555552884615 0.88 0.49666666586538466 0.8724999999999999 0.49666666586538466 0.8508333341346154 0.49666666586538466 0.8366666658653846 0.5077777788461538
1564 0.5308333341346153 0.5911111105769231 0.4116666658653846 0.64 0.5075000000000001 0.6666666658653846 0.6208333341346154 0.6155555552884615 0.6108333341346154 0.6033333341346154 0.5308333341346153 0.5911111105769231
438 0.5558333341346153 0.7955555552884616 0.5766666658653846 0.7866666658653846 0.5766666658653846 0.7733333341346154 0.5708333341346153 0.76 0.525 0.7388888894230768 0.5008333341346154 0.76 0.4975 0.7822222211538462 0.5 0.8 0.5558333341346153 0.7955555552884616
1861 0.3666666658653846 0.47444444471153846 0.3666666658653846 0.4933333341346154 0.3741666658653846 0.5033333341346153 0.3883333341346154 0.5055555552884615 0.3983333341346154 0.49 0.39916666586538463 0.47444444471153846 0.3916666658653846 0.4588888894230769 0.3941666658653846 0.4333333341346154 0.3691666658653846 0.4333333341346154 0.3758333341346154 0.46 0.3666666658653846 0.47444444471153846
806 0.3275 0.39888888942307693 0.3383333341346154 0.42555555528846156 0.35333333413461543 0.4488888894230769 0.3608333341346154 0.4322222211538461 0.4 0.4344444447115385 0.40499999999999997 0.4222222211538461 0.4208333341346154 0.41000000000000003 0.41583333413461543 0.3866666658653846 0.4216666658653846 0.3733333341346154 0.4141666658653846 0.361111110576923 0.3983333341346154 0.35 0.3775 0.33999999999999997 0.365 0.35555555528846156 0.3491666658653846 0.35666666586538465 0.33249999999999996 0.37 0.3275 0.39888888942307693
1620 0.4041666658653846 0.777777778846154 0.3683333341346154 0.8122222211538461 0.38 0.8166666658653846 0.4116666658653846 0.778888889423077 0.42500000000000004 0.778888889423077 0.4383333341346154 0.7766666658653846 0.4425 0.7644444447115385 0.4441666658653846 0.748888889423077 0.4433333341346154 0.7355555552884615 0.4308333341346154 0.7377777788461538 0.4141666658653846 0.7522222211538462 0.4041666658653846 0.7666666658653847 0.4041666658653846 0.777777778846154
1362 0.23666666586538462 0.52 0.2533333341346154 0.5244444447115385 0.265 0.5144444447115385 0.2691666658653846 0.5033333341346153 0.2691666658653846 0.48222222115384616 0.2591666658653846 0.46888888942307694 0.2475 0.4611111105769231 0.23166666586538462 0.4677777788461538 0.22666666586538461 0.4833333341346154 0.2275 0.5055555552884615 0.23666666586538462 0.52
1027 0.3033333341346154 0.5 0.3125 0.508888889423077 0.33083333413461535 0.5033333341346153 0.3208333341346154 0.49666666586538466 0.3208333341346154 0.3833333341346154 0.3375 0.38 0.3283333341346154 0.34888888942307694 0.30916666586538466 0.34888888942307694 0.3008333341346154 0.3733333341346154 0.3025 0.3866666658653846 0.3133333341346154 0.39333333413461535 0.3125 0.41777777884615386 0.3133333341346154 0.48777777884615386 0.3033333341346154 0.5
1341 0.3 0.49666666586538466 0.3008333341346154 0.48444444471153847 0.29416666586538465 0.4611111105769231 0.2866666658653846 0.47333333413461537 0.27416666586538463 0.46555555528846154 0.2675 0.46222222115384615 0.2658333341346154 0.47333333413461537 0.26999999999999996 0.511111110576923 0.29 0.5133333341346155 0.2908333341346154 0.5022222211538462 0.3 0.49666666586538466
988 0.4833333341346154 0.44111111057692304 0.48916666586538465 0.46 0.47833333413461543 0.4766666658653846 0.515 0.47777777884615386 0.5141666658653846 0.4588888894230769 0.5183333341346154 0.44999999999999996 0.5116666658653846 0.44222222115384613 0.5066666658653847 0.42777777884615387 0.495 0.42777777884615387 0.4833333341346154 0.44111111057692304
309 0.6525 0.48222222115384616 0.6883333341346154 0.48444444471153847 0.6908333341346153 0.47222222115384616 0.6950000000000001 0.4588888894230769 0.6950000000000001 0.43 0.6866666658653846 0.43 0.6808333341346154 0.42777777884615387 0.67 0.42444444471153847 0.6658333341346154 0.4344444447115385 0.6591666658653845 0.4344444447115385 0.6499999999999999 0.4433333341346154 0.6499999999999999 0.45777777884615384 0.6491666658653846 0.4666666658653846 0.6525 0.48222222115384616
533 0.8891666658653846 0.758888889423077 0.9541666658653847 0.6366666658653847 0.9583333341346154 0.5788888894230769 0.6508333341346154 0.5399999999999999 0.5408333341346154 0.5755555552884615 0.63 0.6022222211538462 0.5116666658653846 0.6611111105769231 0.3833333341346154 0.6377777788461538 0.08 0.7455555552884616 0.6166666658653847 0.9888888894230768 0.8891666658653846 0.758888889423077
1956 0.8141666658653846 0.5266666658653846 0.8058333341346154 0.49666666586538466 0.8083333341346154 0.47777777884615386 0.7966666658653847 0.4766666658653846 0.7983333341346154 0.511111110576923 0.8049999999999999 0.56 0.8150000000000001 0.56 0.8141666658653846 0.5266666658653846
1958 0.8858333341346154 0.601111110576923 0.8975000000000001 0.5944444447115385 0.8975000000000001 0.56 0.8825000000000001 0.5488888894230769 0.8674999999999999 0.5488888894230769 0.8674999999999999 0.5933333341346153 0.8775000000000001 0.6077777788461538 0.8791666658653846 0.6233333341346154 0.8733333341346154 0.641111110576923 0.87 0.6444444447115385 0.89 0.6444444447115385 0.89 0.6344444447115385 0.8841666658653846 0.6288888894230769 0.8858333341346154 0.601111110576923
1958 0.8608333341346154 0.6166666658653847 0.87 0.6144444447115385 0.8708333341346154 0.5622222211538461 0.8475 0.5622222211538461 0.845 0.6066666658653846 0.8524999999999999 0.6166666658653847 0.8491666658653846 0.638888889423077 0.8508333341346154 0.6488888894230769 0.8666666658653847 0.6488888894230769 0.8616666658653845 0.6344444447115385 0.8608333341346154 0.6166666658653847
1958 0.8425 0.6288888894230769 0.8583333341346153 0.5877777788461539 0.855 0.5511111105769231 0.8258333341346155 0.5511111105769231 0.8241666658653847 0.59 0.8374999999999999 0.6044444447115385 0.8325 0.631111110576923 0.8233333341346154 0.638888889423077 0.8441666658653847 0.638888889423077 0.8425 0.6288888894230769
1958 0.8108333341346154 0.6122222211538462 0.8216666658653846 0.6055555552884615 0.8200000000000001 0.5644444447115384 0.7933333341346154 0.5611111105769231 0.7966666658653847 0.6044444447115385 0.8025 0.6144444447115385 0.8049999999999999 0.6444444447115385 0.7916666658653846 0.6466666658653846 0.8049999999999999 0.6499999999999999 0.8208333341346153 0.6488888894230769 0.8116666658653846 0.6322222211538461 0.8108333341346154 0.6122222211538462
525 0.7358333341346154 0.6255555552884615 0.7658333341346153 0.6377777788461538 0.7825 0.6422222211538462 0.7841666658653845 0.6344444447115385 0.7375 0.6144444447115385 0.7358333341346154 0.6255555552884615
757 0.8575 0.4766666658653846 0.8558333341346154 0.48777777884615386 0.8891666658653846 0.4866666658653846 0.8875 0.4633333341346154 0.8808333341346154 0.46555555528846154 0.8825000000000001 0.4766666658653846 0.8766666658653846 0.47777777884615386 0.8758333341346154 0.4455555552884615 0.8691666658653846 0.4333333341346154 0.8583333341346153 0.42444444471153847 0.8516666658653846 0.42666666586538465 0.8466666658653845 0.44222222115384613 0.8475 0.4511111105769231 0.855 0.4388888894230769 0.8575 0.4344444447115385 0.8625 0.44111111057692304 0.8658333341346154 0.4455555552884615 0.8674999999999999 0.46 0.8674999999999999 0.47222222115384616 0.865 0.46555555528846154 0.8575 0.46 0.8575 0.4766666658653846
757 0.5675 0.5311111105769231 0.5425 0.5266666658653846 0.5341666658653846 0.5355555552884615 0.5308333341346153 0.5466666658653846 0.5308333341346153 0.5588888894230769 0.5391666658653846 0.5588888894230769 0.5433333341346154 0.5488888894230769 0.5458333341346153 0.5388888894230769 0.5558333341346153 0.5388888894230769 0.5641666658653846 0.5444444447115384 0.5875 0.5422222211538462 0.5975 0.5533333341346154 0.5975 0.5666666658653846 0.5975 0.5866666658653846 0.5975 0.6033333341346154 0.5933333341346153 0.618888889423077 0.5866666658653846 0.6277777788461538 0.58 0.6255555552884615 0.5791666658653847 0.6166666658653847 0.5850000000000001 0.61 0.5833333341346154 0.6044444447115385 0.5733333341346154 0.5988888894230769 0.5625 0.6055555552884615 0.5691666658653847 0.61 0.5683333341346154 0.618888889423077 0.5675 0.6277777788461538 0.5633333341346154 0.6366666658653847 0.5691666658653847 0.6444444447115385 0.5825 0.641111110576923 0.6233333341346154 0.6255555552884615 0.6308333341346154 0.6122222211538462 0.625 0.6077777788461538 0.6233333341346154 0.59 0.6308333341346154 0.5922222211538462 0.6258333341346154 0.5811111105769231 0.6133333341346154 0.5855555552884616 0.6174999999999999 0.59 0.6183333341346154 0.5988888894230769 0.6141666658653846 0.6122222211538462 0.6075 0.6211111105769231 0.6033333341346154 0.6122222211538462 0.6033333341346154 0.5933333341346153 0.6033333341346154 0.5644444447115384 0.6075 0.5444444447115384 0.6016666658653846 0.5222222211538461 0.595 0.5344444447115385 0.5883333341346154 0.5333333341346154 0.5675 0.5311111105769231
1564 0.3866666658653846 0.6344444447115385 0.5008333341346154 0.6622222211538461 0.6358333341346154 0.6055555552884615 0.5358333341346154 0.5822222211538461 0.3866666658653846 0.6344444447115385
438 0.6725 0.7833333341346154 0.715 0.7766666658653846 0.7116666658653846 0.7477777788461538 0.6908333341346153 0.7377777788461538 0.6991666658653847 0.73 0.6925 0.6955555552884616 0.6625000000000001 0.7 0.6408333341346153 0.721111110576923 0.645 0.7477777788461538 0.6591666658653845 0.741111110576923 0.655 0.7566666658653846 0.6725 0.7833333341346154
885 0.6383333341346155 0.7477777788461538 0.635 0.7333333341346153 0.6266666658653846 0.7188888894230769 0.6166666658653847 0.7144444447115385 0.6083333341346153 0.7044444447115384 0.6008333341346154 0.6911111105769231 0.5933333341346153 0.688888889423077 0.5833333341346154 0.6900000000000001 0.5675 0.6966666658653846 0.5458333341346153 0.7088888894230769 0.5383333341346154 0.7133333341346154 0.5375 0.7233333341346154 0.5525 0.73 0.5658333341346153 0.7422222211538462 0.5841666658653846 0.7544444447115384 0.595 0.7688888894230769 0.5983333341346154 0.7888888894230769 0.6083333341346153 0.7899999999999999 0.62 0.7855555552884615 0.6533333341346155 0.7766666658653846 0.6541666658653846 0.7622222211538462 0.6499999999999999 0.7611111105769232 0.6383333341346155 0.7477777788461538
136 0.5916666658653846 0.6666666658653846 0.5791666658653847 0.6666666658653846 0.5708333341346153 0.6666666658653846 0.5625 0.6755555552884616 0.5525 0.6788888894230769 0.5408333341346154 0.6777777788461539 0.5275 0.6766666658653846 0.5166666658653847 0.6766666658653846 0.5125 0.6844444447115384 0.5066666658653847 0.6955555552884616 0.4991666658653846 0.7044444447115384 0.5066666658653847 0.7233333341346154 0.5258333341346154 0.7166666658653846 0.5441666658653846 0.7022222211538461 0.5475 0.6955555552884616 0.5591666658653847 0.688888889423077 0.5725 0.688888889423077 0.6083333341346153 0.6911111105769231 0.6083333341346153 0.6844444447115384 0.6008333341346154 0.6688888894230769 0.5916666658653846 0.6666666658653846
303 0.4766666658653846 0.6511111105769231 0.4883333341346154 0.6444444447115385 0.4941666658653846 0.6366666658653847 0.49666666586538466 0.618888889423077 0.47166666586538464 0.6 0.4525 0.5944444447115385 0.42 0.61 0.41916666586538465 0.6233333341346154 0.4258333341346154 0.6444444447115385 0.4458333341346154 0.6488888894230769 0.4541666658653846 0.6555555552884615 0.4541666658653846 0.6744444447115385 0.4491666658653846 0.7088888894230769 0.4466666658653846 0.728888889423077 0.4775 0.7344444447115385 0.46583333413461536 0.7188888894230769 0.46416666586538463 0.7033333341346153 0.46416666586538463 0.6744444447115385 0.46583333413461536 0.6511111105769231 0.4766666658653846 0.6511111105769231
303 0.8283333341346153 0.7455555552884616 0.8233333341346154 0.728888889423077 0.8558333341346154 0.7188888894230769 0.8508333341346154 0.7111111105769231 0.83 0.6777777788461539 0.8116666658653846 0.6733333341346154 0.7791666658653846 0.6755555552884616 0.755 0.6866666658653846 0.7424999999999999 0.7022222211538461 0.7583333341346153 0.7144444447115385 0.7825 0.7322222211538462 0.7841666658653845 0.7433333341346154 0.7941666658653846 0.75 0.8166666658653846 0.741111110576923 0.8225 0.7466666658653847 0.8283333341346153 0.7455555552884616
323 0.40750000000000003 0.7244444447115386 0.4983333341346154 0.7144444447115385 0.5633333341346154 0.6633333341346154 0.5258333341346154 0.6666666658653846 0.4358333341346154 0.6733333341346154 0.3833333341346154 0.6733333341346154 0.3558333341346154 0.6911111105769231 0.3558333341346154 0.7044444447115384 0.40750000000000003 0.7244444447115386
323 0.6591666658653845 0.6822222211538461 0.6716666658653847 0.6822222211538461 0.6725 0.6722222211538462 0.6658333341346154 0.6477777788461538 0.6575 0.6277777788461538 0.6341666658653846 0.6255555552884615 0.6116666658653845 0.6333333341346153 0.5966666658653846 0.6577777788461538 0.6174999999999999 0.6866666658653846 0.6458333341346154 0.6755555552884616 0.6591666658653845 0.6822222211538461
1410 0.3808333341346154 0.7611111105769232 0.3983333341346154 0.7422222211538462 0.39583333413461536 0.7177777788461538 0.34249999999999997 0.7044444447115384 0.3108333341346154 0.7044444447115384 0.28500000000000003 0.7255555552884616 0.28166666586538464 0.7566666658653846 0.3041666658653846 0.7722222211538461 0.3208333341346154 0.7766666658653846 0.3658333341346154 0.7755555552884614 0.3808333341346154 0.7611111105769232
973 0.4516666658653846 0.44222222115384613 0.4516666658653846 0.48444444471153847 0.4625 0.4855555552884615 0.4633333341346154 0.44 0.45583333413461535 0.4222222211538461 0.44833333413461535 0.4333333341346154 0.4516666658653846 0.44222222115384613
1384 0.745 0.42777777884615387 0.7308333341346154 0.4344444447115385 0.7408333341346154 0.46222222115384615 0.7408333341346154 0.48444444471153847 0.7783333341346155 0.4955555552884615 0.7899999999999999 0.4611111105769231 0.7983333341346154 0.44999999999999996 0.7833333341346154 0.4233333341346154 0.7625 0.4222222211538461 0.745 0.42777777884615387
188 0.1633333341346154 0.4388888894230769 0.16916666586538462 0.46 0.17250000000000001 0.5222222211538461 0.215 0.5255555552884615 0.22 0.48444444471153847 0.22916666586538462 0.4388888894230769 0.2191666658653846 0.42 0.2033333341346154 0.41555555528846155 0.18166666586538463 0.41555555528846155 0.16416666586538461 0.42666666586538465 0.1633333341346154 0.4388888894230769
1969 0.13 0.4911111105769231 0.13 0.5333333341346154 0.14583333413461538 0.5377777788461539 0.1633333341346154 0.5344444447115385 0.16416666586538461 0.48888888942307696 0.1558333341346154 0.47444444471153846 0.14333333413461538 0.46555555528846154 0.1291666658653846 0.47222222115384616 0.13 0.4911111105769231
817 0.505 0.8233333341346154 0.5666666658653846 0.8466666658653845 0.5833333341346154 0.83 0.6224999999999999 0.8177777788461539 0.625 0.8155555552884616 0.6391666658653846 0.8177777788461539 0.6633333341346154 0.8088888894230769 0.6808333341346154 0.8177777788461539 0.6983333341346154 0.7944444447115384 0.7066666658653846 0.798888889423077 0.7250000000000001 0.8033333341346154 0.7308333341346154 0.7899999999999999 0.7408333341346154 0.7833333341346154 0.7641666658653846 0.7833333341346154 0.7641666658653846 0.7655555552884615 0.7474999999999999 0.7666666658653847 0.7433333341346154 0.7544444447115384 0.745 0.7377777788461538 0.7333333341346153 0.7233333341346154 0.7250000000000001 0.7122222211538461 0.7058333341346154 0.7055555552884616 0.6983333341346154 0.6955555552884616 0.6808333341346154 0.688888889423077 0.6466666658653846 0.6788888894230769 0.6316666658653846 0.6777777788461539 0.6116666658653845 0.6900000000000001 0.5125 0.728888889423077 0.4808333341346154 0.7433333341346154 0.45749999999999996 0.7377777788461538 0.4491666658653846 0.7422222211538462 0.44833333413461535 0.7566666658653846 0.4508333341346154 0.7677777788461538 0.4258333341346154 0.7844444447115385 0.45583333413461535 0.8133333341346154 0.4666666658653846 0.8077777788461538 0.505 0.8233333341346154
323 0.75 0.6811111105769231 0.7541666658653846 0.67 0.7441666658653846 0.6577777788461538 0.7216666658653845 0.6622222211538461 0.6966666658653846 0.6566666658653847 0.6683333341346154 0.6477777788461538 0.6725 0.6666666658653846 0.6741666658653845 0.6822222211538461 0.7033333341346153 0.6955555552884616 0.7091666658653846 0.7111111105769231 0.7266666658653846 0.7244444447115386 0.7325 0.7100000000000001 0.7366666658653845 0.701111110576923 0.7516666658653846 0.6855555552884615 0.75 0.6811111105769231
347 0.4741666658653846 0.5155555552884615 0 0.6166666658653847 0.0016666658653846154 0.9777777788461539 0.0825 0.9333333341346154 0.07916666586538461 0.77 0.07083333413461539 0.7644444447115385 0.07416666586538462 0.74 0.3075 0.6555555552884615 0.3525 0.6366666658653847 0.3683333341346154 0.64 0.39 0.63 0.4116666658653846 0.6355555552884616 0.41666666586538464 0.6133333341346154 0.4525 0.5888888894230769 0.4941666658653846 0.6055555552884615 0.6499999999999999 0.5355555552884615 0.8691666658653846 0.5622222211538461 0.8866666658653847 0.55 0.9008333341346154 0.5577777788461539 0.9008333341346154 0.5677777788461539 0.9083333341346154 0.5222222211538461 0.8825000000000001 0.5344444447115385 0.6508333341346154 0.508888889423077 0.6466666658653846 0.5066666658653847 0.4808333341346154 0.511111110576923 0.4741666658653846 0.5155555552884615
347 0.07833333413461538 1 0.595 0.9977777788461538 0.08166666586538461 0.7666666658653847 0.07833333413461538 1
172 0.855 0.9144444447115384 0.87 0.9288888894230769 0.8775000000000001 0.9577777788461539 0.8966666658653846 0.9811111105769231 0.8991666658653846 0.9966666658653847 0.9983333341346154 0.9966666658653847 0.9991666658653846 0.5933333341346153 0.9216666658653847 0.5833333341346154 0.9191666658653846 0.5888888894230769 0.9299999999999999 0.5955555552884616 0.9525 0.6077777788461538 0.9666666658653846 0.6288888894230769 0.9525 0.6244444447115385 0.9475 0.6333333341346153 0.9733333341346154 0.6477777788461538 0.9716666658653845 0.6877777788461539 0.9466666658653846 0.6833333341346154 0.8808333341346154 0.6677777788461537 0.8783333341346153 0.6766666658653846 0.9025 0.6933333341346154 0.9241666658653845 0.7088888894230769 0.9108333341346154 0.7355555552884615 0.9125000000000001 0.7466666658653847 0.9541666658653847 0.7633333341346155 0.9158333341346154 0.7555555552884615 0.9125000000000001 0.7677777788461538 0.9433333341346154 0.798888889423077 0.9458333341346153 0.8377777788461539 0.8691666658653846 0.8344444447115384 0.86 0.8422222211538462 0.855 0.86 0.8475 0.891111110576923 0.855 0.9144444447115384
1256 0.6591666658653845 0.9655555552884615 0.6275000000000001 0.998888889423077 0.7133333341346154 0.9955555552884616 0.7075 0.9688888894230769 0.73 0.9655555552884615 0.7525000000000001 0.9522222211538461 0.7725000000000001 0.9266666658653846 0.7908333341346154 0.9055555552884615 0.8558333341346154 0.9277777788461539 0.8425 0.8933333341346154 0.8616666658653845 0.8344444447115384 0.9349999999999999 0.8333333341346154 0.9416666658653846 0.8033333341346154 0.9108333341346154 0.7655555552884615 0.9083333341346154 0.74 0.7991666658653845 0.8433333341346153 0.6591666658653845 0.9655555552884615
347 0.9591666658653846 0.6822222211538461 0.9966666658653847 0.6922222211538462 0.9991666658653846 0.06555555528846155 0.8983333341346154 0.08333333413461538 0.9133333341346154 0.10222222115384616 0.9125000000000001 0.5277777788461538 0.905 0.5411111105769231 0.9091666658653845 0.5433333341346154 0.9091666658653845 0.5700000000000001 0.9608333341346154 0.58 0.9591666658653846 0.6822222211538461
1885 0.9308333341346154 0.07555555528846154 0.9983333341346154 0.06222222115384615 0.9991666658653846 0.0033333341346153847 0.3741666658653846 0.002222221153846154 0.1616666658653846 0 0.16083333413461537 0.005555555288461538 0.3275 0.06666666586538461 0.33666666586538463 0.44999999999999996 0.0016666658653846154 0.4866666658653846 0.0008333341346153846 0.5522222211538461 0.44 0.47333333413461537 0.6458333341346154 0.47222222115384616 0.91 0.4977777788461539 0.9091666658653845 0.4466666658653846 0.7175 0.4311111105769231 0.7216666658653845 0.1 0.9291666658653847 0.06666666586538461 0.9308333341346154 0.07555555528846154
1678 0.46916666586538464 0.47777777884615386 0.46833333413461536 0.48444444471153847 0.47833333413461543 0.4955555552884615 0.6341666658653846 0.4922222211538462 0.625 0.47777777884615386 0.46916666586538464 0.47777777884615386