1953 0.7685546875 0.36848958413461536 0.9951171875 0.37890625 0.98828125 0.14322916586538462 0.7724609375 0.16276041586538462 0.7685546875 0.36848958413461536
1708 0.99609375 0.8502604158653846 0.9951171875 0.6223958341346154 0.61328125 0.5481770841346154 0.4208984375 0.6627604158653846 0.99609375 0.8502604158653846
402 0.1181640625 0 0.48828125 0.13411458413461538 0.9912109375 0.078125 0.9951171875 0.002604165865384616 0.1181640625 0
948 0.2265625 0.09375 0.228515625 0.2591145841346154 0.44140625 0.25 0.392578125 0.13151041586538462 0.2265625 0.09375
1368 0.5673828125 0.2265625 0.5693359375 0.16666666586538462 0.546875 0.14973958413461538 0.51953125 0.17057291586538462 0.505859375 0.20442708413461538 0.525390625 0.23046875 0.5673828125 0.2265625
417 0.5751953125 0.9947916658653846 0.8486328125 0.99609375 0.8486328125 0.8111979158653846 0.845703125 0.7708333341346154 0.8291015625 0.7643229158653846 0.8203125 0.7760416658653846 0.8203125 0.7890625 0.78515625 0.7825520841346154 0.7314453125 0.7877604158653846 0.6669921875 0.7864583341346154 0.6416015625 0.796875 0.63671875 0.7799479158653846 0.6279296875 0.7643229158653846 0.6123046875 0.7799479158653846 0.611328125 0.8697916658653846 0.5888671875 0.87890625 0.5791015625 0.91796875 0.5751953125 0.9947916658653846
1102 0.458984375 0.38020833413461536 0.4501953125 0.39713541586538464 0.4990234375 0.40494791586538464 0.498046875 0.36848958413461536 0.4765625 0.36848958413461536 0.47265625 0.375 0.458984375 0.38020833413461536
988 0.271484375 0.46354166586538464 0.2734375 0.4921875 0.29296875 0.49869791586538464 0.3232421875 0.49088541586538464 0.3154296875 0.46484375 0.3232421875 0.45703125 0.3232421875 0.44921875 0.3115234375 0.45052083413461536 0.3076171875 0.43489583413461536 0.2919921875 0.43229166586538464 0.2744140625 0.44401041586538464 0.271484375 0.46354166586538464
1349 0.08203125 0.484375 0.0791015625 0.5026041658653846 0.0869140625 0.5377604158653846 0.1025390625 0.5377604158653846 0.10546875 0.51171875 0.115234375 0.5065104158653846 0.1103515625 0.49348958413461536 0.1171875 0.47786458413461536 0.1298828125 0.47526041586538464 0.1298828125 0.45703125 0.1171875 0.44791666586538464 0.1181640625 0.4375 0.1064453125 0.42447916586538464 0.1044921875 0.43359375 0.0888671875 0.43229166586538464 0.0771484375 0.43229166586538464 0.0654296875 0.45052083413461536 0.056640625 0.45442708413461536 0.0400390625 0.48046875 0.05859375 0.48567708413461536 0.0673828125 0.47786458413461536 0.08203125 0.484375
299 0.10546875 0.5286458341346154 0.1240234375 0.5403645841346154 0.19140625 0.5403645841346154 0.2138671875 0.5130208341346154 0.19140625 0.5078125 0.16796875 0.50390625 0.1328125 0.5130208341346154 0.10546875 0.5286458341346154
1564 0.8173828125 0.5690104158653846 0.986328125 0.5963541658653846 0.9814453125 0.5221354158653846 0.9892578125 0.49869791586538464 0.8095703125 0.47916666586538464 0.7744140625 0.49869791586538464 0.77734375 0.5260416658653846 0.8076171875 0.5390625 0.8173828125 0.5690104158653846
757 0.8798828125 0.44791666586538464 0.9140625 0.45182291586538464 0.9140625 0.48046875 0.9248046875 0.48177083413461536 0.9267578125 0.42317708413461536 0.9189453125 0.42057291586538464 0.9169921875 0.44661458413461536 0.9013671875 0.4375 0.9013671875 0.36197916586538464 0.89453125 0.36067708413461536 0.8955078125 0.43489583413461536 0.880859375 0.4375 0.8779296875 0.42057291586538464 0.86328125 0.41927083413461536 0.8623046875 0.42578125 0.873046875 0.42708333413461536 0.8720703125 0.47526041586538464 0.8818359375 0.47916666586538464 0.8798828125 0.44791666586538464
644 0.6484375 0.5234375 0.765625 0.5299479158653846 0.7646484375 0.49479166586538464 0.6484375 0.48567708413461536 0.6484375 0.5234375
1047 0.5322265625 0.05208333413461538 0.54296875 0.06770833413461538 0.56640625 0.06901041586538462 0.572265625 0.05338541586538462 0.5576171875 0.046875 0.5322265625 0.05208333413461538
596 0.3896484375 0.42447916586538464 0.392578125 0.46744791586538464 0.4296875 0.45182291586538464 0.427734375 0.40755208413461536 0.400390625 0.40885416586538464 0.3974609375 0.42838541586538464 0.3896484375 0.42447916586538464
595 0.1123046875 0.47395833413461536 0.119140625 0.5130208341346154 0.15234375 0.5 0.1484375 0.47135416586538464 0.1123046875 0.47395833413461536
1633 0.58984375 0.25390625 0.5869140625 0.2877604158653846 0.625 0.28515625 0.6240234375 0.2552083341346154 0.58984375 0.25390625
1634 0.6943359375 0.2513020841346154 0.67578125 0.25 0.6748046875 0.2799479158653846 0.6943359375 0.27734375 0.6943359375 0.2513020841346154
552 0.552734375 0.20833333413461538 0.5380859375 0.2109375 0.533203125 0.23958333413461538 0.5498046875 0.23958333413461538 0.552734375 0.20833333413461538
1007 0.42578125 0.6809895841346154 0.4287109375 0.7395833341346154 0.5009765625 0.8763020841346154 0.5009765625 0.9986979158653846 0.990234375 0.99609375 0.9931640625 0.9791666658653846 1 0.625 0.8203125 0.5872395841346154 0.60546875 0.5533854158653846 0.4130859375 0.6653645841346154 0.42578125 0.6809895841346154
1047 0.9404296875 0.06640625 0.9580078125 0.05598958413461538 0.9609375 0.04296875 0.943359375 0.04817708413461538 0.9326171875 0.05078125 0.9404296875 0.06640625
629 0.7578125 0.48697916586538464 0.791015625 0.46875 0.7841796875 0.41145833413461536 0.7314453125 0.40364583413461536 0.7041015625 0.4140625 0.6923828125 0.47786458413461536 0.7578125 0.48697916586538464
188 0.609375 0.5768229158653846 0.6259765625 0.59765625 0.6337890625 0.63671875 0.806640625 0.640625 0.8193359375 0.6028645841346154 0.810546875 0.5794270841346154 0.8212890625 0.5481770841346154 0.8046875 0.5338541658653846 0.7861328125 0.5364583341346154 0.75390625 0.53125 0.734375 0.5286458341346154 0.7001953125 0.5325520841346154 0.6640625 0.5208333341346154 0.640625 0.5221354158653846 0.6171875 0.5221354158653846 0.609375 0.53515625 0.609375 0.5768229158653846
1152 0.552734375 0.62109375 0.5654296875 0.6536458341346154 0.5869140625 0.6653645841346154 0.6005859375 0.6588541658653846 0.6005859375 0.6223958341346154 0.6025390625 0.6028645841346154 0.599609375 0.5950520841346154 0.583984375 0.5911458341346154 0.564453125 0.5950520841346154 0.564453125 0.6119791658653846 0.552734375 0.62109375
1620 0.6279296875 0.64453125 0.6220703125 0.6393229158653846 0.5751953125 0.67578125 0.5810546875 0.68359375 0.6123046875 0.6627604158653846 0.6259765625 0.6549479158653846 0.6279296875 0.64453125
552 0.462890625 0.44791666586538464 0.4853515625 0.44140625 0.486328125 0.41927083413461536 0.46484375 0.42057291586538464 0.462890625 0.42578125 0.4580078125 0.42708333413461536 0.4560546875 0.4375 0.462890625 0.44791666586538464
305 0.5205078125 0.44270833413461536 0.5185546875 0.453125 0.5302734375 0.45703125 0.5458984375 0.45442708413461536 0.544921875 0.44661458413461536 0.5439453125 0.43619791586538464 0.5478515625 0.43359375 0.560546875 0.4140625 0.5595703125 0.40234375 0.548828125 0.39453125 0.5341796875 0.38802083413461536 0.5224609375 0.390625 0.515625 0.390625 0.5048828125 0.39713541586538464 0.5029296875 0.4140625 0.5205078125 0.44270833413461536
1365 0.4716796875 0.45182291586538464 0.462890625 0.45703125 0.4765625 0.46354166586538464 0.4951171875 0.46484375 0.5126953125 0.453125 0.5078125 0.44401041586538464 0.5 0.43880208413461536 0.4912109375 0.44010416586538464 0.482421875 0.45052083413461536 0.4716796875 0.45182291586538464
1264 0.8779296875 0.6315104158653846 0.8837890625 0.6471354158653846 0.8955078125 0.6549479158653846 0.9072265625 0.6471354158653846 0.9052734375 0.6223958341346154 0.89453125 0.6145833341346154 0.87890625 0.6158854158653846 0.8779296875 0.6315104158653846
1264 0.833984375 0.6080729158653846 0.833984375 0.62109375 0.8408203125 0.6380208341346154 0.8544921875 0.6380208341346154 0.8603515625 0.62890625 0.86328125 0.61328125 0.8544921875 0.5963541658653846 0.84375 0.5950520841346154 0.833984375 0.6080729158653846
1264 0.8876953125 0.5963541658653846 0.8779296875 0.59765625 0.873046875 0.6106770841346154 0.8740234375 0.6263020841346154 0.8994140625 0.6106770841346154 0.8935546875 0.6015625 0.8876953125 0.5963541658653846
1087 0.7265625 0.6627604158653846 0.6455078125 0.66796875 0.6640625 0.7330729158653846 0.8486328125 0.7291666658653846 0.8134765625 0.6640625 0.7392578125 0.65234375 0.7265625 0.6627604158653846
1736 0.4833984375 0.20833333413461538 0.484375 0.22005208413461538 0.4892578125 0.23567708413461538 0.505859375 0.23958333413461538 0.5185546875 0.234375 0.5283203125 0.22265625 0.525390625 0.20442708413461538 0.5185546875 0.2109375 0.5048828125 0.19401041586538462 0.4921875 0.20833333413461538 0.4892578125 0.20572916586538462 0.48828125 0.19401041586538462 0.4833984375 0.20833333413461538
347 0.646484375 0.5091145841346154 0.6416015625 0.48177083413461536 0.529296875 0.47135416586538464 0.45703125 0.49348958413461536 0.451171875 0.50390625 0.451171875 0.5377604158653846 0.4462890625 0.5455729158653846 0.4453125 0.6354166658653846 0.599609375 0.5559895841346154 0.646484375 0.5091145841346154
1037 0.8115234375 0.43489583413461536 0.8154296875 0.44791666586538464 0.814453125 0.47265625 0.8271484375 0.47265625 0.828125 0.44270833413461536 0.8173828125 0.43098958413461536 0.8115234375 0.43489583413461536
1588 0.8388671875 0.45182291586538464 0.8330078125 0.44791666586538464 0.8330078125 0.47135416586538464 0.8408203125 0.47135416586538464 0.8388671875 0.45182291586538464
682 0.0107421875 0.8645833341346154 0.1005859375 0.94140625 0.1083984375 0.94140625 0.1123046875 0.9466145841346154 0.26171875 0.8515625 0.2607421875 0.83984375 0.27734375 0.828125 0.2724609375 0.8190104158653846 0.2724609375 0.5481770841346154 0.1005859375 0.5950520841346154 0.0068359375 0.5611979158653846 0.013671875 0.5677083341346154 0.0146484375 0.8541666658653846 0.0107421875 0.8645833341346154
347 0.0107421875 0.40104166586538464 0.0126953125 0.40364583413461536 0.015625 0.52734375 0.03125 0.5260416658653846 0.029296875 0.51953125 0.0283203125 0.5013020841346154 0.0341796875 0.47395833413461536 0.044921875 0.43880208413461536 0.0546875 0.42447916586538464 0.064453125 0.42317708413461536 0.0654296875 0.40885416586538464 0.169921875 0.39973958413461536 0.171875 0.49479166586538464 0.185546875 0.4921875 0.18359375 0.48697916586538464 0.1845703125 0.47135416586538464 0.1865234375 0.44921875 0.1923828125 0.43098958413461536 0.2099609375 0.41015625 0.2197265625 0.40494791586538464 0.220703125 0.39322916586538464 0.2255859375 0.39453125 0.228515625 0.390625 0.2236328125 0.38020833413461536 0.220703125 0.0859375 0.39453125 0.12890625 0.4453125 0.2513020841346154 0.3515625 0.2578125 0.353515625 0.37239583413461536 0.3525390625 0.42838541586538464 0.35546875 0.4453125 0.35546875 0.45833333413461536 0.36328125 0.45572916586538464 0.3623046875 0.45182291586538464 0.36328125 0.43880208413461536 0.375 0.3984375 0.3916015625 0.38411458413461536 0.3994140625 0.38411458413461536 0.400390625 0.37630208413461536 0.431640625 0.375 0.43359375 0.44140625 0.4404296875 0.44010416586538464 0.4423828125 0.41536458413461536 0.44921875 0.39583333413461536 0.45703125 0.38020833413461536 0.4716796875 0.375 0.474609375 0.3671875 0.5126953125 0.36197916586538464 0.5693359375 0.36458333413461536 0.5703125 0.375 0.5791015625 0.37630208413461536 0.5791015625 0.3671875 0.7080078125 0.37109375 0.708984375 0.38151041586538464 0.7216796875 0.39713541586538464 0.724609375 0.41015625 0.732421875 0.40625 0.736328125 0.36067708413461536 0.736328125 0.125 0.7138671875 0.11588541586538462 0.5576171875 0.12630208413461538 0.484375 0.12890625 0.0458984375 0.0013020841346153846 0.0048828125 0.015625 0.001953125 0.0390625 0.0078125 0.05208333413461538 0.0107421875 0.40104166586538464
532 0.1044921875 0.5390625 0.083984375 0.5416666658653846 0.080078125 0.5338541658653846 0.0078125 0.5494791658653846 0.0068359375 0.55859375 0.1015625 0.5911458341346154 0.271484375 0.5442708341346154 0.2783203125 0.5416666658653846 0.2763671875 0.5325520841346154 0.2158203125 0.515625 0.1962890625 0.5377604158653846 0.19140625 0.5416666658653846 0.1630859375 0.5481770841346154 0.12890625 0.5455729158653846 0.107421875 0.53515625 0.1044921875 0.5390625
1670 0.3544921875 0.46744791586538464 0.35546875 0.44791666586538464 0.3515625 0.43229166586538464 0.322265625 0.44010416586538464 0.3193359375 0.44010416586538464 0.1884765625 0.46223958413461536 0.1845703125 0.484375 0.1865234375 0.4921875 0.181640625 0.49869791586538464 0.181640625 0.5013020841346154 0.1875 0.5026041658653846 0.27734375 0.53125 0.279296875 0.5364583341346154 0.2744140625 0.5455729158653846 0.2734375 0.8190104158653846 0.27734375 0.8268229158653846 0.283203125 0.82421875 0.4208984375 0.734375 0.423828125 0.68359375 0.4111328125 0.6861979158653846 0.41015625 0.66015625 0.44140625 0.6380208341346154 0.4443359375 0.5651041658653846 0.443359375 0.5494791658653846 0.44921875 0.5364583341346154 0.4501953125 0.5026041658653846 0.4541015625 0.49739583413461536 0.4541015625 0.48697916586538464 0.4375 0.47916666586538464 0.3544921875 0.46744791586538464
532 0.9873046875 0.5260416658653846 0.998046875 0.5286458341346154 0.9990234375 0.484375 0.63671875 0.44791666586538464 0.51171875 0.43359375 0.37109375 0.46744791586538464 0.4560546875 0.49088541586538464 0.5283203125 0.46744791586538464 0.7666015625 0.49739583413461536 0.775390625 0.5013020841346154 0.810546875 0.47526041586538464 0.98828125 0.49348958413461536 0.978515625 0.5143229158653846 0.98046875 0.5247395841346154 0.9873046875 0.5260416658653846
433 0.859375 0.29296875 0.873046875 0.2877604158653846 0.8779296875 0.27734375 0.880859375 0.265625 0.892578125 0.2734375 0.9013671875 0.2786458341346154 0.9150390625 0.2799479158653846 0.9306640625 0.27734375 0.9462890625 0.28515625 0.9580078125 0.2838541658653846 0.9658203125 0.28125 0.9775390625 0.2799479158653846 0.9853515625 0.2786458341346154 0.9990234375 0.2825520841346154 0.9990234375 0.014322915865384615 0.9853515625 0.016927084134615387 0.9814453125 0.01953125 0.947265625 0.12239583413461538 0.9365234375 0.10677083413461538 0.921875 0.08723958413461538 0.9130859375 0.07682291586538462 0.8994140625 0.05989583413461538 0.8896484375 0.04296875 0.880859375 0.0234375 0.8740234375 0.00390625 0.8525390625 0.00390625 0.8486328125 0.026041665865384613 0.8427734375 0.04166666586538462 0.833984375 0.05859375 0.8251953125 0.07291666586538462 0.814453125 0.08984375 0.7890625 0.13020833413461538 0.7744140625 0.08984375 0.7685546875 0.0859375 0.7568359375 0.046875 0.7314453125 0.04557291586538462 0.7109375 0.10416666586538462 0.703125 0.078125 0.6767578125 0.07942708413461538 0.6611328125 0.13541666586538462 0.6640625 0.13932291586538462 0.673828125 0.14192708413461538 0.6845703125 0.14322916586538462 0.677734375 0.20442708413461538 0.6650390625 0.20833333413461538 0.6650390625 0.21484375 0.6787109375 0.21875 0.6826171875 0.2265625 0.681640625 0.24739583413461538 0.6845703125 0.265625 0.6962890625 0.27734375 0.7041015625 0.2786458341346154 0.72265625 0.28515625 0.73828125 0.28515625 0.7548828125 0.2799479158653846 0.771484375 0.2838541658653846 0.78125 0.2890625 0.796875 0.2799479158653846 0.806640625 0.2825520841346154 0.82421875 0.2799479158653846 0.833984375 0.27734375 0.853515625 0.2513020841346154 0.84765625 0.2669270841346154 0.8466796875 0.27734375 0.8515625 0.2864583341346154 0.859375 0.29296875
1389 0.615234375 0.45182291586538464 0.61328125 0.4453125 0.6181640625 0.41536458413461536 0.6201171875 0.40755208413461536 0.619140625 0.39583333413461536 0.623046875 0.38932291586538464 0.625 0.36979166586538464 0.6171875 0.35677083413461536 0.6103515625 0.36328125 0.6103515625 0.359375 0.61328125 0.34244791586538464 0.61328125 0.33072916586538464 0.6064453125 0.32552083413461536 0.6025390625 0.30989583413461536 0.6005859375 0.3020833341346154 0.59375 0.3020833341346154 0.578125 0.32942708413461536 0.5810546875 0.33333333413461536 0.580078125 0.33723958413461536 0.5771484375 0.34244791586538464 0.5810546875 0.3515625 0.5791015625 0.35677083413461536 0.576171875 0.35807291586538464 0.578125 0.36588541586538464 0.5751953125 0.37369791586538464 0.57421875 0.390625 0.572265625 0.40234375 0.576171875 0.41015625 0.578125 0.41536458413461536 0.5830078125 0.44791666586538464 0.5830078125 0.45572916586538464 0.587890625 0.4609375 0.6103515625 0.45963541586538464 0.615234375 0.45182291586538464
792 0.025390625 0.8880208341346154 0.0029296875 0.90234375 0.001953125 0.9973958341346154 0.3740234375 0.9973958341346154 0.4990234375 0.9986979158653846 0.4970703125 0.8763020841346154 0.48828125 0.859375 0.4912109375 0.8489583341346154 0.4931640625 0.8359375 0.4912109375 0.8177083341346154 0.490234375 0.79296875 0.4765625 0.7578125 0.4619140625 0.74609375 0.451171875 0.74609375 0.4365234375 0.7486979158653846 0.42578125 0.7447916658653846 0.419921875 0.73828125 0.2646484375 0.8424479158653846 0.263671875 0.8515625 0.111328125 0.94921875 0.109375 0.9440104158653846 0.0986328125 0.9427083341346154 0.0263671875 0.8828125 0.025390625 0.8880208341346154