323 0.8258333341346155 0.6644444447115384 0.8458333341346154 0.6677777788461537 0.8716666658653847 0.6611111105769231 0.8683333341346154 0.6277777788461538 0.8458333341346154 0.6055555552884615 0.8158333341346153 0.6055555552884615 0.8008333341346153 0.6177777788461539 0.8008333341346153 0.6477777788461538 0.8258333341346155 0.6644444447115384
1735 0.6499999999999999 0.5022222211538462 0.6583333341346154 0.4766666658653846 0.6483333341346154 0.4755555552884615 0.6525 0.44999999999999996 0.6325000000000001 0.4455555552884615 0.62 0.4522222211538462 0.6183333341346154 0.4766666658653846 0.6183333341346154 0.4988888894230769 0.635 0.5022222211538462 0.6499999999999999 0.5022222211538462
1942 0.17083333413461538 0.41000000000000003 0.40499999999999997 0.41333333413461537 0.4116666658653846 0.19222222115384616 0.1508333341346154 0.16111111057692307 0.14833333413461539 0.18777777884615385 0.16916666586538462 0.19888888942307695 0.17083333413461538 0.41000000000000003
402 0.0225 0.002222221153846154 0.026666665865384614 0.060000000000000005 0.45583333413461535 0.13555555528846155 0.7241666658653846 0 0.0225 0.002222221153846154
1967 0.16916666586538462 0.8933333341346154 0.1891666658653846 0.9933333341346154 0.7941666658653846 0.9866666658653845 0.4508333341346154 0.7177777788461538 0.17333333413461538 0.7766666658653846 0.16916666586538462 0.8933333341346154
185 0.095 0.08222222115384616 0.061666665865384614 0.08222222115384616 0.031666665865384615 0.08666666586538462 0.006666665865384615 0.10333333413461537 0.0025 0.17111111057692308 0.13666666586538462 0.18444444471153845 0.14333333413461538 0.15888888942307694 0.14166666586538462 0.11222222115384616 0.12083333413461537 0.08333333413461538 0.095 0.08222222115384616
569 0.40666666586538464 0.40111111057692306 0.4125 0.3855555552884615 0.40666666586538464 0.2066666658653846 0.33916666586538463 0.19777777884615383 0.3358333341346154 0.40888888942307694 0.3925 0.41111111057692307 0.40666666586538464 0.40111111057692306
938 0.2666666658653846 0.1288888894230769 0.2525 0.12444444471153847 0.2341666658653846 0.1311111105769231 0.2433333341346154 0.14777777884615384 0.2591666658653846 0.17666666586538463 0.27333333413461536 0.16666666586538462 0.28583333413461537 0.16 0.28416666586538464 0.1333333341346154 0.2666666658653846 0.1288888894230769
249 0.19666666586538462 0.15777777884615382 0.19666666586538462 0.13555555528846155 0.18666666586538463 0.11888888942307692 0.16999999999999998 0.11 0.1508333341346154 0.10777777884615383 0.12583333413461537 0.1288888894230769 0.1308333341346154 0.14555555528846154 0.1633333341346154 0.16 0.1825 0.16 0.19666666586538462 0.15777777884615382
949 0.3608333341346154 0.18777777884615385 0.3733333341346154 0.17444444471153847 0.3691666658653846 0.15777777884615382 0.35500000000000004 0.14777777884615384 0.34249999999999997 0.13777777884615386 0.33083333413461535 0.14111111057692308 0.33083333413461535 0.15777777884615382 0.32499999999999996 0.16888888942307692 0.3283333341346154 0.1833333341346154 0.34833333413461537 0.18777777884615385 0.3608333341346154 0.18777777884615385
1564 0.33083333413461535 0.4677777788461538 0.1683333341346154 0.48222222115384616 0.1791666658653846 0.5055555552884615 0.35 0.4944444447115384 0.33083333413461535 0.4677777788461538
757 0.2575 0.48000000000000004 0.2666666658653846 0.4611111105769231 0.2625 0.44 0.24000000000000002 0.44 0.2341666658653846 0.48000000000000004 0.2575 0.48000000000000004
644 0.4566666658653846 0.7055555552884616 0.5208333341346154 0.76 0.5225000000000001 0.5277777788461538 0.455 0.5055555552884615 0.44999999999999996 0.6933333341346154 0.4566666658653846 0.7055555552884616
1199 0.5258333341346154 0.7744444447115384 0.6491666658653846 0.868888889423077 0.6508333341346154 0.5933333341346153 0.5225000000000001 0.5488888894230769 0.5208333341346154 0.7477777788461538 0.5258333341346154 0.7744444447115384
345 0.6558333341346153 0.6655555552884616 0.6541666658653846 0.8544444447115385 0.6575 0.868888889423077 0.715 0.9166666658653846 0.7183333341346153 0.6933333341346154 0.6558333341346153 0.6655555552884616
531 0.8408333341346155 0.7388888894230768 0.8500000000000001 0.722222221153846 0.8575 0.7033333341346153 0.925 0.6766666658653846 0.9266666658653846 0.6655555552884616 0.74 0.5988888894230769 0.6508333341346154 0.6177777788461539 0.6366666658653847 0.61 0.6275000000000001 0.62 0.64 0.638888889423077 0.645 0.6533333341346155 0.8408333341346155 0.7388888894230768
345 0.7233333341346154 0.9233333341346154 0.8233333341346154 0.9966666658653847 0.9425 1 0.95 0.6655555552884616 0.9191666658653846 0.6555555552884615 0.9141666658653846 0.6788888894230769 0.8658333341346154 0.701111110576923 0.8591666658653847 0.722222221153846 0.8266666658653846 0.7366666658653845 0.7274999999999999 0.6933333341346154 0.7233333341346154 0.9233333341346154
704 0 0.8242512067307692 0.1333333341346154 0.7933333341346154 0.1475 0.8022222211538461 0.1616666658653846 0.39222222115384614 0.1558333341346154 0.3777777788461538 0.14166666586538462 0.3777777788461538 0.13499999999999998 0.40111111057692306 0 0.4044239951923077 0 0.8242512067307692
695 0.1225 0.7311111105769231 0.11166666586538462 0.6955555552884616 0.10833333413461539 0.66 0.09 0.641111110576923 0.07083333413461539 0.638888889423077 0.06916666586538461 0.6766666658653846 0.065 0.7100000000000001 0.07416666586538462 0.7433333341346154 0.09166666586538462 0.7977777788461539 0.13666666586538462 0.778888889423077 0.1225 0.7311111105769231
695 0.042499999999999996 0.8077777788461538 0.049166665865384616 0.7311111105769231 0.04 0.6811111105769231 0.035 0.6488888894230769 0.015833334134615386 0.641111110576923 0.013333334134615385 0.6677777788461537 0.008333334134615384 0.7144444447115385 0.0008333341346153846 0.7455555552884616 0.005 0.8099999999999999 0.042499999999999996 0.8077777788461538
695 0.1508333341346154 0.5533333341346154 0.1508333341346154 0.5255555552884615 0.14 0.46555555528846154 0.14333333413461538 0.4211111105769231 0.12083333413461537 0.4755555552884615 0.12083333413461537 0.52 0.12083333413461537 0.5533333341346154 0.11833333413461539 0.5966666658653846 0.1291666658653846 0.6055555552884615 0.1475 0.5888888894230769 0.1508333341346154 0.5533333341346154
695 0.1225 0.48888888942307696 0.10083333413461538 0.4488888894230769 0.10083333413461538 0.41777777884615386 0.08833333413461539 0.41777777884615386 0.08333333413461538 0.4511111105769231 0.0775 0.4866666658653846 0.0725 0.5055555552884615 0.061666665865384614 0.5388888894230769 0.06333333413461538 0.5744444447115384 0.06333333413461538 0.5966666658653846 0.08499999999999999 0.6055555552884615 0.10833333413461539 0.5988888894230769 0.1225 0.5744444447115384 0.12583333413461537 0.508888889423077 0.1225 0.48888888942307696
695 0 0.5288888894230769 0.0008333341346153846 0.6344444447115385 0.020833334134615387 0.6266666658653846 0.03333333413461538 0.5988888894230769 0.035 0.5533333341346154 0.031666665865384615 0.508888889423077 0.028333334134615383 0.47777777884615386 0.015833334134615386 0.4466666658653846 0.020833334134615387 0.4211111105769231 0 0.4232478629807692 0 0.5288888894230769
985 0.10583333413461539 0.8833333341346153 0.10583333413461539 0.8355555552884616 0.08499999999999999 0.7833333341346154 0.08333333413461538 0.7622222211538462 0.061666665865384614 0.7533333341346153 0.045833334134615385 0.7666666658653847 0.0475 0.7855555552884615 0.03333333413461538 0.8266666658653846 0.028333334134615383 0.86 0.031666665865384615 0.9088888894230769 0.05083333413461539 0.9188888894230769 0.08833333413461539 0.9088888894230769 0.10583333413461539 0.8833333341346153
1047 0.5116666658653846 0.021111110576923078 0.46749999999999997 0.026666665865384614 0.47833333413461543 0.04111111057692308 0.5141666658653846 0.04 0.5116666658653846 0.021111110576923078
1047 0.3575 0.1 0.3591666658653846 0.11444444471153846 0.3833333341346154 0.11777777884615384 0.3925 0.09888888942307691 0.37 0.09777777884615385 0.3575 0.1
957 0.43416666586538466 0.2588888894230769 0.43416666586538466 0.24555555528846154 0.4325 0.23111111057692307 0.4183333341346154 0.23 0.41666666586538464 0.2577777788461538 0.43416666586538466 0.2588888894230769
364 0.33083333413461535 0.35333333413461543 0.32333333413461535 0.35333333413461543 0.32333333413461535 0.40111111057692306 0.33083333413461535 0.40444444471153845 0.33083333413461535 0.35333333413461543
364 0.1958333341346154 0.35333333413461543 0.19 0.35333333413461543 0.18666666586538463 0.4055555552884615 0.195 0.40666666586538464 0.1958333341346154 0.35333333413461543
1600 0.2075 0.46222222115384615 0.20249999999999999 0.46 0.19833333413461537 0.48000000000000004 0.2075 0.4833333341346154 0.2075 0.46888888942307694 0.2175 0.4677777788461538 0.2166666658653846 0.4611111105769231 0.2075 0.46222222115384615
1047 0.1858333341346154 0.06555555528846155 0.17750000000000002 0.060000000000000005 0.17333333413461538 0.05888888942307692 0.1558333341346154 0.05777777884615384 0.1441666658653846 0.06111111057692308 0.1441666658653846 0.06777777884615385 0.1541666658653846 0.07444444471153847 0.16916666586538462 0.0766666658653846 0.1833333341346154 0.0766666658653846 0.1891666658653846 0.0766666658653846 0.1908333341346154 0.07 0.1858333341346154 0.06555555528846155
118 0.07416666586538462 0.09555555528846155 0.0625 0.10222222115384616 0.060833334134615384 0.11222222115384616 0.09166666586538462 0.11555555528846154 0.09333333413461539 0.11111111057692308 0.09 0.10222222115384616 0.08333333413461538 0.09555555528846155 0.07416666586538462 0.09555555528846155
118 0.053333334134615384 0.09777777884615385 0.04416666586538461 0.09777777884615385 0.0325 0.10222222115384616 0.029166665865384616 0.11111111057692308 0.05916666586538462 0.11222222115384616 0.05833333413461539 0.10444444471153846 0.053333334134615384 0.09777777884615385
1116 0.6024999999999999 0.35 0.6216666658653847 0.35777777884615386 0.7308333341346154 0.35333333413461543 0.7316666658653846 0.2188888894230769 0.5983333341346154 0.24222222115384615 0.595 0.2666666658653846 0.5933333341346153 0.35 0.6024999999999999 0.35
985 0.5116666658653846 0.40666666586538464 0.5116666658653846 0.39555555528846154 0.5066666658653847 0.3866666658653846 0.48916666586538465 0.3855555552884615 0.4866666658653846 0.39666666586538457 0.48000000000000004 0.40444444471153845 0.4741666658653846 0.41666666586538464 0.47250000000000003 0.4322222211538461 0.47916666586538464 0.46222222115384615 0.47916666586538464 0.47222222115384616 0.49666666586538466 0.47222222115384616 0.49666666586538466 0.4566666658653846 0.5091666658653846 0.44999999999999996 0.5158333341346154 0.4444444447115385 0.5183333341346154 0.4366666658653846 0.5175 0.4222222211538461 0.5116666658653846 0.40666666586538464
1382 0.4416666658653846 0.4222222211538461 0.4391666658653846 0.4144444447115384 0.40166666586538463 0.41666666586538464 0.4 0.47222222115384616 0.4366666658653846 0.47444444471153846 0.4375 0.45555555528846153 0.4391666658653846 0.4344444447115385 0.4416666658653846 0.4222222211538461
1459 0.43416666586538466 0.3266666658653846 0.435 0.32555555528846153 0.4391666658653846 0.3133333341346154 0.4325 0.3066666658653846 0.4283333341346154 0.30888888942307696 0.42666666586538465 0.3133333341346154 0.4233333341346154 0.3133333341346154 0.4233333341346154 0.31 0.4216666658653846 0.30222222115384617 0.4183333341346154 0.30222222115384617 0.415 0.3055555552884615 0.415 0.3133333341346154 0.415 0.32 0.42 0.3266666658653846 0.41916666586538465 0.33111111057692305 0.42 0.33444444471153845 0.42666666586538465 0.3355555552884616 0.42666666586538465 0.3288888894230769 0.4316666658653846 0.3266666658653846 0.43416666586538466 0.3266666658653846
679 0.4475 0.5388888894230769 0.44833333413461535 0.5077777788461538 0.3891666658653846 0.511111110576923 0.3883333341346154 0.5444444447115384 0.4475 0.5388888894230769
545 0.385 0.7144444447115385 0.4508333341346154 0.7033333341346153 0.44833333413461535 0.5466666658653846 0.3891666658653846 0.5533333341346154 0.385 0.7144444447115385
545 0.1875 0.5733333341346154 0.1808333341346154 0.76 0.28416666586538464 0.7355555552884615 0.2875 0.5644444447115384 0.1875 0.5733333341346154
545 0.28916666586538464 0.5622222211538461 0.28583333413461537 0.7377777788461538 0.3758333341346154 0.7188888894230769 0.3766666658653846 0.5533333341346154 0.28916666586538464 0.5622222211538461
545 0.8316666658653846 0.001111110576923077 0.8233333341346154 0.6077777788461538 0.9291666658653847 0.6422222211538462 0.9358333341346154 0.002222221153846154 0.8316666658653846 0.001111110576923077
545 0.8233333341346154 0.6066666658653846 0.83 0.001111110576923077 0.7483333341346154 0.001111110576923077 0.7416666658653847 0.5811111105769231 0.8233333341346154 0.6066666658653846
1678 0.6591666658653845 0.5466666658653846 0.7274999999999999 0.5344444447115385 0.73 0.5166666658653847 0.6725 0.5044444447115385 0.6566666658653847 0.4988888894230769 0.6183333341346154 0.4988888894230769 0.535 0.51 0.5233333341346154 0.5377777788461539 0.5291666658653846 0.5455555552884616 0.6408333341346153 0.5855555552884616 0.6575 0.5855555552884616 0.66 0.5688888894230769 0.6499999999999999 0.5622222211538461 0.6591666658653845 0.5466666658653846
341 0.6833333341346154 0.5333333341346154 0.655 0.5188888894230769 0.6141666658653846 0.5255555552884615 0.6425 0.5344444447115385 0.6833333341346154 0.5333333341346154
341 0.6024999999999999 0.5022222211538462 0.5633333341346154 0.5133333341346155 0.5816666658653846 0.5188888894230769 0.62 0.5166666658653847 0.6024999999999999 0.5022222211538462
341 0.6925 0.508888889423077 0.6575 0.5188888894230769 0.6849999999999999 0.5311111105769231 0.7158333341346155 0.5288888894230769 0.7258333341346154 0.5277777788461538 0.7283333341346154 0.5166666658653847 0.6925 0.508888889423077
678 0.17333333413461538 0.40666666586538464 0.1808333341346154 0.40777777884615385 0.1858333341346154 0.17444444471153847 0.14583333413461538 0.16888888942307692 0.14333333413461538 0.18555555528846154 0.16916666586538462 0.19222222115384616 0.17333333413461538 0.40666666586538464
118 0.005 0.10333333413461537 0.0033333341346153847 0.10777777884615383 0.0033333341346153847 0.11222222115384616 0.023333334134615382 0.11222222115384616 0.028333334134615383 0.11111111057692308 0.025833334134615384 0.10555555528846153 0.023333334134615382 0.10111111057692307 0.018333334134615385 0.1 0.013333334134615385 0.1 0.005 0.10333333413461537
305 0.445 0.4811111105769231 0.45833333413461536 0.48222222115384616 0.46833333413461536 0.48000000000000004 0.47166666586538464 0.4588888894230769 0.46916666586538464 0.44777777884615383 0.4633333341346154 0.44777777884615383 0.455 0.4466666658653846 0.4491666658653846 0.4455555552884615 0.44083333413461534 0.4511111105769231 0.435 0.4566666658653846 0.435 0.4611111105769231 0.4375 0.48000000000000004 0.445 0.4811111105769231
1973 0.46 0.3777777788461538 0.4566666658653846 0.3755555552884615 0.4533333341346154 0.3733333341346154 0.44833333413461535 0.3766666658653846 0.4433333341346154 0.3855555552884615 0.4425 0.39222222115384614 0.44 0.38444444471153844 0.4366666658653846 0.3822222211538462 0.43416666586538466 0.38444444471153844 0.4333333341346154 0.39555555528846154 0.42 0.388888889423077 0.41916666586538465 0.3788888894230769 0.40666666586538464 0.3711111105769231 0.4083333341346154 0.38444444471153844 0.40583333413461536 0.41333333413461537 0.40750000000000003 0.41555555528846155 0.4308333341346154 0.41333333413461537 0.44 0.41666666586538464 0.4425 0.41555555528846155 0.4425 0.40777777884615385 0.445 0.40111111057692306 0.44999999999999996 0.40222222115384615 0.4541666658653846 0.39888888942307693 0.4566666658653846 0.39444444471153844 0.45916666586538457 0.3911111105769231 0.46 0.3833333341346154 0.46 0.3777777788461538
311 0.4983333341346154 0.4766666658653846 0.5016666658653846 0.48000000000000004 0.5158333341346154 0.48000000000000004 0.5275 0.47888888942307695 0.53 0.44999999999999996 0.5283333341346154 0.44777777884615383 0.5216666658653846 0.44777777884615383 0.5183333341346154 0.4444444447115385 0.5125 0.4455555552884615 0.5058333341346154 0.44777777884615383 0.5 0.4433333341346154 0.4941666658653846 0.4466666658653846 0.4975 0.45555555528846153 0.4983333341346154 0.4766666658653846
1128 0.5325 0.4533333341346154 0.5366666658653846 0.4566666658653846 0.5425 0.4666666658653846 0.5508333341346154 0.4933333341346154 0.59 0.4988888894230769 0.5908333341346154 0.4944444447115384 0.6033333341346154 0.46 0.6075 0.46 0.6058333341346154 0.4522222211538462 0.6024999999999999 0.4433333341346154 0.5758333341346155 0.4444444447115385 0.5575 0.4455555552884615 0.5375 0.4488888894230769 0.5325 0.4533333341346154
910 0.5716666658653846 0.44222222115384613 0.5616666658653846 0.4366666658653846 0.5533333341346154 0.43 0.5441666658653846 0.42444444471153847 0.5408333341346154 0.4288888894230769 0.5408333341346154 0.4377777788461538 0.5483333341346154 0.44111111057692304 0.5566666658653846 0.4444444447115385 0.5591666658653847 0.44999999999999996 0.5708333341346153 0.4522222211538462 0.5716666658653846 0.44222222115384613
1469 0.22333333413461537 0.888888889423077 0.495 0.8088888894230769 0.5016666658653846 0.8044444447115384 0.4366666658653846 0.7444444447115385 0.2033333341346154 0.8 0.195 0.8155555552884616 0.2183333341346154 0.888888889423077 0.22333333413461537 0.888888889423077
695 0.07166666586538462 0.47222222115384616 0.0775 0.4633333341346154 0.08833333413461539 0.4333333341346154 0.038333334134615385 0.4322222211538461 0.03583333413461538 0.4433333341346154 0.0375 0.4533333341346154 0.039166665865384614 0.4711111105769231 0.03333333413461538 0.48000000000000004 0.0325 0.48777777884615386 0.035 0.5055555552884615 0.03583333413461538 0.5644444447115384 0.0325 0.5988888894230769 0.013333334134615385 0.6344444447115385 0.016666665865384615 0.6488888894230769 0.024166665865384615 0.6444444447115385 0.04166666586538462 0.6488888894230769 0.054166665865384614 0.6455555552884615 0.06666666586538461 0.6433333341346154 0.07583333413461538 0.6288888894230769 0.09166666586538462 0.6288888894230769 0.1 0.6166666658653847 0.10083333413461538 0.6066666658653846 0.09916666586538461 0.601111110576923 0.07833333413461538 0.6022222211538462 0.06333333413461538 0.5944444447115385 0.06416666586538461 0.5266666658653846 0.07583333413461538 0.51 0.08083333413461538 0.4977777788461539 0.07583333413461538 0.4855555552884615 0.07166666586538462 0.47222222115384616
1575 0.7866666658653846 0.6766666658653846 0.7925 0.6811111105769231 0.8108333341346154 0.6855555552884615 0.8258333341346155 0.6866666658653846 0.8216666658653846 0.6611111105769231 0.7833333341346154 0.6588888894230769 0.7866666658653846 0.6766666658653846
1575 0.7391666658653846 0.6077777788461538 0.73 0.6133333341346154 0.7266666658653846 0.6211111105769231 0.7375 0.6433333341346154 0.7424999999999999 0.6433333341346154 0.7583333341346153 0.6433333341346154 0.7633333341346155 0.638888889423077 0.76 0.6222222211538462 0.7641666658653846 0.6133333341346154 0.7525000000000001 0.6077777788461538 0.7391666658653846 0.6077777788461538
1575 0.7733333341346154 0.6499999999999999 0.7833333341346154 0.6488888894230769 0.7908333341346154 0.6455555552884615 0.7933333341346154 0.6344444447115385 0.7866666658653846 0.618888889423077 0.765 0.6177777788461539 0.7616666658653847 0.6222222211538462 0.765 0.641111110576923 0.7733333341346154 0.6499999999999999
404 0.29416666586538465 0.08888888942307692 0.29250000000000004 0.08666666586538462 0.2875 0.08444444471153846 0.26833333413461535 0.08444444471153846 0.2616666658653846 0.08888888942307692 0.2633333341346154 0.09111111057692309 0.2691666658653846 0.09555555528846155 0.27749999999999997 0.09666666586538461 0.27666666586538463 0.10666666586538462 0.27666666586538463 0.11444444471153846 0.27666666586538463 0.11888888942307692 0.27666666586538463 0.12222222115384616 0.27749999999999997 0.13444444471153846 0.2758333341346154 0.15777777884615382 0.2758333341346154 0.17666666586538463 0.27416666586538463 0.18222222115384618 0.27416666586538463 0.18777777884615385 0.2708333341346154 0.19333333413461537 0.2691666658653846 0.2 0.2708333341346154 0.20555555528846153 0.275 0.21222222115384615 0.2633333341346154 0.23444444471153847 0.26 0.2933333341346154 0.2633333341346154 0.29777777884615386 0.29416666586538465 0.29555555528846156 0.29416666586538465 0.2688888894230769 0.2958333341346154 0.23777777884615384 0.28500000000000003 0.21111111057692306 0.2866666658653846 0.20555555528846153 0.2866666658653846 0.19555555528846155 0.28416666586538464 0.1888888894230769 0.28083333413461536 0.18777777884615385 0.2825 0.16555555528846153 0.28416666586538464 0.11333333413461538 0.28416666586538464 0.09888888942307691 0.28916666586538464 0.09888888942307691 0.295 0.09444444471153846 0.295 0.09222222115384615 0.29416666586538465 0.08888888942307692
347 0.4608333341346154 0.15777777884615382 0.4566666658653846 0.3644444447115385 0.5983333341346154 0.3733333341346154 0.6516666658653846 0.3766666658653846 0.6533333341346155 0.361111110576923 0.62 0.361111110576923 0.605 0.3522222211538461 0.5916666658653846 0.3522222211538461 0.595 0.2555555552884615 0.5983333341346154 0.24000000000000002 0.7308333341346154 0.2166666658653846 0.7358333341346154 0.005555555288461538 0.7274999999999999 0.002222221153846154 0.4491666658653846 0.14 0.4608333341346154 0.15777777884615382
1885 0.45833333413461536 0.15555555528846154 0.4466666658653846 0.13777777884615386 0.023333334134615382 0.06333333413461538 0.0025 0.08111111057692308 0.0033333341346153847 0.10555555528846153 0.0975 0.11444444471153846 0.13916666586538462 0.13888888942307692 0.13499999999999998 0.18666666586538463 0.165 0.1911111105769231 0.17083333413461538 0.4755555552884615 0.4741666658653846 0.46 0.5191666658653846 0.44222222115384613 0.5316666658653847 0.4466666658653846 0.5316666658653847 0.4666666658653846 0.7266666658653846 0.51 0.73 0.3777777788461538 0.7274999999999999 0.3633333341346154 0.6558333341346153 0.361111110576923 0.6541666658653846 0.3777777788461538 0.4608333341346154 0.37 0.455 0.36555555528846156 0.45833333413461536 0.15555555528846154