1116 0.67 0.5723809519230769 0.7378571418269231 0.6180952379807692 0.7392857139423078 0.3571428581730769 0.67 0.3666666658653846 0.67 0.5723809519230769
1199 0.7535714278846153 1 0.7485714278846154 0.6438095240384616 0.6757142860576923 0.5866666658653846 0.6614285721153846 0.5866666658653846 0.6649999999999999 0.8742857139423077 0.7342857139423077 1 0.7535714278846153 1
626 0.6542857139423077 0.5323809519230769 0.6592857139423077 0.5038095240384616 0.6542857139423077 0.47809523798076925 0.645 0.46571428605769233 0.59 0.46380952403846154 0.5778571418269232 0.48476190384615386 0.5935714278846154 0.5114285721153846 0.5864285721153846 0.5419047620192308 0.5957142860576923 0.5561904759615385 0.615 0.562857141826923 0.6364285721153846 0.5561904759615385 0.6542857139423077 0.5323809519230769
626 0.592142858173077 0.5276190480769231 0.5885714278846154 0.4990476201923077 0.565 0.48000000000000004 0.5528571418269231 0.4876190480769231 0.5435714278846153 0.5066666658653847 0.542142858173077 0.5323809519230769 0.5542857139423076 0.5485714278846154 0.5707142860576924 0.5514285721153847 0.592142858173077 0.5276190480769231
626 0.49071428605769235 0.5323809519230769 0.4957142860576923 0.5114285721153846 0.48714285817307695 0.4942857139423077 0.4742857139423077 0.4828571418269231 0.4514285721153846 0.48952381009615387 0.4442857139423077 0.5114285721153846 0.4442857139423077 0.5323809519230769 0.4564285721153846 0.5561904759615385 0.47642857211538464 0.5533333341346154 0.49071428605769235 0.5323809519230769
531 0.6685714278846154 0.5514285721153847 0.3464285721153846 0.5514285721153847 0.33571428605769227 0.58 0.6507142860576922 0.5819047620192308 0.6685714278846154 0.5514285721153847
364 0.8907142860576923 0.7219047620192308 0.8999999999999999 0.7057142860576923 0.892857141826923 0.6914285721153846 0.892857141826923 0.6514285721153846 0.8892857139423077 0.6390476201923078 0.8764285721153846 0.6485714278846154 0.875 0.6838095240384615 0.8678571418269231 0.6961904759615384 0.8764285721153846 0.7123809519230769 0.8764285721153846 0.7438095240384615 0.875 0.7771428581730769 0.8692857139423077 0.8 0.8607142860576923 0.8171428581730769 0.875 0.8285714278846155 0.8942857139423077 0.8314285721153846 0.9064285721153845 0.8142857139423078 0.8892857139423077 0.7914285721153846 0.8907142860576923 0.7219047620192308
364 0.8535714278846154 0.7009523798076922 0.8478571418269231 0.6838095240384615 0.8442857139423077 0.6342857139423077 0.8335714278846154 0.6295238100961539 0.83 0.677142858173077 0.8264285721153846 0.6914285721153846 0.8321428581730769 0.7104761899038461 0.8321428581730769 0.7361904759615385 0.8335714278846154 0.764761903846154 0.8321428581730769 0.7838095240384615 0.822857141826923 0.7885714278846153 0.8157142860576924 0.802857141826923 0.83 0.8123809519230769 0.8442857139423077 0.8142857139423078 0.8585714278846154 0.8047619038461539 0.8585714278846154 0.7914285721153846 0.8500000000000001 0.7790476201923078 0.8478571418269231 0.7219047620192308 0.8535714278846154 0.7009523798076922
1025 0.825 0.32857142788461535 0.8285714278846155 0.26857142788461535 0.8264285721153846 0.22666666586538461 0.8157142860576924 0.20952381009615387 0.807142858173077 0.2457142860576923 0.807142858173077 0.27333333413461536 0.8085714278846154 0.31904762019230765 0.807142858173077 0.34761904807692307 0.8049999999999999 0.3733333341346154 0.795 0.3857142860576923 0.7892857139423076 0.4038095240384615 0.795 0.4276190480769231 0.8085714278846154 0.44 0.8264285721153846 0.44 0.8407142860576923 0.4323809519230769 0.8478571418269231 0.41142857211538464 0.8392857139423077 0.3876190480769231 0.825 0.3761904759615385 0.825 0.32857142788461535
803 0.2964285721153846 0.6914285721153846 0.3071428581730769 0.6295238100961539 0.3014285721153846 0.5942857139423077 0.305 0.5676190480769231 0.3014285721153846 0.5466666658653846 0.28214285817307694 0.5342857139423077 0.2607142860576923 0.5371428581730769 0.2521428581730769 0.5514285721153847 0.23785714182692308 0.5371428581730769 0.2092857139423077 0.5371428581730769 0.1914285721153846 0.5371428581730769 0.1792857139423077 0.5609523798076923 0.16857142788461538 0.58 0.1542857139423077 0.5961904759615385 0.1542857139423077 0.6104761899038461 0.17571428605769232 0.62 0.1878571418269231 0.6342857139423077 0.195 0.6819047620192307 0.2964285721153846 0.6914285721153846
1383 0 0.11380952403846155 0.0007142860576923077 0.16952381009615386 0.043571427884615384 0.16666666586538462 0.06357142788461538 0.16476190384615386 0.0957142860576923 0.15238095192307693 0.1057142860576923 0.13809523798076923 0.10428571394230769 0.11238095192307693 0.08642857211538463 0.09809523798076923 0.06357142788461538 0.08857142788461539 0.05071428605769231 0.06761904807692308 0.04 0.03142857211538462 0.03142857211538462 0.005714286057692307 0 0.05693121634615384 0 0.11380952403846155
1386 0 0.27116190384615385 0.01714285817307692 0.26476190384615383 0.015000000000000001 0.28285714182692306 0.024285713942307694 0.3114285721153846 0.043571427884615384 0.33333333413461536 0.05071428605769231 0.3523809519230769 0.06857142788461539 0.3666666658653846 0.09214285817307692 0.3619047620192308 0.11285714182692308 0.33523809615384614 0.11857142788461537 0.30476190384615387 0.115 0.2666666658653846 0.11142857211538462 0.24285714182692308 0.1257142860576923 0.19809523798076922 0.11285714182692308 0.1857142860576923 0.10071428605769231 0.1742857139423077 0.08285714182692307 0.1742857139423077 0.07214285817307692 0.1838095240384615 0.06142857211538462 0.1838095240384615 0.054285713942307696 0.19523809615384616 0.043571427884615384 0.1838095240384615 0.03285714182692308 0.15714285817307694 0.022142858173076926 0.15714285817307694 0.011428572115384615 0.16666666586538462 0 0.18280112019230768 0 0.27116190384615385
1061 0.1985714278846154 0.29047618990384616 0.1878571418269231 0.26857142788461535 0.17357142788461538 0.2523809519230769 0.15785714182692306 0.2457142860576923 0.13785714182692307 0.2476190480769231 0.1257142860576923 0.2571428581730769 0.11285714182692308 0.29047618990384616 0.11285714182692308 0.3238095240384615 0.1257142860576923 0.3523809519230769 0.145 0.3542857139423077 0.16857142788461538 0.3542857139423077 0.18642857211538463 0.34285714182692306 0.1985714278846154 0.31904762019230765 0.1985714278846154 0.29047618990384616
1469 0.32142857211538456 0.9542857139423078 0.6664285721153846 0.9571428581730769 0.6685714278846154 0.9238095240384615 0.62 0.8314285721153846 0.33714285817307693 0.8314285721153846 0.32142857211538456 0.9542857139423078
531 0.9957142860576924 1 0.9957142860576924 0.8695238100961539 0.875 0.764761903846154 0.7557142860576923 0.7771428581730769 0.9514285721153846 1 0.9957142860576924 1
1498 0.4992857139423077 0.19809523798076922 0.49071428605769235 0.2190476201923077 0.5707142860576924 0.20952381009615387 0.5635714278846155 0.19047618990384615 0.5507142860576922 0.17619047596153845 0.5364285721153846 0.1714285721153846 0.5221428581730769 0.15714285817307694 0.5064285721153846 0.15714285817307694 0.4885714278846154 0.1742857139423077 0.4992857139423077 0.19809523798076922
1498 0.38 0.1714285721153846 0.3642857139423077 0.17904762019230772 0.35500000000000004 0.19809523798076922 0.34785714182692307 0.21714285817307694 0.37642857211538466 0.21714285817307694 0.3835714278846154 0.18857142788461537 0.38 0.1714285721153846
1498 0.5792857139423077 0.22666666586538461 0.5971428581730769 0.22666666586538461 0.6185714278846154 0.22380952403846152 0.6257142860576923 0.2 0.6128571418269231 0.18857142788461537 0.6007142860576923 0.19809523798076922 0.582857141826923 0.20952381009615387 0.5792857139423077 0.22666666586538461
1498 0.6721428581730768 0.2 0.6649999999999999 0.1838095240384615 0.6521428581730769 0.19047618990384615 0.6364285721153846 0.19333333413461537 0.6307142860576923 0.22380952403846152 0.67 0.2190476201923077 0.6721428581730768 0.2
1059 0.5085714278846154 0.0809523798076923 0.5064285721153846 0.1 0.5271428581730769 0.09809523798076923 0.5335714278846153 0.08380952403846154 0.5085714278846154 0.0809523798076923
314 0.0035714278846153847 0.5285714278846154 0.004285713942307692 0.5676190480769231 0.018571427884615386 0.5638095240384615 0.047142858173076924 0.5523809519230769 0.04214285817307692 0.522857141826923 0.02928571394230769 0.522857141826923 0.0035714278846153847 0.5285714278846154
1047 0.2507142860576923 0.07904762019230768 0.24928571394230767 0.10380952403846154 0.2728571418269231 0.10380952403846154 0.2742857139423077 0.09047618990384615 0.2507142860576923 0.07904762019230768
462 0.2928571418269231 0.4714285721153846 0.28785714182692307 0.5028571418269231 0.3135714278846154 0.5028571418269231 0.3135714278846154 0.47333333413461537 0.30642857211538466 0.46190476201923075 0.29714285817307695 0.4609523798076923 0.2928571418269231 0.4714285721153846
956 0.2535714278846154 0.4838095240384615 0.2535714278846154 0.5028571418269231 0.2628571418269231 0.5028571418269231 0.2628571418269231 0.4838095240384615 0.2535714278846154 0.4838095240384615
1362 0.23285714182692308 0.29238095192307695 0.2242857139423077 0.30476190384615387 0.2185714278846154 0.3228571418269231 0.2207142860576923 0.35142857211538464 0.22857142788461537 0.3485714278846154 0.23214285817307692 0.33999999999999997 0.23285714182692308 0.29238095192307695
279 0.6371428581730769 0.6571428581730768 0.6649999999999999 0.6580952379807693 0.6649999999999999 0.5971428581730769 0.6371428581730769 0.5971428581730769 0.6371428581730769 0.6571428581730768
279 0.6378571418269231 0.7533333341346153 0.6685714278846154 0.7485714278846154 0.6657142860576923 0.6904761899038461 0.6357142860576922 0.6914285721153846 0.6378571418269231 0.7533333341346153
878 0.5857142860576923 0.34761904807692307 0.5314285721153846 0.3523809519230769 0.5378571418269231 0.3771428581730769 0.5871428581730769 0.3733333341346154 0.5857142860576923 0.34761904807692307
878 0.5857142860576923 0.40666666586538464 0.542142858173077 0.4057142860576923 0.5371428581730769 0.4304761899038461 0.5864285721153846 0.43142857211538466 0.5857142860576923 0.40666666586538464
977 0.682142858173077 0.0038095240384615385 0.6657142860576923 0.004761903846153846 0.6649999999999999 0.07523809615384615 0.6849999999999999 0.06095237980769231 0.682142858173077 0.0038095240384615385
1522 0.46 0.2066666658653846 0.46857142788461537 0.21619047596153845 0.4835714278846154 0.21619047596153845 0.4885714278846154 0.18952381009615385 0.47000000000000003 0.1809523798076923 0.46 0.2066666658653846
580 0.4264285721153846 0.20952381009615387 0.46214285817307693 0.19047618990384615 0.45785714182692305 0.17523809615384614 0.40857142788461537 0.17333333413461538 0.39071428605769226 0.18190476201923078 0.4264285721153846 0.20952381009615387
764 0.33714285817307693 0.48952381009615387 0.3307142860576923 0.4914285721153846 0.32857142788461535 0.5019047620192307 0.3364285721153846 0.5019047620192307 0.33714285817307693 0.48952381009615387
765 0.3964285721153846 0.20380952403846153 0.38785714182692305 0.20952381009615387 0.38785714182692305 0.21619047596153845 0.4057142860576923 0.21619047596153845 0.41142857211538464 0.20190476201923074 0.3964285721153846 0.20380952403846153
347 0.7485714278846154 0.0009523798076923076 0.7207142860576923 0.0009523798076923076 0.6442857139423077 0.11047618990384615 0.6685714278846154 0.13428571394230768 0.6692857139423077 0.36380952403846156 0.7471428581730769 0.3552380961538461 0.745 0.6171428581730769 0.6757142860576923 0.5780952379807692 0.6742857139423077 0.5885714278846154 0.755 0.64 0.7571428581730769 0.9971428581730769 0.9392857139423078 0.9990476201923078 0.76 0.7933333341346154 0.7607142860576922 0.7742857139423076 0.8757142860576923 0.7590476201923076 0.9992857139423077 0.8628571418269231 0.9992857139423077 0.0009523798076923076 0.7485714278846154 0.0009523798076923076
347 0.0014285721153846154 0.5066666658653847 0.047142858173076924 0.5066666658653847 0.05142857211538462 0.507619048076923 0.056428572115384615 0.5038095240384616 0.056428572115384615 0.40476190384615385 0.23428571394230768 0.40761904807692306 0.23357142788461538 0.45714285817307687 0.23357142788461538 0.4676190480769231 0.2385714278846154 0.46857142788461537 0.24214285817307693 0.5047619038461538 0.24714285817307693 0.5038095240384616 0.2485714278846154 0.45714285817307687 0.34071428605769233 0.46 0.34285714182692306 0.4676190480769231 0.3464285721153846 0.507619048076923 0.3507142860576923 0.5085714278846154 0.35 0.45714285817307687 0.6678571418269231 0.45904762019230766 0.6657142860576923 0.2209523798076923 0.35214285817307694 0.21809523798076924 0.35285714182692307 0.1809523798076923 0.3728571418269231 0.1457142860576923 0.3814285721153846 0.13619047596153847 0.3778571418269231 0.11333333413461538 0.002142858173076923 0.12285714182692307 0.0014285721153846154 0.5066666658653847
402 0.6635714278846153 0.0742857139423077 0.6642857139423076 0 0.5128571418269231 0.0009523798076923076 0.0014285721153846154 0.0009523798076923076 0.002142858173076923 0.11809523798076924 0.3785714278846154 0.11047618990384615 0.3828571418269231 0.13714285817307692 0.6657142860576923 0.14 0.6657142860576923 0.1333333341346154 0.6407142860576923 0.10857142788461539 0.6635714278846153 0.0742857139423077
1184 0.037857141826923076 0.47619047596153846 0.03428571394230769 0.47523809615384616 0.03428571394230769 0.48476190384615386 0.030000000000000002 0.49047618990384617 0.030000000000000002 0.5009523798076922 0.04285714182692308 0.5019047620192307 0.04214285817307692 0.4838095240384615 0.037857141826923076 0.47619047596153846
1184 0.002857141826923077 0.5009523798076922 0.004285713942307692 0.5019047620192307 0.01571428605769231 0.5 0.01571428605769231 0.48952381009615387 0.004285713942307692 0.4885714278846154 0.002857141826923077 0.5009523798076922
347 0.6607142860576923 0.5914285721153847 0.6607142860576923 0.5819047620192308 0.3457142860576923 0.5847619038461539 0.34142857211538463 0.5914285721153847 0.33857142788461536 0.5923809519230769 0.035 0.5876190480769231 0.05357142788461538 0.6409523798076923 0.3192857139423077 0.6438095240384616 0.3228571418269231 0.6552380961538462 0.3135714278846154 0.6799999999999999 0.3135714278846154 0.8219047620192307 0.3442857139423077 0.8238095240384615 0.3457142860576923 0.8200000000000001 0.6564285721153845 0.8190476201923077 0.6507142860576922 0.7685714278846153 0.6607142860576923 0.7666666658653847 0.6607142860576923 0.5914285721153847
1678 0.17285714182692308 0.5819047620192308 0.1914285721153846 0.5504761899038462 0.11857142788461537 0.5476190480769231 0.060000000000000005 0.5457142860576923 0.037857141826923076 0.5752380961538461 0.037857141826923076 0.5809523798076923 0.17285714182692308 0.5819047620192308
1362 0.4 0.45904762019230766 0.3885714278846154 0.47047618990384615 0.3807142860576923 0.49047618990384617 0.3792857139423077 0.5047619038461538 0.3828571418269231 0.5238095240384616 0.39071428605769226 0.5419047620192308 0.40285714182692306 0.5523809519230769 0.4121428581730769 0.5552380961538461 0.4371428581730769 0.5523809519230769 0.4471428581730769 0.5447619038461539 0.44214285817307697 0.5323809519230769 0.44357142788461534 0.5066666658653847 0.4485714278846154 0.48952381009615387 0.45714285817307687 0.4838095240384615 0.45714285817307687 0.47809523798076925 0.4457142860576923 0.4609523798076923 0.4 0.45904762019230766
1489 0.5435714278846153 0.557142858173077 0.5435714278846153 0.5428571418269231 0.5364285721153846 0.5028571418269231 0.525 0.5019047620192307 0.525 0.4933333341346154 0.5157142860576923 0.4914285721153846 0.5157142860576923 0.5038095240384616 0.505 0.5038095240384616 0.4935714278846154 0.5428571418269231 0.4928571418269231 0.5542857139423076 0.495 0.5580952379807692 0.5435714278846153 0.557142858173077
347 0.31071428605769236 0.9990476201923078 0.31857142788461534 0.9819047620192307 0.31714285817307697 0.9333333341346154 0.3114285721153846 0.9295238100961538 0.3121428581730769 0.6847619038461539 0.24928571394230767 0.8247619038461539 0.02571428605769231 0.8142857139423078 0.023571427884615383 0.8047619038461539 0.0014285721153846154 0.8019047620192308 0.0007142860576923077 0.9971428581730769 0.31071428605769236 0.9990476201923078
1186 0.5700000000000001 0.31904762019230765 0.5764285721153846 0.31238095192307697 0.5764285721153846 0.2942857139423077 0.5778571418269232 0.27523809615384615 0.5785714278846154 0.27047618990384614 0.567142858173077 0.26952381009615384 0.5542857139423076 0.27238095192307693 0.5342857139423077 0.2742857139423077 0.5335714278846153 0.3114285721153846 0.5364285721153846 0.31714285817307697 0.5549999999999999 0.31619047596153843 0.5700000000000001 0.31904762019230765
877 0.39071428605769226 0.3723809519230769 0.3914285721153846 0.3390476201923077 0.3857142860576923 0.33333333413461536 0.3678571418269231 0.3342857139423077 0.3671428581730769 0.3733333341346154 0.39071428605769226 0.3723809519230769
1341 0.4057142860576923 0.28476190384615385 0.40285714182692306 0.28190476201923076 0.3885714278846154 0.28285714182692306 0.3835714278846154 0.2857142860576923 0.3828571418269231 0.2942857139423077 0.3771428581730769 0.3 0.3785714278846154 0.31714285817307697 0.4014285721153846 0.31619047596153843 0.4014285721153846 0.29714285817307695 0.4057142860576923 0.28476190384615385
973 0 0.6504761899038461 0.007142858173076924 0.6514285721153846 0.02928571394230769 0.6466666658653846 0.05357142788461538 0.6447619038461538 0.054285713942307696 0.6390476201923078 0.035 0.582857141826923 0.040714286057692305 0.5742857139423078 0.040714286057692305 0.5676190480769231 0.03357142788461538 0.5638095240384615 0.022142858173076926 0.5638095240384615 0.007142858173076924 0.5657142860576923 0 0.5676190480769231 0.005 0.5838095240384615 0 0.5990476201923077 0 0.6504761899038461
1368 0.02142857211538462 0.7038095240384615 0.037857141826923076 0.6980952379807692 0.05142857211538462 0.6914285721153846 0.05357142788461538 0.6761904759615385 0.065 0.6695238100961538 0.065 0.6590476201923077 0.0742857139423077 0.6504761899038461 0.07 0.6447619038461538 0.056428572115384615 0.6447619038461538 0.043571427884615384 0.6466666658653846 0.027857141826923077 0.6466666658653846 0.005 0.6504761899038461 0 0.6514285721153846 0.0014285721153846154 0.7038095240384615 0.02142857211538462 0.7038095240384615
532 0 0.8 0.026428572115384616 0.8019047620192308 0.02571428605769231 0.8095238100961539 0.2485714278846154 0.822857141826923 0.3221428581730769 0.6561904759615385 0.3192857139423077 0.647619048076923 0.0742857139423077 0.6419047620192307 0.07571428605769231 0.6504761899038461 0.06928571394230769 0.6571428581730768 0.06714285817307693 0.6714285721153845 0.056428572115384615 0.6761904759615385 0.05357142788461538 0.692380951923077 0.02 0.7057142860576923 0 0.7057142860576923 0 0.7266666658653846 0 0.8
763 0.17571428605769232 0.3523809519230769 0.21785714182692306 0.3542857139423077 0.2185714278846154 0.3504761899038461 0.20571428605769232 0.3361904759615385 0.19785714182692307 0.3361904759615385 0.19357142788461537 0.3314285721153846 0.18857142788461537 0.3390476201923077 0.1821428581730769 0.34666666586538464 0.17571428605769232 0.3523809519230769
1062 0.17357142788461538 0.33809523798076924 0.175 0.3276190480769231 0.1792857139423077 0.3076190480769231 0.17857142788461539 0.2857142860576923 0.17714285817307693 0.28190476201923076 0.1742857139423077 0.2619047620192308 0.16714285817307692 0.2523809519230769 0.15714285817307694 0.24476190384615387 0.14357142788461538 0.2457142860576923 0.13357142788461537 0.25523809615384613 0.1257142860576923 0.2742857139423077 0.12285714182692307 0.29523809615384616 0.12071428605769231 0.3057142860576923 0.11285714182692308 0.33333333413461536 0.10428571394230769 0.35142857211538464 0.125 0.3504761899038461 0.16857142788461538 0.3542857139423077 0.1764285721153846 0.35142857211538464 0.185 0.34476190384615385 0.1821428581730769 0.3390476201923077 0.17714285817307693 0.3409523798076923 0.17357142788461538 0.33809523798076924