1434 0.7375 0.9466666658653846 0.7383333341346153 0.9155555552884616 0.735 0.8866666658653847 0.7233333341346154 0.8711111105769231 0.7383333341346153 0.8644444447115384 0.7308333341346154 0.8500000000000001 0.705 0.868888889423077 0.6808333341346154 0.8777777788461538 0.6791666658653847 0.938888889423077 0.715 0.9588888894230769 0.7375 0.9466666658653846
1434 0.6849999999999999 0.9777777788461539 0.6841666658653847 0.9244444447115385 0.6766666658653846 0.9022222211538462 0.64 0.8933333341346154 0.6216666658653847 0.91 0.62 0.9322222211538461 0.6224999999999999 0.9655555552884615 0.6591666658653845 0.9844444447115385 0.6849999999999999 0.9777777788461539
1045 0.5775 0.8344444447115384 0.5458333341346153 0.8344444447115384 0.5316666658653847 0.8633333341346153 0.5166666658653847 0.8666666658653847 0.5083333341346153 0.9011111105769231 0.5141666658653846 0.9277777788461539 0.5316666658653847 0.95 0.5708333341346153 0.951111110576923 0.6125 0.9466666658653846 0.6158333341346154 0.9166666658653846 0.6283333341346153 0.8966666658653846 0.6666666658653846 0.89 0.6508333341346154 0.8344444447115384 0.6258333341346154 0.8477777788461538 0.6016666658653846 0.8144444447115385 0.5791666658653847 0.8066666658653846 0.5775 0.8344444447115384
1435 0.46916666586538464 0.8099999999999999 0.4708333341346154 0.721111110576923 0.46 0.6555555552884615 0.45749999999999996 0.6033333341346154 0.4458333341346154 0.6022222211538462 0.4433333341346154 0.6511111105769231 0.4316666658653846 0.7088888894230769 0.4316666658653846 0.8144444447115385 0.46 0.8177777788461539 0.46916666586538464 0.8099999999999999
159 0.89 0.6588888894230769 0.8691666658653846 0.6744444447115385 0.9966666658653847 0.6855555552884615 0.9974999999999999 0.6666666658653846 0.9633333341346154 0.6566666658653847 0.9233333341346154 0.6555555552884615 0.89 0.6588888894230769
159 0.9033333341346155 0.641111110576923 0.855 0.6377777788461538 0.8158333341346153 0.6522222211538462 0.8775000000000001 0.6655555552884616 0.9083333341346154 0.6588888894230769 0.9525 0.6555555552884615 0.9033333341346155 0.641111110576923
1343 0.27833333413461536 0.7322222211538462 0.28916666586538464 0.75 0.3258333341346154 0.75 0.36250000000000004 0.75 0.42666666586538465 0.7422222211538462 0.4325 0.7244444447115386 0.4225 0.6977777788461539 0.39499999999999996 0.6966666658653846 0.34416666586538464 0.7 0.3125 0.6966666658653846 0.2866666658653846 0.7122222211538461 0.27833333413461536 0.7322222211538462
1958 0.4325 0.8444444447115385 0.4366666658653846 0.7955555552884616 0.44833333413461535 0.7766666658653846 0.4541666658653846 0.7266666658653846 0.4116666658653846 0.7266666658653846 0.40916666586538464 0.78 0.4208333341346154 0.7944444447115384 0.4225 0.8233333341346154 0.4208333341346154 0.84 0.40583333413461536 0.8533333341346154 0.42666666586538465 0.8633333341346153 0.4433333341346154 0.8633333341346153 0.4458333341346154 0.8488888894230769 0.4325 0.8444444447115385
1958 0.41750000000000004 0.7088888894230769 0.37166666586538466 0.7044444447115384 0.375 0.7688888894230769 0.3891666658653846 0.7755555552884614 0.3841666658653846 0.8144444447115385 0.3725 0.8266666658653846 0.3833333341346154 0.84 0.4 0.8411111105769231 0.4116666658653846 0.8266666658653846 0.3983333341346154 0.8177777788461539 0.3983333341346154 0.777777778846154 0.4125 0.7533333341346153 0.41750000000000004 0.7088888894230769
636 0.3691666658653846 0.9688888894230769 0.3983333341346154 0.9522222211538461 0.41916666586538465 0.9422222211538462 0.4316666658653846 0.9188888894230769 0.4233333341346154 0.8922222211538462 0.40166666586538463 0.8788888894230769 0.3816666658653846 0.8644444447115384 0.3675 0.8500000000000001 0.3516666658653846 0.8377777788461539 0.34083333413461536 0.8377777788461539 0.33083333413461535 0.8522222211538462 0.3141666658653846 0.8666666658653847 0.295 0.8733333341346154 0.2825 0.8622222211538462 0.2666666658653846 0.8411111105769231 0.2525 0.8411111105769231 0.24000000000000002 0.8544444447115385 0.22333333413461537 0.8666666658653847 0.2133333341346154 0.8833333341346153 0.195 0.8955555552884615 0.18833333413461537 0.9233333341346154 0.1916666658653846 0.9544444447115384 0.2183333341346154 0.9755555552884616 0.2466666658653846 0.9733333341346154 0.2825 0.9733333341346154 0.33416666586538457 0.9755555552884616 0.3691666658653846 0.9688888894230769
187 0.13833333413461538 0.8833333341346153 0.21083333413461539 0.8666666658653847 0.26833333413461535 0.8544444447115385 0.28916666586538464 0.8500000000000001 0.2825 0.8188888894230769 0.28083333413461536 0.7911111105769231 0.28083333413461536 0.7644444447115385 0.28083333413461536 0.701111110576923 0.26833333413461535 0.6933333341346154 0.2466666658653846 0.6911111105769231 0.2341666658653846 0.6911111105769231 0.22166666586538464 0.6955555552884616 0.19666666586538462 0.7033333341346153 0.16999999999999998 0.7033333341346153 0.14916666586538463 0.6911111105769231 0.12416666586538462 0.7166666658653846 0.11333333413461538 0.7266666658653846 0.115 0.7433333341346154 0.1291666658653846 0.778888889423077 0.1308333341346154 0.8077777788461538 0.12583333413461537 0.8311111105769231 0.12583333413461537 0.8566666658653846 0.13833333413461538 0.8833333341346153
757 0.5033333341346153 0.8711111105769231 0.51 0.8455555552884615 0.51 0.8188888894230769 0.4991666658653846 0.8077777788461538 0.4958333341346154 0.8855555552884616 0.4866666658653846 0.868888889423077 0.485 0.8411111105769231 0.4925 0.7366666658653845 0.5083333341346153 0.7266666658653846 0.5191666658653846 0.7122222211538461 0.53 0.6933333341346154 0.5425 0.6811111105769231 0.5583333341346154 0.688888889423077 0.5633333341346154 0.7100000000000001 0.5691666658653847 0.7366666658653845 0.5850000000000001 0.7311111105769231 0.5866666658653846 0.7033333341346153 0.5775 0.6766666658653846 0.5633333341346154 0.6655555552884616 0.5441666658653846 0.6577777788461538 0.5258333341346154 0.67 0.5083333341346153 0.688888889423077 0.4925 0.7077777788461539 0.48000000000000004 0.7144444447115385 0.46416666586538463 0.7366666658653845 0.46416666586538463 0.7644444447115385 0.4625 0.8522222211538462 0.4425 0.8377777788461539 0.44083333413461534 0.8788888894230769 0.45833333413461536 0.8999999999999999 0.4566666658653846 0.9311111105769231 0.485 0.9333333341346154 0.485 0.9144444447115384 0.4975 0.9233333341346154 0.51 0.9166666658653846 0.5133333341346155 0.89 0.5033333341346153 0.8711111105769231
564 0.8283333341346153 0.2833333341346154 0.8516666658653846 0.26444444471153844 0.855 0.15444444471153848 0.825 0.16888888942307692 0.7166666658653846 0.18777777884615385 0.5958333341346154 0.19333333413461537 0.5675 0.19555555528846155 0.5675 0.28111111057692306 0.5991666658653846 0.29 0.6366666658653847 0.28555555528846155 0.6575 0.28111111057692306 0.6933333341346154 0.28777777884615385 0.7325 0.28555555528846155 0.765 0.27555555528846154 0.7933333341346154 0.28555555528846155 0.8283333341346153 0.2833333341346154
1942 0.66 0.5577777788461539 0.6966666658653846 0.5655555552884615 0.8183333341346154 0.5988888894230769 0.8875 0.6366666658653847 0.8925 0.48888888942307696 0.8408333341346155 0.48444444471153847 0.8533333341346154 0.23111111057692307 0.8374999999999999 0.25 0.8158333341346153 0.2566666658653846 0.7808333341346153 0.2588888894230769 0.7575000000000001 0.24777777884615387 0.7325 0.2622222211538462 0.6991666658653847 0.26444444471153844 0.66 0.2588888894230769 0.6383333341346155 0.2544444447115385 0.615 0.26444444471153844 0.5833333341346154 0.2711111105769231 0.5816666658653846 0.5533333341346154 0.66 0.5577777788461539
313 0.9475 0.012222221153846155 0.9391666658653846 0.026666665865384614 0.9624999999999999 0.07444444471153847 0.9766666658653846 0.07444444471153847 0.9783333341346154 0.005555555288461538 0.9475 0.012222221153846155
313 0.9458333341346153 0.15777777884615382 0.9725 0.15777777884615382 0.9766666658653846 0.11 0.9516666658653846 0.11444444471153846 0.9333333341346154 0.12222222115384616 0.9458333341346153 0.15777777884615382
299 0.955 0.2588888894230769 0.9708333341346154 0.2544444447115385 0.9725 0.2 0.9441666658653846 0.19777777884615383 0.9175 0.21 0.9299999999999999 0.25 0.955 0.2588888894230769
313 0.9691666658653847 0.35 0.9783333341346154 0.3044444447115385 0.9691666658653847 0.29777777884615386 0.9441666658653846 0.29444444471153847 0.9175 0.29777777884615386 0.9233333341346154 0.33 0.9425 0.35 0.9691666658653847 0.35
313 0.9233333341346154 0.42555555528846156 0.9658333341346155 0.4322222211538461 0.9658333341346155 0.41111111057692307 0.9425 0.41111111057692307 0.9233333341346154 0.40666666586538464 0.9233333341346154 0.42555555528846156
558 0.8408333341346155 0.47333333413461537 0.8716666658653847 0.48000000000000004 0.985 0.4988888894230769 0.9974999999999999 0.5055555552884615 0.9974999999999999 0.0033333341346153847 0.8516666658653846 0.0033333341346153847 0.8591666658653847 0.02 0.8500000000000001 0.43 0.8408333341346155 0.4377777788461538 0.8408333341346155 0.47333333413461537
988 0.22916666586538462 0.47777777884615386 0.215 0.4922222211538462 0.21083333413461539 0.4611111105769231 0.19 0.4588888894230769 0.1791666658653846 0.4922222211538462 0.17583333413461538 0.5277777788461538 0.2166666658653846 0.5344444447115385 0.22166666586538464 0.5133333341346155 0.2375 0.48888888942307696 0.22916666586538462 0.47777777884615386
1670 0.05833333413461539 0.6433333341346154 0.26999999999999996 0.6222222211538462 0.27666666586538463 0.5577777788461539 0.2308333341346154 0.5222222211538461 0.019166665865384618 0.5388888894230769 0.055 0.5766666658653846 0.05833333413461539 0.6433333341346154
299 0.3925 0.19 0.40499999999999997 0.21444444471153845 0.42500000000000004 0.21 0.43 0.19 0.42666666586538465 0.17888888942307693 0.40333333413461536 0.17888888942307693 0.3925 0.19
299 0.4 0.29222222115384616 0.41750000000000004 0.29 0.4333333341346154 0.28111111057692306 0.43 0.26444444471153844 0.3925 0.2588888894230769 0.3941666658653846 0.27555555528846154 0.4 0.29222222115384616
299 0.3941666658653846 0.3633333341346154 0.41583333413461543 0.3711111105769231 0.4283333341346154 0.361111110576923 0.42666666586538465 0.33999999999999997 0.40166666586538463 0.3355555552884616 0.3941666658653846 0.34666666586538464 0.3941666658653846 0.3633333341346154
1848 0.4316666658653846 0.5133333341346155 0.435 0.48888888942307696 0.42500000000000004 0.47000000000000003 0.41083333413461537 0.4566666658653846 0.3983333341346154 0.4633333341346154 0.3816666658653846 0.47333333413461537 0.375 0.48888888942307696 0.375 0.5055555552884615 0.3841666658653846 0.5222222211538461 0.3891666658653846 0.5366666658653846 0.4208333341346154 0.5344444447115385 0.4316666658653846 0.5133333341346155
1564 0.505 0.6766666658653846 0.6616666658653846 0.7555555552884615 0.66 0.641111110576923 0.7216666658653845 0.6266666658653846 0.5975 0.5844444447115384 0.5116666658653846 0.6055555552884615 0.505 0.6766666658653846
1459 0.66 0.4866666658653846 0.6558333341346153 0.4611111105769231 0.6508333341346154 0.4344444447115385 0.6366666658653847 0.41777777884615386 0.635 0.44222222115384613 0.6241666658653846 0.4488888894230769 0.6116666658653845 0.4322222211538461 0.5941666658653847 0.44 0.5883333341346154 0.4611111105769231 0.5941666658653847 0.48888888942307696 0.6024999999999999 0.4633333341346154 0.6083333341346153 0.48222222115384616 0.6116666658653845 0.5155555552884615 0.6116666658653845 0.5444444447115384 0.64 0.5466666658653846 0.645 0.53 0.6541666658653846 0.5055555552884615 0.66 0.4866666658653846
1336 0.7575000000000001 0.4344444447115385 0.7483333341346154 0.40444444471153845 0.7608333341346154 0.3733333341346154 0.7666666658653847 0.3444444447115385 0.7591666658653846 0.3166666658653846 0.7375 0.3111111105769231 0.7216666658653845 0.3211111105769231 0.7041666658653847 0.34222222115384615 0.7058333341346154 0.3733333341346154 0.7233333341346154 0.38777777884615383 0.7258333341346154 0.41111111057692307 0.715 0.4322222211538461 0.7058333341346154 0.4511111105769231 0.7008333341346155 0.4633333341346154 0.6916666658653846 0.48222222115384616 0.6966666658653846 0.501111110576923 0.7058333341346154 0.5222222211538461 0.7091666658653846 0.5844444447115384 0.75 0.5844444447115384 0.7608333341346154 0.5277777788461538 0.7733333341346154 0.4988888894230769 0.7666666658653847 0.4677777788461538 0.7575000000000001 0.4344444447115385
1063 0.7483333341346154 0.6055555552884615 0.75 0.5655555552884615 0.7433333341346154 0.5488888894230769 0.7341666658653847 0.5444444447115384 0.7274999999999999 0.5655555552884615 0.7216666658653845 0.5844444447115384 0.7216666658653845 0.61 0.7483333341346154 0.6055555552884615
305 0.8200000000000001 0.6155555552884615 0.8200000000000001 0.5866666658653846 0.8325 0.5766666658653846 0.8408333341346155 0.5611111105769231 0.8325 0.5366666658653846 0.8233333341346154 0.5255555552884615 0.8125 0.5155555552884615 0.795 0.52 0.7858333341346154 0.5322222211538462 0.77 0.5388888894230769 0.7575000000000001 0.5533333341346154 0.7666666658653847 0.5822222211538461 0.7825 0.5966666658653846 0.7749999999999999 0.6177777788461539 0.8016666658653846 0.62 0.8200000000000001 0.6155555552884615
291 0.9566666658653846 0.5722222211538461 0.9516666658653846 0.5533333341346154 0.9533333341346153 0.53 0.9441666658653846 0.5133333341346155 0.9349999999999999 0.5511111105769231 0.9283333341346154 0.5633333341346154 0.925 0.6433333341346154 0.9391666658653846 0.6577777788461538 0.95 0.6433333341346154 0.9566666658653846 0.5722222211538461
347 0.9974999999999999 1 0.9974999999999999 0.7766666658653846 0.8341666658653846 0.7166666658653846 0.6666666658653846 0.6622222211538461 0.6633333341346154 0.86 0.8625 0.9777777788461539 0.8925 1 0.9974999999999999 1
345 0.5316666658653847 0.7855555552884615 0.6525 0.8500000000000001 0.66 0.7688888894230769 0.6491666658653846 0.7577777788461538 0.5383333341346154 0.7055555552884616 0.5316666658653847 0.7855555552884615
347 0.37166666586538466 0.6911111105769231 0.5008333341346154 0.7666666658653847 0.4991666658653846 0.6033333341346154 0.37833333413461534 0.5611111105769231 0.2716666658653846 0.5722222211538461 0.275 0.6366666658653847 0.37166666586538466 0.6911111105769231
757 0.2133333341346154 0.41333333413461537 0.2133333341346154 0.39888888942307693 0.19916666586538462 0.3855555552884615 0.1825 0.3777777788461538 0.17416666586538462 0.39666666586538457 0.16 0.39666666586538457 0.16 0.41777777884615386 0.2133333341346154 0.41333333413461537
969 0 0.7804351201923077 0.11833333413461539 1 0.8816666658653846 0.9966666658653847 0.8516666658653846 0.9644444447115385 0.5566666658653846 0.7955555552884616 0.3591666658653846 0.6811111105769231 0.2791666658653846 0.6244444447115385 0.2591666658653846 0.6244444447115385 0.21083333413461539 0.6366666658653847 0.16666666586538462 0.6322222211538461 0.11833333413461539 0.6344444447115385 0.07583333413461538 0.641111110576923 0.042499999999999996 0.6533333341346155 0 0.6653205144230768 0 0.7804351201923077
1475 0.24083333413461538 0.5311111105769231 0.2675 0.5355555552884615 0.26833333413461535 0.5033333341346153 0.265 0.49 0.2533333341346154 0.48777777884615386 0.24416666586538463 0.48777777884615386 0.24083333413461538 0.5311111105769231
720 0.5266666658653846 0.47000000000000003 0.5133333341346155 0.4666666658653846 0.5133333341346155 0.4955555552884615 0.5258333341346154 0.49666666586538466 0.5266666658653846 0.47000000000000003
1052 1 0.5444444447115384 0.9708333341346154 0.5388888894230769 0.9683333341346153 0.5955555552884616 0.9974999999999999 0.6055555552884615 1 0.5444444447115384
291 0.4941666658653846 0.44222222115384613 0.4925 0.4855555552884615 0.4866666658653846 0.5455555552884616 0.5066666658653847 0.5477777788461539 0.505 0.48777777884615386 0.5008333341346154 0.44222222115384613 0.4941666658653846 0.44222222115384613
291 0.47000000000000003 0.5177777788461538 0.45916666586538457 0.5288888894230769 0.45916666586538457 0.5522222211538461 0.48166666586538465 0.5533333341346154 0.4883333341346154 0.53 0.475 0.5133333341346155 0.48000000000000004 0.5022222211538462 0.47000000000000003 0.5022222211538462 0.47000000000000003 0.5177777788461538
291 0.46583333413461536 0.5033333341346153 0.4858333341346154 0.5166666658653847 0.4825 0.47222222115384616 0.48000000000000004 0.43555555528846157 0.475 0.4366666658653846 0.4741666658653846 0.46555555528846154 0.46749999999999997 0.4766666658653846 0.46583333413461536 0.5033333341346153
291 0.46166666586538463 0.5433333341346154 0.4633333341346154 0.5133333341346155 0.4566666658653846 0.47444444471153846 0.4441666658653846 0.4755555552884615 0.4458333341346154 0.49 0.435 0.5222222211538461 0.4375 0.5455555552884616 0.46166666586538463 0.5433333341346154
973 0.3616666658653846 0.20222222115384614 0.3725 0.19666666586538462 0.375 0.16555555528846153 0.3633333341346154 0.14333333413461538 0.3616666658653846 0.20222222115384614
973 0.36 0.2833333341346154 0.3658333341346154 0.27222222115384614 0.3725 0.24555555528846154 0.3575 0.22444444471153846 0.36 0.2833333341346154
973 0.3583333341346154 0.361111110576923 0.37 0.34777777884615385 0.3691666658653846 0.32222222115384613 0.3616666658653846 0.30888888942307696 0.3583333341346154 0.361111110576923
299 0.4666666658653846 0.19666666586538462 0.475 0.2166666658653846 0.4858333341346154 0.21555555528846154 0.4833333341346154 0.1911111105769231 0.4666666658653846 0.19666666586538462
300 0.47250000000000003 0.35777777884615386 0.47333333413461537 0.3833333341346154 0.4825 0.388888889423077 0.4833333341346154 0.36555555528846156 0.47250000000000003 0.35777777884615386
291 0.9058333341346153 0.6444444447115385 0.9075 0.6355555552884616 0.9058333341346153 0.6277777788461538 0.9091666658653845 0.56 0.9058333341346153 0.5577777788461539 0.8966666658653846 0.5566666658653846 0.8933333341346154 0.5677777788461539 0.8916666658653847 0.6244444447115385 0.8883333341346155 0.631111110576923 0.8875 0.64 0.9058333341346153 0.6444444447115385
402 0.47583333413461537 0 0.2616666658653846 0.001111110576923077 0.3225 0.01444444471153846 0.3183333341346154 0.02555555528846154 0.3375 0.02888888942307692 0.34083333413461536 0.026666665865384614 0.38749999999999996 0.037777778846153846 0.3866666658653846 0.042222221153846155 0.4041666658653846 0.045555555288461544 0.4625 0.01 0.5608333341346154 0.013333334134615385 0.5833333341346154 0.001111110576923077 0.47583333413461537 0
1050 0.3616666658653846 0.4811111105769231 0.3758333341346154 0.4811111105769231 0.3758333341346154 0.44999999999999996 0.3633333341346154 0.4488888894230769 0.3616666658653846 0.4811111105769231
1050 0.3808333341346154 0.4811111105769231 0.39 0.46555555528846154 0.3916666658653846 0.4511111105769231 0.37833333413461534 0.44999999999999996 0.3775 0.4811111105769231 0.3808333341346154 0.4811111105769231
757 0.6849999999999999 0.5844444447115384 0.6883333341346154 0.5788888894230769 0.6991666658653847 0.5822222211538461 0.6966666658653846 0.5966666658653846 0.7033333341346153 0.601111110576923 0.7091666658653846 0.601111110576923 0.7091666658653846 0.5911111105769231 0.7124999999999999 0.5822222211538461 0.7100000000000001 0.5711111105769231 0.7083333341346154 0.5655555552884615 0.7108333341346154 0.56 0.7141666658653846 0.5555555552884616 0.7124999999999999 0.55 0.7075 0.5466666658653846 0.7025 0.5466666658653846 0.6983333341346154 0.5488888894230769 0.6941666658653846 0.5555555552884616 0.6991666658653847 0.5633333341346154 0.6991666658653847 0.5677777788461539 0.6900000000000001 0.5655555552884615 0.6883333341346154 0.56 0.6908333341346153 0.5511111105769231 0.6900000000000001 0.5344444447115385 0.6925 0.5255555552884615 0.6908333341346153 0.5188888894230769 0.6891666658653846 0.51 0.6841666658653847 0.508888889423077 0.6791666658653847 0.5233333341346154 0.6558333341346153 0.5277777788461538 0.6475000000000001 0.5222222211538461 0.6433333341346154 0.5244444447115385 0.6408333341346153 0.5322222211538462 0.6391666658653846 0.5411111105769231 0.64 0.55 0.6475000000000001 0.55 0.6475000000000001 0.5366666658653846 0.6508333341346154 0.5388888894230769 0.66 0.5366666658653846 0.6808333341346154 0.5322222211538462 0.6799999999999999 0.5622222211538461 0.6716666658653847 0.5633333341346154 0.67 0.5577777788461539 0.6708333341346153 0.5433333341346154 0.6675 0.5388888894230769 0.6616666658653846 0.5377777788461539 0.6608333341346154 0.5455555552884616 0.6608333341346154 0.5622222211538461 0.6583333341346154 0.5677777788461539 0.6608333341346154 0.5766666658653846 0.6583333341346154 0.5844444447115384 0.6683333341346154 0.5888888894230769 0.6725 0.5877777788461539 0.67 0.5744444447115384 0.6775 0.5766666658653846 0.6791666658653847 0.5811111105769231 0.6849999999999999 0.5844444447115384
1885 0.060000000000000005 0.3522222211538461 0.0275 0.3744444447115385 0.0033333341346153847 0.3688888894230769 0.0008333341346153846 0.5444444447115384 0.0175 0.5433333341346154 0.019166665865384618 0.5366666658653846 0.22666666586538461 0.5244444447115385 0.23916666586538463 0.5255555552884615 0.2458333341346154 0.3688888894230769 0.2375 0.3666666658653846 0.23666666586538462 0.35555555528846156 0.2183333341346154 0.33999999999999997 0.17583333413461538 0.33111111057692305 0.1325 0.3288888894230769 0.060000000000000005 0.3522222211538461
532 0.0008333341346153846 0.5444444447115384 0.0008333341346153846 0.5911111105769231 0.006666665865384615 0.5911111105769231 0.0525 0.5844444447115384 0.053333334134615384 0.5700000000000001 0.0225 0.5411111105769231 0.0008333341346153846 0.5444444447115384
576 0.3725 0.7522222211538462 0.28500000000000003 0.751111110576923 0.2833333341346154 0.777777778846154 0.3491666658653846 0.777777778846154 0.4083333341346154 0.7766666658653846 0.4275 0.7722222211538461 0.4291666658653846 0.7466666658653847 0.3725 0.7522222211538462
532 0.2558333341346154 0.5388888894230769 0.27833333413461536 0.5633333341346154 0.3791666658653846 0.5544444447115384 0.5083333341346153 0.5988888894230769 0.6024999999999999 0.5855555552884616 0.7258333341346154 0.62 0.6591666658653845 0.6377777788461538 0.6625000000000001 0.6511111105769231 0.9991666658653846 0.7677777788461538 0.9966666658653847 0.6866666658653846 0.8674999999999999 0.6766666658653846 0.8691666658653846 0.67 0.8141666658653846 0.6533333341346155 0.8141666658653846 0.6499999999999999 0.88 0.6355555552884616 0.8275 0.5977777788461538 0.58 0.5533333341346154 0.565 0.5533333341346154 0.4291666658653846 0.5177777788461538 0.4216666658653846 0.53 0.39 0.5322222211538462 0.3866666658653846 0.5166666658653847 0.35666666586538465 0.5188888894230769 0.3558333341346154 0.5322222211538462 0.2558333341346154 0.5388888894230769
1885 0.5625 0.016666665865384615 0.5508333341346154 0.43 0.5158333341346154 0.4322222211538461 0.40916666586538464 0.41777777884615386 0.35500000000000004 0.41777777884615386 0.35666666586538465 0.5155555552884615 0.4308333341346154 0.5166666658653847 0.56 0.5511111105769231 0.5791666658653847 0.5488888894230769 0.5733333341346154 0.1944444447115385 0.8541666658653846 0.14444444471153847 0.8566666658653846 0.023333334134615382 0.8508333341346154 0.002222221153846154 0.5858333341346154 0.002222221153846154 0.5625 0.016666665865384615
679 0.055 0.6444444447115385 0.053333334134615384 0.5866666658653846 0.0016666658653846154 0.5922222211538462 0.0008333341346153846 0.63 0 0.6622222211538461 0.055 0.6444444447115385
1633 0.4825 0.13222222115384616 0.47583333413461537 0.13666666586538462 0.4741666658653846 0.15555555528846154 0.47916666586538464 0.16 0.4825 0.16222222115384616 0.4825 0.13222222115384616
345 0.31 0.2866666658653846 0.30916666586538466 0.2933333341346154 0.2908333341346154 0.2966666658653846 0.29 0.3688888894230769 0.24916666586538463 0.3677777788461538 0.25 0.48222222115384616 0.26833333413461535 0.48888888942307696 0.26833333413461535 0.5355555552884615 0.35416666586538464 0.53 0.35500000000000004 0.5033333341346153 0.3525 0.501111110576923 0.3516666658653846 0.41555555528846155 0.40916666586538464 0.41555555528846155 0.4283333341346154 0.41777777884615386 0.4325 0.4211111105769231 0.4358333341346154 0.4311111105769231 0.4416666658653846 0.4377777788461538 0.45749999999999996 0.4466666658653846 0.46749999999999997 0.46444444471153845 0.4883333341346154 0.5244444447115385 0.4908333341346154 0.48000000000000004 0.4566666658653846 0.42666666586538465 0.4916666658653846 0.4322222211538461 0.495 0.44222222115384613 0.5191666658653846 0.4588888894230769 0.5325 0.4866666658653846 0.5366666658653846 0.5177777788461538 0.5425 0.53 0.5508333341346154 0.5311111105769231 0.5525 0.5066666658653847 0.5483333341346154 0.49 0.5441666658653846 0.46555555528846154 0.5266666658653846 0.44222222115384613 0.5175 0.4366666658653846 0.515 0.43 0.5491666658653845 0.42555555528846156 0.56 0.016666665865384615 0.4666666658653846 0.008888889423076923 0.4125 0.04666666586538462 0.38583333413461535 0.04777777884615385 0.385 0.038888889423076924 0.3416666658653846 0.02888888942307692 0.3383333341346154 0.031111110576923076 0.31583333413461534 0.02555555528846154 0.3 0.045555555288461544 0.30166666586538465 0.07333333413461539 0.29416666586538465 0.08444444471153846 0.2933333341346154 0.28222222115384615 0.31 0.2866666658653846
1673 0.0016666658653846154 0 0.0008333341346153846 0.36 0.0033333341346153847 0.36222222115384617 0.008333334134615384 0.3644444447115385 0.026666665865384614 0.3677777788461538 0.0375 0.36 0.05166666586538461 0.34888888942307694 0.07583333413461538 0.33999999999999997 0.10416666586538462 0.3288888894230769 0.13666666586538462 0.32333333413461535 0.1683333341346154 0.32333333413461535 0.20249999999999999 0.33111111057692305 0.23583333413461538 0.34333333413461536 0.23916666586538463 0.3633333341346154 0.245 0.3666666658653846 0.28916666586538464 0.3666666658653846 0.28916666586538464 0.29555555528846156 0.3083333341346154 0.29222222115384616 0.30916666586538466 0.2866666658653846 0.29250000000000004 0.27888888942307694 0.29250000000000004 0.08777777884615384 0.3008333341346154 0.07111111057692308 0.3 0.04444444471153846 0.3175 0.021111110576923078 0.32 0.01444444471153846 0.26083333413461535 0 0.0016666658653846154 0