1953 0.2275390625 0.16276041586538462 0.01171875 0.14322916586538462 0.0048828125 0.37890625 0.2314453125 0.36848958413461536 0.2275390625 0.16276041586538462
1708 0.5791015625 0.6627604158653846 0.38671875 0.5481770841346154 0.0048828125 0.6223958341346154 0.00390625 0.8502604158653846 0.5791015625 0.6627604158653846
402 0.0048828125 0.002604165865384616 0.0087890625 0.078125 0.51171875 0.13411458413461538 0.8818359375 0 0.0048828125 0.002604165865384616
948 0.607421875 0.13151041586538462 0.55859375 0.25 0.771484375 0.2591145841346154 0.7734375 0.09375 0.607421875 0.13151041586538462
1368 0.474609375 0.23046875 0.494140625 0.20442708413461538 0.48046875 0.17057291586538462 0.453125 0.14973958413461538 0.4306640625 0.16666666586538462 0.4326171875 0.2265625 0.474609375 0.23046875
417 0.4208984375 0.91796875 0.4111328125 0.87890625 0.388671875 0.8697916658653846 0.3876953125 0.7799479158653846 0.3720703125 0.7643229158653846 0.36328125 0.7799479158653846 0.3583984375 0.796875 0.3330078125 0.7864583341346154 0.2685546875 0.7877604158653846 0.21484375 0.7825520841346154 0.1796875 0.7890625 0.1796875 0.7760416658653846 0.1708984375 0.7643229158653846 0.154296875 0.7708333341346154 0.1513671875 0.8111979158653846 0.1513671875 0.99609375 0.4248046875 0.9947916658653846 0.4208984375 0.91796875
1102 0.52734375 0.375 0.5234375 0.36848958413461536 0.501953125 0.36848958413461536 0.5009765625 0.40494791586538464 0.5498046875 0.39713541586538464 0.541015625 0.38020833413461536 0.52734375 0.375
988 0.7255859375 0.44401041586538464 0.7080078125 0.43229166586538464 0.6923828125 0.43489583413461536 0.6884765625 0.45052083413461536 0.6767578125 0.44921875 0.6767578125 0.45703125 0.6845703125 0.46484375 0.6767578125 0.49088541586538464 0.70703125 0.49869791586538464 0.7265625 0.4921875 0.728515625 0.46354166586538464 0.7255859375 0.44401041586538464
1349 0.9326171875 0.47786458413461536 0.94140625 0.48567708413461536 0.9599609375 0.48046875 0.943359375 0.45442708413461536 0.9345703125 0.45052083413461536 0.9228515625 0.43229166586538464 0.9111328125 0.43229166586538464 0.8955078125 0.43359375 0.8935546875 0.42447916586538464 0.8818359375 0.4375 0.8828125 0.44791666586538464 0.8701171875 0.45703125 0.8701171875 0.47526041586538464 0.8828125 0.47786458413461536 0.8896484375 0.49348958413461536 0.884765625 0.5065104158653846 0.89453125 0.51171875 0.8974609375 0.5377604158653846 0.9130859375 0.5377604158653846 0.9208984375 0.5026041658653846 0.91796875 0.484375 0.9326171875 0.47786458413461536
299 0.8671875 0.5130208341346154 0.83203125 0.50390625 0.80859375 0.5078125 0.7861328125 0.5130208341346154 0.80859375 0.5403645841346154 0.8759765625 0.5403645841346154 0.89453125 0.5286458341346154 0.8671875 0.5130208341346154
1564 0.1923828125 0.5390625 0.22265625 0.5260416658653846 0.2255859375 0.49869791586538464 0.1904296875 0.47916666586538464 0.0107421875 0.49869791586538464 0.0185546875 0.5221354158653846 0.013671875 0.5963541658653846 0.1826171875 0.5690104158653846 0.1923828125 0.5390625
757 0.1181640625 0.47916666586538464 0.1279296875 0.47526041586538464 0.126953125 0.42708333413461536 0.1376953125 0.42578125 0.13671875 0.41927083413461536 0.1220703125 0.42057291586538464 0.119140625 0.4375 0.1044921875 0.43489583413461536 0.10546875 0.36067708413461536 0.0986328125 0.36197916586538464 0.0986328125 0.4375 0.0830078125 0.44661458413461536 0.0810546875 0.42057291586538464 0.0732421875 0.42317708413461536 0.0751953125 0.48177083413461536 0.0859375 0.48046875 0.0859375 0.45182291586538464 0.1201171875 0.44791666586538464 0.1181640625 0.47916666586538464
644 0.3515625 0.48567708413461536 0.2353515625 0.49479166586538464 0.234375 0.5299479158653846 0.3515625 0.5234375 0.3515625 0.48567708413461536
1047 0.4423828125 0.046875 0.427734375 0.05338541586538462 0.43359375 0.06901041586538462 0.45703125 0.06770833413461538 0.4677734375 0.05208333413461538 0.4423828125 0.046875
596 0.6025390625 0.42838541586538464 0.599609375 0.40885416586538464 0.572265625 0.40755208413461536 0.5703125 0.45182291586538464 0.607421875 0.46744791586538464 0.6103515625 0.42447916586538464 0.6025390625 0.42838541586538464
595 0.8515625 0.47135416586538464 0.84765625 0.5 0.880859375 0.5130208341346154 0.8876953125 0.47395833413461536 0.8515625 0.47135416586538464
1633 0.3759765625 0.2552083341346154 0.375 0.28515625 0.4130859375 0.2877604158653846 0.41015625 0.25390625 0.3759765625 0.2552083341346154
1634 0.3056640625 0.27734375 0.3251953125 0.2799479158653846 0.32421875 0.25 0.3056640625 0.2513020841346154 0.3056640625 0.27734375
552 0.4501953125 0.23958333413461538 0.466796875 0.23958333413461538 0.4619140625 0.2109375 0.447265625 0.20833333413461538 0.4501953125 0.23958333413461538
1007 0.5869140625 0.6653645841346154 0.39453125 0.5533854158653846 0.1796875 0.5872395841346154 0 0.625 0.0068359375 0.9791666658653846 0.009765625 0.99609375 0.4990234375 0.9986979158653846 0.4990234375 0.8763020841346154 0.5712890625 0.7395833341346154 0.57421875 0.6809895841346154 0.5869140625 0.6653645841346154
1047 0.0673828125 0.05078125 0.056640625 0.04817708413461538 0.0390625 0.04296875 0.0419921875 0.05598958413461538 0.0595703125 0.06640625 0.0673828125 0.05078125
629 0.3076171875 0.47786458413461536 0.2958984375 0.4140625 0.2685546875 0.40364583413461536 0.2158203125 0.41145833413461536 0.208984375 0.46875 0.2421875 0.48697916586538464 0.3076171875 0.47786458413461536
188 0.390625 0.53515625 0.3828125 0.5221354158653846 0.359375 0.5221354158653846 0.3359375 0.5208333341346154 0.2998046875 0.5325520841346154 0.265625 0.5286458341346154 0.24609375 0.53125 0.2138671875 0.5364583341346154 0.1953125 0.5338541658653846 0.1787109375 0.5481770841346154 0.189453125 0.5794270841346154 0.1806640625 0.6028645841346154 0.193359375 0.640625 0.3662109375 0.63671875 0.3740234375 0.59765625 0.390625 0.5768229158653846 0.390625 0.53515625
1152 0.435546875 0.6119791658653846 0.435546875 0.5950520841346154 0.416015625 0.5911458341346154 0.400390625 0.5950520841346154 0.3974609375 0.6028645841346154 0.3994140625 0.6223958341346154 0.3994140625 0.6588541658653846 0.4130859375 0.6653645841346154 0.4345703125 0.6536458341346154 0.447265625 0.62109375 0.435546875 0.6119791658653846
1620 0.3740234375 0.6549479158653846 0.3876953125 0.6627604158653846 0.4189453125 0.68359375 0.4248046875 0.67578125 0.3779296875 0.6393229158653846 0.3720703125 0.64453125 0.3740234375 0.6549479158653846
552 0.5439453125 0.4375 0.5419921875 0.42708333413461536 0.537109375 0.42578125 0.53515625 0.42057291586538464 0.513671875 0.41927083413461536 0.5146484375 0.44140625 0.537109375 0.44791666586538464 0.5439453125 0.4375
305 0.4970703125 0.4140625 0.4951171875 0.39713541586538464 0.484375 0.390625 0.4775390625 0.390625 0.4658203125 0.38802083413461536 0.451171875 0.39453125 0.4404296875 0.40234375 0.439453125 0.4140625 0.4521484375 0.43359375 0.4560546875 0.43619791586538464 0.455078125 0.44661458413461536 0.4541015625 0.45442708413461536 0.4697265625 0.45703125 0.4814453125 0.453125 0.4794921875 0.44270833413461536 0.4970703125 0.4140625
1365 0.517578125 0.45052083413461536 0.5087890625 0.44010416586538464 0.5 0.43880208413461536 0.4921875 0.44401041586538464 0.4873046875 0.453125 0.5048828125 0.46484375 0.5234375 0.46354166586538464 0.537109375 0.45703125 0.5283203125 0.45182291586538464 0.517578125 0.45052083413461536
1264 0.12109375 0.6158854158653846 0.10546875 0.6145833341346154 0.0947265625 0.6223958341346154 0.0927734375 0.6471354158653846 0.1044921875 0.6549479158653846 0.1162109375 0.6471354158653846 0.1220703125 0.6315104158653846 0.12109375 0.6158854158653846
1264 0.15625 0.5950520841346154 0.1455078125 0.5963541658653846 0.13671875 0.61328125 0.1396484375 0.62890625 0.1455078125 0.6380208341346154 0.1591796875 0.6380208341346154 0.166015625 0.62109375 0.166015625 0.6080729158653846 0.15625 0.5950520841346154
1264 0.1064453125 0.6015625 0.1005859375 0.6106770841346154 0.1259765625 0.6263020841346154 0.126953125 0.6106770841346154 0.1220703125 0.59765625 0.1123046875 0.5963541658653846 0.1064453125 0.6015625
1087 0.2607421875 0.65234375 0.1865234375 0.6640625 0.1513671875 0.7291666658653846 0.3359375 0.7330729158653846 0.3544921875 0.66796875 0.2734375 0.6627604158653846 0.2607421875 0.65234375
1736 0.51171875 0.19401041586538462 0.5107421875 0.20572916586538462 0.5078125 0.20833333413461538 0.4951171875 0.19401041586538462 0.4814453125 0.2109375 0.474609375 0.20442708413461538 0.4716796875 0.22265625 0.4814453125 0.234375 0.494140625 0.23958333413461538 0.5107421875 0.23567708413461538 0.515625 0.22005208413461538 0.5166015625 0.20833333413461538 0.51171875 0.19401041586538462
347 0.400390625 0.5559895841346154 0.5546875 0.6354166658653846 0.5537109375 0.5455729158653846 0.548828125 0.5377604158653846 0.548828125 0.50390625 0.54296875 0.49348958413461536 0.470703125 0.47135416586538464 0.3583984375 0.48177083413461536 0.353515625 0.5091145841346154 0.400390625 0.5559895841346154
1037 0.1826171875 0.43098958413461536 0.171875 0.44270833413461536 0.1728515625 0.47265625 0.185546875 0.47265625 0.1845703125 0.44791666586538464 0.1884765625 0.43489583413461536 0.1826171875 0.43098958413461536
1588 0.1591796875 0.47135416586538464 0.1669921875 0.47135416586538464 0.1669921875 0.44791666586538464 0.1611328125 0.45182291586538464 0.1591796875 0.47135416586538464
682 0.9853515625 0.8541666658653846 0.986328125 0.5677083341346154 0.9931640625 0.5611979158653846 0.8994140625 0.5950520841346154 0.7275390625 0.5481770841346154 0.7275390625 0.8190104158653846 0.72265625 0.828125 0.7392578125 0.83984375 0.73828125 0.8515625 0.8876953125 0.9466145841346154 0.8916015625 0.94140625 0.8994140625 0.94140625 0.9892578125 0.8645833341346154 0.9853515625 0.8541666658653846
347 0.9921875 0.05208333413461538 0.998046875 0.0390625 0.9951171875 0.015625 0.9541015625 0.0013020841346153846 0.515625 0.12890625 0.4423828125 0.12630208413461538 0.2861328125 0.11588541586538462 0.263671875 0.125 0.263671875 0.36067708413461536 0.267578125 0.40625 0.275390625 0.41015625 0.2783203125 0.39713541586538464 0.291015625 0.38151041586538464 0.2919921875 0.37109375 0.4208984375 0.3671875 0.4208984375 0.37630208413461536 0.4296875 0.375 0.4306640625 0.36458333413461536 0.4873046875 0.36197916586538464 0.525390625 0.3671875 0.5283203125 0.375 0.54296875 0.38020833413461536 0.55078125 0.39583333413461536 0.5576171875 0.41536458413461536 0.5595703125 0.44010416586538464 0.56640625 0.44140625 0.568359375 0.375 0.599609375 0.37630208413461536 0.6005859375 0.38411458413461536 0.6083984375 0.38411458413461536 0.625 0.3984375 0.63671875 0.43880208413461536 0.6376953125 0.45182291586538464 0.63671875 0.45572916586538464 0.64453125 0.45833333413461536 0.64453125 0.4453125 0.6474609375 0.42838541586538464 0.646484375 0.37239583413461536 0.6484375 0.2578125 0.5546875 0.2513020841346154 0.60546875 0.12890625 0.779296875 0.0859375 0.7763671875 0.38020833413461536 0.771484375 0.390625 0.7744140625 0.39453125 0.779296875 0.39322916586538464 0.7802734375 0.40494791586538464 0.7900390625 0.41015625 0.8076171875 0.43098958413461536 0.8134765625 0.44921875 0.8154296875 0.47135416586538464 0.81640625 0.48697916586538464 0.814453125 0.4921875 0.828125 0.49479166586538464 0.830078125 0.39973958413461536 0.9345703125 0.40885416586538464 0.935546875 0.42317708413461536 0.9453125 0.42447916586538464 0.955078125 0.43880208413461536 0.9658203125 0.47395833413461536 0.9716796875 0.5013020841346154 0.970703125 0.51953125 0.96875 0.5260416658653846 0.984375 0.52734375 0.9873046875 0.40364583413461536 0.9892578125 0.40104166586538464 0.9921875 0.05208333413461538
532 0.892578125 0.53515625 0.87109375 0.5455729158653846 0.8369140625 0.5481770841346154 0.80859375 0.5416666658653846 0.8037109375 0.5377604158653846 0.7841796875 0.515625 0.7236328125 0.5325520841346154 0.7216796875 0.5416666658653846 0.728515625 0.5442708341346154 0.8984375 0.5911458341346154 0.9931640625 0.55859375 0.9921875 0.5494791658653846 0.919921875 0.5338541658653846 0.916015625 0.5416666658653846 0.8955078125 0.5390625 0.892578125 0.53515625
1670 0.5625 0.47916666586538464 0.5458984375 0.48697916586538464 0.5458984375 0.49739583413461536 0.5498046875 0.5026041658653846 0.55078125 0.5364583341346154 0.556640625 0.5494791658653846 0.5556640625 0.5651041658653846 0.55859375 0.6380208341346154 0.58984375 0.66015625 0.5888671875 0.6861979158653846 0.576171875 0.68359375 0.5791015625 0.734375 0.716796875 0.82421875 0.72265625 0.8268229158653846 0.7265625 0.8190104158653846 0.7255859375 0.5455729158653846 0.720703125 0.5364583341346154 0.72265625 0.53125 0.8125 0.5026041658653846 0.818359375 0.5013020841346154 0.818359375 0.49869791586538464 0.8134765625 0.4921875 0.8154296875 0.484375 0.8115234375 0.46223958413461536 0.6806640625 0.44010416586538464 0.677734375 0.44010416586538464 0.6484375 0.43229166586538464 0.64453125 0.44791666586538464 0.6455078125 0.46744791586538464 0.5625 0.47916666586538464
532 0.01953125 0.5247395841346154 0.021484375 0.5143229158653846 0.01171875 0.49348958413461536 0.189453125 0.47526041586538464 0.224609375 0.5013020841346154 0.2333984375 0.49739583413461536 0.4716796875 0.46744791586538464 0.5439453125 0.49088541586538464 0.62890625 0.46744791586538464 0.48828125 0.43359375 0.36328125 0.44791666586538464 0.0009765625 0.484375 0.001953125 0.5286458341346154 0.0126953125 0.5260416658653846 0.01953125 0.5247395841346154
433 0.1484375 0.2864583341346154 0.1533203125 0.27734375 0.15234375 0.2669270841346154 0.146484375 0.2513020841346154 0.166015625 0.27734375 0.17578125 0.2799479158653846 0.193359375 0.2825520841346154 0.203125 0.2799479158653846 0.21875 0.2890625 0.228515625 0.2838541658653846 0.2451171875 0.2799479158653846 0.26171875 0.28515625 0.27734375 0.28515625 0.2958984375 0.2786458341346154 0.3037109375 0.27734375 0.3154296875 0.265625 0.318359375 0.24739583413461538 0.3173828125 0.2265625 0.3212890625 0.21875 0.3349609375 0.21484375 0.3349609375 0.20833333413461538 0.322265625 0.20442708413461538 0.3154296875 0.14322916586538462 0.326171875 0.14192708413461538 0.3359375 0.13932291586538462 0.3388671875 0.13541666586538462 0.3232421875 0.07942708413461538 0.296875 0.078125 0.2890625 0.10416666586538462 0.2685546875 0.04557291586538462 0.2431640625 0.046875 0.2314453125 0.0859375 0.2255859375 0.08984375 0.2109375 0.13020833413461538 0.185546875 0.08984375 0.1748046875 0.07291666586538462 0.166015625 0.05859375 0.1572265625 0.04166666586538462 0.1513671875 0.026041665865384613 0.1474609375 0.00390625 0.1259765625 0.00390625 0.119140625 0.0234375 0.1103515625 0.04296875 0.1005859375 0.05989583413461538 0.0869140625 0.07682291586538462 0.078125 0.08723958413461538 0.0634765625 0.10677083413461538 0.052734375 0.12239583413461538 0.0185546875 0.01953125 0.0146484375 0.016927084134615387 0.0009765625 0.014322915865384615 0.0009765625 0.2825520841346154 0.0146484375 0.2786458341346154 0.0224609375 0.2799479158653846 0.0341796875 0.28125 0.0419921875 0.2838541658653846 0.0537109375 0.28515625 0.0693359375 0.27734375 0.0849609375 0.2799479158653846 0.0986328125 0.2786458341346154 0.107421875 0.2734375 0.119140625 0.265625 0.1220703125 0.27734375 0.126953125 0.2877604158653846 0.140625 0.29296875 0.1484375 0.2864583341346154
1389 0.3896484375 0.45963541586538464 0.412109375 0.4609375 0.4169921875 0.45572916586538464 0.4169921875 0.44791666586538464 0.421875 0.41536458413461536 0.423828125 0.41015625 0.427734375 0.40234375 0.42578125 0.390625 0.4248046875 0.37369791586538464 0.421875 0.36588541586538464 0.423828125 0.35807291586538464 0.4208984375 0.35677083413461536 0.4189453125 0.3515625 0.4228515625 0.34244791586538464 0.419921875 0.33723958413461536 0.4189453125 0.33333333413461536 0.421875 0.32942708413461536 0.40625 0.3020833341346154 0.3994140625 0.3020833341346154 0.3974609375 0.30989583413461536 0.3935546875 0.32552083413461536 0.38671875 0.33072916586538464 0.38671875 0.34244791586538464 0.3896484375 0.359375 0.3896484375 0.36328125 0.3828125 0.35677083413461536 0.375 0.36979166586538464 0.376953125 0.38932291586538464 0.380859375 0.39583333413461536 0.3798828125 0.40755208413461536 0.3818359375 0.41536458413461536 0.38671875 0.4453125 0.384765625 0.45182291586538464 0.3896484375 0.45963541586538464
792 0.9736328125 0.8828125 0.9013671875 0.9427083341346154 0.890625 0.9440104158653846 0.888671875 0.94921875 0.736328125 0.8515625 0.7353515625 0.8424479158653846 0.580078125 0.73828125 0.57421875 0.7447916658653846 0.5634765625 0.7486979158653846 0.548828125 0.74609375 0.5380859375 0.74609375 0.5234375 0.7578125 0.509765625 0.79296875 0.5087890625 0.8177083341346154 0.5068359375 0.8359375 0.5087890625 0.8489583341346154 0.51171875 0.859375 0.5029296875 0.8763020841346154 0.5009765625 0.9986979158653846 0.6259765625 0.9973958341346154 0.998046875 0.9973958341346154 0.9970703125 0.90234375 0.974609375 0.8880208341346154 0.9736328125 0.8828125