323 0.19916666586538462 0.6477777788461538 0.19916666586538462 0.6177777788461539 0.1841666658653846 0.6055555552884615 0.1541666658653846 0.6055555552884615 0.1316666658653846 0.6277777788461538 0.1283333341346154 0.6611111105769231 0.1541666658653846 0.6677777788461537 0.17416666586538462 0.6644444447115384 0.19916666586538462 0.6477777788461538
1735 0.365 0.5022222211538462 0.3816666658653846 0.4988888894230769 0.3816666658653846 0.4766666658653846 0.38 0.4522222211538462 0.3675 0.4455555552884615 0.34750000000000003 0.44999999999999996 0.3516666658653846 0.4755555552884615 0.3416666658653846 0.4766666658653846 0.35 0.5022222211538462 0.365 0.5022222211538462
1942 0.8308333341346154 0.19888888942307695 0.8516666658653846 0.18777777884615385 0.8491666658653846 0.16111111057692307 0.5883333341346154 0.19222222115384616 0.595 0.41333333413461537 0.8291666658653847 0.41000000000000003 0.8308333341346154 0.19888888942307695
402 0.2758333341346154 0 0.5441666658653846 0.13555555528846155 0.9733333341346154 0.060000000000000005 0.9774999999999999 0.002222221153846154 0.2758333341346154 0
1967 0.8266666658653846 0.7766666658653846 0.5491666658653845 0.7177777788461538 0.20583333413461538 0.9866666658653845 0.8108333341346154 0.9933333341346154 0.8308333341346154 0.8933333341346154 0.8266666658653846 0.7766666658653846
185 0.8791666658653846 0.08333333413461538 0.8583333341346153 0.11222222115384616 0.8566666658653846 0.15888888942307694 0.8633333341346153 0.18444444471153845 0.9974999999999999 0.17111111057692308 0.9933333341346154 0.10333333413461537 0.9683333341346153 0.08666666586538462 0.9383333341346154 0.08222222115384616 0.905 0.08222222115384616 0.8791666658653846 0.08333333413461538
569 0.6075 0.41111111057692307 0.6641666658653846 0.40888888942307694 0.6608333341346154 0.19777777884615383 0.5933333341346153 0.2066666658653846 0.5875 0.3855555552884615 0.5933333341346153 0.40111111057692306 0.6075 0.41111111057692307
938 0.7158333341346155 0.1333333341346154 0.7141666658653846 0.16 0.7266666658653846 0.16666666586538462 0.7408333341346154 0.17666666586538463 0.7566666658653846 0.14777777884615384 0.7658333341346153 0.1311111105769231 0.7474999999999999 0.12444444471153847 0.7333333341346153 0.1288888894230769 0.7158333341346155 0.1333333341346154
249 0.8175 0.16 0.8366666658653846 0.16 0.8691666658653846 0.14555555528846154 0.8741666658653846 0.1288888894230769 0.8491666658653846 0.10777777884615383 0.83 0.11 0.8133333341346154 0.11888888942307692 0.8033333341346154 0.13555555528846155 0.8033333341346154 0.15777777884615382 0.8175 0.16
949 0.6516666658653846 0.18777777884615385 0.6716666658653847 0.1833333341346154 0.675 0.16888888942307692 0.6691666658653846 0.15777777884615382 0.6691666658653846 0.14111111057692308 0.6575 0.13777777884615386 0.645 0.14777777884615384 0.6308333341346154 0.15777777884615382 0.6266666658653846 0.17444444471153847 0.6391666658653846 0.18777777884615385 0.6516666658653846 0.18777777884615385
1564 0.6499999999999999 0.4944444447115384 0.8208333341346153 0.5055555552884615 0.8316666658653846 0.48222222115384616 0.6691666658653846 0.4677777788461538 0.6499999999999999 0.4944444447115384
757 0.7658333341346153 0.48000000000000004 0.76 0.44 0.7375 0.44 0.7333333341346153 0.4611111105769231 0.7424999999999999 0.48000000000000004 0.7658333341346153 0.48000000000000004
644 0.55 0.6933333341346154 0.545 0.5055555552884615 0.4775 0.5277777788461538 0.47916666586538464 0.76 0.5433333341346154 0.7055555552884616 0.55 0.6933333341346154
1199 0.47916666586538464 0.7477777788461538 0.4775 0.5488888894230769 0.3491666658653846 0.5933333341346153 0.35083333413461537 0.868888889423077 0.4741666658653846 0.7744444447115384 0.47916666586538464 0.7477777788461538
345 0.28166666586538464 0.6933333341346154 0.28500000000000003 0.9166666658653846 0.34249999999999997 0.868888889423077 0.3458333341346154 0.8544444447115385 0.34416666586538464 0.6655555552884616 0.28166666586538464 0.6933333341346154
531 0.35500000000000004 0.6533333341346155 0.36 0.638888889423077 0.3725 0.62 0.3633333341346154 0.61 0.3491666658653846 0.6177777788461539 0.26 0.5988888894230769 0.07333333413461539 0.6655555552884616 0.075 0.6766666658653846 0.14250000000000002 0.7033333341346153 0.15 0.722222221153846 0.15916666586538464 0.7388888894230768 0.35500000000000004 0.6533333341346155
345 0.2725 0.6933333341346154 0.17333333413461538 0.7366666658653845 0.14083333413461538 0.722222221153846 0.13416666586538462 0.701111110576923 0.08583333413461539 0.6788888894230769 0.08083333413461538 0.6555555552884615 0.05 0.6655555552884616 0.0575 1 0.17666666586538463 0.9966666658653847 0.27666666586538463 0.9233333341346154 0.2725 0.6933333341346154
704 1 0.4044239951923077 0.865 0.40111111057692306 0.8583333341346153 0.3777777788461538 0.8441666658653847 0.3777777788461538 0.8383333341346154 0.39222222115384614 0.8524999999999999 0.8022222211538461 0.8666666658653847 0.7933333341346154 1 0.8242512067307692 1 0.4044239951923077
695 0.8633333341346153 0.778888889423077 0.9083333341346154 0.7977777788461539 0.9258333341346153 0.7433333341346154 0.9349999999999999 0.7100000000000001 0.9308333341346154 0.6766666658653846 0.9291666658653847 0.638888889423077 0.91 0.641111110576923 0.8916666658653847 0.66 0.8883333341346155 0.6955555552884616 0.8775000000000001 0.7311111105769231 0.8633333341346153 0.778888889423077
695 0.995 0.8099999999999999 0.9991666658653846 0.7455555552884616 0.9916666658653847 0.7144444447115385 0.9866666658653845 0.6677777788461537 0.9841666658653847 0.641111110576923 0.965 0.6488888894230769 0.9600000000000001 0.6811111105769231 0.9508333341346155 0.7311111105769231 0.9575 0.8077777788461538 0.995 0.8099999999999999
695 0.8524999999999999 0.5888888894230769 0.8708333341346154 0.6055555552884615 0.8816666658653846 0.5966666658653846 0.8791666658653846 0.5533333341346154 0.8791666658653846 0.52 0.8791666658653846 0.4755555552884615 0.8566666658653846 0.4211111105769231 0.86 0.46555555528846154 0.8491666658653846 0.5255555552884615 0.8491666658653846 0.5533333341346154 0.8524999999999999 0.5888888894230769
695 0.8741666658653846 0.508888889423077 0.8775000000000001 0.5744444447115384 0.8916666658653847 0.5988888894230769 0.9149999999999999 0.6055555552884615 0.9366666658653846 0.5966666658653846 0.9366666658653846 0.5744444447115384 0.9383333341346154 0.5388888894230769 0.9275 0.5055555552884615 0.9225 0.4866666658653846 0.9166666658653846 0.4511111105769231 0.9116666658653846 0.41777777884615386 0.8991666658653846 0.41777777884615386 0.8991666658653846 0.4488888894230769 0.8775000000000001 0.48888888942307696 0.8741666658653846 0.508888889423077
695 1 0.4232478629807692 0.9791666658653846 0.4211111105769231 0.9841666658653847 0.4466666658653846 0.9716666658653845 0.47777777884615386 0.9683333341346153 0.508888889423077 0.965 0.5533333341346154 0.9666666658653846 0.5988888894230769 0.9791666658653846 0.6266666658653846 0.9991666658653846 0.6344444447115385 1 0.5288888894230769 1 0.4232478629807692
985 0.9116666658653846 0.9088888894230769 0.9491666658653847 0.9188888894230769 0.9683333341346153 0.9088888894230769 0.9716666658653845 0.86 0.9666666658653846 0.8266666658653846 0.9525 0.7855555552884615 0.9541666658653847 0.7666666658653847 0.9383333341346154 0.7533333341346153 0.9166666658653846 0.7622222211538462 0.9149999999999999 0.7833333341346154 0.8941666658653846 0.8355555552884616 0.8941666658653846 0.8833333341346153 0.9116666658653846 0.9088888894230769
1047 0.4858333341346154 0.04 0.5216666658653846 0.04111111057692308 0.5325 0.026666665865384614 0.4883333341346154 0.021111110576923078 0.4858333341346154 0.04
1047 0.63 0.09777777884615385 0.6075 0.09888888942307691 0.6166666658653847 0.11777777884615384 0.6408333341346153 0.11444444471153846 0.6425 0.1 0.63 0.09777777884615385
957 0.5833333341346154 0.2577777788461538 0.5816666658653846 0.23 0.5675 0.23111111057692307 0.5658333341346153 0.24555555528846154 0.5658333341346153 0.2588888894230769 0.5833333341346154 0.2577777788461538
364 0.6691666658653846 0.40444444471153845 0.6766666658653846 0.40111111057692306 0.6766666658653846 0.35333333413461543 0.6691666658653846 0.35333333413461543 0.6691666658653846 0.40444444471153845
364 0.8049999999999999 0.40666666586538464 0.8133333341346154 0.4055555552884615 0.8099999999999999 0.35333333413461543 0.8041666658653847 0.35333333413461543 0.8049999999999999 0.40666666586538464
1600 0.7833333341346154 0.4611111105769231 0.7825 0.4677777788461538 0.7925 0.46888888942307694 0.7925 0.4833333341346154 0.8016666658653846 0.48000000000000004 0.7975 0.46 0.7925 0.46222222115384615 0.7833333341346154 0.4611111105769231
1047 0.8091666658653847 0.07 0.8108333341346154 0.0766666658653846 0.8166666658653846 0.0766666658653846 0.8308333341346154 0.0766666658653846 0.8458333341346154 0.07444444471153847 0.8558333341346154 0.06777777884615385 0.8558333341346154 0.06111111057692308 0.8441666658653847 0.05777777884615384 0.8266666658653846 0.05888888942307692 0.8225 0.060000000000000005 0.8141666658653846 0.06555555528846155 0.8091666658653847 0.07
118 0.9166666658653846 0.09555555528846155 0.91 0.10222222115384616 0.9066666658653847 0.11111111057692308 0.9083333341346154 0.11555555528846154 0.9391666658653846 0.11222222115384616 0.9375 0.10222222115384616 0.9258333341346153 0.09555555528846155 0.9166666658653846 0.09555555528846155
118 0.9416666658653846 0.10444444471153846 0.9408333341346153 0.11222222115384616 0.9708333341346154 0.11111111057692308 0.9675 0.10222222115384616 0.9558333341346154 0.09777777884615385 0.9466666658653846 0.09777777884615385 0.9416666658653846 0.10444444471153846
1116 0.40666666586538464 0.35 0.40499999999999997 0.2666666658653846 0.40166666586538463 0.24222222115384615 0.26833333413461535 0.2188888894230769 0.2691666658653846 0.35333333413461543 0.37833333413461534 0.35777777884615386 0.3975 0.35 0.40666666586538464 0.35
985 0.4825 0.4222222211538461 0.48166666586538465 0.4366666658653846 0.4841666658653846 0.4444444447115385 0.4908333341346154 0.44999999999999996 0.5033333341346153 0.4566666658653846 0.5033333341346153 0.47222222115384616 0.5208333341346154 0.47222222115384616 0.5208333341346154 0.46222222115384615 0.5275 0.4322222211538461 0.5258333341346154 0.41666666586538464 0.52 0.40444444471153845 0.5133333341346155 0.39666666586538457 0.5108333341346154 0.3855555552884615 0.4933333341346154 0.3866666658653846 0.4883333341346154 0.39555555528846154 0.4883333341346154 0.40666666586538464 0.4825 0.4222222211538461
1382 0.5608333341346154 0.4344444447115385 0.5625 0.45555555528846153 0.5633333341346154 0.47444444471153846 0.6 0.47222222115384616 0.5983333341346154 0.41666666586538464 0.5608333341346154 0.4144444447115384 0.5583333341346154 0.4222222211538461 0.5608333341346154 0.4344444447115385
1459 0.5683333341346154 0.3266666658653846 0.5733333341346154 0.3288888894230769 0.5733333341346154 0.3355555552884616 0.58 0.33444444471153845 0.5808333341346154 0.33111111057692305 0.58 0.3266666658653846 0.5850000000000001 0.32 0.5850000000000001 0.3133333341346154 0.5850000000000001 0.3055555552884615 0.5816666658653846 0.30222222115384617 0.5783333341346154 0.30222222115384617 0.5766666658653846 0.31 0.5766666658653846 0.3133333341346154 0.5733333341346154 0.3133333341346154 0.5716666658653846 0.30888888942307696 0.5675 0.3066666658653846 0.5608333341346154 0.3133333341346154 0.565 0.32555555528846153 0.5658333341346153 0.3266666658653846 0.5683333341346154 0.3266666658653846
679 0.6116666658653845 0.5444444447115384 0.6108333341346154 0.511111110576923 0.5516666658653846 0.5077777788461538 0.5525 0.5388888894230769 0.6116666658653845 0.5444444447115384
545 0.6108333341346154 0.5533333341346154 0.5516666658653846 0.5466666658653846 0.5491666658653845 0.7033333341346153 0.615 0.7144444447115385 0.6108333341346154 0.5533333341346154
545 0.7124999999999999 0.5644444447115384 0.7158333341346155 0.7355555552884615 0.8191666658653846 0.76 0.8125 0.5733333341346154 0.7124999999999999 0.5644444447115384
545 0.6233333341346154 0.5533333341346154 0.6241666658653846 0.7188888894230769 0.7141666658653846 0.7377777788461538 0.7108333341346154 0.5622222211538461 0.6233333341346154 0.5533333341346154
545 0.06416666586538461 0.002222221153846154 0.07083333413461539 0.6422222211538462 0.17666666586538463 0.6077777788461538 0.1683333341346154 0.001111110576923077 0.06416666586538461 0.002222221153846154
545 0.2583333341346154 0.5811111105769231 0.2516666658653846 0.001111110576923077 0.16999999999999998 0.001111110576923077 0.17666666586538463 0.6066666658653846 0.2583333341346154 0.5811111105769231
1678 0.35 0.5622222211538461 0.33999999999999997 0.5688888894230769 0.34249999999999997 0.5855555552884616 0.3591666658653846 0.5855555552884616 0.4708333341346154 0.5455555552884616 0.4766666658653846 0.5377777788461539 0.46499999999999997 0.51 0.3816666658653846 0.4988888894230769 0.34333333413461536 0.4988888894230769 0.3275 0.5044444447115385 0.26999999999999996 0.5166666658653847 0.2725 0.5344444447115385 0.34083333413461536 0.5466666658653846 0.35 0.5622222211538461
341 0.3575 0.5344444447115385 0.38583333413461535 0.5255555552884615 0.34500000000000003 0.5188888894230769 0.3166666658653846 0.5333333341346154 0.3575 0.5344444447115385
341 0.38 0.5166666658653847 0.4183333341346154 0.5188888894230769 0.4366666658653846 0.5133333341346155 0.3975 0.5022222211538462 0.38 0.5166666658653847
341 0.2716666658653846 0.5166666658653847 0.27416666586538463 0.5277777788461538 0.28416666586538464 0.5288888894230769 0.315 0.5311111105769231 0.34249999999999997 0.5188888894230769 0.3075 0.508888889423077 0.2716666658653846 0.5166666658653847
678 0.8308333341346154 0.19222222115384616 0.8566666658653846 0.18555555528846154 0.8541666658653846 0.16888888942307692 0.8141666658653846 0.17444444471153847 0.8191666658653846 0.40777777884615385 0.8266666658653846 0.40666666586538464 0.8308333341346154 0.19222222115384616
118 0.9866666658653845 0.1 0.9816666658653846 0.1 0.9766666658653846 0.10111111057692307 0.9741666658653846 0.10555555528846153 0.9716666658653845 0.11111111057692308 0.9766666658653846 0.11222222115384616 0.9966666658653847 0.11222222115384616 0.9966666658653847 0.10777777884615383 0.995 0.10333333413461537 0.9866666658653845 0.1
305 0.5625 0.48000000000000004 0.565 0.4611111105769231 0.565 0.4566666658653846 0.5591666658653847 0.4511111105769231 0.5508333341346154 0.4455555552884615 0.545 0.4466666658653846 0.5366666658653846 0.44777777884615383 0.5308333341346153 0.44777777884615383 0.5283333341346154 0.4588888894230769 0.5316666658653847 0.48000000000000004 0.5416666658653846 0.48222222115384616 0.5549999999999999 0.4811111105769231 0.5625 0.48000000000000004
1973 0.5399999999999999 0.3833333341346154 0.5408333341346154 0.3911111105769231 0.5433333341346154 0.39444444471153844 0.5458333341346153 0.39888888942307693 0.55 0.40222222115384615 0.5549999999999999 0.40111111057692306 0.5575 0.40777777884615385 0.5575 0.41555555528846155 0.56 0.41666666586538464 0.5691666658653847 0.41333333413461537 0.5925 0.41555555528846155 0.5941666658653847 0.41333333413461537 0.5916666658653846 0.38444444471153844 0.5933333341346153 0.3711111105769231 0.5808333341346154 0.3788888894230769 0.58 0.388888889423077 0.5666666658653846 0.39555555528846154 0.5658333341346153 0.38444444471153844 0.5633333341346154 0.3822222211538462 0.56 0.38444444471153844 0.5575 0.39222222115384614 0.5566666658653846 0.3855555552884615 0.5516666658653846 0.3766666658653846 0.5466666658653846 0.3733333341346154 0.5433333341346154 0.3755555552884615 0.5399999999999999 0.3777777788461538 0.5399999999999999 0.3833333341346154
311 0.5025 0.45555555528846153 0.5058333341346154 0.4466666658653846 0.5 0.4433333341346154 0.4941666658653846 0.44777777884615383 0.48750000000000004 0.4455555552884615 0.48166666586538465 0.4444444447115385 0.47833333413461543 0.44777777884615383 0.47166666586538464 0.44777777884615383 0.47000000000000003 0.44999999999999996 0.47250000000000003 0.47888888942307695 0.4841666658653846 0.48000000000000004 0.4983333341346154 0.48000000000000004 0.5016666658653846 0.4766666658653846 0.5025 0.45555555528846153
1128 0.4625 0.4488888894230769 0.4425 0.4455555552884615 0.4241666658653846 0.4444444447115385 0.3975 0.4433333341346154 0.3941666658653846 0.4522222211538462 0.3925 0.46 0.39666666586538457 0.46 0.40916666586538464 0.4944444447115384 0.41000000000000003 0.4988888894230769 0.4491666658653846 0.4933333341346154 0.45749999999999996 0.4666666658653846 0.4633333341346154 0.4566666658653846 0.46749999999999997 0.4533333341346154 0.4625 0.4488888894230769
910 0.4291666658653846 0.4522222211538462 0.44083333413461534 0.44999999999999996 0.4433333341346154 0.4444444447115385 0.4516666658653846 0.44111111057692304 0.45916666586538457 0.4377777788461538 0.45916666586538457 0.4288888894230769 0.45583333413461535 0.42444444471153847 0.4466666658653846 0.43 0.4383333341346154 0.4366666658653846 0.4283333341346154 0.44222222115384613 0.4291666658653846 0.4522222211538462
1469 0.7816666658653847 0.888888889423077 0.8049999999999999 0.8155555552884616 0.7966666658653847 0.8 0.5633333341346154 0.7444444447115385 0.4983333341346154 0.8044444447115384 0.505 0.8088888894230769 0.7766666658653846 0.888888889423077 0.7816666658653847 0.888888889423077
695 0.9241666658653845 0.4855555552884615 0.9191666658653846 0.4977777788461539 0.9241666658653845 0.51 0.9358333341346154 0.5266666658653846 0.9366666658653846 0.5944444447115385 0.9216666658653847 0.6022222211538462 0.9008333341346154 0.601111110576923 0.8991666658653846 0.6066666658653846 0.8999999999999999 0.6166666658653847 0.9083333341346154 0.6288888894230769 0.9241666658653845 0.6288888894230769 0.9333333341346154 0.6433333341346154 0.9458333341346153 0.6455555552884615 0.9583333341346154 0.6488888894230769 0.9758333341346154 0.6444444447115385 0.9833333341346153 0.6488888894230769 0.9866666658653845 0.6344444447115385 0.9675 0.5988888894230769 0.9641666658653846 0.5644444447115384 0.965 0.5055555552884615 0.9675 0.48777777884615386 0.9666666658653846 0.48000000000000004 0.9608333341346154 0.4711111105769231 0.9624999999999999 0.4533333341346154 0.9641666658653846 0.4433333341346154 0.9616666658653846 0.4322222211538461 0.9116666658653846 0.4333333341346154 0.9225 0.4633333341346154 0.9283333341346154 0.47222222115384616 0.9241666658653845 0.4855555552884615
1575 0.2166666658653846 0.6588888894230769 0.17833333413461538 0.6611111105769231 0.17416666586538462 0.6866666658653846 0.1891666658653846 0.6855555552884615 0.2075 0.6811111105769231 0.2133333341346154 0.6766666658653846 0.2166666658653846 0.6588888894230769
1575 0.2475 0.6077777788461538 0.23583333413461538 0.6133333341346154 0.24000000000000002 0.6222222211538462 0.23666666586538462 0.638888889423077 0.2416666658653846 0.6433333341346154 0.2575 0.6433333341346154 0.2625 0.6433333341346154 0.27333333413461536 0.6211111105769231 0.26999999999999996 0.6133333341346154 0.26083333413461535 0.6077777788461538 0.2475 0.6077777788461538
1575 0.23500000000000001 0.641111110576923 0.23833333413461538 0.6222222211538462 0.23500000000000001 0.6177777788461539 0.2133333341346154 0.618888889423077 0.2066666658653846 0.6344444447115385 0.20916666586538463 0.6455555552884615 0.2166666658653846 0.6488888894230769 0.22666666586538461 0.6499999999999999 0.23500000000000001 0.641111110576923
404 0.705 0.09222222115384615 0.705 0.09444444471153846 0.7108333341346154 0.09888888942307691 0.7158333341346155 0.09888888942307691 0.7158333341346155 0.11333333413461538 0.7175 0.16555555528846153 0.7191666658653847 0.18777777884615385 0.7158333341346155 0.1888888894230769 0.7133333341346154 0.19555555528846155 0.7133333341346154 0.20555555528846153 0.715 0.21111111057692306 0.7041666658653847 0.23777777884615384 0.7058333341346154 0.2688888894230769 0.7058333341346154 0.29555555528846156 0.7366666658653845 0.29777777884615386 0.74 0.2933333341346154 0.7366666658653845 0.23444444471153847 0.7250000000000001 0.21222222115384615 0.7291666658653846 0.20555555528846153 0.7308333341346154 0.2 0.7291666658653846 0.19333333413461537 0.7258333341346154 0.18777777884615385 0.7258333341346154 0.18222222115384618 0.7241666658653846 0.17666666586538463 0.7241666658653846 0.15777777884615382 0.7225 0.13444444471153846 0.7233333341346154 0.12222222115384616 0.7233333341346154 0.11888888942307692 0.7233333341346154 0.11444444471153846 0.7233333341346154 0.10666666586538462 0.7225 0.09666666586538461 0.7308333341346154 0.09555555528846155 0.7366666658653845 0.09111111057692309 0.7383333341346153 0.08888888942307692 0.7316666658653846 0.08444444471153846 0.7124999999999999 0.08444444471153846 0.7075 0.08666666586538462 0.7058333341346154 0.08888888942307692 0.705 0.09222222115384615
347 0.5508333341346154 0.14 0.2725 0.002222221153846154 0.2641666658653846 0.005555555288461538 0.2691666658653846 0.2166666658653846 0.40166666586538463 0.24000000000000002 0.40499999999999997 0.2555555552884615 0.4083333341346154 0.3522222211538461 0.39499999999999996 0.3522222211538461 0.38 0.361111110576923 0.34666666586538464 0.361111110576923 0.34833333413461537 0.3766666658653846 0.40166666586538463 0.3733333341346154 0.5433333341346154 0.3644444447115385 0.5391666658653846 0.15777777884615382 0.5508333341346154 0.14
1885 0.545 0.36555555528846156 0.5391666658653846 0.37 0.3458333341346154 0.3777777788461538 0.34416666586538464 0.361111110576923 0.2725 0.3633333341346154 0.26999999999999996 0.3777777788461538 0.27333333413461536 0.51 0.46833333413461536 0.4666666658653846 0.46833333413461536 0.4466666658653846 0.4808333341346154 0.44222222115384613 0.5258333341346154 0.46 0.8291666658653847 0.4755555552884615 0.8350000000000001 0.1911111105769231 0.865 0.18666666586538463 0.8608333341346154 0.13888888942307692 0.9025 0.11444444471153846 0.9966666658653847 0.10555555528846153 0.9974999999999999 0.08111111057692308 0.9766666658653846 0.06333333413461538 0.5533333341346154 0.13777777884615386 0.5416666658653846 0.15555555528846154 0.545 0.36555555528846156