1116 0.18 0.5958333341346154 0.27125 0.5933333341346153 0.26999999999999996 0.5216666658653846 0.18 0.5191666658653846 0.18 0.5958333341346154
299 0.15875 0.5875 0.108125 0.5941666658653847 0.120625 0.6158333341346154 0.141875 0.6158333341346154 0.15875 0.5875
1199 0.6156250000000001 0.6433333341346154 0.484375 0.64 0.478125 0.8141666658653846 0.6174999999999999 0.8233333341346154 0.6156250000000001 0.6433333341346154
1382 0.49624999999999997 0.5766666658653846 0.47125 0.5675 0.47000000000000003 0.5549999999999999 0.46125 0.5549999999999999 0.46 0.5675 0.436875 0.5808333341346154 0.44 0.6024999999999999 0.4975 0.5983333341346154 0.49624999999999997 0.5766666658653846
1681 0.4325 0.5933333341346153 0.41874999999999996 0.6174999999999999 0.7093750000000001 0.6358333341346154 0.7106250000000001 0.5975 0.4325 0.5933333341346153
1314 0.474375 0.2691666658653846 0.6475000000000001 0.2616666658653846 0.645625 0.09083333413461539 0.47375 0.10250000000000001 0.474375 0.2691666658653846
1736 0.895625 0.36416666586538465 0.91875 0.3666666658653846 0.9312499999999999 0.3558333341346154 0.935625 0.34083333413461536 0.925625 0.33416666586538457 0.9225 0.3383333341346154 0.9137500000000001 0.33 0.906875 0.3241666658653846 0.8999999999999999 0.335 0.8999999999999999 0.3383333341346154 0.8968750000000001 0.33333333413461536 0.8931250000000001 0.33333333413461536 0.8925 0.34750000000000003 0.895625 0.36416666586538465
364 0.35624999999999996 0.20249999999999999 0.35500000000000004 0.28416666586538464 0.36875 0.28500000000000003 0.37 0.20249999999999999 0.35624999999999996 0.20249999999999999
364 0.76625 0.1791666658653846 0.7562500000000001 0.1825 0.754375 0.2641666658653846 0.76875 0.26 0.76625 0.1791666658653846
1861 0.325625 0.3816666658653846 0.333125 0.35083333413461537 0.32937500000000003 0.3291666658653846 0.33 0.3183333341346154 0.31124999999999997 0.3216666658653846 0.314375 0.33333333413461536 0.306875 0.34666666586538464 0.3125 0.3775 0.325625 0.3816666658653846
1564 0.9037499999999999 0.7025 0.92625 0.7083333341346154 0.956875 0.715 0.9974999999999999 0.7175 0.9931249999999999 0.6883333341346154 0.9712500000000001 0.6891666658653846 0.939375 0.6891666658653846 0.9193749999999999 0.6925 0.9037499999999999 0.7025
1388 0.414375 0.2575 0.4125 0.23666666586538462 0.421875 0.2241666658653846 0.41750000000000004 0.21250000000000002 0.40499999999999997 0.21583333413461536 0.398125 0.20166666586538462 0.395625 0.21 0.393125 0.22333333413461537 0.38625000000000004 0.20916666586538463 0.38125 0.2191666658653846 0.39187500000000003 0.23583333413461538 0.385625 0.2475 0.38875 0.28 0.41000000000000003 0.27749999999999997 0.414375 0.2575
1388 0.73125 0.2308333341346154 0.734375 0.2 0.7268749999999999 0.1958333341346154 0.71875 0.21 0.708125 0.1833333341346154 0.708125 0.19666666586538462 0.70625 0.21416666586538463 0.6900000000000001 0.1941666658653846 0.6937500000000001 0.21583333413461536 0.7 0.23500000000000001 0.7025 0.2675 0.7268749999999999 0.26833333413461535 0.73125 0.2308333341346154
879 0.824375 0.2583333341346154 0.823125 0.41666666586538464 0.8518749999999999 0.41666666586538464 0.8518749999999999 0.2541666658653846 0.824375 0.2583333341346154
1382 0.9149999999999999 0.28500000000000003 0.9149999999999999 0.2666666658653846 0.8999999999999999 0.2675 0.8931250000000001 0.29 0.909375 0.29250000000000004 0.9149999999999999 0.28500000000000003
1382 0.91875 0.29250000000000004 0.936875 0.29416666586538465 0.93625 0.265 0.921875 0.2641666658653846 0.91875 0.29250000000000004
313 0.848125 0.3925 0.82625 0.3925 0.8275 0.4183333341346154 0.8462500000000001 0.4208333341346154 0.848125 0.3925
1047 0.50625 0.3791666658653846 0.513125 0.3866666658653846 0.5237499999999999 0.3816666658653846 0.513125 0.3741666658653846 0.50625 0.3791666658653846
1047 0.635625 0.3691666658653846 0.624375 0.3766666658653846 0.63 0.3791666658653846 0.64 0.3791666658653846 0.6487499999999999 0.375 0.635625 0.3691666658653846
973 0.655625 0.27333333413461536 0.6806249999999999 0.2716666658653846 0.675625 0.23833333413461538 0.66125 0.23916666586538463 0.655625 0.27333333413461536
347 0.234375 0.6266666658653846 0.005625 0.6733333341346154 0.00125 0.955 0.23625000000000002 0.8391666658653846 0.234375 0.6266666658653846
1709 0.66625 0.985 0.46125 0.9641666658653846 0.291875 0.9483333341346154 0.15625 0.9433333341346154 0.065 0.955 0.004375 0.9633333341346154 0.0025 0.9958333341346154 0.746875 0.99 0.66625 0.985
531 0.8812500000000001 0.7100000000000001 0.849375 0.7158333341346155 0.858125 0.9141666658653846 0.9325 0.9149999999999999 0.95625 1 0.9974999999999999 0.9916666658653847 0.995625 0.6633333341346154 0.8825000000000001 0.6883333341346154 0.8812500000000001 0.7100000000000001
1848 0.9131250000000001 0.4275 0.90625 0.42 0.8981250000000001 0.42666666586538465 0.908125 0.4466666658653846 0.9193749999999999 0.445 0.9281250000000001 0.42666666586538465 0.921875 0.4225 0.9131250000000001 0.4275
1861 0.32875 0.28083333413461536 0.3075 0.28500000000000003 0.314375 0.3058333341346154 0.314375 0.315 0.32687499999999997 0.31583333413461534 0.32875 0.28083333413461536
1305 0.895625 0.5141666658653846 0.8999999999999999 0.515 0.90125 0.5441666658653846 0.901875 0.5525 0.9037499999999999 0.5791666658653847 0.909375 0.58 0.911875 0.5775 0.911875 0.5516666658653846 0.92 0.5525 0.923125 0.545 0.9243750000000001 0.4775 0.895 0.4775 0.895625 0.5141666658653846
1050 0.956875 0.5158333341346154 0.954375 0.4775 0.92625 0.47833333413461543 0.9243750000000001 0.5166666658653847 0.956875 0.5158333341346154
1198 0.8475 0.5233333341346154 0.845 0.5383333341346154 0.831875 0.5383333341346154 0.833125 0.5775 0.858125 0.5766666658653846 0.85875 0.5575 0.858125 0.5241666658653846 0.8475 0.5233333341346154
368 0.311875 0.3975 0.31375000000000003 0.40583333413461536 0.31375000000000003 0.4275 0.321875 0.4275 0.32125 0.4083333341346154 0.32375000000000004 0.3983333341346154 0.311875 0.3975
345 0.9675 0.08083333413461538 0.974375 0.08166666586538461 0.98 0.46833333413461536 1 0.46499999999999997 0.999375 0.0008333341346153846 0.955 0.0016666658653846154 0.95125 0.0125 0.969375 0.04 0.971875 0.053333334134615384 0.9675 0.08083333413461538
1152 0.42875 0.24416666586538463 0.42312500000000003 0.2475 0.42375 0.26083333413461535 0.4325 0.275 0.430625 0.28166666586538464 0.461875 0.2791666658653846 0.45687500000000003 0.2533333341346154 0.45749999999999996 0.24416666586538463 0.439375 0.24416666586538463 0.42875 0.24416666586538463
1850 0.33125000000000004 0.5575 0.33187500000000003 0.5483333341346154 0.34375 0.5399999999999999 0.345625 0.5225000000000001 0.33937500000000004 0.5225000000000001 0.33 0.5308333341346153 0.32499999999999996 0.52 0.32125 0.5208333341346154 0.32 0.5283333341346154 0.31625000000000003 0.5283333341346154 0.31124999999999997 0.5158333341346154 0.305 0.5183333341346154 0.303125 0.5233333341346154 0.29312499999999997 0.5233333341346154 0.29125 0.5283333341346154 0.30124999999999996 0.5491666658653845 0.306875 0.55 0.3075 0.5591666658653847 0.305 0.6108333341346154 0.33 0.6125 0.33625 0.6083333341346153 0.335625 0.5591666658653847 0.33125000000000004 0.5575
347 0.239375 0.625 0.236875 0.8425 0.233125 0.8466666658653845 0.23249999999999998 0.8608333341346154 0.33937500000000004 0.8716666658653847 0.34062499999999996 0.8816666658653846 0.365 0.8825000000000001 0.368125 0.88 0.744375 0.91 0.745625 0.9149999999999999 0.7737499999999999 0.9175 0.77625 0.9083333341346154 0.8500000000000001 0.9108333341346154 0.843125 0.7175 0.849375 0.7116666658653846 0.879375 0.7133333341346154 0.876875 0.6975 0.8812500000000001 0.6849999999999999 0.97875 0.6591666658653845 0.9781249999999999 0.6408333341346153 0.7837500000000001 0.6408333341346153 0.779375 0.6416666658653847 0.334375 0.63 0.33249999999999996 0.6266666658653846 0.239375 0.625
345 0.911875 0.47166666586538464 0.95625 0.47333333413461537 0.954375 0.20833333413461538 0.9593750000000001 0.19333333413461537 0.966875 0.17666666586538463 0.91875 0.16583333413461537 0.79625 0.16583333413461537 0.7993750000000001 0.4708333341346154 0.8825000000000001 0.47166666586538464 0.911875 0.47166666586538464
402 0.135625 0.0025 0.19 0.04 0.33249999999999996 0.020833334134615387 0.32 0.0025 0.135625 0.0025
532 0.330625 0.6241666658653846 0.33625 0.6283333341346153 0.416875 0.6316666658653846 0.416875 0.615 0.34687500000000004 0.6133333341346154 0.34750000000000003 0.6058333341346154 0.30124999999999996 0.6058333341346154 0.286875 0.61 0.11750000000000001 0.6158333341346154 0.09 0.6141666658653846 0.000625 0.6291666658653846 0.000625 0.6733333341346154 0.24000000000000002 0.6216666658653847 0.330625 0.6241666658653846
532 0.796875 0.6283333341346153 0.7124999999999999 0.6224999999999999 0.7100000000000001 0.6366666658653847 0.98375 0.64 0.983125 0.6308333341346154 0.973125 0.62 0.971875 0.595 0.855 0.5933333341346153 0.7993750000000001 0.5916666658653846 0.798125 0.6166666658653847 0.8 0.6208333341346154 0.796875 0.6283333341346153
347 0.04 0.125 0.0025 0.11 0.0018750000000000001 0.6283333341346153 0.088125 0.6108333341346154 0.088125 0.5891666658653846 0.160625 0.5833333341346154 0.149375 0.61 0.281875 0.6075 0.2975 0.6016666658653846 0.30375 0.5983333341346154 0.304375 0.4775 0.34812499999999996 0.47000000000000003 0.34500000000000003 0.195 0.2825 0.20166666586538462 0.16999999999999998 0.1925 0.16187500000000002 0.1925 0.036875 0.14 0.04 0.125
402 0.07875 0.0025 0.1825 0.056666665865384616 0.34125 0.04083333413461539 0.345625 0.030833334134615385 0.351875 0.03333333413461538 0.688125 0.0025 0.07875 0.0025
1885 0.8989583341346153 0 0.793125 0.0016666658653846154 0.690625 0.0025 0.349375 0.03666666586538461 0.34625 0.03416666586538462 0.34125 0.04333333413461538 0.18 0.060000000000000005 0.0725 0.0016666658653846154 0.00125 0.0008333341346153846 0.0018750000000000001 0.10666666586538462 0.042499999999999996 0.12333333413461538 0.040624999999999994 0.13833333413461538 0.16562500000000002 0.19 0.28125 0.19833333413461537 0.34687500000000004 0.1925 0.34625 0.28500000000000003 0.79625 0.2658333341346154 0.7899999999999999 0.2983333341346154 0.7906249999999999 0.6233333341346154 0.79875 0.62 0.7975 0.5891666658653846 0.973125 0.5941666658653847 0.9725 0.08499999999999999 0.965625 0.08499999999999999 0.97 0.0525 0.966875 0.04 0.949375 0.013333334134615385 0.9517279423076922 0 0.8989583341346153 0
345 0.7893749999999999 0.2966666658653846 0.79375 0.2691666658653846 0.335 0.2875 0.344375 0.30916666586538466 0.354375 0.3108333341346154 0.35 0.6133333341346154 0.41625 0.6158333341346154 0.42125 0.61 0.42 0.3825 0.71375 0.3766666658653846 0.715625 0.6241666658653846 0.7925 0.6241666658653846 0.7893749999999999 0.2966666658653846
792 0.7737499999999999 0.9208333341346153 0.7437499999999999 0.9183333341346154 0.7406250000000001 0.9125000000000001 0.3675 0.8833333341346153 0.33875 0.8833333341346153 0.33625 0.8758333341346154 0.22812500000000002 0.8616666658653845 0.08312499999999999 0.9508333341346155 0.15125 0.9391666658653846 0.7474999999999999 0.9924999999999999 0.7825 0.9974999999999999 0.8475 1 0.846875 0.9141666658653846 0.7775 0.9108333341346154 0.7737499999999999 0.9208333341346153
345 0.8512500000000001 0.875 0.8475 0.9633333341346154 0.8506250000000001 1 0.9075 0.9966666658653847 0.9506249999999999 0.9974999999999999 0.92625 0.9299999999999999 0.8575 0.9208333341346153 0.8512500000000001 0.875
564 0.98375 0.6308333341346154 0.98375 0.6433333341346154 0.9781249999999999 0.6433333341346154 0.98 0.6616666658653846 0.995625 0.6608333341346154 0.999375 0.655 1 0.4841666658653846 0.99875 0.46583333413461536 0.9781249999999999 0.46916666586538464 0.9756250000000001 0.6224999999999999 0.98375 0.6308333341346154
910 0.431875 0.6975 0.41062499999999996 0.6950000000000001 0.42 0.7116666658653846 0.430625 0.7091666658653846 0.431875 0.6975