345 0.3916015625 0.1015625 0.3974609375 0.32682291586538464 0.55078125 0.328125 0.546875 0.09895833413461538 0.525390625 0.08984375 0.3916015625 0.1015625
345 0.92578125 0.33333333413461536 0.923828125 0.06119791586538462 0.90625 0.04557291586538462 0.71875 0.06510416586538462 0.724609375 0.33463541586538464 0.9091796875 0.33984375 0.92578125 0.33333333413461536
345 0.6787109375 0.95703125 0.767578125 0.9921875 0.8740234375 0.9895833341346154 0.8671875 0.41927083413461536 0.865234375 0.40364583413461536 0.7607421875 0.3984375 0.68359375 0.42838541586538464 0.693359375 0.9010416658653846 0.6845703125 0.94140625 0.6787109375 0.95703125
1382 0.943359375 0.45833333413461536 0.9482421875 0.40364583413461536 0.951171875 0.38541666586538464 0.9404296875 0.37109375 0.908203125 0.37109375 0.8955078125 0.40885416586538464 0.9052734375 0.45833333413461536 0.943359375 0.45833333413461536
1191 0.8779296875 0.9088541658653846 0.9150390625 0.8776041658653846 0.8671875 0.8424479158653846 0.8427734375 0.84375 0.830078125 0.8255208341346154 0.79296875 0.8229166658653846 0.7470703125 0.8580729158653846 0.8017578125 0.875 0.8125 0.8815104158653846 0.8779296875 0.9088541658653846
180 0.8994140625 0.8528645841346154 0.8701171875 0.7994791658653846 0.80859375 0.78125 0.78125 0.7994791658653846 0.7587890625 0.8346354158653846 0.76171875 0.8932291658653846 0.7587890625 0.99609375 0.904296875 0.9947916658653846 0.9052734375 0.9049479158653846 0.8994140625 0.8528645841346154
345 0.490234375 0.44661458413461536 0.3515625 0.43229166586538464 0.3798828125 0.47916666586538464 0.6845703125 0.5026041658653846 0.861328125 0.5260416658653846 0.8671875 0.71875 0.994140625 0.7395833341346154 0.99609375 0.48958333413461536 0.8662109375 0.48046875 0.6865234375 0.46223958413461536 0.4990234375 0.45052083413461536 0.490234375 0.44661458413461536
1564 0.5673828125 0.42578125 0.5205078125 0.44661458413461536 0.6650390625 0.45703125 0.6767578125 0.43359375 0.5673828125 0.42578125
180 0.2490234375 0.42838541586538464 0.28125 0.41145833413461536 0.2783203125 0.37239583413461536 0.255859375 0.37369791586538464 0.244140625 0.36848958413461536 0.232421875 0.36848958413461536 0.2177734375 0.375 0.189453125 0.38151041586538464 0.1845703125 0.42447916586538464 0.2158203125 0.42578125 0.2490234375 0.42838541586538464
1366 0.2646484375 0.36848958413461536 0.26171875 0.35546875 0.25 0.33723958413461536 0.2353515625 0.32942708413461536 0.2216796875 0.33463541586538464 0.2099609375 0.32942708413461536 0.1953125 0.34114583413461536 0.1884765625 0.3671875 0.201171875 0.38151041586538464 0.23828125 0.37890625 0.2646484375 0.36848958413461536
414 0.0517578125 0.44140625 0.1015625 0.44140625 0.103515625 0.43229166586538464 0.10546875 0.390625 0.1025390625 0.37760416586538464 0.0517578125 0.375 0.0400390625 0.39713541586538464 0.05078125 0.41796875 0.0517578125 0.44140625
417 0.5302734375 0.7135416658653846 0.5029296875 0.89453125 0.4970703125 0.9348958341346154 0.5029296875 0.9609375 0.51171875 0.9361979158653846 0.51953125 0.89453125 0.5302734375 0.8776041658653846 0.5576171875 0.890625 0.5576171875 0.9036458341346154 0.5703125 0.9049479158653846 0.5703125 0.890625 0.599609375 0.9049479158653846 0.607421875 0.9895833341346154 0.6201171875 0.9895833341346154 0.6171875 0.9231770841346154 0.6513671875 0.890625 0.658203125 0.92578125 0.6708984375 0.9192708341346154 0.6328125 0.7135416658653846 0.6484375 0.7044270841346154 0.6474609375 0.68359375 0.61328125 0.6705729158653846 0.615234375 0.6315104158653846 0.630859375 0.6236979158653846 0.6279296875 0.6080729158653846 0.5869140625 0.609375 0.5615234375 0.609375 0.533203125 0.6002604158653846 0.5078125 0.5859375 0.51953125 0.6848958341346154 0.5107421875 0.69921875 0.5302734375 0.7135416658653846
417 0.38671875 0.6809895841346154 0.35546875 0.9049479158653846 0.3662109375 0.9088541658653846 0.3740234375 0.8489583341346154 0.412109375 0.84375 0.4228515625 0.8580729158653846 0.4228515625 0.84765625 0.4423828125 0.8567708341346154 0.4501953125 0.9361979158653846 0.4609375 0.93359375 0.4580078125 0.875 0.49609375 0.8450520841346154 0.5029296875 0.8776041658653846 0.5126953125 0.86328125 0.482421875 0.6770833341346154 0.4970703125 0.6653645841346154 0.4970703125 0.6536458341346154 0.4609375 0.6432291658653846 0.4619140625 0.61328125 0.46875 0.59765625 0.46875 0.5846354158653846 0.4404296875 0.5833333341346154 0.4150390625 0.5833333341346154 0.3896484375 0.578125 0.3720703125 0.5651041658653846 0.3779296875 0.65234375 0.369140625 0.66796875 0.38671875 0.6809895841346154
310 0.2724609375 0.8932291658653846 0.3017578125 0.8932291658653846 0.3037109375 0.8776041658653846 0.3173828125 0.8502604158653846 0.3232421875 0.8268229158653846 0.30859375 0.8177083341346154 0.296875 0.796875 0.279296875 0.7942708341346154 0.267578125 0.8138020841346154 0.24609375 0.8138020841346154 0.2392578125 0.83984375 0.2490234375 0.8645833341346154 0.2587890625 0.8854166658653846 0.2724609375 0.8932291658653846
1341 0.275390625 0.6666666658653846 0.2607421875 0.6731770841346154 0.2578125 0.6966145841346154 0.255859375 0.71875 0.255859375 0.7486979158653846 0.255859375 0.7604166658653846 0.2783203125 0.76171875 0.3017578125 0.7578125 0.298828125 0.6705729158653846 0.275390625 0.6666666658653846
1736 0.240234375 0.7291666658653846 0.244140625 0.71875 0.232421875 0.7265625 0.220703125 0.7161458341346154 0.2099609375 0.71875 0.2080078125 0.7994791658653846 0.22265625 0.7994791658653846 0.236328125 0.7760416658653846 0.23828125 0.7513020841346154 0.240234375 0.7291666658653846
1236 0.3291015625 0.09765625 0.1669921875 0.09114583413461538 0.166015625 0.42578125 0.326171875 0.41015625 0.3291015625 0.09765625
1691 0.466796875 0.0234375 0.4453125 0.014322915865384615 0.4287109375 0.014322915865384615 0.4140625 0.024739584134615387 0.4033203125 0.0546875 0.4033203125 0.0859375 0.4287109375 0.10026041586538462 0.4580078125 0.08203125 0.46875 0.05208333413461538 0.466796875 0.0234375
1351 0.5234375 0.03385416586538462 0.4970703125 0.03125 0.4794921875 0.03515625 0.470703125 0.0625 0.4716796875 0.0859375 0.5166015625 0.08723958413461538 0.53515625 0.07682291586538462 0.54296875 0.05338541586538462 0.5234375 0.03385416586538462
1345 0.4013671875 0.52734375 0.5126953125 0.546875 0.54296875 0.5260416658653846 0.4560546875 0.5065104158653846 0.4013671875 0.52734375
1345 0.5927734375 0.5221354158653846 0.5390625 0.5455729158653846 0.673828125 0.5677083341346154 0.689453125 0.5390625 0.5927734375 0.5221354158653846
1342 0.1513671875 0.31770833413461536 0.091796875 0.11328125 0.0849609375 0.002604165865384616 0.0810546875 0.07942708413461538 0.0625 0.00390625 0.0693359375 0.07161458413461538 0.0341796875 0.014322915865384615 0.048828125 0.06770833413461538 0.0830078125 0.11328125 0.142578125 0.3203125 0.1513671875 0.31770833413461536
307 0.8193359375 0.35677083413461536 0.8095703125 0.36458333413461536 0.794921875 0.3671875 0.7861328125 0.375 0.7705078125 0.38151041586538464 0.76953125 0.40104166586538464 0.8525390625 0.40364583413461536 0.857421875 0.38541666586538464 0.8310546875 0.38151041586538464 0.8193359375 0.35677083413461536
413 0.2412109375 0.9231770841346154 0.2392578125 0.8580729158653846 0.224609375 0.8515625 0.2041015625 0.8528645841346154 0.20703125 0.9322916658653846 0.22265625 0.92578125 0.2412109375 0.9231770841346154
345 0.20703125 0.9947916658653846 0.3466796875 0.8828125 0.3544921875 0.41276041586538464 0.1142578125 0.45182291586538464 0.005859375 0.43489583413461536 0 0.9986979158653846 0.1171875 0.99609375 0.20703125 0.9947916658653846
1362 0.4482421875 0.5208333341346154 0.4814453125 0.5260416658653846 0.5 0.51171875 0.4755859375 0.5065104158653846 0.4482421875 0.5208333341346154
1890 0.2294921875 0.07421875 0.26953125 0.07682291586538462 0.267578125 0.01171875 0.2255859375 0.014322915865384615 0.2294921875 0.07421875
1362 0.603515625 0.5221354158653846 0.595703125 0.54296875 0.6357421875 0.5546875 0.6513671875 0.5338541658653846 0.6201171875 0.5260416658653846 0.603515625 0.5221354158653846
1280 0.5478515625 0.40755208413461536 0.556640625 0.40104166586538464 0.5556640625 0.33984375 0.5498046875 0.33984375 0.5478515625 0.40755208413461536
300 0.2080078125 0.5755208341346154 0.2197265625 0.57421875 0.22265625 0.5377604158653846 0.2080078125 0.5338541658653846 0.2080078125 0.5755208341346154
973 0.2744140625 0.5208333341346154 0.2626953125 0.49869791586538464 0.2353515625 0.49739583413461536 0.2255859375 0.5234375 0.2373046875 0.5455729158653846 0.2666015625 0.5455729158653846 0.2744140625 0.5208333341346154
1681 0.5615234375 0.48958333413461536 0.515625 0.515625 0.6796875 0.5364583341346154 0.689453125 0.50390625 0.5615234375 0.48958333413461536
1341 0.21875 0.6861979158653846 0.2080078125 0.7018229158653846 0.244140625 0.7630208341346154 0.2490234375 0.7330729158653846 0.240234375 0.69921875 0.2431640625 0.6901041658653846 0.21875 0.6861979158653846
299 0.73828125 0.024739584134615387 0.736328125 0.06380208413461538 0.7822265625 0.05598958413461538 0.78125 0.018229165865384613 0.73828125 0.024739584134615387
757 0.576171875 0.40494791586538464 0.57421875 0.4140625 0.591796875 0.41666666586538464 0.59375 0.42317708413461536 0.58203125 0.43229166586538464 0.62109375 0.43359375 0.62109375 0.42057291586538464 0.6044921875 0.41536458413461536 0.576171875 0.40494791586538464
1349 0.7470703125 0.36588541586538464 0.7353515625 0.38151041586538464 0.7470703125 0.40234375 0.7822265625 0.36588541586538464 0.7734375 0.36458333413461536 0.7470703125 0.36588541586538464
1523 0.3359375 0.89453125 0.3466796875 0.42317708413461536 0.1142578125 0.46614583413461536 0.001953125 0.45052083413461536 0.0107421875 0.9752604158653846 0.1328125 0.9947916658653846 0.3359375 0.89453125
347 0.86328125 0.7916666658653846 0.8603515625 0.41276041586538464 0.7509765625 0.40755208413461536 0.69140625 0.43229166586538464 0.6826171875 0.9635416658653846 0.75390625 0.9830729158653846 0.86328125 0.7916666658653846
1932 0.6357421875 0.40625 0.6650390625 0.40364583413461536 0.6650390625 0.34635416586538464 0.6328125 0.34765625 0.6357421875 0.40625
1932 0.6865234375 0.42708333413461536 0.6884765625 0.37109375 0.6708984375 0.36848958413461536 0.6689453125 0.390625 0.6728515625 0.40364583413461536 0.671875 0.42838541586538464 0.6865234375 0.42708333413461536
552 0.4521484375 0.5143229158653846 0.4716796875 0.5091145841346154 0.4716796875 0.48697916586538464 0.451171875 0.48697916586538464 0.443359375 0.4921875 0.443359375 0.5052083341346154 0.4521484375 0.5143229158653846
1157 0.4619140625 0.46223958413461536 0.451171875 0.48177083413461536 0.46875 0.48958333413461536 0.4716796875 0.47916666586538464 0.4619140625 0.46223958413461536
552 0.6123046875 0.5221354158653846 0.611328125 0.5026041658653846 0.59765625 0.5013020841346154 0.58203125 0.5013020841346154 0.580078125 0.5234375 0.587890625 0.52734375 0.6123046875 0.5221354158653846
1157 0.6142578125 0.47786458413461536 0.6044921875 0.4765625 0.59375 0.47135416586538464 0.587890625 0.49348958413461536 0.6005859375 0.49869791586538464 0.6142578125 0.49479166586538464 0.6142578125 0.47786458413461536
324 0.4423828125 0.359375 0.392578125 0.36328125 0.396484375 0.42447916586538464 0.4443359375 0.41796875 0.4423828125 0.359375
1764 0.400390625 0.34244791586538464 0.3994140625 0.359375 0.43359375 0.359375 0.435546875 0.34244791586538464 0.400390625 0.34244791586538464
1968 0.009765625 0.03515625 0.0009765625 0.05989583413461538 0.0009765625 0.09375 0.0029296875 0.10286458413461538 0.0009765625 0.11197916586538462 0.0009765625 0.13411458413461538 0.01171875 0.11067708413461538 0.0302734375 0.1171875 0.046875 0.078125 0.0419921875 0.05729166586538462 0.0185546875 0.03515625 0.009765625 0.03515625
1978 0.0888671875 0.1796875 0.0908203125 0.17447916586538462 0.087890625 0.15755208413461538 0.0869140625 0.14713541586538462 0.0771484375 0.13541666586538462 0.0703125 0.13541666586538462 0.0546875 0.12890625 0.0302734375 0.14322916586538462 0.017578125 0.14322916586538462 0.01171875 0.15364583413461538 0.0107421875 0.16536458413461538 0.0107421875 0.17057291586538462 0.0029296875 0.17708333413461538 0.01171875 0.19401041586538462 0.0146484375 0.20442708413461538 0.0146484375 0.21484375 0.017578125 0.2265625 0.01953125 0.23307291586538462 0.025390625 0.24479166586538462 0.033203125 0.2526041658653846 0.03515625 0.2604166658653846 0.0546875 0.25390625 0.0673828125 0.24609375 0.072265625 0.24479166586538462 0.0771484375 0.23567708413461538 0.091796875 0.22916666586538462 0.0927734375 0.21484375 0.0888671875 0.1796875
1382 0.1494140625 0.39192708413461536 0.1435546875 0.38932291586538464 0.125 0.38932291586538464 0.107421875 0.39192708413461536 0.103515625 0.39453125 0.1005859375 0.40104166586538464 0.0947265625 0.41276041586538464 0.099609375 0.421875 0.1103515625 0.43359375 0.1103515625 0.44140625 0.11328125 0.4453125 0.1435546875 0.44270833413461536 0.1455078125 0.44010416586538464 0.1435546875 0.43229166586538464 0.15625 0.41145833413461536 0.15625 0.40625 0.1513671875 0.40104166586538464 0.1494140625 0.39192708413461536
1362 0.2294921875 0.47005208413461536 0.2236328125 0.48567708413461536 0.224609375 0.5078125 0.2255859375 0.5182291658653846 0.2373046875 0.5013020841346154 0.2412109375 0.48177083413461536 0.24609375 0.47526041586538464 0.2529296875 0.47135416586538464 0.265625 0.47395833413461536 0.26953125 0.48177083413461536 0.2763671875 0.48828125 0.275390625 0.4765625 0.2724609375 0.46875 0.2685546875 0.4609375 0.2294921875 0.47005208413461536
1362 0.2529296875 0.47265625 0.244140625 0.47916666586538464 0.2412109375 0.48567708413461536 0.2412109375 0.49479166586538464 0.248046875 0.49739583413461536 0.26171875 0.49739583413461536 0.265625 0.5013020841346154 0.2724609375 0.5130208341346154 0.2802734375 0.5104166658653846 0.279296875 0.5026041658653846 0.2783203125 0.49348958413461536 0.275390625 0.48958333413461536 0.265625 0.47395833413461536 0.2529296875 0.47265625
1152 0.2763671875 0.5221354158653846 0.2734375 0.5325520841346154 0.28125 0.5377604158653846 0.2880859375 0.5481770841346154 0.2939453125 0.546875 0.29296875 0.5104166658653846 0.28125 0.51171875 0.2734375 0.5130208341346154 0.2763671875 0.5221354158653846
1152 0.3046875 0.51171875 0.302734375 0.515625 0.2998046875 0.5182291658653846 0.2978515625 0.5247395841346154 0.296875 0.5364583341346154 0.2998046875 0.5455729158653846 0.3046875 0.55078125 0.3125 0.55078125 0.328125 0.5481770841346154 0.3271484375 0.5130208341346154 0.322265625 0.5104166658653846 0.3125 0.5091145841346154 0.3046875 0.51171875
1634 0.2841796875 0.5442708341346154 0.2802734375 0.5377604158653846 0.275390625 0.5338541658653846 0.2705078125 0.53515625 0.265625 0.546875 0.2373046875 0.5455729158653846 0.2294921875 0.53515625 0.2236328125 0.5364583341346154 0.220703125 0.5703125 0.2353515625 0.5716145841346154 0.2470703125 0.5729166658653846 0.2568359375 0.5716145841346154 0.2734375 0.5677083341346154 0.2890625 0.5559895841346154 0.2900390625 0.5533854158653846 0.2841796875 0.5442708341346154
180 0.296875 0.58203125 0.28125 0.58203125 0.2646484375 0.58203125 0.251953125 0.5885416658653846 0.251953125 0.6393229158653846 0.2685546875 0.6484375 0.296875 0.6471354158653846 0.3076171875 0.6432291658653846 0.3173828125 0.63671875 0.318359375 0.6015625 0.318359375 0.5924479158653846 0.3134765625 0.5859375 0.296875 0.58203125
1362 0.8330078125 0.36197916586538464 0.830078125 0.36588541586538464 0.830078125 0.375 0.8330078125 0.37890625 0.849609375 0.38020833413461536 0.8603515625 0.37109375 0.869140625 0.3671875 0.8779296875 0.36458333413461536 0.87109375 0.35807291586538464 0.853515625 0.35286458413461536 0.8427734375 0.35546875 0.8330078125 0.36197916586538464
1362 0.8583984375 0.38541666586538464 0.85546875 0.39973958413461536 0.8818359375 0.39973958413461536 0.888671875 0.40234375 0.88671875 0.40885416586538464 0.8935546875 0.4453125 0.8994140625 0.44010416586538464 0.89453125 0.40625 0.9013671875 0.3828125 0.8974609375 0.375 0.8916015625 0.36979166586538464 0.8876953125 0.36848958413461536 0.87890625 0.3671875 0.8701171875 0.3671875 0.849609375 0.38151041586538464 0.8583984375 0.38541666586538464
1382 0.884765625 0.40885416586538464 0.88671875 0.40364583413461536 0.8818359375 0.40104166586538464 0.8779296875 0.39973958413461536 0.8671875 0.40234375 0.8701171875 0.40625 0.8720703125 0.41015625 0.87109375 0.41927083413461536 0.8759765625 0.421875 0.88671875 0.43359375 0.8896484375 0.4296875 0.8876953125 0.41666666586538464 0.884765625 0.40885416586538464
1341 0.8994140625 0.44791666586538464 0.8994140625 0.44270833413461536 0.8974609375 0.43489583413461536 0.8935546875 0.43359375 0.8896484375 0.43359375 0.8857421875 0.4296875 0.8818359375 0.42838541586538464 0.8720703125 0.421875 0.869140625 0.42447916586538464 0.8701171875 0.4609375 0.8896484375 0.46223958413461536 0.892578125 0.45703125 0.8955078125 0.45442708413461536 0.8994140625 0.44791666586538464
1389 0.259765625 0.6419270841346154 0.275390625 0.6536458341346154 0.2802734375 0.65625 0.2919921875 0.6809895841346154 0.2978515625 0.6861979158653846 0.3056640625 0.67578125 0.302734375 0.6653645841346154 0.291015625 0.6536458341346154 0.2900390625 0.6354166658653846 0.2900390625 0.6276041658653846 0.279296875 0.609375 0.271484375 0.6080729158653846 0.2685546875 0.6236979158653846 0.2646484375 0.6197916658653846 0.267578125 0.6041666658653846 0.259765625 0.5911458341346154 0.2529296875 0.5924479158653846 0.2470703125 0.5885416658653846 0.2080078125 0.6015625 0.2099609375 0.6861979158653846 0.2177734375 0.67578125 0.2265625 0.7005208341346154 0.23828125 0.6979166658653846 0.2373046875 0.6888020841346154 0.228515625 0.6705729158653846 0.2373046875 0.6627604158653846 0.23828125 0.65234375 0.2421875 0.6263020841346154 0.24609375 0.6276041658653846 0.2529296875 0.6510416658653846 0.259765625 0.6419270841346154
1794 0.29296875 0.8932291658653846 0.2705078125 0.8958333341346154 0.2568359375 0.88671875 0.2509765625 0.87890625 0.2470703125 0.8828125 0.2421875 0.9244791658653846 0.2294921875 0.9309895841346154 0.2099609375 0.9322916658653846 0.2080078125 0.9388020841346154 0.2275390625 0.94921875 0.3271484375 0.8763020841346154 0.310546875 0.875 0.3037109375 0.88671875 0.29296875 0.8932291658653846
1362 0.2294921875 0.8489583341346154 0.23828125 0.8528645841346154 0.2451171875 0.8828125 0.251953125 0.8776041658653846 0.244140625 0.8567708341346154 0.23828125 0.8372395841346154 0.2421875 0.8203125 0.251953125 0.8125 0.248046875 0.8020833341346154 0.2080078125 0.8268229158653846 0.2080078125 0.8515625 0.2177734375 0.8489583341346154 0.2294921875 0.8489583341346154
1349 0.7744140625 0.0078125 0.77734375 0.024739584134615387 0.7763671875 0.03776041586538462 0.7822265625 0.05208333413461538 0.7880859375 0.05598958413461538 0.8330078125 0.05078125 0.837890625 0.0390625 0.8349609375 0.020833334134615387 0.83203125 0.006510415865384616 0.82421875 0.002604165865384616 0.8125 0.0013020841346153846 0.7919921875 0.0013020841346153846 0.78515625 0.00390625 0.7802734375 0.0013020841346153846 0.7763671875 0.0013020841346153846 0.7744140625 0.0078125
1456 0.7041015625 0.2734375 0.703125 0.265625 0.6982421875 0.2591145841346154 0.6982421875 0.10416666586538462 0.576171875 0.1171875 0.5751953125 0.14453125 0.5791015625 0.26171875 0.576171875 0.2682291658653846 0.576171875 0.27734375 0.580078125 0.2786458341346154 0.625 0.27734375 0.6943359375 0.2786458341346154 0.701171875 0.27734375 0.7041015625 0.2734375
973 0.8330078125 0.010416665865384615 0.837890625 0.04166666586538462 0.8369140625 0.05078125 0.8671875 0.04817708413461538 0.865234375 0.02734375 0.8603515625 0.015625 0.85546875 0.0078125 0.845703125 0.006510415865384616 0.8330078125 0.010416665865384615
595 0.9130859375 0.002604165865384616 0.8310546875 0 0.8349609375 0.010416665865384615 0.8544921875 0.0078125 0.8623046875 0.013020834134615385 0.8681640625 0.03645833413461538 0.8701171875 0.04817708413461538 0.8984375 0.04557291586538462 0.89453125 0.03776041586538462 0.9140625 0.04296875 0.904296875 0.026041665865384613 0.9228515625 0.01953125 0.9208984375 0.015625 0.91015625 0.0078125 0.9130859375 0.002604165865384616
1942 0.5849609375 0.2799479158653846 0.5859375 0.3984375 0.693359375 0.40364583413461536 0.6923828125 0.2786458341346154 0.5849609375 0.2799479158653846
576 0.9423828125 0.33203125 0.9208984375 0.33463541586538464 0.91796875 0.36848958413461536 0.94140625 0.36588541586538464 0.951171875 0.37890625 0.955078125 0.39713541586538464 0.9453125 0.45963541586538464 0.9814453125 0.4609375 0.982421875 0.45703125 0.9833984375 0.33333333413461536 0.9580078125 0.33203125 0.9619140625 0.31380208413461536 0.9404296875 0.31510416586538464 0.9423828125 0.33203125
1885 0.1474609375 0.32682291586538464 0.1494140625 0.38671875 0.1552734375 0.39973958413461536 0.1572265625 0.40625 0.150390625 0.42838541586538464 0.166015625 0.42447916586538464 0.1650390625 0.08854166586538462 0.33203125 0.09375 0.328125 0.40625 0.353515625 0.41015625 0.3505859375 0.35026041586538464 0.357421875 0.34505208413461536 0.3759765625 0.36197916586538464 0.3779296875 0.37239583413461536 0.3916015625 0.37239583413461536 0.392578125 0.359375 0.396484375 0.35807291586538464 0.3994140625 0.34114583413461536 0.4384765625 0.33984375 0.4375 0.35416666586538464 0.4462890625 0.36197916586538464 0.4482421875 0.38020833413461536 0.4638671875 0.37369791586538464 0.4814453125 0.37890625 0.4814453125 0.41145833413461536 0.486328125 0.41145833413461536 0.4931640625 0.37369791586538464 0.5068359375 0.3671875 0.5126953125 0.36328125 0.51171875 0.33333333413461536 0.3935546875 0.32942708413461536 0.3896484375 0.10026041586538462 0.3974609375 0.09375 0.40234375 0.03776041586538462 0.4033203125 0.0078125 0.3857421875 0.0013020841346153846 0.0009765625 0 0.0009765625 0.33463541586538464 0.1474609375 0.32682291586538464
973 0.474609375 0.37760416586538464 0.4677734375 0.37890625 0.462890625 0.38932291586538464 0.462890625 0.42317708413461536 0.4814453125 0.42447916586538464 0.4794921875 0.3828125 0.474609375 0.37760416586538464
973 0.4677734375 0.37890625 0.46484375 0.375 0.4580078125 0.375 0.455078125 0.37890625 0.4521484375 0.38411458413461536 0.44921875 0.39973958413461536 0.4541015625 0.40625 0.453125 0.421875 0.4560546875 0.421875 0.4619140625 0.42447916586538464 0.462890625 0.38671875 0.4677734375 0.37890625
299 0.42578125 0.40234375 0.4248046875 0.41536458413461536 0.4287109375 0.42708333413461536 0.43359375 0.43229166586538464 0.4521484375 0.42838541586538464 0.4541015625 0.40885416586538464 0.44921875 0.39973958413461536 0.42578125 0.40234375
981 0.37890625 0.37630208413461536 0.3740234375 0.36458333413461536 0.3701171875 0.36848958413461536 0.365234375 0.36848958413461536 0.3642578125 0.36197916586538464 0.361328125 0.35416666586538464 0.35546875 0.35416666586538464 0.353515625 0.359375 0.3544921875 0.3671875 0.35546875 0.37630208413461536 0.353515625 0.375 0.35546875 0.39583333413461536 0.3583984375 0.3984375 0.3544921875 0.40755208413461536 0.357421875 0.42838541586538464 0.37109375 0.42838541586538464 0.37890625 0.42838541586538464 0.37890625 0.40625 0.375 0.39973958413461536 0.3759765625 0.39322916586538464 0.37890625 0.37630208413461536
517 0.3798828125 0.375 0.3759765625 0.39713541586538464 0.3798828125 0.40494791586538464 0.3798828125 0.42838541586538464 0.388671875 0.42838541586538464 0.396484375 0.42838541586538464 0.392578125 0.37369791586538464 0.3798828125 0.375
1614 0.5400390625 0.38932291586538464 0.5380859375 0.37630208413461536 0.5302734375 0.37239583413461536 0.525390625 0.36458333413461536 0.5263671875 0.35546875 0.53125 0.34635416586538464 0.5283203125 0.33854166586538464 0.521484375 0.33463541586538464 0.515625 0.3359375 0.5107421875 0.34635416586538464 0.5146484375 0.35546875 0.5146484375 0.36458333413461536 0.5048828125 0.37369791586538464 0.4970703125 0.37760416586538464 0.4921875 0.38411458413461536 0.4912109375 0.39713541586538464 0.48828125 0.40625 0.4814453125 0.41666666586538464 0.482421875 0.42578125 0.5341796875 0.43098958413461536 0.5458984375 0.42447916586538464 0.5478515625 0.41276041586538464 0.5400390625 0.40494791586538464 0.5400390625 0.38932291586538464
532 0.8916015625 0.46223958413461536 0.8701171875 0.46223958413461536 0.8701171875 0.47916666586538464 0.998046875 0.48958333413461536 0.9970703125 0.46354166586538464 0.9462890625 0.46223958413461536 0.9384765625 0.46614583413461536 0.90625 0.46223958413461536 0.8916015625 0.46223958413461536
1885 0.9228515625 0.022135415865384613 0.91015625 0.02734375 0.916015625 0.04427083413461538 0.916015625 0.05078125 0.92578125 0.05859375 0.9287109375 0.32942708413461536 0.94140625 0.32942708413461536 0.939453125 0.31380208413461536 0.9638671875 0.31119791586538464 0.9619140625 0.328125 0.984375 0.33072916586538464 0.986328125 0.46223958413461536 0.9990234375 0.4609375 0.998046875 0.005208334134615384 0.9970703125 0 0.916015625 0.0013020841346153846 0.9140625 0.005208334134615384 0.9248046875 0.01953125 0.9228515625 0.022135415865384613
1885 0.630859375 0 0.431640625 0.0013020841346153846 0.4052734375 0.009114584134615385 0.4052734375 0.028645834134615387 0.42578125 0.014322915865384615 0.4501953125 0.013020834134615385 0.466796875 0.020833334134615387 0.4697265625 0.028645834134615387 0.513671875 0.02734375 0.5146484375 0.013020834134615385 0.5205078125 0.014322915865384615 0.5234375 0.03125 0.546875 0.05598958413461538 0.5341796875 0.08984375 0.5517578125 0.09765625 0.5537109375 0.32942708413461536 0.53125 0.33333333413461536 0.533203125 0.34375 0.529296875 0.35807291586538464 0.53125 0.36848958413461536 0.5419921875 0.37760416586538464 0.5439453125 0.40234375 0.55078125 0.41015625 0.568359375 0.40364583413461536 0.5654296875 0.11197916586538462 0.708984375 0.1015625 0.7119140625 0.40494791586538464 0.7421875 0.40364583413461536 0.734375 0.38151041586538464 0.7421875 0.36588541586538464 0.7841796875 0.36197916586538464 0.80859375 0.36328125 0.8193359375 0.35416666586538464 0.8271484375 0.36458333413461536 0.8408203125 0.35286458413461536 0.8544921875 0.34895833413461536 0.8779296875 0.35807291586538464 0.8828125 0.36328125 0.9033203125 0.37890625 0.908203125 0.3671875 0.916015625 0.3671875 0.916015625 0.33984375 0.91015625 0.34244791586538464 0.72265625 0.3359375 0.716796875 0.06119791586538462 0.734375 0.05859375 0.7373046875 0.020833334134615387 0.7744140625 0.015625 0.7734375 0 0.630859375 0
792 0.912109375 0.8736979158653846 0.921875 0.8815104158653846 0.9091796875 0.8958333341346154 0.908203125 0.9973958341346154 0.9990234375 0.9986979158653846 0.998046875 0.7447916658653846 0.87109375 0.72265625 0.87109375 0.8385416658653846 0.912109375 0.8736979158653846
1885 0.048828125 0.421875 0.0380859375 0.40625 0.0341796875 0.39583333413461536 0.04296875 0.38151041586538464 0.0498046875 0.37109375 0.1044921875 0.37369791586538464 0.109375 0.38932291586538464 0.1474609375 0.38541666586538464 0.146484375 0.32942708413461536 0.0009765625 0.3359375 0.0009765625 0.36979166586538464 0.0009765625 0.43359375 0.0498046875 0.44010416586538464 0.048828125 0.421875
1184 0.3779296875 0.5221354158653846 0.3779296875 0.47265625 0.3525390625 0.4375 0.35546875 0.53125 0.3779296875 0.5221354158653846