1459 0.5108333341346154 0.6377777788461538 0.5208333341346154 0.6177777788461539 0.5275 0.58 0.5399999999999999 0.5777777788461539 0.5525 0.6133333341346154 0.5733333341346154 0.5833333341346154 0.575 0.5377777788461539 0.5708333341346153 0.5055555552884615 0.5491666658653845 0.4833333341346154 0.5333333341346154 0.4911111105769231 0.5175 0.508888889423077 0.5075000000000001 0.5611111105769231 0.4975 0.5266666658653846 0.4925 0.4922222211538462 0.48166666586538465 0.4922222211538462 0.47583333413461537 0.5188888894230769 0.46583333413461536 0.5633333341346154 0.46833333413461536 0.6022222211538462 0.4858333341346154 0.6344444447115385 0.4708333341346154 0.6733333341346154 0.5208333341346154 0.6633333341346154 0.5108333341346154 0.6377777788461538
294 0.6266666658653846 0.7077777788461539 0.6266666658653846 0.6244444447115385 0.6224999999999999 0.6066666658653846 0.6208333341346154 0.5777777788461539 0.6116666658653845 0.5788888894230769 0.6116666658653845 0.6066666658653846 0.6058333341346154 0.6244444447115385 0.6066666658653846 0.7088888894230769 0.6266666658653846 0.7077777788461539
1015 0.6766666658653846 0.75 0.64 0.7366666658653845 0.6016666658653846 0.7355555552884615 0.6341666658653846 0.7522222211538462 0.6708333341346153 0.7633333341346155 0.6766666658653846 0.75
1009 0.3908333341346154 0.688888889423077 0.3891666658653846 0.721111110576923 0.4 0.7466666658653847 0.40333333413461536 0.9033333341346155 0.4216666658653846 0.8988888894230769 0.43 0.7611111105769232 0.5075000000000001 0.8644444447115384 0.5116666658653846 0.9066666658653847 0.525 0.9377777788461539 0.5175 0.9588888894230769 0.525 0.9777777788461539 0.5191666658653846 0.9944444447115385 0.5666666658653846 0.9955555552884616 0.5658333341346153 0.9833333341346153 0.5708333341346153 0.9611111105769231 0.5675 0.9422222211538462 0.5808333341346154 0.9255555552884616 0.5791666658653847 0.888888889423077 0.6849999999999999 0.8644444447115384 0.7008333341346155 0.881111110576923 0.6900000000000001 0.9333333341346154 0.6908333341346153 0.9933333341346154 0.73 0.9944444447115385 0.7358333341346154 0.95 0.7358333341346154 0.8855555552884616 0.7508333341346154 0.8622222211538462 0.7508333341346154 0.778888889423077 0.7708333341346154 0.771111110576923 0.77 0.7433333341346154 0.5408333341346154 0.62 0.3775 0.6444444447115385 0.375 0.6622222211538461 0.3908333341346154 0.6733333341346154 0.3908333341346154 0.688888889423077
1364 0.5583333341346154 0.722222221153846 0.5958333341346154 0.7133333341346154 0.6 0.6777777788461539 0.5883333341346154 0.6444444447115385 0.5783333341346154 0.6466666658653846 0.5441666658653846 0.6555555552884615 0.5225000000000001 0.6711111105769232 0.4941666658653846 0.67 0.47333333413461537 0.6877777788461539 0.47583333413461537 0.7155555552884615 0.5066666658653847 0.721111110576923 0.5583333341346154 0.722222221153846
1942 0.42500000000000004 0.18444444471153845 0.2708333341346154 0.1633333341346154 0.2675 0.5188888894230769 0.4233333341346154 0.5144444447115385 0.42500000000000004 0.18444444471153845
268 0.47333333413461537 0.4911111105769231 0.43416666586538466 0.4911111105769231 0.4333333341346154 0.5333333341346154 0.4775 0.5333333341346154 0.47333333413461537 0.4911111105769231
1459 0.1541666658653846 0.5311111105769231 0.1375 0.511111110576923 0.10416666586538462 0.5622222211538461 0.11583333413461538 0.5888888894230769 0.1475 0.5888888894230769 0.1541666658653846 0.5311111105769231
1425 0.1875 0.3166666658653846 0.1875 0.22111111057692306 0.0925 0.08333333413461538 0.005833334134615385 0.26111111057692304 0.06583333413461538 0.33333333413461536 0.1875 0.3166666658653846
1366 0.9058333341346153 0.42555555528846156 0.8708333341346154 0.42555555528846156 0.8708333341346154 0.4811111105769231 0.9075 0.4811111105769231 0.9058333341346153 0.42555555528846156
1366 0.8266666658653846 0.4344444447115385 0.8225 0.47444444471153846 0.8458333341346154 0.47444444471153846 0.8483333341346154 0.4311111105769231 0.8266666658653846 0.4344444447115385
1564 0.2958333341346154 0.5388888894230769 0.3083333341346154 0.5555555552884616 0.41916666586538465 0.55 0.39583333413461536 0.5366666658653846 0.2958333341346154 0.5388888894230769
1362 0.7250000000000001 0.7233333341346154 0.715 0.7144444447115385 0.7033333341346153 0.7233333341346154 0.6783333341346154 0.7266666658653846 0.6658333341346154 0.7133333341346154 0.6558333341346153 0.7088888894230769 0.6425 0.7166666658653846 0.6583333341346154 0.7355555552884615 0.6866666658653846 0.748888889423077 0.7100000000000001 0.741111110576923 0.7250000000000001 0.7233333341346154
1105 0.4883333341346154 0.6744444447115385 0.4933333341346154 0.7077777788461539 0.5183333341346154 0.7122222211538461 0.5316666658653847 0.6911111105769231 0.515 0.6711111105769232 0.4883333341346154 0.6744444447115385
885 0.5525 0.6866666658653846 0.5408333341346154 0.6955555552884616 0.53 0.6988888894230769 0.5316666658653847 0.7122222211538461 0.5475 0.7144444447115385 0.56 0.7100000000000001 0.5583333341346154 0.6988888894230769 0.5525 0.6866666658653846
1105 0.5625 0.6466666658653846 0.5516666658653846 0.6522222211538462 0.5641666658653846 0.6833333341346154 0.5875 0.6777777788461539 0.59 0.6533333341346155 0.5766666658653846 0.6422222211538462 0.5625 0.6466666658653846
1193 0.5591666658653847 0.6822222211538461 0.5708333341346153 0.7066666658653846 0.5825 0.7 0.5825 0.6844444447115384 0.58 0.6788888894230769 0.5591666658653847 0.6822222211538461
1614 0.007500000000000001 0.6033333341346154 0.042499999999999996 0.5955555552884616 0.045833334134615385 0.48888888942307696 0.0033333341346153847 0.47888888942307695 0.0025 0.5700000000000001 0.0025 0.601111110576923 0.007500000000000001 0.6033333341346154
1520 0.12416666586538462 0.4 0.11249999999999999 0.39 0.0325 0.388888889423077 0.030000000000000002 0.4222222211538461 0.07166666586538462 0.4322222211538461 0.12416666586538462 0.4
1047 0.13583333413461537 0.27333333413461536 0.13916666586538462 0.28888888942307694 0.1525 0.2988888894230769 0.16083333413461537 0.28555555528846155 0.1508333341346154 0.27222222115384614 0.13583333413461537 0.27333333413461536
1047 0.3375 0.23111111057692307 0.33916666586538463 0.25 0.35083333413461537 0.2555555552884615 0.3575 0.27777777884615384 0.3708333341346154 0.27777777884615384 0.3816666658653846 0.27555555528846154 0.37833333413461534 0.26111111057692304 0.3725 0.24777777884615387 0.3658333341346154 0.22222222115384616 0.3658333341346154 0.05444444471153846 0.37166666586538466 0.03333333413461538 0.35416666586538464 0.03222222115384615 0.36250000000000004 0.05 0.36250000000000004 0.2511111105769231 0.3583333341346154 0.23111111057692307 0.3375 0.23111111057692307
1047 0.5408333341346154 0.23777777884615384 0.5366666658653846 0.0033333341346153847 0.5258333341346154 0.0033333341346153847 0.5283333341346154 0.18555555528846154 0.505 0.18555555528846154 0.495 0.20111111057692307 0.4908333341346154 0.22 0.5 0.2466666658653846 0.5116666658653846 0.2688888894230769 0.5241666658653846 0.28 0.5333333341346154 0.29222222115384616 0.5408333341346154 0.3288888894230769 0.5625 0.33 0.5725 0.3033333341346154 0.5575 0.27333333413461536 0.5408333341346154 0.23777777884615384
980 0.105 0.5144444447115385 0.09333333413461539 0.4922222211538462 0.07416666586538462 0.4766666658653846 0.061666665865384614 0.49666666586538466 0.053333334134615384 0.511111110576923 0.0575 0.5511111105769231 0.06416666586538461 0.6055555552884615 0.0925 0.6033333341346154 0.09 0.5555555552884616 0.0975 0.5377777788461539 0.105 0.5144444447115385
757 0.36250000000000004 0.5355555552884615 0.3758333341346154 0.5377777788461539 0.375 0.5066666658653847 0.36416666586538465 0.5166666658653847 0.3558333341346154 0.508888889423077 0.33999999999999997 0.5155555552884615 0.33916666586538463 0.5255555552884615 0.3516666658653846 0.5288888894230769 0.35 0.5377777788461539 0.36250000000000004 0.5355555552884615
1152 0.08416666586538463 0.35 0.08583333413461539 0.33888888942307693 0.06583333413461538 0.33888888942307693 0.065 0.3733333341346154 0.09 0.3733333341346154 0.09166666586538462 0.361111110576923 0.08416666586538463 0.35
865 0.8466666658653845 0.4922222211538462 0.8291666658653847 0.4922222211538462 0.8308333341346154 0.5311111105769231 0.8316666658653846 0.5466666658653846 0.8316666658653846 0.5522222211538461 0.8283333341346153 0.5644444447115384 0.8458333341346154 0.5644444447115384 0.8383333341346154 0.5555555552884616 0.8374999999999999 0.5344444447115385 0.8466666658653845 0.4922222211538462
865 0.8175 0.5 0.8158333341346153 0.5655555552884615 0.8225 0.5577777788461539 0.8266666658653846 0.5 0.8175 0.5
865 0.7749999999999999 0.4922222211538462 0.7641666658653846 0.4933333341346154 0.765 0.53 0.765 0.5422222211538462 0.7633333341346155 0.5555555552884616 0.7758333341346154 0.5555555552884616 0.7716666658653846 0.5433333341346154 0.7716666658653846 0.5277777788461538 0.7749999999999999 0.4922222211538462
865 0.7416666658653847 0.5466666658653846 0.7424999999999999 0.4944444447115384 0.7358333341346154 0.4955555552884615 0.7316666658653846 0.5066666658653847 0.7308333341346154 0.5255555552884615 0.7333333341346153 0.5477777788461539 0.7416666658653847 0.5466666658653846
865 0.7208333341346154 0.4911111105769231 0.7208333341346154 0.5177777788461538 0.7208333341346154 0.5455555552884616 0.7291666658653846 0.5455555552884616 0.7283333341346154 0.5166666658653847 0.7333333341346153 0.4911111105769231 0.7208333341346154 0.4911111105769231
563 0.17833333413461538 0.39666666586538457 0.23166666586538462 0.40333333413461536 0.23249999999999998 0.3855555552884615 0.1791666658653846 0.3788888894230769 0.17833333413461538 0.39666666586538457
865 0.8358333341346154 0.608888889423077 0.8425 0.6055555552884615 0.8425 0.5877777788461539 0.8158333341346153 0.59 0.8166666658653846 0.5988888894230769 0.8275 0.6077777788461538 0.8258333341346155 0.6222222211538462 0.8341666658653846 0.6211111105769231 0.8358333341346154 0.608888889423077
1958 0.6 0.721111110576923 0.6174999999999999 0.721111110576923 0.6108333341346154 0.7122222211538461 0.6125 0.6777777788461539 0.6216666658653847 0.64 0.6075 0.6333333341346153 0.5966666658653846 0.638888889423077 0.605 0.6777777788461539 0.6041666658653846 0.7133333341346154 0.6 0.721111110576923
1958 0.635 0.72 0.6283333341346153 0.7266666658653846 0.6416666658653847 0.7255555552884616 0.6425 0.6822222211538461 0.6499999999999999 0.6733333341346154 0.6525 0.641111110576923 0.64 0.6344444447115385 0.6291666658653846 0.6422222211538462 0.6283333341346153 0.6688888894230769 0.6366666658653847 0.6822222211538461 0.635 0.72
299 0.595 0.7522222211538462 0.6024999999999999 0.7277777788461539 0.5875 0.7144444447115385 0.5658333341346153 0.7133333341346154 0.5441666658653846 0.721111110576923 0.5483333341346154 0.7477777788461538 0.5575 0.77 0.5700000000000001 0.7755555552884614 0.59 0.77 0.5850000000000001 0.7655555552884615 0.595 0.7522222211538462
1349 0.1575 0.44999999999999996 0.1508333341346154 0.43 0.1375 0.4433333341346154 0.12416666586538462 0.4511111105769231 0.11583333413461538 0.4633333341346154 0.12333333413461538 0.48777777884615386 0.1325 0.51 0.17333333413461538 0.53 0.175 0.4955555552884615 0.1716666658653846 0.4766666658653846 0.1616666658653846 0.4666666658653846 0.1575 0.44999999999999996
1736 0.8716666658653847 0.5955555552884616 0.8666666658653847 0.61 0.8674999999999999 0.6288888894230769 0.8775000000000001 0.6366666658653847 0.8891666658653846 0.6233333341346154 0.8891666658653846 0.6033333341346154 0.8775000000000001 0.5944444447115385 0.8716666658653847 0.5955555552884616
438 0.7025 0.7166666658653846 0.7033333341346153 0.6744444447115385 0.6741666658653845 0.6688888894230769 0.6716666658653847 0.7277777788461539 0.6908333341346153 0.73 0.7025 0.7166666658653846
305 0.315 0.4944444447115384 0.30166666586538465 0.5044444447115385 0.3033333341346154 0.5177777788461538 0.3258333341346154 0.5155555552884615 0.3283333341346154 0.5044444447115385 0.315 0.4944444447115384
1025 0.195 0.5255555552884615 0.19333333413461537 0.5355555552884615 0.1558333341346154 0.5522222211538461 0.16 0.5577777788461539 0.1908333341346154 0.5422222211538462 0.19666666586538462 0.5511111105769231 0.20249999999999999 0.5488888894230769 0.20833333413461538 0.5355555552884615 0.20833333413461538 0.5266666658653846 0.195 0.5255555552884615
720 0.2375 0.4855555552884615 0.23583333413461538 0.508888889423077 0.2458333341346154 0.508888889423077 0.2475 0.48444444471153847 0.2375 0.4855555552884615
988 0.2341666658653846 0.5177777788461538 0.2275 0.51 0.2225 0.5177777788461538 0.2175 0.511111110576923 0.21583333413461536 0.52 0.2208333341346154 0.5233333341346154 0.2175 0.5388888894230769 0.24416666586538463 0.5422222211538462 0.2458333341346154 0.5177777788461538 0.23916666586538463 0.511111110576923 0.2341666658653846 0.5177777788461538
1459 0.78 0.5877777788461539 0.7758333341346154 0.5911111105769231 0.7658333341346153 0.6322222211538461 0.7741666658653846 0.6444444447115385 0.7675 0.6566666658653847 0.785 0.6566666658653847 0.7908333341346154 0.6422222211538462 0.7975 0.64 0.78 0.5877777788461539
1116 0.5483333341346154 0.4366666658653846 0.5675 0.4344444447115385 0.5691666658653847 0.3666666658653846 0.55 0.3722222211538462 0.5483333341346154 0.4366666658653846
1459 0.34416666586538464 0.501111110576923 0.34249999999999997 0.5066666658653847 0.34249999999999997 0.511111110576923 0.3608333341346154 0.511111110576923 0.3525 0.5 0.3575 0.4955555552884615 0.3791666658653846 0.47333333413461537 0.3725 0.45777777884615384 0.3658333341346154 0.45555555528846153 0.3591666658653846 0.4633333341346154 0.3583333341346154 0.47222222115384616 0.3491666658653846 0.4633333341346154 0.35 0.44999999999999996 0.3558333341346154 0.44999999999999996 0.35416666586538464 0.4366666658653846 0.3491666658653846 0.4333333341346154 0.34500000000000003 0.4388888894230769 0.34500000000000003 0.4444444447115385 0.34416666586538464 0.4566666658653846 0.33666666586538463 0.47222222115384616 0.34249999999999997 0.48777777884615386 0.34416666586538464 0.501111110576923
552 0.8833333341346153 0.41777777884615386 0.8908333341346153 0.43 0.8966666658653846 0.4288888894230769 0.9041666658653846 0.40666666586538464 0.8825000000000001 0.40333333413461536 0.8833333341346153 0.41777777884615386
552 0.8283333341346153 0.3744444447115385 0.8358333341346154 0.3866666658653846 0.8441666658653847 0.3866666658653846 0.8483333341346154 0.3677777788461538 0.8333333341346154 0.3666666658653846 0.8283333341346153 0.3744444447115385
552 0.8233333341346154 0.39333333413461535 0.8333333341346154 0.39 0.8325 0.3711111105769231 0.8208333341346153 0.3711111105769231 0.8233333341346154 0.39333333413461535
552 0.04333333413461538 0.35333333413461543 0.04333333413461538 0.3733333341346154 0.05916666586538462 0.3744444447115385 0.05916666586538462 0.35555555528846156 0.04333333413461538 0.35333333413461543
1112 0.0975 0.3744444447115385 0.11 0.3733333341346154 0.1075 0.34111111057692306 0.0975 0.33777777884615384 0.0975 0.3744444447115385
638 0.52 0.34333333413461536 0.4958333341346154 0.34333333413461536 0.4958333341346154 0.36 0.5208333341346154 0.361111110576923 0.52 0.34333333413461536
638 0.52 0.3866666658653846 0.5108333341346154 0.3866666658653846 0.5116666658653846 0.3755555552884615 0.4975 0.3755555552884615 0.4958333341346154 0.40222222115384615 0.52 0.40111111057692306 0.52 0.3866666658653846
638 0.4533333341346154 0.3588888894230769 0.4808333341346154 0.36 0.4775 0.34111111057692306 0.46499999999999997 0.34111111057692306 0.45833333413461536 0.33444444471153845 0.4525 0.3355555552884616 0.4533333341346154 0.3588888894230769
638 0.46749999999999997 0.39888888942307693 0.46583333413461536 0.38 0.4516666658653846 0.38 0.4516666658653846 0.4 0.46749999999999997 0.39888888942307693
638 0.47916666586538464 0.3777777788461538 0.47000000000000003 0.3777777788461538 0.47000000000000003 0.40222222115384615 0.4808333341346154 0.40111111057692306 0.47916666586538464 0.3777777788461538
638 0.52 0.4222222211538461 0.4958333341346154 0.4222222211538461 0.49666666586538466 0.4322222211538461 0.5216666658653846 0.4344444447115385 0.52 0.4222222211538461
877 0.8816666658653846 0.5511111105769231 0.8891666658653846 0.55 0.8941666658653846 0.5255555552884615 0.895 0.4988888894230769 0.8741666658653846 0.4988888894230769 0.8708333341346154 0.5666666658653846 0.8825000000000001 0.5655555552884615 0.8816666658653846 0.5511111105769231
299 0.9083333341346154 0.2588888894230769 0.9083333341346154 0.2466666658653846 0.8908333341346153 0.24888888942307694 0.8858333341346154 0.2511111105769231 0.8875 0.26111111057692304 0.9083333341346154 0.2588888894230769
1154 0.8741666658653846 0.3866666658653846 0.8983333341346154 0.3822222211538462 0.8958333341346154 0.36555555528846156 0.8724999999999999 0.3633333341346154 0.8741666658653846 0.3866666658653846
1341 0.8991666658653846 0.3711111105769231 0.8999999999999999 0.3833333341346154 0.91 0.38444444471153844 0.9091666658653845 0.3355555552884616 0.8975000000000001 0.33666666586538463 0.8925 0.34333333413461536 0.8925 0.35777777884615386 0.8991666658653846 0.3711111105769231
1184 0.7816666658653847 0.36555555528846156 0.76 0.3733333341346154 0.7583333341346153 0.39888888942307693 0.7833333341346154 0.39555555528846154 0.7816666658653847 0.36555555528846156
865 0.8466666658653845 0.2466666658653846 0.825 0.2533333341346154 0.8258333341346155 0.27888888942307694 0.8475 0.27444444471153845 0.8466666658653845 0.2466666658653846
1152 0.8941666658653846 0.5700000000000001 0.8941666658653846 0.55 0.8808333341346154 0.5511111105769231 0.8816666658653846 0.5688888894230769 0.8941666658653846 0.5700000000000001
877 0.895 0.5722222211538461 0.9058333341346153 0.5733333341346154 0.9066666658653847 0.5277777788461538 0.8958333341346154 0.5288888894230769 0.8916666658653847 0.5477777788461539 0.895 0.5477777788461539 0.895 0.5722222211538461
626 0.245 0.28777777884615385 0.245 0.3044444447115385 0.2558333341346154 0.3044444447115385 0.2566666658653846 0.2866666658653846 0.245 0.28777777884615385
1366 0.2416666658653846 0.28444444471153846 0.22499999999999998 0.28444444471153846 0.2275 0.3044444447115385 0.2416666658653846 0.3055555552884615 0.2416666658653846 0.28444444471153846
626 0.255 0.3277777788461539 0.24083333413461538 0.3277777788461539 0.24000000000000002 0.35 0.2541666658653846 0.35111111057692307 0.2558333341346154 0.34777777884615385 0.255 0.3277777788461539
1152 0.1916666658653846 0.28555555528846155 0.1925 0.3 0.1916666658653846 0.30222222115384617 0.20416666586538462 0.3 0.20583333413461538 0.29555555528846156 0.20249999999999999 0.29 0.1958333341346154 0.28555555528846155 0.1916666658653846 0.28555555528846155
638 0.1808333341346154 0.34666666586538464 0.2075 0.34555555528846155 0.20583333413461538 0.3288888894230769 0.1941666658653846 0.3288888894230769 0.18166666586538463 0.33111111057692305 0.1808333341346154 0.34666666586538464
1152 0.23500000000000001 0.34777777884615385 0.23500000000000001 0.33444444471153845 0.22666666586538461 0.33444444471153845 0.22666666586538461 0.35 0.23500000000000001 0.35 0.23500000000000001 0.34777777884615385
402 0.14250000000000002 0 0.14916666586538463 0.03222222115384615 0.5491666658653845 0.10555555528846153 0.6633333341346154 0 0.14250000000000002 0
345 0.16083333413461537 0.33111111057692305 0.1616666658653846 0.46 0.2725 0.46222222115384615 0.2691666658653846 0.2466666658653846 0.28833333413461537 0.22444444471153846 0.20583333413461538 0.2133333341346154 0.18 0.21111111057692306 0.18666666586538463 0.22555555528846155 0.1908333341346154 0.3288888894230769 0.16083333413461537 0.33111111057692305
1444 0.5708333341346153 0.6355555552884616 0.6591666658653845 0.6822222211538461 0.6708333341346153 0.6866666658653846 0.6725 0.6655555552884616 0.6799999999999999 0.6655555552884616 0.6758333341346153 0.6222222211538462 0.7083333341346154 0.6155555552884615 0.7033333341346153 0.22222222115384616 0.6900000000000001 0.1944444447115385 0.7575000000000001 0.1533333341346154 0.6575 0.13 0.5558333341346153 0.19888888942307695 0.5766666658653846 0.22 0.5766666658653846 0.35 0.5716666658653846 0.3522222211538461 0.5708333341346153 0.6355555552884616
452 0.6933333341346154 0.19333333413461537 0.7016666658653846 0.22 0.7108333341346154 0.611111110576923 0.675 0.6244444447115385 0.6816666658653846 0.6677777788461537 0.7033333341346153 0.6722222211538462 0.7075 0.7100000000000001 0.7733333341346154 0.7433333341346154 0.7733333341346154 0.771111110576923 0.7516666658653846 0.7811111105769231 0.75 0.88 0.8891666658653846 0.9877777788461538 0.9750000000000001 0.9455555552884616 0.9750000000000001 0.6933333341346154 0.9825 0.688888889423077 0.9808333341346154 0.6799999999999999 0.9766666658653846 0.6788888894230769 0.9866666658653845 0.13555555528846155 0.9991666658653846 0.11333333413461538 0.9991666658653846 0.08222222115384616 0.9416666658653846 0.05888888942307692 0.6933333341346154 0.19333333413461537
532 0.4283333341346154 0.5122222211538461 0.2691666658653846 0.521111110576923 0.2658333341346154 0.5122222211538461 0.17583333413461538 0.5155555552884615 0.175 0.5522222211538461 0.0925 0.5533333341346154 0.0925 0.5655555552884615 0.1875 0.5622222211538461 0.5083333341346153 0.5422222211538462 0.5116666658653846 0.5266666658653846 0.5125 0.5055555552884615 0.4283333341346154 0.5122222211538461
347 0.3725 0.6611111105769231 0.3758333341346154 0.6433333341346154 0.5425 0.618888889423077 0.5675 0.6344444447115385 0.5666666658653846 0.5700000000000001 0.5408333341346154 0.5488888894230769 0.5091666658653846 0.5433333341346154 0.09083333413461539 0.5677777788461539 0.09416666586538461 0.5766666658653846 0.20249999999999999 0.5700000000000001 0.20583333413461538 0.5811111105769231 0.20416666586538462 0.7366666658653845 0.2225 0.7366666658653845 0.3025 0.7311111105769231 0.38749999999999996 0.7255555552884616 0.38749999999999996 0.6733333341346154 0.3725 0.6611111105769231
347 0.4391666658653846 0.46 0.5375 0.46 0.5683333341346154 0.46 0.5700000000000001 0.35111111057692307 0.5758333341346155 0.34666666586538464 0.5741666658653846 0.22 0.5391666658653846 0.24222222115384615 0.43416666586538466 0.23333333413461538 0.4241666658653846 0.24555555528846154 0.42500000000000004 0.45777777884615384 0.4391666658653846 0.46
973 0.045833334134615385 0.6900000000000001 0.039166665865384614 0.6744444447115385 0.03583333413461538 0.6622222211538461 0.04666666586538462 0.6444444447115385 0.042499999999999996 0.631111110576923 0.03333333413461538 0.631111110576923 0.030000000000000002 0.6222222211538462 0.0325 0.6044444447115385 0.015833334134615386 0.6122222211538462 0.006666665865384615 0.608888889423077 0.0008333341346153846 0.6177777788461539 0.0008333341346153846 0.7477777788461538 0.019166665865384618 0.7466666658653847 0.03583333413461538 0.741111110576923 0.045833334134615385 0.722222221153846 0.045833334134615385 0.6900000000000001
1184 0.12333333413461538 0.5711111105769231 0.11750000000000001 0.5766666658653846 0.11750000000000001 0.5977777788461538 0.11916666586538462 0.6033333341346154 0.13666666586538462 0.6022222211538462 0.13416666586538462 0.58 0.13 0.5711111105769231 0.12333333413461538 0.5711111105769231
1678 0.1958333341346154 0.5822222211538461 0.05916666586538462 0.5866666658653846 0.053333334134615384 0.6055555552884615 0.04083333413461539 0.6266666658653846 0.05 0.6433333341346154 0.195 0.631111110576923 0.20083333413461538 0.6366666658653847 0.2033333341346154 0.5811111105769231 0.1958333341346154 0.5822222211538461
532 0.039166665865384614 0.6633333341346154 0.04666666586538462 0.6866666658653846 0.04833333413461539 0.7188888894230769 0.0375 0.7433333341346154 0.0175 0.7477777788461538 0.0008333341346153846 0.7533333341346153 0.0008333341346153846 0.86 0.09666666586538461 0.6777777788461539 0.19333333413461537 0.6677777788461537 0.1941666658653846 0.6333333341346153 0.04833333413461539 0.6466666658653846 0.039166665865384614 0.6633333341346154
347 0.20583333413461538 0.8099999999999999 0.19666666586538462 0.8099999999999999 0.19749999999999998 0.7088888894230769 0.1908333341346154 0.67 0.09666666586538461 0.6799999999999999 0.0008333341346153846 0.861111110576923 0.0008333341346153846 0.9966666658653847 0.195 0.9955555552884616 0.19916666586538462 0.8788888894230769 0.20916666586538463 0.861111110576923 0.21083333413461539 0.8144444447115385 0.20583333413461538 0.8099999999999999
792 0.8891666658653846 0.99 0.745 0.8766666658653846 0.6825 0.8655555552884615 0.5083333341346153 0.8944444447115385 0.505 0.8677777788461539 0.4291666658653846 0.7655555552884615 0.38749999999999996 0.7277777788461539 0.20249999999999999 0.741111110576923 0.19666666586538462 0.9977777788461538 0.28166666586538464 0.9977777788461538 0.9991666658653846 0.998888889423077 0.9991666658653846 0.9611111105769231 0.9750000000000001 0.9444444447115384 0.8891666658653846 0.99
569 0.3775 0.41888888942307695 0.40166666586538463 0.4211111105769231 0.40333333413461536 0.42777777884615387 0.3975 0.46 0.40249999999999997 0.46444444471153845 0.40499999999999997 0.4855555552884615 0.40666666586538464 0.4977777788461539 0.4233333341346154 0.5077777788461538 0.4308333341346154 0.4988888894230769 0.43 0.4855555552884615 0.4225 0.41555555528846155 0.4258333341346154 0.40666666586538464 0.4208333341346154 0.39555555528846154 0.41916666586538465 0.24444444471153848 0.4258333341346154 0.23333333413461538 0.42 0.20777777884615387 0.4241666658653846 0.19222222115384616 0.4116666658653846 0.18555555528846154 0.39 0.18111111057692308 0.3758333341346154 0.1833333341346154 0.35 0.17888888942307693 0.335 0.17222222115384614 0.29416666586538465 0.16888888942307692 0.28166666586538464 0.17111111057692308 0.275 0.17888888942307693 0.28 0.18777777884615385 0.27833333413461536 0.388888889423077 0.27416666586538463 0.41000000000000003 0.2725 0.47222222115384616 0.2716666658653846 0.49 0.2708333341346154 0.5177777788461538 0.28833333413461537 0.5122222211538461 0.2916666658653846 0.4944444447115384 0.2966666658653846 0.47333333413461537 0.3 0.4566666658653846 0.3008333341346154 0.4233333341346154 0.32 0.42444444471153847 0.35 0.3822222211538462 0.3775 0.41888888942307695
1885 0.6658333341346154 0 0.5491666658653845 0.11 0.15166666586538463 0.03222222115384615 0.16083333413461537 0.11222222115384616 0.1441666658653846 0.12555555528846155 0.13916666586538462 0.14777777884615384 0.1808333341346154 0.2066666658653846 0.2675 0.21777777884615385 0.26833333413461535 0.16111111057692307 0.4275 0.1833333341346154 0.4291666658653846 0.23111111057692307 0.4308333341346154 0.23222222115384616 0.545 0.23333333413461538 0.5683333341346154 0.22 0.5533333341346154 0.20111111057692307 0.6575 0.12333333413461538 0.7575000000000001 0.14777777884615384 0.7616666658653847 0.15 0.9416666658653846 0.05444444471153846 0.9974999999999999 0.07555555528846154 0.9991666658653846 0 0.6658333341346154 0
1885 0.2641666658653846 0.51 0.2675 0.4666666658653846 0.1583333341346154 0.4633333341346154 0.1575 0.33 0.105 0.3288888894230769 0.1225 0.3788888894230769 0.125 0.3977777788461539 0.07416666586538462 0.40111111057692306 0.0725 0.4466666658653846 0.0775 0.47333333413461537 0.10333333413461537 0.5055555552884615 0.2641666658653846 0.51
1260 0.5083333341346153 0.5311111105769231 0.5083333341346153 0.4766666658653846 0.4933333341346154 0.47888888942307695 0.4958333341346154 0.5144444447115385 0.5008333341346154 0.5366666658653846 0.5083333341346153 0.5311111105769231
1131 0.0225 0.2555555552884615 0.015000000000000001 0.22888888942307692 0.029166665865384616 0.21444444471153845 0.045 0.19777777884615383 0.05 0.1833333341346154 0.05 0.16666666586538462 0.054166665865384614 0.14444444471153847 0.09083333413461539 0.08 0.09583333413461538 0.08 0.1375 0.14555555528846154 0.14250000000000002 0.12444444471153847 0.1575 0.10777777884615383 0.13916666586538462 0 0.0008333341346153846 0.001111110576923077 0.0008333341346153846 0.28888888942307694 0.019166665865384618 0.2711111105769231 0.0225 0.2555555552884615
150 0.04 0.6266666658653846 0.060000000000000005 0.5977777788461538 0.053333334134615384 0.5055555552884615 0.07166666586538462 0.48777777884615386 0.0725 0.33111111057692305 0.0175 0.27666666586538463 0.0008333341346153846 0.29444444471153847 0.0008333341346153846 0.34333333413461536 0.0016666658653846154 0.611111110576923 0.03333333413461538 0.6044444447115385 0.04 0.6266666658653846