826 0.1216666658653846 0.9211111105769232 0.10583333413461539 0.9311111105769231 0.0875 0.9444444447115384 0.0775 0.9555555552884616 0.07 0.9644444447115385 0.055 0.971111110576923 0.06416666586538461 0.98 0.09833333413461538 0.9777777788461539 0.10333333413461537 0.9622222211538461 0.14 0.9311111105769231 0.1216666658653846 0.9211111105769232
417 0.2475 0.6555555552884615 0.23500000000000001 0.6488888894230769 0.2225 0.6244444447115385 0.2 0.6022222211538462 0.17750000000000002 0.601111110576923 0.1558333341346154 0.6022222211538462 0.1291666658653846 0.6144444447115385 0.11750000000000001 0.6433333341346154 0.10333333413461537 0.7044444447115384 0.08833333413461539 0.8377777788461539 0.08 0.891111110576923 0.2241666658653846 0.9255555552884616 0.2525 0.6644444447115384 0.2475 0.6555555552884615
1157 0.08416666586538463 0.8511111105769231 0.061666665865384614 0.8488888894230769 0.0325 0.8511111105769231 0.025833334134615384 0.8788888894230769 0 0.8988888894230769 0.0016666658653846154 0.9244444447115385 0.030833334134615385 0.9211111105769232 0.065 0.8955555552884615 0.08499999999999999 0.8766666658653846 0.08416666586538463 0.8511111105769231
988 0.8116666658653846 0.4633333341346154 0.8049999999999999 0.4566666658653846 0.7858333341346154 0.45777777884615384 0.7808333341346153 0.4811111105769231 0.7766666658653846 0.49666666586538466 0.7691666658653846 0.4944444447115384 0.7641666658653846 0.4855555552884615 0.7641666658653846 0.4977777788461539 0.7741666658653846 0.508888889423077 0.7791666658653846 0.5177777788461538 0.8183333341346154 0.5188888894230769 0.8166666658653846 0.49666666586538466 0.8133333341346154 0.48777777884615386 0.8116666658653846 0.4633333341346154
1314 0.6741666658653845 0.4222222211538461 0.7166666658653846 0.42555555528846156 0.7183333341346153 0.37 0.6758333341346153 0.3666666658653846 0.6741666658653845 0.4222222211538461
988 0.7474999999999999 0.37 0.7458333341346154 0.42777777884615387 0.7925 0.43 0.7925 0.3722222211538462 0.7474999999999999 0.37
988 0.8191666658653846 0.3755555552884615 0.8183333341346154 0.4311111105769231 0.8716666658653847 0.4322222211538461 0.87 0.3744444447115385 0.8191666658653846 0.3755555552884615
296 0.49666666586538466 0.41555555528846155 0.4941666658653846 0.43 0.4866666658653846 0.43 0.485 0.41555555528846155 0.48000000000000004 0.41555555528846155 0.48000000000000004 0.4288888894230769 0.47583333413461537 0.4322222211538461 0.47583333413461537 0.4866666658653846 0.5016666658653846 0.4855555552884615 0.5 0.4333333341346154 0.5 0.4144444447115384 0.49666666586538466 0.41555555528846155
296 0.5025 0.40333333413461536 0.5033333341346153 0.4811111105769231 0.5925 0.4833333341346154 0.595 0.40888888942307694 0.5025 0.40333333413461536
296 0.6408333341346153 0.4488888894230769 0.6383333341346155 0.44222222115384613 0.635 0.4466666658653846 0.635 0.4322222211538461 0.6283333341346153 0.4366666658653846 0.6283333341346153 0.41333333413461537 0.625 0.4144444447115384 0.6233333341346154 0.4322222211538461 0.6174999999999999 0.4588888894230769 0.6166666658653847 0.4455555552884615 0.6158333341346154 0.4333333341346154 0.6116666658653845 0.4466666658653846 0.6116666658653845 0.4377777788461538 0.61 0.4144444447115384 0.6066666658653846 0.4144444447115384 0.6058333341346154 0.4366666658653846 0.6016666658653846 0.4433333341346154 0.6016666658653846 0.4833333341346154 0.6291666658653846 0.4922222211538462 0.6458333341346154 0.4833333341346154 0.6408333341346153 0.4488888894230769
1363 0.5066666658653847 0.52 0.48916666586538465 0.5133333341346155 0.4741666658653846 0.5055555552884615 0.4608333341346154 0.5022222211538462 0.44833333413461535 0.5077777788461538 0.4433333341346154 0.5155555552884615 0.42666666586538465 0.5266666658653846 0.44083333413461534 0.5411111105769231 0.4866666658653846 0.5433333341346154 0.5033333341346153 0.5311111105769231 0.5066666658653847 0.52
1369 0.6966666658653846 0.5488888894230769 0.7 0.5344444447115385 0.6875 0.5166666658653847 0.64 0.501111110576923 0.5941666658653847 0.5133333341346155 0.58 0.5277777788461538 0.575 0.5322222211538462 0.5875 0.5511111105769231 0.6224999999999999 0.56 0.6725 0.5622222211538461 0.6966666658653846 0.5488888894230769
1362 0.5391666658653846 0.5433333341346154 0.5208333341346154 0.5388888894230769 0.5033333341346153 0.5388888894230769 0.495 0.5388888894230769 0.4916666658653846 0.5466666658653846 0.51 0.5533333341346154 0.5266666658653846 0.5533333341346154 0.5383333341346154 0.5488888894230769 0.5391666658653846 0.5433333341346154
417 0.3116666658653846 0.62 0.3075 0.63 0.3183333341346154 0.6355555552884616 0.3275 0.66 0.3266666658653846 0.6755555552884616 0.3266666658653846 0.7055555552884616 0.3208333341346154 0.8188888894230769 0.30916666586538466 0.9433333341346154 0.3166666658653846 0.9466666658653846 0.3225 0.8855555552884616 0.3491666658653846 0.8922222211538462 0.35083333413461537 0.92 0.3591666658653846 0.9222222211538462 0.3575 0.8944444447115385 0.40583333413461536 0.9044444447115385 0.40499999999999997 0.9955555552884616 0.415 0.9966666658653847 0.41083333413461537 0.9033333341346155 0.45583333413461535 0.8622222211538462 0.4541666658653846 0.9466666658653846 0.4625 0.9444444447115384 0.46499999999999997 0.8544444447115385 0.46416666586538463 0.84 0.4625 0.6933333341346154 0.4708333341346154 0.6833333341346154 0.46583333413461536 0.6422222211538462 0.47166666586538464 0.63 0.4741666658653846 0.618888889423077 0.45916666586538457 0.6211111105769231 0.4508333341346154 0.6322222211538461 0.4375 0.64 0.41333333413461537 0.64 0.4116666658653846 0.5977777788461538 0.39666666586538457 0.5577777788461539 0.3808333341346154 0.5399999999999999 0.3575 0.53 0.34500000000000003 0.5355555552884615 0.3191666658653846 0.5577777788461539 0.3183333341346154 0.5833333341346154 0.3183333341346154 0.6122222211538462 0.3116666658653846 0.62
417 0.5241666658653846 0.9311111105769231 0.5233333341346154 0.9644444447115385 0.53 0.9622222211538461 0.5266666658653846 0.9266666658653846 0.6166666658653847 0.938888889423077 0.6183333341346154 0.9933333341346154 0.6266666658653846 0.9955555552884616 0.6241666658653846 0.9400000000000001 0.6433333341346154 0.9033333341346155 0.6416666658653847 0.978888889423077 0.6491666658653846 0.9822222211538462 0.6508333341346154 0.9233333341346154 0.6508333341346154 0.8766666658653846 0.6508333341346154 0.83 0.6525 0.7955555552884616 0.6508333341346154 0.7388888894230768 0.6558333341346153 0.7166666658653846 0.6591666658653845 0.7133333341346154 0.6641666658653846 0.6988888894230769 0.66 0.6811111105769231 0.6616666658653846 0.6577777788461538 0.6675 0.6433333341346154 0.6616666658653846 0.641111110576923 0.6558333341346153 0.6533333341346155 0.6425 0.6644444447115384 0.6266666658653846 0.6666666658653846 0.6275000000000001 0.6511111105769231 0.6275000000000001 0.62 0.615 0.5877777788461539 0.605 0.5733333341346154 0.59 0.5577777788461539 0.5708333341346153 0.5511111105769231 0.5525 0.5522222211538461 0.5358333341346154 0.5633333341346154 0.52 0.59 0.5133333341346155 0.618888889423077 0.5066666658653847 0.6233333341346154 0.5 0.6377777788461538 0.495 0.6488888894230769 0.5016666658653846 0.6577777788461538 0.51 0.6666666658653846 0.5075000000000001 0.6900000000000001 0.5066666658653847 0.7166666658653846 0.5116666658653846 0.7322222211538462 0.5166666658653847 0.7477777788461538 0.5216666658653846 0.7477777788461538 0.5183333341346154 0.8200000000000001 0.5116666658653846 0.9188888894230769 0.5083333341346153 0.9977777788461538 0.515 0.9944444447115385 0.5191666658653846 0.9255555552884616 0.5241666658653846 0.9311111105769231
299 0.6841666658653847 0.16555555528846153 0.6933333341346154 0.19555555528846155 0.7191666658653847 0.19555555528846155 0.7283333341346154 0.16888888942307692 0.6841666658653847 0.16555555528846153
299 0.7858333341346154 0.18111111057692308 0.7925 0.1944444447115385 0.84 0.19666666586538462 0.8466666658653845 0.17888888942307693 0.7858333341346154 0.18111111057692308
119 0.13 0.48777777884615386 0.12000000000000001 0.49 0.10166666586538461 0.4944444447115384 0.09916666586538461 0.5033333341346153 0.105 0.5155555552884615 0.11583333413461538 0.508888889423077 0.1275 0.508888889423077 0.13499999999999998 0.4944444447115384 0.13 0.48777777884615386
1382 0.7808333341346153 0.4522222211538462 0.7775 0.44111111057692304 0.7608333341346154 0.4388888894230769 0.7325 0.4455555552884615 0.7183333341346153 0.4444444447115385 0.7133333341346154 0.4522222211538462 0.7241666658653846 0.4533333341346154 0.7258333341346154 0.5044444447115385 0.7658333341346153 0.51 0.7725000000000001 0.4566666658653846 0.7808333341346153 0.4522222211538462
299 0.9366666658653846 0.5133333341346155 0.9483333341346154 0.5311111105769231 0.9624999999999999 0.5311111105769231 0.9750000000000001 0.5177777788461538 0.955 0.511111110576923 0.9366666658653846 0.5133333341346155
1362 0.9375 0.4466666658653846 0.9208333341346153 0.4611111105769231 0.925 0.5055555552884615 0.9658333341346155 0.5166666658653847 0.9825 0.48888888942307696 0.9774999999999999 0.4566666658653846 0.9583333341346154 0.4433333341346154 0.9375 0.4466666658653846
988 0.2691666658653846 0.44 0.2625 0.4388888894230769 0.26 0.4433333341346154 0.2508333341346154 0.4344444447115385 0.2458333341346154 0.4288888894230769 0.24083333413461538 0.43 0.2416666658653846 0.4344444447115385 0.23500000000000001 0.44111111057692304 0.23 0.4455555552884615 0.22666666586538461 0.44222222115384613 0.2225 0.45444444471153844 0.22666666586538461 0.4611111105769231 0.2341666658653846 0.46888888942307694 0.2375 0.47222222115384616 0.2541666658653846 0.47222222115384616 0.2641666658653846 0.44999999999999996 0.2691666658653846 0.44
973 0.2258333341346154 0.41777777884615386 0.2208333341346154 0.4233333341346154 0.2191666658653846 0.41555555528846155 0.19833333413461537 0.41333333413461537 0.1916666658653846 0.42 0.18833333413461537 0.4222222211538461 0.19 0.44111111057692304 0.19749999999999998 0.46444444471153845 0.2175 0.4677777788461538 0.2241666658653846 0.4344444447115385 0.22833333413461537 0.42444444471153847 0.2258333341346154 0.41777777884615386
1865 0.1575 0.34555555528846155 0.16666666586538462 0.35111111057692307 0.1675 0.33999999999999997 0.18666666586538463 0.33333333413461536 0.1825 0.31444444471153843 0.1825 0.2866666658653846 0.17666666586538463 0.27777777884615384 0.16999999999999998 0.2711111105769231 0.16666666586538462 0.27777777884615384 0.16083333413461537 0.26111111057692304 0.14250000000000002 0.2566666658653846 0.14 0.2633333341346154 0.1333333341346154 0.27666666586538463 0.12416666586538462 0.2711111105769231 0.11583333413461538 0.28444444471153846 0.11166666586538462 0.30888888942307696 0.12000000000000001 0.32555555528846153 0.11416666586538461 0.34333333413461536 0.1291666658653846 0.35777777884615386 0.12083333413461537 0.3666666658653846 0.1308333341346154 0.38 0.1316666658653846 0.4055555552884615 0.155 0.40777777884615385 0.14833333413461539 0.3644444447115385 0.1525 0.3522222211538461 0.1575 0.34555555528846155
1314 0.3758333341346154 0.3811111105769231 0.375 0.3977777788461539 0.39499999999999996 0.3977777788461539 0.3925 0.38 0.3758333341346154 0.3811111105769231
1314 0.36 0.27222222115384614 0.3666666658653846 0.27333333413461536 0.4008333341346154 0.27444444471153845 0.4 0.1911111105769231 0.3616666658653846 0.1944444447115385 0.36 0.27222222115384614
1632 0.36416666586538465 0.3122222211538462 0.34416666586538464 0.31 0.34249999999999997 0.35 0.3575 0.34555555528846155 0.3666666658653846 0.34111111057692306 0.3683333341346154 0.32333333413461535 0.36416666586538465 0.3122222211538462
1520 0.4125 0.4466666658653846 0.4283333341346154 0.14666666586538463 0.40583333413461536 0.14333333413461538 0.3383333341346154 0.14555555528846154 0.33333333413461536 0.4455555552884615 0.40333333413461536 0.45444444471153844 0.4125 0.4466666658653846
345 0.9183333341346154 0.42 0.9983333341346154 0.42555555528846156 0.9974999999999999 0.045555555288461544 0.9175 0.05111111057692308 0.9183333341346154 0.42
1564 0.1375 0.48777777884615386 0.18833333413461537 0.5 0.2191666658653846 0.4855555552884615 0.1683333341346154 0.47444444471153846 0.1375 0.48777777884615386
757 0.1633333341346154 0.48222222115384616 0.1633333341346154 0.4711111105769231 0.1616666658653846 0.46 0.1566666658653846 0.4588888894230769 0.1633333341346154 0.45444444471153844 0.1716666658653846 0.4455555552884615 0.175 0.44 0.18166666586538463 0.4466666658653846 0.18666666586538463 0.4433333341346154 0.17833333413461538 0.4322222211538461 0.16666666586538462 0.4333333341346154 0.1558333341346154 0.44999999999999996 0.1475 0.4488888894230769 0.1475 0.47444444471153846 0.14250000000000002 0.4711111105769231 0.14250000000000002 0.4611111105769231 0.1333333341346154 0.46555555528846154 0.1375 0.47888888942307695 0.14250000000000002 0.4833333341346154 0.145 0.48222222115384616 0.1633333341346154 0.48222222115384616
1596 0.185 0.46555555528846154 0.17666666586538463 0.4611111105769231 0.16666666586538462 0.4633333341346154 0.17333333413461538 0.47000000000000003 0.185 0.47444444471153846 0.185 0.46555555528846154
1469 0.7558333341346154 0.8566666658653846 0.8566666658653846 0.8711111105769231 0.8500000000000001 0.8 0.7583333341346153 0.7855555552884615 0.7558333341346154 0.8566666658653846
334 0.8708333341346154 0.13555555528846155 0.855 0.13555555528846155 0.8441666658653847 0.15222222115384615 0.8441666658653847 0.16555555528846153 0.8491666658653846 0.19222222115384616 0.8766666658653846 0.19222222115384616 0.8775000000000001 0.16444444471153846 0.8816666658653846 0.15444444471153848 0.8708333341346154 0.13555555528846155
973 0.7233333341346154 0.16222222115384616 0.7250000000000001 0.1944444447115385 0.7508333341346154 0.19555555528846155 0.7508333341346154 0.16111111057692307 0.7383333341346153 0.14777777884615384 0.7233333341346154 0.16222222115384616
417 0.4008333341346154 0.47333333413461537 0.39666666586538457 0.4677777788461538 0.3816666658653846 0.4633333341346154 0.3725 0.47000000000000003 0.3866666658653846 0.511111110576923 0.4391666658653846 0.5133333341346155 0.42666666586538465 0.4811111105769231 0.42 0.4766666658653846 0.4008333341346154 0.47333333413461537
1382 0.6425 0.1566666658653846 0.6408333341346153 0.19666666586538462 0.6883333341346154 0.19333333413461537 0.6858333341346154 0.15444444471153848 0.6425 0.1566666658653846
1942 0.4325 0.14666666586538463 0.4258333341346154 0.40222222115384615 0.4608333341346154 0.40888888942307694 0.46499999999999997 0.14555555528846154 0.4325 0.14666666586538463
564 0.4375 0.25 0.46416666586538463 0.25 0.46416666586538463 0.16888888942307692 0.4508333341346154 0.17888888942307693 0.4375 0.16111111057692307 0.4216666658653846 0.15444444471153848 0.42 0.20111111057692307 0.41333333413461537 0.2577777788461538 0.4391666658653846 0.26444444471153844 0.4375 0.25
345 0.18666666586538463 0.40111111057692306 0.2466666658653846 0.39333333413461535 0.2558333341346154 0.15222222115384615 0.19666666586538462 0.1333333341346154 0.18666666586538463 0.40111111057692306
1349 0.1916666658653846 0.10666666586538462 0.2066666658653846 0.10222222115384616 0.22166666586538464 0.11777777884615384 0.20833333413461538 0.13555555528846155 0.1916666658653846 0.14777777884615384 0.20416666586538462 0.15555555528846154 0.22916666586538462 0.14333333413461538 0.24083333413461538 0.13555555528846155 0.23833333413461538 0.15444444471153848 0.23833333413461538 0.1833333341346154 0.25 0.20444444471153847 0.2575 0.19666666586538462 0.2566666658653846 0.17444444471153847 0.2633333341346154 0.16 0.2525 0.1288888894230769 0.2458333341346154 0.10666666586538462 0.24083333413461538 0.08888888942307692 0.22916666586538462 0.06777777884615385 0.22 0.06555555528846155 0.185 0.08777777884615384 0.1683333341346154 0.09777777884615385 0.17333333413461538 0.10222222115384616 0.1916666658653846 0.10666666586538462
291 0.5575 0.511111110576923 0.5575 0.5344444447115385 0.5716666658653846 0.5388888894230769 0.5808333341346154 0.5044444447115385 0.5775 0.47888888942307695 0.5741666658653846 0.4566666658653846 0.5683333341346154 0.4466666658653846 0.5691666658653847 0.46 0.5675 0.4666666658653846 0.5616666658653846 0.4866666658653846 0.5575 0.511111110576923
1337 0.3616666658653846 0.4388888894230769 0.3616666658653846 0.44999999999999996 0.36416666586538465 0.4566666658653846 0.4 0.4566666658653846 0.3816666658653846 0.4222222211538461 0.3741666658653846 0.4366666658653846 0.3616666658653846 0.4388888894230769
279 0.3458333341346154 0.41555555528846155 0.34249999999999997 0.4522222211538462 0.3583333341346154 0.4522222211538462 0.36416666586538465 0.41111111057692307 0.35 0.41000000000000003 0.3458333341346154 0.41555555528846155
1349 0.9475 0.037777778846153846 0.9216666658653847 0.038888889423076924 0.9041666658653846 0.04 0.8925 0.07555555528846154 0.905 0.13444444471153846 0.9116666658653846 0.13777777884615386 0.9183333341346154 0.10222222115384616 0.9116666658653846 0.07555555528846154 0.9233333341346154 0.06555555528846155 0.9400000000000001 0.07333333413461539 0.9450000000000001 0.08777777884615384 0.9633333341346154 0.09222222115384615 0.9825 0.06777777884615385 0.9891666658653846 0.038888889423076924 0.9750000000000001 0.037777778846153846 0.9475 0.037777778846153846
1873 0.4233333341346154 0.027777778846153844 0.385 0.034444444711538465 0.39 0.05 0.4308333341346154 0.04111111057692308 0.4233333341346154 0.027777778846153844
1873 0.34249999999999997 0.04111111057692308 0.33416666586538457 0.04111111057692308 0.2933333341346154 0.045555555288461544 0.3225 0.07333333413461539 0.37833333413461534 0.06777777884615385 0.34249999999999997 0.04111111057692308
1047 0.2866666658653846 0.027777778846153844 0.3066666658653846 0.02555555528846154 0.3 0.01444444471153846 0.28833333413461537 0.018888889423076923 0.2866666658653846 0.027777778846153844
345 0.039166665865384614 0.4233333341346154 0.1075 0.3711111105769231 0.10333333413461537 0.11111111057692308 0.04 0.09111111057692309 0.039166665865384614 0.4233333341346154
644 0.2641666658653846 0.49666666586538466 0.2625 0.5144444447115385 0.3058333341346154 0.4944444447115384 0.305 0.4766666658653846 0.2641666658653846 0.49666666586538466
672 0.3116666658653846 0.39444444471153844 0.3083333341346154 0.17888888942307693 0.28833333413461537 0.17333333413461538 0.2866666658653846 0.3977777788461539 0.3116666658653846 0.39444444471153844
973 0.9825 0.4633333341346154 0.9841666658653847 0.5266666658653846 0.9958333341346154 0.5288888894230769 0.9974999999999999 0.44999999999999996 0.9916666658653847 0.4533333341346154 0.9825 0.4633333341346154
533 0.305 0.5555555552884616 0.41666666586538464 0.5733333341346154 0.4741666658653846 0.5855555552884616 0.6316666658653846 0.5944444447115385 0.7658333341346153 0.5944444447115385 0.7733333341346154 0.5444444447115384 0.7383333341346153 0.5411111105769231 0.7266666658653846 0.5477777788461539 0.53 0.5288888894230769 0.42 0.52 0.33916666586538463 0.511111110576923 0.3083333341346154 0.4988888894230769 0.2433333341346154 0.5255555552884615 0.24083333413461538 0.5377777788461539 0.305 0.5555555552884616
1708 0.33249999999999996 0.9588888894230769 0.0008333341346153846 0.8766666658653846 0.0025 0.991111110576923 0.3025 0.998888889423077 0.33249999999999996 0.9588888894230769
1346 0.16583333413461537 0.9244444447115385 0.0033333341346153847 0.8855555552884616 0.006666665865384615 0.9944444447115385 0.09416666586538461 0.9955555552884616 0.16583333413461537 0.9244444447115385
1362 0.075 0.8977777788461538 0.009166665865384616 0.8833333341346153 0.0016666658653846154 0.9688888894230769 0.04083333413461539 0.9666666658653846 0.0725 0.9455555552884616 0.09083333413461539 0.9166666658653846 0.075 0.8977777788461538
299 0.014166665865384617 0.8877777788461538 0.0025 0.9411111105769231 0.03416666586538462 0.9355555552884615 0.06749999999999999 0.9177777788461537 0.07 0.9011111105769231 0.014166665865384617 0.8877777788461538
973 0.9491666658653847 0.47444444471153846 0.9333333341346154 0.4588888894230769 0.9133333341346154 0.46555555528846154 0.9133333341346154 0.5044444447115385 0.9475 0.51 0.9491666658653847 0.47444444471153846
169 0.9966666658653847 0.5744444447115384 0.9283333341346154 0.59 0.9283333341346154 0.9922222211538462 0.9933333341346154 0.998888889423077 0.9966666658653847 0.5744444447115384
1587 0.8983333341346154 0.5244444447115385 0.9216666658653847 0.5233333341346154 0.9233333341346154 0.5133333341346155 0.8941666658653846 0.5133333341346155 0.8983333341346154 0.5244444447115385
1425 0.9208333341346153 0.29777777884615386 0.9216666658653847 0.21444444471153845 0.9283333341346154 0.19333333413461537 0.6358333341346154 0.19666666586538462 0.6091666658653846 0.19888888942307695 0.6224999999999999 0.22 0.6216666658653847 0.3 0.6083333341346153 0.3188888894230769 0.9258333341346153 0.3288888894230769 0.9308333341346154 0.3122222211538462 0.9208333341346153 0.29777777884615386
345 0.4633333341346154 0.39 0.47000000000000003 0.40222222115384615 0.615 0.41222222115384616 0.6224999999999999 0.40888888942307694 0.6325000000000001 0.39555555528846154 0.63 0.32444444471153844 0.605 0.32222222115384613 0.62 0.29777777884615386 0.62 0.22 0.6066666658653846 0.19666666586538462 0.6333333341346153 0.1944444447115385 0.635 0.11555555528846154 0.6383333341346155 0.10111111057692307 0.6416666658653847 0.08666666586538462 0.6475000000000001 0.07777777884615385 0.6333333341346153 0.06333333413461538 0.4516666658653846 0.07 0.45833333413461536 0.08666666586538462 0.46499999999999997 0.10555555528846153 0.4633333341346154 0.39
402 0.44 0.012222221153846155 0.5991666658653846 0.001111110576923077 0.1683333341346154 0 0.2341666658653846 0.031111110576923076 0.27833333413461536 0.026666665865384614 0.305 0.042222221153846155 0.2958333341346154 0.05222222115384615 0.29250000000000004 0.06555555528846155 0.3208333341346154 0.07555555528846154 0.3975 0.07333333413461539 0.4625 0.06555555528846155 0.4666666658653846 0.06444444471153846 0.4633333341346154 0.04444444471153846 0.44 0.012222221153846155
1670 0.6541666658653846 0.42555555528846156 0.6525 0.48888888942307696 0.6799999999999999 0.4988888894230769 0.6908333341346153 0.511111110576923 0.6916666658653846 0.52 0.7075 0.5422222211538462 0.7250000000000001 0.5466666658653846 0.7383333341346153 0.5377777788461539 0.7783333341346155 0.5422222211538462 0.7783333341346155 0.5544444447115384 0.7675 0.5977777788461538 0.76 0.5977777788461538 0.7575000000000001 0.7677777788461538 0.8833333341346153 0.7855555552884615 0.89 0.5455555552884616 0.8833333341346153 0.5155555552884615 0.885 0.4377777788461538 0.6541666658653846 0.42555555528846156
595 0.27666666586538463 0.43 0.26999999999999996 0.42 0.2625 0.40888888942307694 0.2591666658653846 0.41111111057692307 0.2575 0.41666666586538464 0.2525 0.42777777884615387 0.2558333341346154 0.43555555528846157 0.265 0.45444444471153844 0.2591666658653846 0.46555555528846154 0.2641666658653846 0.4633333341346154 0.275 0.46444444471153845 0.2758333341346154 0.45444444471153844 0.27833333413461536 0.4444444447115385 0.28 0.4344444447115385 0.27666666586538463 0.43
345 0.3025 0.04 0.27666666586538463 0.026666665865384614 0.23583333413461538 0.031111110576923076 0.165 0 0.0008333341346153846 0.002222221153846154 0.0008333341346153846 0.4344444447115385 0.014166665865384617 0.4344444447115385 0.038333334134615385 0.4311111105769231 0.04083333413461539 0.42777777884615387 0.07083333413461539 0.4233333341346154 0.06916666586538461 0.41111111057692307 0.08416666586538463 0.39333333413461535 0.09666666586538461 0.39444444471153844 0.10250000000000001 0.39888888942307693 0.11 0.39222222115384614 0.11166666586538462 0.15111111057692309 0.1225 0.14888888942307693 0.14 0.16999999999999998 0.14166666586538462 0.28222222115384615 0.155 0.34555555528846155 0.1508333341346154 0.3644444447115385 0.1558333341346154 0.4055555552884615 0.1858333341346154 0.40666666586538464 0.2475 0.39666666586538457 0.2716666658653846 0.40111111057692306 0.2875 0.39666666586538457 0.2875 0.07 0.29250000000000004 0.06111111057692308 0.3025 0.04
532 0.8875 0.5133333341346155 0.885 0.5144444447115385 0.8933333341346154 0.5488888894230769 0.9458333341346153 0.5544444447115384 0.9833333341346153 0.5555555552884616 0.9991666658653846 0.5555555552884616 0.9983333341346154 0.5266666658653846 0.8875 0.5133333341346155
347 0.9983333341346154 0.5755555552884615 0.9983333341346154 0.5566666658653846 0.8916666658653847 0.55 0.885 0.7833333341346154 0.9016666658653846 0.7855555552884615 0.9774999999999999 0.798888889423077 0.98 0.798888889423077 0.9875 0.6522222211538462 0.9983333341346154 0.5755555552884615
347 0.2583333341346154 0.5677777788461539 0.2525 0.5622222211538461 0.2541666658653846 0.5488888894230769 0.2375 0.5411111105769231 0.24416666586538463 0.5222222211538461 0.3116666658653846 0.4944444447115384 0.3258333341346154 0.5033333341346153 0.3291666658653846 0.501111110576923 0.3291666658653846 0.41333333413461537 0.3358333341346154 0.40777777884615385 0.3316666658653846 0.4 0.2875 0.3977777788461539 0.26999999999999996 0.40444444471153845 0.2466666658653846 0.3977777788461539 0.18666666586538463 0.40888888942307694 0.1275 0.41111111057692307 0.04166666586538462 0.43 0.014166665865384617 0.4377777788461538 0.0008333341346153846 0.43555555528846157 0.0016666658653846154 0.8011111105769231 0.07083333413461539 0.8166666658653846 0.08916666586538462 0.8044444447115384 0.2558333341346154 0.6788888894230769 0.2583333341346154 0.5677777788461539
828 0.4433333341346154 0.44 0.4433333341346154 0.42555555528846156 0.445 0.40777777884615385 0.4183333341346154 0.40666666586538464 0.41666666586538464 0.4388888894230769 0.4433333341346154 0.44
531 0.4708333341346154 0.5866666658653846 0.2791666658653846 0.5522222211538461 0.2533333341346154 0.5433333341346154 0.255 0.5622222211538461 0.2591666658653846 0.5700000000000001 0.2541666658653846 0.8500000000000001 0.2483333341346154 0.8577777788461538 0.2483333341346154 0.891111110576923 0.2433333341346154 0.8977777788461538 0.2466666658653846 0.9044444447115385 0.26999999999999996 0.91 0.3025 0.88 0.7266666658653846 0.971111110576923 0.7233333341346154 0.998888889423077 0.7558333341346154 0.9977777788461538 0.7591666658653846 0.92 0.76 0.5977777788461538 0.6224999999999999 0.5955555552884616 0.4916666658653846 0.5877777788461539 0.4708333341346154 0.5866666658653846
828 0.3891666658653846 0.32 0.385 0.34777777884615385 0.4008333341346154 0.35 0.4008333341346154 0.3155555552884615 0.3891666658653846 0.32
1734 0.4 0.3044444447115385 0.39916666586538463 0.28555555528846155 0.3866666658653846 0.2866666658653846 0.3883333341346154 0.29555555528846156 0.3825 0.3 0.385 0.3044444447115385 0.4 0.3044444447115385
595 0.3633333341346154 0.2666666658653846 0.35083333413461537 0.27222222115384614 0.3458333341346154 0.27888888942307694 0.34750000000000003 0.29 0.35333333413461543 0.30222222115384617 0.3725 0.2988888894230769 0.3775 0.2933333341346154 0.3833333341346154 0.27888888942307694 0.3708333341346154 0.26999999999999996 0.3633333341346154 0.2666666658653846
180 0.41666666586538464 0.44222222115384613 0.4116666658653846 0.4511111105769231 0.4125 0.4588888894230769 0.4416666658653846 0.4588888894230769 0.4416666658653846 0.4466666658653846 0.4325 0.44 0.41666666586538464 0.44222222115384613
462 0.44999999999999996 0.4233333341346154 0.4466666658653846 0.43 0.4466666658653846 0.4366666658653846 0.4466666658653846 0.44222222115384613 0.4433333341346154 0.45777777884615384 0.45749999999999996 0.4566666658653846 0.45916666586538457 0.4433333341346154 0.45833333413461536 0.42555555528846156 0.4541666658653846 0.4233333341346154 0.44999999999999996 0.4233333341346154
291 0.1108333341346154 0.4366666658653846 0.11333333413461538 0.4444444447115385 0.10666666586538462 0.4522222211538462 0.10833333413461539 0.4677777788461538 0.11750000000000001 0.48444444471153847 0.12416666586538462 0.4866666658653846 0.12416666586538462 0.45444444471153844 0.11833333413461539 0.44222222115384613 0.11916666586538462 0.43 0.11166666586538462 0.4322222211538461 0.1108333341346154 0.4366666658653846
598 0.2033333341346154 0.3688888894230769 0.21 0.3811111105769231 0.23333333413461538 0.38 0.23666666586538462 0.37 0.2341666658653846 0.34333333413461536 0.22666666586538461 0.33666666586538463 0.21083333413461539 0.33777777884615384 0.20500000000000002 0.34333333413461536 0.20249999999999999 0.35333333413461543 0.2033333341346154 0.3688888894230769
189 0.06833333413461538 0.40777777884615385 0.07166666586538462 0.42666666586538465 0.07583333413461538 0.4288888894230769 0.07583333413461538 0.4322222211538461 0.11 0.43555555528846157 0.11166666586538462 0.4455555552884615 0.10083333413461538 0.4522222211538462 0.10166666586538461 0.49 0.12583333413461537 0.4866666658653846 0.12416666586538462 0.44999999999999996 0.12083333413461537 0.4388888894230769 0.12083333413461537 0.42777777884615387 0.12416666586538462 0.4222222211538461 0.12583333413461537 0.40444444471153845 0.11916666586538462 0.40333333413461536 0.11333333413461538 0.3866666658653846 0.1108333341346154 0.3811111105769231 0.10666666586538462 0.3666666658653846 0.10250000000000001 0.3666666658653846 0.0975 0.3744444447115385 0.09416666586538461 0.3666666658653846 0.08666666586538462 0.3733333341346154 0.08416666586538463 0.3833333341346154 0.08083333413461538 0.39 0.06833333413461538 0.40777777884615385
1861 0.08166666586538461 0.14 0.07583333413461538 0.13 0.07416666586538462 0.19333333413461537 0.07833333413461538 0.1911111105769231 0.08333333413461538 0.18222222115384618 0.08416666586538463 0.1633333341346154 0.08 0.15111111057692309 0.08166666586538461 0.14
1364 0.11750000000000001 0.40222222115384615 0.1283333341346154 0.41111111057692307 0.13499999999999998 0.40888888942307694 0.14 0.39888888942307693 0.1316666658653846 0.3855555552884615 0.12583333413461537 0.3822222211538462 0.11833333413461539 0.3833333341346154 0.115 0.3855555552884615 0.11333333413461538 0.39444444471153844 0.11750000000000001 0.40222222115384615
792 0.7575000000000001 0.998888889423077 0.7808333341346153 1 0.9766666658653846 0.9977777788461538 0.9808333341346154 0.8033333341346154 0.7583333341346153 0.7744444447115384 0.7575000000000001 0.998888889423077
792 0.2716666658653846 0.9133333341346154 0.24000000000000002 0.9011111105769231 0.2458333341346154 0.89 0.2475 0.8555555552884615 0.2525 0.8488888894230769 0.2541666658653846 0.6844444447115384 0.07166666586538462 0.8188888894230769 0.0016666658653846154 0.8055555552884616 0.0041666658653846155 0.8744444447115385 0.3375 0.9544444447115384 0.3383333341346154 0.9655555552884615 0.3175 0.998888889423077 0.5508333341346154 1 0.7208333341346154 0.998888889423077 0.7233333341346154 0.9733333341346154 0.3041666658653846 0.8833333341346153 0.2716666658653846 0.9133333341346154
1942 0.6833333341346154 0.19 0.8458333341346154 0.1911111105769231 0.845 0.16 0.8674999999999999 0.15777777884615382 0.8691666658653846 0.045555555288461544 0.6758333341346153 0.05444444471153846 0.6766666658653846 0.15111111057692309 0.6849999999999999 0.15111111057692309 0.6833333341346154 0.19
1885 0.4475 0.06888888942307693 0.3166666658653846 0.0766666658653846 0.2916666658653846 0.06666666586538461 0.28916666586538464 0.10111111057692307 0.29 0.16999999999999998 0.3141666658653846 0.1833333341346154 0.3208333341346154 0.3977777788461539 0.33333333413461536 0.39222222115384614 0.33333333413461536 0.13777777884615386 0.3383333341346154 0.14222222115384617 0.4625 0.14444444471153847 0.4633333341346154 0.10666666586538462 0.4475 0.06888888942307693
1885 0.6075 0 0.4458333341346154 0.01444444471153846 0.46499999999999997 0.04444444471153846 0.46833333413461536 0.06333333413461538 0.6341666658653846 0.060000000000000005 0.6508333341346154 0.07555555528846154 0.645 0.08777777884615384 0.6375 0.11444444471153846 0.635 0.19222222115384616 0.6383333341346155 0.19222222115384616 0.645 0.15444444471153848 0.6741666658653845 0.15222222115384615 0.6741666658653845 0.05 0.8691666658653846 0.04111111057692308 0.8716666658653847 0.15555555528846154 0.8841666658653846 0.15777777884615382 0.8808333341346154 0.1888888894230769 0.9149999999999999 0.18777777884615385 0.9158333341346154 0.03666666586538461 0.9858333341346154 0.03666666586538461 0.9883333341346153 0.001111110576923077 0.9066666658653847 0 0.6075 0
1184 0.9991666658653846 0.001111110576923077 0.99 0.0033333341346153847 0.99 0.04 0.9991666658653846 0.04 0.9991666658653846 0.001111110576923077