1459 0.47916666586538464 0.6633333341346154 0.5291666658653846 0.6733333341346154 0.5141666658653846 0.6344444447115385 0.5316666658653847 0.6022222211538462 0.5341666658653846 0.5633333341346154 0.5241666658653846 0.5188888894230769 0.5183333341346154 0.4922222211538462 0.5075000000000001 0.4922222211538462 0.5025 0.5266666658653846 0.4925 0.5611111105769231 0.4825 0.508888889423077 0.4666666658653846 0.4911111105769231 0.4508333341346154 0.4833333341346154 0.4291666658653846 0.5055555552884615 0.42500000000000004 0.5377777788461539 0.42666666586538465 0.5833333341346154 0.4475 0.6133333341346154 0.46 0.5777777788461539 0.47250000000000003 0.58 0.47916666586538464 0.6177777788461539 0.48916666586538465 0.6377777788461538 0.47916666586538464 0.6633333341346154
294 0.39333333413461535 0.7088888894230769 0.3941666658653846 0.6244444447115385 0.3883333341346154 0.6066666658653846 0.3883333341346154 0.5788888894230769 0.3791666658653846 0.5777777788461539 0.3775 0.6066666658653846 0.3733333341346154 0.6244444447115385 0.3733333341346154 0.7077777788461539 0.39333333413461535 0.7088888894230769
1015 0.3291666658653846 0.7633333341346155 0.3658333341346154 0.7522222211538462 0.3983333341346154 0.7355555552884615 0.36 0.7366666658653845 0.32333333413461535 0.75 0.3291666658653846 0.7633333341346155
1009 0.6091666658653846 0.6733333341346154 0.625 0.6622222211538461 0.6224999999999999 0.6444444447115385 0.45916666586538457 0.62 0.23 0.7433333341346154 0.22916666586538462 0.771111110576923 0.24916666586538463 0.778888889423077 0.24916666586538463 0.8622222211538462 0.2641666658653846 0.8855555552884616 0.2641666658653846 0.95 0.26999999999999996 0.9944444447115385 0.30916666586538466 0.9933333341346154 0.31 0.9333333341346154 0.2991666658653846 0.881111110576923 0.315 0.8644444447115384 0.4208333341346154 0.888888889423077 0.41916666586538465 0.9255555552884616 0.4325 0.9422222211538462 0.4291666658653846 0.9611111105769231 0.43416666586538466 0.9833333341346153 0.4333333341346154 0.9955555552884616 0.4808333341346154 0.9944444447115385 0.475 0.9777777788461539 0.4825 0.9588888894230769 0.475 0.9377777788461539 0.4883333341346154 0.9066666658653847 0.4925 0.8644444447115384 0.5700000000000001 0.7611111105769232 0.5783333341346154 0.8988888894230769 0.5966666658653846 0.9033333341346155 0.6 0.7466666658653847 0.6108333341346154 0.721111110576923 0.6091666658653846 0.688888889423077 0.6091666658653846 0.6733333341346154
1364 0.4933333341346154 0.721111110576923 0.5241666658653846 0.7155555552884615 0.5266666658653846 0.6877777788461539 0.5058333341346154 0.67 0.4775 0.6711111105769232 0.45583333413461535 0.6555555552884615 0.4216666658653846 0.6466666658653846 0.4116666658653846 0.6444444447115385 0.4 0.6777777788461539 0.4041666658653846 0.7133333341346154 0.4416666658653846 0.722222221153846 0.4933333341346154 0.721111110576923
1942 0.5766666658653846 0.5144444447115385 0.7325 0.5188888894230769 0.7291666658653846 0.1633333341346154 0.575 0.18444444471153845 0.5766666658653846 0.5144444447115385
268 0.5225000000000001 0.5333333341346154 0.5666666658653846 0.5333333341346154 0.5658333341346153 0.4911111105769231 0.5266666658653846 0.4911111105769231 0.5225000000000001 0.5333333341346154
1459 0.8524999999999999 0.5888888894230769 0.8841666658653846 0.5888888894230769 0.8958333341346154 0.5622222211538461 0.8625 0.511111110576923 0.8458333341346154 0.5311111105769231 0.8524999999999999 0.5888888894230769
1425 0.9341666658653847 0.33333333413461536 0.9941666658653846 0.26111111057692304 0.9075 0.08333333413461538 0.8125 0.22111111057692306 0.8125 0.3166666658653846 0.9341666658653847 0.33333333413461536
1366 0.0925 0.4811111105769231 0.1291666658653846 0.4811111105769231 0.1291666658653846 0.42555555528846156 0.09416666586538461 0.42555555528846156 0.0925 0.4811111105769231
1366 0.15166666586538463 0.4311111105769231 0.1541666658653846 0.47444444471153846 0.17750000000000002 0.47444444471153846 0.17333333413461538 0.4344444447115385 0.15166666586538463 0.4311111105769231
1564 0.6041666658653846 0.5366666658653846 0.5808333341346154 0.55 0.6916666658653846 0.5555555552884616 0.7041666658653847 0.5388888894230769 0.6041666658653846 0.5366666658653846
1362 0.29 0.741111110576923 0.3133333341346154 0.748888889423077 0.3416666658653846 0.7355555552884615 0.3575 0.7166666658653846 0.34416666586538464 0.7088888894230769 0.33416666586538457 0.7133333341346154 0.3216666658653846 0.7266666658653846 0.2966666658653846 0.7233333341346154 0.28500000000000003 0.7144444447115385 0.275 0.7233333341346154 0.29 0.741111110576923
1105 0.485 0.6711111105769232 0.46833333413461536 0.6911111105769231 0.48166666586538465 0.7122222211538461 0.5066666658653847 0.7077777788461539 0.5116666658653846 0.6744444447115385 0.485 0.6711111105769232
885 0.4416666658653846 0.6988888894230769 0.44 0.7100000000000001 0.4525 0.7144444447115385 0.46833333413461536 0.7122222211538461 0.47000000000000003 0.6988888894230769 0.45916666586538457 0.6955555552884616 0.4475 0.6866666658653846 0.4416666658653846 0.6988888894230769
1105 0.4233333341346154 0.6422222211538462 0.41000000000000003 0.6533333341346155 0.4125 0.6777777788461539 0.4358333341346154 0.6833333341346154 0.44833333413461535 0.6522222211538462 0.4375 0.6466666658653846 0.4233333341346154 0.6422222211538462
1193 0.42 0.6788888894230769 0.41750000000000004 0.6844444447115384 0.41750000000000004 0.7 0.4291666658653846 0.7066666658653846 0.44083333413461534 0.6822222211538461 0.42 0.6788888894230769
1614 0.9974999999999999 0.601111110576923 0.9974999999999999 0.5700000000000001 0.9966666658653847 0.47888888942307695 0.9541666658653847 0.48888888942307696 0.9575 0.5955555552884616 0.9924999999999999 0.6033333341346154 0.9974999999999999 0.601111110576923
1520 0.9283333341346154 0.4322222211538461 0.97 0.4222222211538461 0.9675 0.388888889423077 0.8875 0.39 0.8758333341346154 0.4 0.9283333341346154 0.4322222211538461
1047 0.8491666658653846 0.27222222115384614 0.8391666658653846 0.28555555528846155 0.8475 0.2988888894230769 0.8608333341346154 0.28888888942307694 0.8641666658653846 0.27333333413461536 0.8491666658653846 0.27222222115384614
1047 0.6416666658653847 0.23111111057692307 0.6375 0.2511111105769231 0.6375 0.05 0.6458333341346154 0.03222222115384615 0.6283333341346153 0.03333333413461538 0.6341666658653846 0.05444444471153846 0.6341666658653846 0.22222222115384616 0.6275000000000001 0.24777777884615387 0.6216666658653847 0.26111111057692304 0.6183333341346154 0.27555555528846154 0.6291666658653846 0.27777777884615384 0.6425 0.27777777884615384 0.6491666658653846 0.2555555552884615 0.6608333341346154 0.25 0.6625000000000001 0.23111111057692307 0.6416666658653847 0.23111111057692307
1047 0.4425 0.27333333413461536 0.4275 0.3033333341346154 0.4375 0.33 0.45916666586538457 0.3288888894230769 0.4666666658653846 0.29222222115384616 0.47583333413461537 0.28 0.4883333341346154 0.2688888894230769 0.5 0.2466666658653846 0.5091666658653846 0.22 0.505 0.20111111057692307 0.495 0.18555555528846154 0.47166666586538464 0.18555555528846154 0.4741666658653846 0.0033333341346153847 0.4633333341346154 0.0033333341346153847 0.45916666586538457 0.23777777884615384 0.4425 0.27333333413461536
980 0.9025 0.5377777788461539 0.91 0.5555555552884616 0.9075 0.6033333341346154 0.9358333341346154 0.6055555552884615 0.9425 0.5511111105769231 0.9466666658653846 0.511111110576923 0.9383333341346154 0.49666666586538466 0.9258333341346153 0.4766666658653846 0.9066666658653847 0.4922222211538462 0.895 0.5144444447115385 0.9025 0.5377777788461539
757 0.6499999999999999 0.5377777788461539 0.6483333341346154 0.5288888894230769 0.6608333341346154 0.5255555552884615 0.66 0.5155555552884615 0.6441666658653846 0.508888889423077 0.6358333341346154 0.5166666658653847 0.625 0.5066666658653847 0.6241666658653846 0.5377777788461539 0.6375 0.5355555552884615 0.6499999999999999 0.5377777788461539
1152 0.9083333341346154 0.361111110576923 0.91 0.3733333341346154 0.9349999999999999 0.3733333341346154 0.9341666658653847 0.33888888942307693 0.9141666658653846 0.33888888942307693 0.9158333341346154 0.35 0.9083333341346154 0.361111110576923
865 0.16249999999999998 0.5344444447115385 0.1616666658653846 0.5555555552884616 0.1541666658653846 0.5644444447115384 0.1716666658653846 0.5644444447115384 0.1683333341346154 0.5522222211538461 0.1683333341346154 0.5466666658653846 0.16916666586538462 0.5311111105769231 0.17083333413461538 0.4922222211538462 0.1533333341346154 0.4922222211538462 0.16249999999999998 0.5344444447115385
865 0.17333333413461538 0.5 0.17750000000000002 0.5577777788461539 0.1841666658653846 0.5655555552884615 0.1825 0.5 0.17333333413461538 0.5
865 0.22833333413461537 0.5277777788461538 0.22833333413461537 0.5433333341346154 0.2241666658653846 0.5555555552884616 0.23666666586538462 0.5555555552884616 0.23500000000000001 0.5422222211538462 0.23500000000000001 0.53 0.23583333413461538 0.4933333341346154 0.22499999999999998 0.4922222211538462 0.22833333413461537 0.5277777788461538
865 0.2666666658653846 0.5477777788461539 0.2691666658653846 0.5255555552884615 0.26833333413461535 0.5066666658653847 0.2641666658653846 0.4955555552884615 0.2575 0.4944444447115384 0.2583333341346154 0.5466666658653846 0.2666666658653846 0.5477777788461539
865 0.2666666658653846 0.4911111105769231 0.2716666658653846 0.5166666658653847 0.2708333341346154 0.5455555552884616 0.2791666658653846 0.5455555552884616 0.2791666658653846 0.5177777788461538 0.2791666658653846 0.4911111105769231 0.2666666658653846 0.4911111105769231
563 0.8208333341346153 0.3788888894230769 0.7675 0.3855555552884615 0.7683333341346154 0.40333333413461536 0.8216666658653846 0.39666666586538457 0.8208333341346153 0.3788888894230769
865 0.16583333413461537 0.6211111105769231 0.17416666586538462 0.6222222211538462 0.17250000000000001 0.6077777788461538 0.1833333341346154 0.5988888894230769 0.1841666658653846 0.59 0.1575 0.5877777788461539 0.1575 0.6055555552884615 0.16416666586538461 0.608888889423077 0.16583333413461537 0.6211111105769231
1958 0.39583333413461536 0.7133333341346154 0.39499999999999996 0.6777777788461539 0.40333333413461536 0.638888889423077 0.3925 0.6333333341346153 0.37833333413461534 0.64 0.38749999999999996 0.6777777788461539 0.3891666658653846 0.7122222211538461 0.3825 0.721111110576923 0.4 0.721111110576923 0.39583333413461536 0.7133333341346154
1958 0.3633333341346154 0.6822222211538461 0.37166666586538466 0.6688888894230769 0.3708333341346154 0.6422222211538462 0.36 0.6344444447115385 0.34750000000000003 0.641111110576923 0.35 0.6733333341346154 0.3575 0.6822222211538461 0.3583333341346154 0.7255555552884616 0.37166666586538466 0.7266666658653846 0.365 0.72 0.3633333341346154 0.6822222211538461
299 0.415 0.7655555552884615 0.41000000000000003 0.77 0.43 0.7755555552884614 0.4425 0.77 0.4516666658653846 0.7477777788461538 0.45583333413461535 0.721111110576923 0.43416666586538466 0.7133333341346154 0.4125 0.7144444447115385 0.3975 0.7277777788461539 0.40499999999999997 0.7522222211538462 0.415 0.7655555552884615
1349 0.8383333341346154 0.4666666658653846 0.8283333341346153 0.4766666658653846 0.825 0.4955555552884615 0.8266666658653846 0.53 0.8674999999999999 0.51 0.8766666658653846 0.48777777884615386 0.8841666658653846 0.4633333341346154 0.8758333341346154 0.4511111105769231 0.8625 0.4433333341346154 0.8491666658653846 0.43 0.8425 0.44999999999999996 0.8383333341346154 0.4666666658653846
1736 0.1225 0.5944444447115385 0.1108333341346154 0.6033333341346154 0.1108333341346154 0.6233333341346154 0.1225 0.6366666658653847 0.1325 0.6288888894230769 0.1333333341346154 0.61 0.1283333341346154 0.5955555552884616 0.1225 0.5944444447115385
438 0.30916666586538466 0.73 0.3283333341346154 0.7277777788461539 0.3258333341346154 0.6688888894230769 0.2966666658653846 0.6744444447115385 0.2975 0.7166666658653846 0.30916666586538466 0.73
305 0.6716666658653847 0.5044444447115385 0.6741666658653845 0.5155555552884615 0.6966666658653846 0.5177777788461538 0.6983333341346154 0.5044444447115385 0.6849999999999999 0.4944444447115384 0.6716666658653847 0.5044444447115385
1025 0.7916666658653846 0.5266666658653846 0.7916666658653846 0.5355555552884615 0.7975 0.5488888894230769 0.8033333341346154 0.5511111105769231 0.8091666658653847 0.5422222211538462 0.84 0.5577777788461539 0.8441666658653847 0.5522222211538461 0.8066666658653846 0.5355555552884615 0.8049999999999999 0.5255555552884615 0.7916666658653846 0.5266666658653846
720 0.7525000000000001 0.48444444471153847 0.7541666658653846 0.508888889423077 0.7641666658653846 0.508888889423077 0.7625 0.4855555552884615 0.7525000000000001 0.48444444471153847
988 0.7608333341346154 0.511111110576923 0.7541666658653846 0.5177777788461538 0.7558333341346154 0.5422222211538462 0.7825 0.5388888894230769 0.7791666658653846 0.5233333341346154 0.7841666658653845 0.52 0.7825 0.511111110576923 0.7775 0.5177777788461538 0.7725000000000001 0.51 0.7658333341346153 0.5177777788461538 0.7608333341346154 0.511111110576923
1459 0.20249999999999999 0.64 0.20916666586538463 0.6422222211538462 0.215 0.6566666658653847 0.23249999999999998 0.6566666658653847 0.2258333341346154 0.6444444447115385 0.2341666658653846 0.6322222211538461 0.2241666658653846 0.5911111105769231 0.22 0.5877777788461539 0.20249999999999999 0.64
1116 0.44999999999999996 0.3722222211538462 0.4308333341346154 0.3666666658653846 0.4325 0.4344444447115385 0.4516666658653846 0.4366666658653846 0.44999999999999996 0.3722222211538462
1459 0.6575 0.48777777884615386 0.6633333341346154 0.47222222115384616 0.6558333341346153 0.4566666658653846 0.655 0.4444444447115385 0.655 0.4388888894230769 0.6508333341346154 0.4333333341346154 0.6458333341346154 0.4366666658653846 0.6441666658653846 0.44999999999999996 0.6499999999999999 0.44999999999999996 0.6508333341346154 0.4633333341346154 0.6416666658653847 0.47222222115384616 0.6408333341346153 0.4633333341346154 0.6341666658653846 0.45555555528846153 0.6275000000000001 0.45777777884615384 0.6208333341346154 0.47333333413461537 0.6425 0.4955555552884615 0.6475000000000001 0.5 0.6391666658653846 0.511111110576923 0.6575 0.511111110576923 0.6575 0.5066666658653847 0.6558333341346153 0.501111110576923 0.6575 0.48777777884615386
552 0.11750000000000001 0.40333333413461536 0.09583333413461538 0.40666666586538464 0.10333333413461537 0.4288888894230769 0.10916666586538462 0.43 0.11666666586538461 0.41777777884615386 0.11750000000000001 0.40333333413461536
552 0.16666666586538462 0.3666666658653846 0.15166666586538463 0.3677777788461538 0.1558333341346154 0.3866666658653846 0.16416666586538461 0.3866666658653846 0.1716666658653846 0.3744444447115385 0.16666666586538462 0.3666666658653846
552 0.1791666658653846 0.3711111105769231 0.1675 0.3711111105769231 0.16666666586538462 0.39 0.17666666586538463 0.39333333413461535 0.1791666658653846 0.3711111105769231
552 0.9408333341346153 0.35555555528846156 0.9408333341346153 0.3744444447115385 0.9566666658653846 0.3733333341346154 0.9566666658653846 0.35333333413461543 0.9408333341346153 0.35555555528846156
1112 0.9025 0.33777777884615384 0.8925 0.34111111057692306 0.89 0.3733333341346154 0.9025 0.3744444447115385 0.9025 0.33777777884615384
638 0.47916666586538464 0.361111110576923 0.5041666658653846 0.36 0.5041666658653846 0.34333333413461536 0.48000000000000004 0.34333333413461536 0.47916666586538464 0.361111110576923
638 0.48000000000000004 0.40111111057692306 0.5041666658653846 0.40222222115384615 0.5025 0.3755555552884615 0.4883333341346154 0.3755555552884615 0.48916666586538465 0.3866666658653846 0.48000000000000004 0.3866666658653846 0.48000000000000004 0.40111111057692306
638 0.5475 0.3355555552884616 0.5416666658653846 0.33444444471153845 0.535 0.34111111057692306 0.5225000000000001 0.34111111057692306 0.5191666658653846 0.36 0.5466666658653846 0.3588888894230769 0.5475 0.3355555552884616
638 0.5483333341346154 0.4 0.5483333341346154 0.38 0.5341666658653846 0.38 0.5325 0.39888888942307693 0.5483333341346154 0.4
638 0.5191666658653846 0.40111111057692306 0.53 0.40222222115384615 0.53 0.3777777788461538 0.5208333341346154 0.3777777788461538 0.5191666658653846 0.40111111057692306
638 0.47833333413461543 0.4344444447115385 0.5033333341346153 0.4322222211538461 0.5041666658653846 0.4222222211538461 0.48000000000000004 0.4222222211538461 0.47833333413461543 0.4344444447115385
877 0.11750000000000001 0.5655555552884615 0.1291666658653846 0.5666666658653846 0.12583333413461537 0.4988888894230769 0.105 0.4988888894230769 0.10583333413461539 0.5255555552884615 0.1108333341346154 0.55 0.11833333413461539 0.5511111105769231 0.11750000000000001 0.5655555552884615
299 0.11249999999999999 0.26111111057692304 0.11416666586538461 0.2511111105769231 0.10916666586538462 0.24888888942307694 0.09166666586538462 0.2466666658653846 0.09166666586538462 0.2588888894230769 0.11249999999999999 0.26111111057692304
1154 0.1275 0.3633333341346154 0.10416666586538462 0.36555555528846156 0.10166666586538461 0.3822222211538462 0.12583333413461537 0.3866666658653846 0.1275 0.3633333341346154
1341 0.1075 0.35777777884615386 0.1075 0.34333333413461536 0.10250000000000001 0.33666666586538463 0.09083333413461539 0.3355555552884616 0.09 0.38444444471153844 0.1 0.3833333341346154 0.10083333413461538 0.3711111105769231 0.1075 0.35777777884615386
1184 0.2166666658653846 0.39555555528846154 0.2416666658653846 0.39888888942307693 0.24000000000000002 0.3733333341346154 0.2183333341346154 0.36555555528846156 0.2166666658653846 0.39555555528846154
865 0.1525 0.27444444471153845 0.17416666586538462 0.27888888942307694 0.175 0.2533333341346154 0.1533333341346154 0.2466666658653846 0.1525 0.27444444471153845
1152 0.11833333413461539 0.5688888894230769 0.11916666586538462 0.5511111105769231 0.10583333413461539 0.55 0.10583333413461539 0.5700000000000001 0.11833333413461539 0.5688888894230769
877 0.105 0.5477777788461539 0.10833333413461539 0.5477777788461539 0.10416666586538462 0.5288888894230769 0.09333333413461539 0.5277777788461538 0.09416666586538461 0.5733333341346154 0.105 0.5722222211538461 0.105 0.5477777788461539
626 0.7433333341346154 0.2866666658653846 0.7441666658653846 0.3044444447115385 0.755 0.3044444447115385 0.755 0.28777777884615385 0.7433333341346154 0.2866666658653846
1366 0.7583333341346153 0.3055555552884615 0.7725000000000001 0.3044444447115385 0.7749999999999999 0.28444444471153846 0.7583333341346153 0.28444444471153846 0.7583333341346153 0.3055555552884615
626 0.7441666658653846 0.34777777884615385 0.7458333341346154 0.35111111057692307 0.76 0.35 0.7591666658653846 0.3277777788461539 0.745 0.3277777788461539 0.7441666658653846 0.34777777884615385
1152 0.8041666658653847 0.28555555528846155 0.7975 0.29 0.7941666658653846 0.29555555528846156 0.7958333341346153 0.3 0.8083333341346154 0.30222222115384617 0.8075 0.3 0.8083333341346154 0.28555555528846155 0.8041666658653847 0.28555555528846155
638 0.8183333341346154 0.33111111057692305 0.8058333341346154 0.3288888894230769 0.7941666658653846 0.3288888894230769 0.7925 0.34555555528846155 0.8191666658653846 0.34666666586538464 0.8183333341346154 0.33111111057692305
1152 0.765 0.35 0.7733333341346154 0.35 0.7733333341346154 0.33444444471153845 0.765 0.33444444471153845 0.765 0.34777777884615385 0.765 0.35
402 0.33666666586538463 0 0.4508333341346154 0.10555555528846153 0.8508333341346154 0.03222222115384615 0.8575 0 0.33666666586538463 0
345 0.8091666658653847 0.3288888894230769 0.8133333341346154 0.22555555528846155 0.8200000000000001 0.21111111057692306 0.7941666658653846 0.2133333341346154 0.7116666658653846 0.22444444471153846 0.7308333341346154 0.2466666658653846 0.7274999999999999 0.46222222115384615 0.8383333341346154 0.46 0.8391666658653846 0.33111111057692305 0.8091666658653847 0.3288888894230769
1444 0.4283333341346154 0.3522222211538461 0.4233333341346154 0.35 0.4233333341346154 0.22 0.4441666658653846 0.19888888942307695 0.34249999999999997 0.13 0.2425 0.1533333341346154 0.31 0.1944444447115385 0.2966666658653846 0.22222222115384616 0.2916666658653846 0.6155555552884615 0.3241666658653846 0.6222222211538462 0.32 0.6655555552884616 0.3275 0.6655555552884616 0.3291666658653846 0.6866666658653846 0.34083333413461536 0.6822222211538461 0.4291666658653846 0.6355555552884616 0.4283333341346154 0.3522222211538461
452 0.05833333413461539 0.05888888942307692 0.0008333341346153846 0.08222222115384616 0.0008333341346153846 0.11333333413461538 0.013333334134615385 0.13555555528846155 0.023333334134615382 0.6788888894230769 0.019166665865384618 0.6799999999999999 0.0175 0.688888889423077 0.025 0.6933333341346154 0.025 0.9455555552884616 0.1108333341346154 0.9877777788461538 0.25 0.88 0.2483333341346154 0.7811111105769231 0.22666666586538461 0.771111110576923 0.22666666586538461 0.7433333341346154 0.29250000000000004 0.7100000000000001 0.2966666658653846 0.6722222211538462 0.3183333341346154 0.6677777788461537 0.32499999999999996 0.6244444447115385 0.28916666586538464 0.611111110576923 0.2983333341346154 0.22 0.3066666658653846 0.19333333413461537 0.05833333413461539 0.05888888942307692
532 0.48750000000000004 0.5055555552884615 0.4883333341346154 0.5266666658653846 0.4916666658653846 0.5422222211538462 0.8125 0.5622222211538461 0.9075 0.5655555552884615 0.9075 0.5533333341346154 0.825 0.5522222211538461 0.8241666658653847 0.5155555552884615 0.7341666658653847 0.5122222211538461 0.7308333341346154 0.521111110576923 0.5716666658653846 0.5122222211538461 0.48750000000000004 0.5055555552884615
347 0.6125 0.6733333341346154 0.6125 0.7255555552884616 0.6975 0.7311111105769231 0.7775 0.7366666658653845 0.7958333341346153 0.7366666658653845 0.7941666658653846 0.5811111105769231 0.7975 0.5700000000000001 0.9058333341346153 0.5766666658653846 0.9091666658653845 0.5677777788461539 0.4908333341346154 0.5433333341346154 0.45916666586538457 0.5488888894230769 0.4333333341346154 0.5700000000000001 0.4325 0.6344444447115385 0.45749999999999996 0.618888889423077 0.6241666658653846 0.6433333341346154 0.6275000000000001 0.6611111105769231 0.6125 0.6733333341346154
347 0.575 0.45777777884615384 0.5758333341346155 0.24555555528846154 0.5658333341346153 0.23333333413461538 0.4608333341346154 0.24222222115384615 0.4258333341346154 0.22 0.4241666658653846 0.34666666586538464 0.43 0.35111111057692307 0.4316666658653846 0.46 0.4625 0.46 0.5608333341346154 0.46 0.575 0.45777777884615384
973 0.9541666658653847 0.722222221153846 0.9641666658653846 0.741111110576923 0.9808333341346154 0.7466666658653847 0.9991666658653846 0.7477777788461538 0.9991666658653846 0.6177777788461539 0.9933333341346154 0.608888889423077 0.9841666658653847 0.6122222211538462 0.9675 0.6044444447115385 0.97 0.6222222211538462 0.9666666658653846 0.631111110576923 0.9575 0.631111110576923 0.9533333341346153 0.6444444447115385 0.9641666658653846 0.6622222211538461 0.9608333341346154 0.6744444447115385 0.9541666658653847 0.6900000000000001 0.9541666658653847 0.722222221153846
1184 0.87 0.5711111105769231 0.8658333341346154 0.58 0.8633333341346153 0.6022222211538462 0.8808333341346154 0.6033333341346154 0.8825000000000001 0.5977777788461538 0.8825000000000001 0.5766666658653846 0.8766666658653846 0.5711111105769231 0.87 0.5711111105769231
1678 0.7966666658653847 0.5811111105769231 0.7991666658653845 0.6366666658653847 0.8049999999999999 0.631111110576923 0.95 0.6433333341346154 0.9591666658653846 0.6266666658653846 0.9466666658653846 0.6055555552884615 0.9408333341346153 0.5866666658653846 0.8041666658653847 0.5822222211538461 0.7966666658653847 0.5811111105769231
532 0.9516666658653846 0.6466666658653846 0.8058333341346154 0.6333333341346153 0.8066666658653846 0.6677777788461537 0.9033333341346155 0.6777777788461539 0.9991666658653846 0.86 0.9991666658653846 0.7533333341346153 0.9825 0.7477777788461538 0.9624999999999999 0.7433333341346154 0.9516666658653846 0.7188888894230769 0.9533333341346153 0.6866666658653846 0.9608333341346154 0.6633333341346154 0.9516666658653846 0.6466666658653846
347 0.7891666658653846 0.8144444447115385 0.7908333341346154 0.861111110576923 0.8008333341346153 0.8788888894230769 0.8049999999999999 0.9955555552884616 0.9991666658653846 0.9966666658653847 0.9991666658653846 0.861111110576923 0.9033333341346155 0.6799999999999999 0.8091666658653847 0.67 0.8025 0.7088888894230769 0.8033333341346154 0.8099999999999999 0.7941666658653846 0.8099999999999999 0.7891666658653846 0.8144444447115385
792 0.025 0.9444444447115384 0.0008333341346153846 0.9611111105769231 0.0008333341346153846 0.998888889423077 0.7183333341346153 0.9977777788461538 0.8033333341346154 0.9977777788461538 0.7975 0.741111110576923 0.6125 0.7277777788461539 0.5708333341346153 0.7655555552884615 0.495 0.8677777788461539 0.4916666658653846 0.8944444447115385 0.3175 0.8655555552884615 0.255 0.8766666658653846 0.1108333341346154 0.99 0.025 0.9444444447115384
569 0.6499999999999999 0.3822222211538462 0.6799999999999999 0.42444444471153847 0.6991666658653847 0.4233333341346154 0.7 0.4566666658653846 0.7033333341346153 0.47333333413461537 0.7083333341346154 0.4944444447115384 0.7116666658653846 0.5122222211538461 0.7291666658653846 0.5177777788461538 0.7283333341346154 0.49 0.7274999999999999 0.47222222115384616 0.7258333341346154 0.41000000000000003 0.7216666658653845 0.388888889423077 0.72 0.18777777884615385 0.7250000000000001 0.17888888942307693 0.7183333341346153 0.17111111057692308 0.7058333341346154 0.16888888942307692 0.6649999999999999 0.17222222115384614 0.6499999999999999 0.17888888942307693 0.6241666658653846 0.1833333341346154 0.61 0.18111111057692308 0.5883333341346154 0.18555555528846154 0.5758333341346155 0.19222222115384616 0.58 0.20777777884615387 0.5741666658653846 0.23333333413461538 0.5808333341346154 0.24444444471153848 0.5791666658653847 0.39555555528846154 0.5741666658653846 0.40666666586538464 0.5775 0.41555555528846155 0.5700000000000001 0.4855555552884615 0.5691666658653847 0.4988888894230769 0.5766666658653846 0.5077777788461538 0.5933333341346153 0.4977777788461539 0.595 0.4855555552884615 0.5975 0.46444444471153845 0.6024999999999999 0.46 0.5966666658653846 0.42777777884615387 0.5983333341346154 0.4211111105769231 0.6224999999999999 0.41888888942307695 0.6499999999999999 0.3822222211538462
1885 0.0008333341346153846 0 0.0025 0.07555555528846154 0.05833333413461539 0.05444444471153846 0.23833333413461538 0.15 0.2425 0.14777777884615384 0.34249999999999997 0.12333333413461538 0.4466666658653846 0.20111111057692307 0.4316666658653846 0.22 0.455 0.23333333413461538 0.5691666658653847 0.23222222115384616 0.5708333341346153 0.23111111057692307 0.5725 0.1833333341346154 0.7316666658653846 0.16111111057692307 0.7325 0.21777777884615385 0.8191666658653846 0.2066666658653846 0.8608333341346154 0.14777777884615384 0.8558333341346154 0.12555555528846155 0.8391666658653846 0.11222222115384616 0.8483333341346154 0.03222222115384615 0.4508333341346154 0.11 0.33416666586538457 0 0.0008333341346153846 0
1885 0.8966666658653846 0.5055555552884615 0.9225 0.47333333413461537 0.9275 0.4466666658653846 0.9258333341346153 0.40111111057692306 0.875 0.3977777788461539 0.8775000000000001 0.3788888894230769 0.895 0.3288888894230769 0.8425 0.33 0.8416666658653846 0.4633333341346154 0.7325 0.4666666658653846 0.7358333341346154 0.51 0.8966666658653846 0.5055555552884615
1260 0.4991666658653846 0.5366666658653846 0.5041666658653846 0.5144444447115385 0.5066666658653847 0.47888888942307695 0.4916666658653846 0.4766666658653846 0.4916666658653846 0.5311111105769231 0.4991666658653846 0.5366666658653846
1131 0.9808333341346154 0.2711111105769231 0.9991666658653846 0.28888888942307694 0.9991666658653846 0.001111110576923077 0.8608333341346154 0 0.8425 0.10777777884615383 0.8575 0.12444444471153847 0.8625 0.14555555528846154 0.9041666658653846 0.08 0.9091666658653845 0.08 0.9458333341346153 0.14444444471153847 0.95 0.16666666586538462 0.95 0.1833333341346154 0.955 0.19777777884615383 0.9708333341346154 0.21444444471153845 0.985 0.22888888942307692 0.9774999999999999 0.2555555552884615 0.9808333341346154 0.2711111105769231
150 0.9666666658653846 0.6044444447115385 0.9983333341346154 0.611111110576923 0.9991666658653846 0.34333333413461536 0.9991666658653846 0.29444444471153847 0.9825 0.27666666586538463 0.9275 0.33111111057692305 0.9283333341346154 0.48777777884615386 0.9466666658653846 0.5055555552884615 0.9400000000000001 0.5977777788461538 0.9600000000000001 0.6266666658653846 0.9666666658653846 0.6044444447115385