1661 0.6846666658653846 0.9880239519230769 0.7193333341346153 0.9301397211538462 0.6926666658653846 0.6726546899038461 0.6659999999999999 0.6097804399038462 0.6026666658653845 0.6147704591346154 0.566 0.6836327355769231 0.5813333341346154 0.9880239519230769 0.6846666658653846 0.9880239519230769
560 0.304 0.5459081826923077 0.3133333341346154 0.7415169663461539 0.4226666658653846 0.7495009975961539 0.42600000000000005 0.5349301394230769 0.304 0.5459081826923077
1382 0.66 0.3373253485576923 0.6673333341346154 0.42614770432692306 0.7153333341346154 0.43712574759615386 0.7100000000000001 0.35728543028846155 0.66 0.3373253485576923
1737 0.14666666586538463 0.3253493004807692 0.16199999999999998 0.41417165625 0.19466666586538464 0.40019960096153845 0.1813333341346154 0.3163672644230769 0.14666666586538463 0.3253493004807692
560 0.14666666586538463 0.006986028846153847 0.1486666658653846 0.1766467067307692 0.21 0.18463073798076923 0.206 0.003992016826923077 0.14666666586538463 0.006986028846153847
560 0.9993333341346153 0.1706586826923077 0.9973333341346154 0.006986028846153847 0.9093333341346154 0.018962076923076922 0.9146666658653846 0.16766467067307692 0.9993333341346153 0.1706586826923077
560 0.8226666658653846 0.40818363221153847 0.8226666658653846 0.7295409182692307 0.9073333341346154 0.7325349302884615 0.9073333341346154 0.41417165625 0.8226666658653846 0.40818363221153847
1470 0.9973333341346154 0.8103792403846154 0.9453333341346154 0.8153692620192309 0.8593333341346153 0.8822355288461539 0.9299999999999999 0.9940119759615385 0.9953333341346154 0.9910179639423077 0.9973333341346154 0.8103792403846154
1120 0.22866666586538462 0.07085828365384615 0.23466666586538462 0.2844311370192308 0.27333333413461536 0.2824351298076923 0.2646666658653846 0.07984031971153846 0.22866666586538462 0.07085828365384615
1019 0.528 0.2355289423076923 0.5306666658653846 0.26247505048076925 0.5399999999999999 0.2584830336538462 0.5406666658653847 0.24151696634615386 0.528 0.2355289423076923
757 0.304 0.4161676658653847 0.3186666658653846 0.44111776442307693 0.33666666586538463 0.4311377235576923 0.3306666658653846 0.4041916177884615 0.3066666658653846 0.38722554807692305 0.28466666586538464 0.3662674639423077 0.24133333413461538 0.39021956009615383 0.242 0.48802395192307696 0.26933333413461535 0.4830339326923077 0.2866666658653846 0.44411177644230765 0.304 0.4161676658653847
1047 0.02 0.1397205576923077 0.022 0.052894211538461536 0.04466666586538462 0.04491018028846154 0.03333333413461538 0.002994012019230769 0.002 0.001996007211538462 0.0006666658653846154 0.0469061875 0.009333334134615385 0.05489021875 0.011333334134615385 0.10778443028846155 0.0013333341346153846 0.1337325360576923 0.004 0.1506986033653846 0.02 0.1397205576923077
1116 0.8233333341346154 0.34431137740384615 0.9966666658653847 0.33233532932692306 0.994 0.18762475 0.8206666658653846 0.19560878125 0.8233333341346154 0.34431137740384615
1199 0.41133333413461537 0.4560878245192308 0.41866666586538465 0.4131736538461538 0.4373333341346154 0.41217564903846154 0.436 0.22654690624999999 0.43 0.2235528942307692 0.30866666586538466 0.23752494951923075 0.314 0.4590818365384616 0.41133333413461537 0.4560878245192308
558 0.436 0.20059880288461537 0.43 0.030938122596153847 0.2966666658653846 0.03692614663461538 0.306 0.21956087740384617 0.436 0.20059880288461537
558 0.802 0.2584830336538462 0.8 0.008982036057692308 0.46266666586538463 0.04091816346153846 0.4693333341346154 0.2864271466346154 0.5406666658653847 0.28043912259615383 0.55 0.2604790408653846 0.7193333341346153 0.2435129735576923 0.7273333341346154 0.2704590817307692 0.802 0.2584830336538462