1219 0.39333333413461535 0.09666666586538461 0.39 0.23222222115384616 0.5058333341346154 0.22333333413461537 0.5125 0.09 0.39333333413461535 0.09666666586538461
1956 0.23500000000000001 0.4855555552884615 0.2341666658653846 0.5122222211538461 0.22833333413461537 0.5588888894230769 0.22666666586538461 0.6255555552884615 0.23916666586538463 0.631111110576923 0.2541666658653846 0.6211111105769231 0.2541666658653846 0.5533333341346154 0.2458333341346154 0.5133333341346155 0.2458333341346154 0.4855555552884615 0.23500000000000001 0.4855555552884615
1956 0.215 0.48888888942307696 0.2033333341346154 0.48888888942307696 0.2033333341346154 0.52 0.19749999999999998 0.5344444447115385 0.1958333341346154 0.6322222211538461 0.22166666586538464 0.6322222211538461 0.2241666658653846 0.5422222211538462 0.2166666658653846 0.5255555552884615 0.215 0.48888888942307696
1027 0.9375 0.5411111105769231 0.9375 0.4433333341346154 0.9375 0.3911111105769231 0.9591666658653846 0.38777777884615383 0.9458333341346153 0.33444444471153845 0.92 0.33444444471153845 0.9149999999999999 0.35666666586538465 0.9033333341346155 0.3866666658653846 0.9308333341346154 0.38777777884615383 0.9275 0.4388888894230769 0.9283333341346154 0.5399999999999999 0.9116666658653846 0.5477777788461539 0.9308333341346154 0.5533333341346154 0.95 0.5544444447115384 0.9508333341346155 0.5466666658653846 0.9375 0.5411111105769231
1942 0.08583333413461539 0.4444444447115385 0.2758333341346154 0.4322222211538461 0.27833333413461536 0.10444444471153846 0.07333333413461539 0.07 0.09916666586538461 0.08222222115384616 0.08416666586538463 0.10333333413461537 0.08583333413461539 0.4444444447115385
1942 0.8516666658653846 0.002222221153846154 0.6775 0.06555555528846155 0.6741666658653845 0.4366666658653846 0.9966666658653847 0.46555555528846154 0.9991666658653846 0.001111110576923077 0.8516666658653846 0.002222221153846154
532 0.3558333341346154 0.47777777884615386 0.08833333413461539 0.501111110576923 0.11333333413461538 0.5255555552884615 0.35333333413461543 0.501111110576923 0.5225000000000001 0.5077777788461538 0.9974999999999999 0.6055555552884615 0.9966666658653847 0.5522222211538461 0.5516666658653846 0.4766666658653846 0.3558333341346154 0.47777777884615386
1564 0.14916666586538463 0.49666666586538466 0.1275 0.49666666586538466 0.12000000000000001 0.49666666586538466 0.10916666586538462 0.5055555552884615 0.12083333413461537 0.5166666658653847 0.13916666586538462 0.5166666658653847 0.1633333341346154 0.5077777788461538 0.14916666586538463 0.49666666586538466
1564 0.3891666658653846 0.6033333341346154 0.3791666658653846 0.6155555552884615 0.4925 0.6666666658653846 0.5883333341346154 0.64 0.46916666586538464 0.5911111105769231 0.3891666658653846 0.6033333341346154
438 0.5 0.8 0.5025 0.7822222211538462 0.4991666658653846 0.76 0.475 0.7388888894230768 0.4291666658653846 0.76 0.4233333341346154 0.7733333341346154 0.4233333341346154 0.7866666658653846 0.4441666658653846 0.7955555552884616 0.5 0.8
1861 0.6241666658653846 0.46 0.6308333341346154 0.4333333341346154 0.6058333341346154 0.4333333341346154 0.6083333341346153 0.4588888894230769 0.6008333341346154 0.47444444471153846 0.6016666658653846 0.49 0.6116666658653845 0.5055555552884615 0.6258333341346154 0.5033333341346153 0.6333333341346153 0.4933333341346154 0.6333333341346153 0.47444444471153846 0.6241666658653846 0.46
806 0.6675 0.37 0.6508333341346154 0.35666666586538465 0.635 0.35555555528846156 0.6224999999999999 0.33999999999999997 0.6016666658653846 0.35 0.5858333341346154 0.361111110576923 0.5783333341346154 0.3733333341346154 0.5841666658653846 0.3866666658653846 0.5791666658653847 0.41000000000000003 0.595 0.4222222211538461 0.6 0.4344444447115385 0.6391666658653846 0.4322222211538461 0.6466666658653846 0.4488888894230769 0.6616666658653846 0.42555555528846156 0.6725 0.39888888942307693 0.6675 0.37
1620 0.5958333341346154 0.7666666658653847 0.5858333341346154 0.7522222211538462 0.5691666658653847 0.7377777788461538 0.5566666658653846 0.7355555552884615 0.5558333341346153 0.748888889423077 0.5575 0.7644444447115385 0.5616666658653846 0.7766666658653846 0.575 0.778888889423077 0.5883333341346154 0.778888889423077 0.62 0.8166666658653846 0.6316666658653846 0.8122222211538461 0.5958333341346154 0.777777778846154 0.5958333341346154 0.7666666658653847
1362 0.7725000000000001 0.5055555552884615 0.7733333341346154 0.4833333341346154 0.7683333341346154 0.4677777788461538 0.7525000000000001 0.4611111105769231 0.7408333341346154 0.46888888942307694 0.7308333341346154 0.48222222115384616 0.7308333341346154 0.5033333341346153 0.735 0.5144444447115385 0.7466666658653847 0.5244444447115385 0.7633333341346155 0.52 0.7725000000000001 0.5055555552884615
1027 0.6866666658653846 0.48777777884615386 0.6875 0.41777777884615386 0.6866666658653846 0.39333333413461535 0.6975 0.3866666658653846 0.6991666658653847 0.3733333341346154 0.6908333341346153 0.34888888942307694 0.6716666658653847 0.34888888942307694 0.6625000000000001 0.38 0.6791666658653847 0.3833333341346154 0.6791666658653847 0.49666666586538466 0.6691666658653846 0.5033333341346153 0.6875 0.508888889423077 0.6966666658653846 0.5 0.6866666658653846 0.48777777884615386
1341 0.7091666658653846 0.5022222211538462 0.7100000000000001 0.5133333341346155 0.73 0.511111110576923 0.7341666658653847 0.47333333413461537 0.7325 0.46222222115384615 0.7258333341346154 0.46555555528846154 0.7133333341346154 0.47333333413461537 0.7058333341346154 0.4611111105769231 0.6991666658653847 0.48444444471153847 0.7 0.49666666586538466 0.7091666658653846 0.5022222211538462
988 0.505 0.42777777884615387 0.4933333341346154 0.42777777884615387 0.4883333341346154 0.44222222115384613 0.48166666586538465 0.44999999999999996 0.4858333341346154 0.4588888894230769 0.485 0.47777777884615386 0.5216666658653846 0.4766666658653846 0.5108333341346154 0.46 0.5166666658653847 0.44111111057692304 0.505 0.42777777884615387
309 0.35083333413461537 0.4666666658653846 0.35 0.45777777884615384 0.35 0.4433333341346154 0.34083333413461536 0.4344444447115385 0.33416666586538457 0.4344444447115385 0.33 0.42444444471153847 0.3191666658653846 0.42777777884615387 0.3133333341346154 0.43 0.305 0.43 0.305 0.4588888894230769 0.30916666586538466 0.47222222115384616 0.3116666658653846 0.48444444471153847 0.34750000000000003 0.48222222115384616 0.35083333413461537 0.4666666658653846
533 0.3833333341346154 0.9888888894230768 0.92 0.7455555552884616 0.6166666658653847 0.6377777788461538 0.4883333341346154 0.6611111105769231 0.37 0.6022222211538462 0.45916666586538457 0.5755555552884615 0.3491666658653846 0.5399999999999999 0.04166666586538462 0.5788888894230769 0.045833334134615385 0.6366666658653847 0.1108333341346154 0.758888889423077 0.3833333341346154 0.9888888894230768
1956 0.185 0.56 0.195 0.56 0.20166666586538462 0.511111110576923 0.2033333341346154 0.4766666658653846 0.1916666658653846 0.47777777884615386 0.1941666658653846 0.49666666586538466 0.1858333341346154 0.5266666658653846 0.185 0.56
1958 0.11583333413461538 0.6288888894230769 0.11 0.6344444447115385 0.11 0.6444444447115385 0.13 0.6444444447115385 0.1266666658653846 0.641111110576923 0.12083333413461537 0.6233333341346154 0.1225 0.6077777788461538 0.1325 0.5933333341346153 0.1325 0.5488888894230769 0.11750000000000001 0.5488888894230769 0.10250000000000001 0.56 0.10250000000000001 0.5944444447115385 0.11416666586538461 0.601111110576923 0.11583333413461538 0.6288888894230769
1958 0.13833333413461538 0.6344444447115385 0.1333333341346154 0.6488888894230769 0.14916666586538463 0.6488888894230769 0.1508333341346154 0.638888889423077 0.1475 0.6166666658653847 0.155 0.6066666658653846 0.1525 0.5622222211538461 0.1291666658653846 0.5622222211538461 0.13 0.6144444447115385 0.13916666586538462 0.6166666658653847 0.13833333413461538 0.6344444447115385
1958 0.1558333341346154 0.638888889423077 0.17666666586538463 0.638888889423077 0.1675 0.631111110576923 0.16249999999999998 0.6044444447115385 0.17583333413461538 0.59 0.17416666586538462 0.5511111105769231 0.145 0.5511111105769231 0.14166666586538462 0.5877777788461539 0.1575 0.6288888894230769 0.1558333341346154 0.638888889423077
1958 0.18833333413461537 0.6322222211538461 0.1791666658653846 0.6488888894230769 0.195 0.6499999999999999 0.20833333413461538 0.6466666658653846 0.195 0.6444444447115385 0.19749999999999998 0.6144444447115385 0.2033333341346154 0.6044444447115385 0.2066666658653846 0.5611111105769231 0.18 0.5644444447115384 0.17833333413461538 0.6055555552884615 0.1891666658653846 0.6122222211538462 0.18833333413461537 0.6322222211538461
525 0.2625 0.6144444447115385 0.21583333413461536 0.6344444447115385 0.2175 0.6422222211538462 0.2341666658653846 0.6377777788461538 0.2641666658653846 0.6255555552884615 0.2625 0.6144444447115385
757 0.14250000000000002 0.46 0.13499999999999998 0.46555555528846154 0.1325 0.47222222115384616 0.1325 0.46 0.13416666586538462 0.4455555552884615 0.1375 0.44111111057692304 0.14250000000000002 0.4344444447115385 0.145 0.4388888894230769 0.1525 0.4511111105769231 0.1533333341346154 0.44222222115384613 0.14833333413461539 0.42666666586538465 0.14166666586538462 0.42444444471153847 0.1308333341346154 0.4333333341346154 0.12416666586538462 0.4455555552884615 0.12333333413461538 0.47777777884615386 0.11750000000000001 0.4766666658653846 0.11916666586538462 0.46555555528846154 0.11249999999999999 0.4633333341346154 0.1108333341346154 0.4866666658653846 0.1441666658653846 0.48777777884615386 0.14250000000000002 0.4766666658653846 0.14250000000000002 0.46
757 0.4116666658653846 0.5333333341346154 0.40499999999999997 0.5344444447115385 0.3983333341346154 0.5222222211538461 0.3925 0.5444444447115384 0.39666666586538457 0.5644444447115384 0.39666666586538457 0.5933333341346153 0.39666666586538457 0.6122222211538462 0.3925 0.6211111105769231 0.38583333413461535 0.6122222211538462 0.3816666658653846 0.5988888894230769 0.3825 0.59 0.3866666658653846 0.5855555552884616 0.3741666658653846 0.5811111105769231 0.3691666658653846 0.5922222211538462 0.3766666658653846 0.59 0.375 0.6077777788461538 0.3691666658653846 0.6122222211538462 0.3766666658653846 0.6255555552884615 0.41750000000000004 0.641111110576923 0.4308333341346154 0.6444444447115385 0.4366666658653846 0.6366666658653847 0.4325 0.6277777788461538 0.4316666658653846 0.618888889423077 0.4308333341346154 0.61 0.4375 0.6055555552884615 0.42666666586538465 0.5988888894230769 0.41666666586538464 0.6044444447115385 0.415 0.61 0.4208333341346154 0.6166666658653847 0.42 0.6255555552884615 0.41333333413461537 0.6277777788461538 0.40666666586538464 0.618888889423077 0.40249999999999997 0.6033333341346154 0.40249999999999997 0.5866666658653846 0.40249999999999997 0.5666666658653846 0.40249999999999997 0.5533333341346154 0.4125 0.5422222211538462 0.4358333341346154 0.5444444447115384 0.4441666658653846 0.5388888894230769 0.4541666658653846 0.5388888894230769 0.4566666658653846 0.5488888894230769 0.4608333341346154 0.5588888894230769 0.46916666586538464 0.5588888894230769 0.46916666586538464 0.5466666658653846 0.46583333413461536 0.5355555552884615 0.45749999999999996 0.5266666658653846 0.4325 0.5311111105769231 0.4116666658653846 0.5333333341346154
1564 0.46416666586538463 0.5822222211538461 0.36416666586538465 0.6055555552884615 0.4991666658653846 0.6622222211538461 0.6133333341346154 0.6344444447115385 0.46416666586538463 0.5822222211538461
438 0.34500000000000003 0.7566666658653846 0.34083333413461536 0.741111110576923 0.35500000000000004 0.7477777788461538 0.3591666658653846 0.721111110576923 0.3375 0.7 0.3075 0.6955555552884616 0.3008333341346154 0.73 0.30916666586538466 0.7377777788461538 0.28833333413461537 0.7477777788461538 0.28500000000000003 0.7766666658653846 0.3275 0.7833333341346154 0.34500000000000003 0.7566666658653846
885 0.35 0.7611111105769232 0.3458333341346154 0.7622222211538462 0.34666666586538464 0.7766666658653846 0.38 0.7855555552884615 0.3916666658653846 0.7899999999999999 0.40166666586538463 0.7888888894230769 0.40499999999999997 0.7688888894230769 0.41583333413461543 0.7544444447115384 0.43416666586538466 0.7422222211538462 0.4475 0.73 0.4625 0.7233333341346154 0.46166666586538463 0.7133333341346154 0.4541666658653846 0.7088888894230769 0.4325 0.6966666658653846 0.41666666586538464 0.6900000000000001 0.40666666586538464 0.688888889423077 0.39916666586538463 0.6911111105769231 0.3916666658653846 0.7044444447115384 0.3833333341346154 0.7144444447115385 0.3733333341346154 0.7188888894230769 0.365 0.7333333341346153 0.3616666658653846 0.7477777788461538 0.35 0.7611111105769232
136 0.39916666586538463 0.6688888894230769 0.3916666658653846 0.6844444447115384 0.3916666658653846 0.6911111105769231 0.4275 0.688888889423077 0.44083333413461534 0.688888889423077 0.4525 0.6955555552884616 0.45583333413461535 0.7022222211538461 0.4741666658653846 0.7166666658653846 0.4933333341346154 0.7233333341346154 0.5008333341346154 0.7044444447115384 0.4933333341346154 0.6955555552884616 0.48750000000000004 0.6844444447115384 0.4833333341346154 0.6766666658653846 0.47250000000000003 0.6766666658653846 0.45916666586538457 0.6777777788461539 0.4475 0.6788888894230769 0.4375 0.6755555552884616 0.4291666658653846 0.6666666658653846 0.4208333341346154 0.6666666658653846 0.4083333341346154 0.6666666658653846 0.39916666586538463 0.6688888894230769
303 0.5341666658653846 0.6511111105769231 0.5358333341346154 0.6744444447115385 0.5358333341346154 0.7033333341346153 0.5341666658653846 0.7188888894230769 0.5225000000000001 0.7344444447115385 0.5533333341346154 0.728888889423077 0.5508333341346154 0.7088888894230769 0.5458333341346153 0.6744444447115385 0.5458333341346153 0.6555555552884615 0.5541666658653847 0.6488888894230769 0.5741666658653846 0.6444444447115385 0.5808333341346154 0.6233333341346154 0.58 0.61 0.5475 0.5944444447115385 0.5283333341346154 0.6 0.5033333341346153 0.618888889423077 0.5058333341346154 0.6366666658653847 0.5116666658653846 0.6444444447115385 0.5233333341346154 0.6511111105769231 0.5341666658653846 0.6511111105769231
303 0.17750000000000002 0.7466666658653847 0.1833333341346154 0.741111110576923 0.20583333413461538 0.75 0.21583333413461536 0.7433333341346154 0.2175 0.7322222211538462 0.2416666658653846 0.7144444447115385 0.2575 0.7022222211538461 0.245 0.6866666658653846 0.2208333341346154 0.6755555552884616 0.18833333413461537 0.6733333341346154 0.16999999999999998 0.6777777788461539 0.14916666586538463 0.7111111105769231 0.1441666658653846 0.7188888894230769 0.17666666586538463 0.728888889423077 0.1716666658653846 0.7455555552884616 0.17750000000000002 0.7466666658653847
323 0.6441666658653846 0.7044444447115384 0.6441666658653846 0.6911111105769231 0.6166666658653847 0.6733333341346154 0.5641666658653846 0.6733333341346154 0.4741666658653846 0.6666666658653846 0.4366666658653846 0.6633333341346154 0.5016666658653846 0.7144444447115385 0.5925 0.7244444447115386 0.6441666658653846 0.7044444447115384
323 0.35416666586538464 0.6755555552884616 0.3825 0.6866666658653846 0.40333333413461536 0.6577777788461538 0.3883333341346154 0.6333333341346153 0.3658333341346154 0.6255555552884615 0.34249999999999997 0.6277777788461538 0.33416666586538457 0.6477777788461538 0.3275 0.6722222211538462 0.3283333341346154 0.6822222211538461 0.34083333413461536 0.6822222211538461 0.35416666586538464 0.6755555552884616
1410 0.6341666658653846 0.7755555552884614 0.6791666658653847 0.7766666658653846 0.6958333341346153 0.7722222211538461 0.7183333341346153 0.7566666658653846 0.715 0.7255555552884616 0.6891666658653846 0.7044444447115384 0.6575 0.7044444447115384 0.6041666658653846 0.7177777788461538 0.6016666658653846 0.7422222211538462 0.6191666658653846 0.7611111105769232 0.6341666658653846 0.7755555552884614
973 0.5516666658653846 0.4333333341346154 0.5441666658653846 0.4222222211538461 0.5366666658653846 0.44 0.5375 0.4855555552884615 0.5483333341346154 0.48444444471153847 0.5483333341346154 0.44222222115384613 0.5516666658653846 0.4333333341346154
1384 0.2375 0.4222222211538461 0.2166666658653846 0.4233333341346154 0.20166666586538462 0.44999999999999996 0.21 0.4611111105769231 0.22166666586538464 0.4955555552884615 0.2591666658653846 0.48444444471153847 0.2591666658653846 0.46222222115384615 0.2691666658653846 0.4344444447115385 0.255 0.42777777884615387 0.2375 0.4222222211538461
188 0.8358333341346154 0.42666666586538465 0.8183333341346154 0.41555555528846155 0.7966666658653847 0.41555555528846155 0.7808333341346153 0.42 0.7708333341346154 0.4388888894230769 0.78 0.48444444471153847 0.785 0.5255555552884615 0.8275 0.5222222211538461 0.8308333341346154 0.46 0.8366666658653846 0.4388888894230769 0.8358333341346154 0.42666666586538465
1969 0.8708333341346154 0.47222222115384616 0.8566666658653846 0.46555555528846154 0.8441666658653847 0.47444444471153846 0.8358333341346154 0.48888888942307696 0.8366666658653846 0.5344444447115385 0.8541666658653846 0.5377777788461539 0.87 0.5333333341346154 0.87 0.4911111105769231 0.8708333341346154 0.47222222115384616
817 0.5333333341346154 0.8077777788461538 0.5441666658653846 0.8133333341346154 0.5741666658653846 0.7844444447115385 0.5491666658653845 0.7677777788461538 0.5516666658653846 0.7566666658653846 0.5508333341346154 0.7422222211538462 0.5425 0.7377777788461538 0.5191666658653846 0.7433333341346154 0.48750000000000004 0.728888889423077 0.3883333341346154 0.6900000000000001 0.3683333341346154 0.6777777788461539 0.35333333413461543 0.6788888894230769 0.3191666658653846 0.688888889423077 0.30166666586538465 0.6955555552884616 0.29416666586538465 0.7055555552884616 0.275 0.7122222211538461 0.2666666658653846 0.7233333341346154 0.255 0.7377777788461538 0.2566666658653846 0.7544444447115384 0.2525 0.7666666658653847 0.23583333413461538 0.7655555552884615 0.23583333413461538 0.7833333341346154 0.2591666658653846 0.7833333341346154 0.2691666658653846 0.7899999999999999 0.275 0.8033333341346154 0.2933333341346154 0.798888889423077 0.30166666586538465 0.7944444447115384 0.3191666658653846 0.8177777788461539 0.33666666586538463 0.8088888894230769 0.3608333341346154 0.8177777788461539 0.375 0.8155555552884616 0.3775 0.8177777788461539 0.41666666586538464 0.83 0.4333333341346154 0.8466666658653845 0.495 0.8233333341346154 0.5333333341346154 0.8077777788461538
323 0.2483333341346154 0.6855555552884615 0.2633333341346154 0.701111110576923 0.2675 0.7100000000000001 0.27333333413461536 0.7244444447115386 0.2908333341346154 0.7111111105769231 0.2966666658653846 0.6955555552884616 0.3258333341346154 0.6822222211538461 0.3275 0.6666666658653846 0.3316666658653846 0.6477777788461538 0.3033333341346154 0.6566666658653847 0.27833333413461536 0.6622222211538461 0.2558333341346154 0.6577777788461538 0.2458333341346154 0.67 0.25 0.6811111105769231 0.2483333341346154 0.6855555552884615
347 0.5191666658653846 0.511111110576923 0.35333333413461543 0.5066666658653847 0.3491666658653846 0.508888889423077 0.11750000000000001 0.5344444447115385 0.09166666586538462 0.5222222211538461 0.09916666586538461 0.5677777788461539 0.09916666586538461 0.5577777788461539 0.11333333413461538 0.55 0.1308333341346154 0.5622222211538461 0.35 0.5355555552884615 0.5058333341346154 0.6055555552884615 0.5475 0.5888888894230769 0.5833333341346154 0.6133333341346154 0.5883333341346154 0.6355555552884616 0.61 0.63 0.6316666658653846 0.64 0.6475000000000001 0.6366666658653847 0.6925 0.6555555552884615 0.9258333341346153 0.74 0.9291666658653847 0.7644444447115385 0.9208333341346153 0.77 0.9175 0.9333333341346154 0.9983333341346154 0.9777777788461539 1 0.6166666658653847 0.5258333341346154 0.5155555552884615 0.5191666658653846 0.511111110576923
347 0.9183333341346154 0.7666666658653847 0.40499999999999997 0.9977777788461538 0.9216666658653847 1 0.9183333341346154 0.7666666658653847
172 0.1525 0.891111110576923 0.145 0.86 0.14 0.8422222211538462 0.1308333341346154 0.8344444447115384 0.054166665865384614 0.8377777788461539 0.056666665865384616 0.798888889423077 0.0875 0.7677777788461538 0.08416666586538463 0.7555555552884615 0.045833334134615385 0.7633333341346155 0.0875 0.7466666658653847 0.08916666586538462 0.7355555552884615 0.07583333413461538 0.7088888894230769 0.0975 0.6933333341346154 0.1216666658653846 0.6766666658653846 0.11916666586538462 0.6677777788461537 0.053333334134615384 0.6833333341346154 0.028333334134615383 0.6877777788461539 0.026666665865384614 0.6477777788461538 0.0525 0.6333333341346153 0.0475 0.6244444447115385 0.03333333413461538 0.6288888894230769 0.0475 0.6077777788461538 0.07 0.5955555552884616 0.08083333413461538 0.5888888894230769 0.07833333413461538 0.5833333341346154 0.0008333341346153846 0.5933333341346153 0.0016666658653846154 0.9966666658653847 0.10083333413461538 0.9966666658653847 0.10333333413461537 0.9811111105769231 0.1225 0.9577777788461539 0.13 0.9288888894230769 0.145 0.9144444447115384 0.1525 0.891111110576923
1256 0.20083333413461538 0.8433333341346153 0.09166666586538462 0.74 0.08916666586538462 0.7655555552884615 0.05833333413461539 0.8033333341346154 0.065 0.8333333341346154 0.13833333413461538 0.8344444447115384 0.1575 0.8933333341346154 0.1441666658653846 0.9277777788461539 0.20916666586538463 0.9055555552884615 0.2275 0.9266666658653846 0.2475 0.9522222211538461 0.26999999999999996 0.9655555552884615 0.29250000000000004 0.9688888894230769 0.2866666658653846 0.9955555552884616 0.3725 0.998888889423077 0.34083333413461536 0.9655555552884615 0.20083333413461538 0.8433333341346153
347 0.039166665865384614 0.58 0.09083333413461539 0.5700000000000001 0.09083333413461539 0.5433333341346154 0.095 0.5411111105769231 0.0875 0.5277777788461538 0.08666666586538462 0.10222222115384616 0.10166666586538461 0.08333333413461538 0.0008333341346153846 0.06555555528846155 0.0033333341346153847 0.6922222211538462 0.04083333413461539 0.6822222211538461 0.039166665865384614 0.58
1885 0.07083333413461539 0.06666666586538461 0.27833333413461536 0.1 0.2825 0.4311111105769231 0.09083333413461539 0.4466666658653846 0.09 0.4977777788461539 0.35416666586538464 0.47222222115384616 0.56 0.47333333413461537 0.9991666658653846 0.5522222211538461 0.9983333341346154 0.4866666658653846 0.6633333341346154 0.44999999999999996 0.6725 0.06666666586538461 0.8391666658653846 0.005555555288461538 0.8383333341346154 0 0.6258333341346154 0.002222221153846154 0.0008333341346153846 0.0033333341346153847 0.0016666658653846154 0.06222222115384615 0.06916666586538461 0.07555555528846154 0.07083333413461539 0.06666666586538461
1678 0.375 0.47777777884615386 0.3658333341346154 0.4922222211538462 0.5216666658653846 0.4955555552884615 0.5316666658653847 0.48444444471153847 0.5308333341346153 0.47777777884615386 0.375 0.47777777884615386