948 0.740234375 0.25 0.740234375 0.22786458413461538 0.6494140625 0.15885416586538462 0.6494140625 0.005208334134615384 0.5498046875 0.005208334134615384 0.5458984375 0.16145833413461538 0.421875 0.23828125 0.419921875 0.25390625 0.5068359375 0.2682291658653846 0.740234375 0.25
1670 0.5009765625 0.40885416586538464 0.498046875 0.4609375 0.478515625 0.47265625 0.4091796875 0.484375 0.4111328125 0.52734375 0.6474609375 0.5533854158653846 0.6474609375 0.50390625 0.732421875 0.48958333413461536 0.732421875 0.41276041586538464 0.5009765625 0.40885416586538464
682 0.6494140625 0.51953125 0.6435546875 0.7955729158653846 0.8271484375 0.8307291658653846 0.8310546875 0.5338541658653846 0.6494140625 0.51953125
969 0.5390625 0.9986979158653846 0.6259765625 0.95703125 0.6318359375 0.9778645841346154 0.6455078125 0.9713541658653846 0.6611328125 0.9322916658653846 0.6630859375 0.90625 0.6513671875 0.8776041658653846 0.6513671875 0.8333333341346154 0.65234375 0.8020833341346154 0.6474609375 0.7552083341346154 0.6474609375 0.6783854158653846 0.65625 0.6627604158653846 0.65625 0.59375 0.6689453125 0.58203125 0.671875 0.5533854158653846 0.494140625 0.53125 0.3876953125 0.5221354158653846 0.294921875 0.515625 0.236328125 0.5104166658653846 0.1826171875 0.5013020841346154 0.1669921875 0.50390625 0.15625 0.50390625 0 0.5182291658653846 0.0009765625 0.9309895841346154 0.0810546875 0.9661458341346154 0.0888671875 0.9921875 0.1044921875 0.9921875 0.1064453125 0.97265625 0.1796875 0.9986979158653846 0.5390625 0.9986979158653846
299 0.5498046875 0.9309895841346154 0.5849609375 0.91796875 0.6015625 0.8684895841346154 0.62109375 0.8541666658653846 0.6171875 0.83984375 0.59375 0.8307291658653846 0.572265625 0.8255208341346154 0.5458984375 0.82421875 0.5263671875 0.8216145841346154 0.494140625 0.8333333341346154 0.478515625 0.8424479158653846 0.474609375 0.8567708341346154 0.498046875 0.8776041658653846 0.51171875 0.9231770841346154 0.5498046875 0.9309895841346154
626 0.173828125 0.9231770841346154 0.2099609375 0.9322916658653846 0.25390625 0.9283854158653846 0.2841796875 0.90625 0.2822265625 0.8854166658653846 0.259765625 0.8802083341346154 0.2294921875 0.8828125 0.193359375 0.8854166658653846 0.171875 0.9049479158653846 0.173828125 0.9231770841346154
180 0.220703125 0.8098958341346154 0.2255859375 0.8424479158653846 0.271484375 0.8619791658653846 0.318359375 0.8450520841346154 0.3232421875 0.8098958341346154 0.3125 0.79296875 0.28125 0.7877604158653846 0.2646484375 0.7877604158653846 0.220703125 0.8098958341346154
314 0.2470703125 0.7903645841346154 0.2734375 0.7760416658653846 0.275390625 0.7473958341346154 0.181640625 0.7213541658653846 0.1630859375 0.71875 0.1015625 0.7408854158653846 0.1025390625 0.7591145841346154 0.158203125 0.78125 0.16015625 0.8333333341346154 0.19140625 0.8450520841346154 0.2216796875 0.8307291658653846 0.2294921875 0.8020833341346154 0.2470703125 0.7903645841346154
1219 0.9013671875 0.45572916586538464 0.9873046875 0.46354166586538464 0.9892578125 0.33072916586538464 0.9033203125 0.33072916586538464 0.9013671875 0.45572916586538464
1219 0.80078125 0.45833333413461536 0.8837890625 0.46354166586538464 0.8857421875 0.33072916586538464 0.8017578125 0.33463541586538464 0.80078125 0.45833333413461536
1219 0.400390625 0.44401041586538464 0.455078125 0.44661458413461536 0.45703125 0.33723958413461536 0.400390625 0.33984375 0.400390625 0.44401041586538464
1219 0.33984375 0.44140625 0.3876953125 0.44401041586538464 0.3876953125 0.33723958413461536 0.3359375 0.34244791586538464 0.33984375 0.44140625
1116 0.17578125 0.43880208413461536 0.255859375 0.43489583413461536 0.255859375 0.35807291586538464 0.17578125 0.35807291586538464 0.17578125 0.43880208413461536
558 0.1474609375 0.04817708413461538 0.1474609375 0.3046875 0.1044921875 0.32291666586538464 0.1025390625 0.46484375 0.1630859375 0.47526041586538464 0.2666015625 0.47005208413461536 0.2626953125 0.06510416586538462 0.1611328125 0.04557291586538462 0.1474609375 0.04817708413461538
558 0.1474609375 0.2916666658653846 0.1494140625 0.0625 0.13671875 0.04036458413461538 0.0029296875 0.016927084134615387 0.0029296875 0.3046875 0.134765625 0.30859375 0.1474609375 0.2916666658653846
1382 0.0302734375 0.48697916586538464 0.0615234375 0.48697916586538464 0.060546875 0.46744791586538464 0.0712890625 0.4296875 0.0224609375 0.4296875 0.0302734375 0.47265625 0.0302734375 0.48697916586538464
186 0.134765625 0.47005208413461536 0.138671875 0.43489583413461536 0.1015625 0.43229166586538464 0.0810546875 0.43229166586538464 0.0849609375 0.47265625 0.119140625 0.47526041586538464 0.134765625 0.47005208413461536
345 0.8359375 0.8307291658653846 0.99609375 0.8645833341346154 0.998046875 0.5416666658653846 0.83984375 0.5299479158653846 0.83203125 0.5481770841346154 0.8271484375 0.8190104158653846 0.8359375 0.8307291658653846
1199 0.4248046875 0.7291666658653846 0.4267578125 0.7591145841346154 0.6220703125 0.7981770841346154 0.6318359375 0.6744791658653846 0.4248046875 0.7291666658653846
1047 0.853515625 0.005208334134615384 0.8515625 0.15494791586538462 0.83984375 0.1875 0.876953125 0.19010416586538462 0.8623046875 0.14973958413461538 0.8642578125 0.005208334134615384 0.853515625 0.005208334134615384
1047 0.3857421875 0.13541666586538462 0.43359375 0.13151041586538462 0.412109375 0.08072916586538462 0.412109375 0.005208334134615384 0.400390625 0.005208334134615384 0.4013671875 0.0859375 0.3857421875 0.13541666586538462
1047 0.318359375 0.23046875 0.3447265625 0.23046875 0.333984375 0.19921875 0.333984375 0.005208334134615384 0.3212890625 0.005208334134615384 0.3232421875 0.20442708413461538 0.318359375 0.23046875
1047 0.216796875 0.15494791586538462 0.2626953125 0.15234375 0.2431640625 0.10286458413461538 0.2451171875 0.002604165865384616 0.234375 0.002604165865384616 0.232421875 0.11458333413461538 0.216796875 0.15494791586538462
1047 0.0810546875 0.16927083413461538 0.1240234375 0.171875 0.1064453125 0.12890625 0.1044921875 0.0078125 0.09765625 0.11197916586538462 0.095703125 0.13802083413461538 0.0810546875 0.16927083413461538
720 0.599609375 0.6549479158653846 0.62109375 0.6497395841346154 0.62109375 0.6223958341346154 0.595703125 0.6236979158653846 0.599609375 0.6549479158653846
720 0.4326171875 0.69921875 0.4619140625 0.69140625 0.4677734375 0.6575520841346154 0.4345703125 0.6614583341346154 0.4326171875 0.69921875
1564 0.4345703125 0.546875 0.486328125 0.5572916658653846 0.51953125 0.55078125 0.5390625 0.5455729158653846 0.4990234375 0.53515625 0.455078125 0.5286458341346154 0.4345703125 0.546875
757 0.3955078125 0.5325520841346154 0.4072265625 0.5390625 0.4072265625 0.5520833341346154 0.4248046875 0.5481770841346154 0.42578125 0.53515625 0.4345703125 0.5247395841346154 0.4267578125 0.51171875 0.4345703125 0.44921875 0.466796875 0.45182291586538464 0.466796875 0.46875 0.4736328125 0.47135416586538464 0.4775390625 0.44661458413461536 0.46875 0.43619791586538464 0.42578125 0.43880208413461536 0.4189453125 0.5091145841346154 0.3984375 0.5091145841346154 0.3955078125 0.5325520841346154
1052 0.033203125 0.421875 0.06640625 0.41796875 0.0654296875 0.39453125 0.03125 0.39453125 0.033203125 0.421875
1382 0.6552734375 0.48697916586538464 0.70703125 0.48567708413461536 0.7099609375 0.45182291586538464 0.6630859375 0.44661458413461536 0.6123046875 0.42447916586538464 0.6123046875 0.4296875 0.6533203125 0.44921875 0.6552734375 0.48697916586538464
1382 0.666015625 0.4375 0.7216796875 0.44661458413461536 0.720703125 0.4296875 0.6923828125 0.4296875 0.6845703125 0.4140625 0.681640625 0.421875 0.673828125 0.43098958413461536 0.6259765625 0.40885416586538464 0.6279296875 0.41796875 0.666015625 0.4375
1382 0.6064453125 0.44401041586538464 0.6064453125 0.47135416586538464 0.64453125 0.47005208413461536 0.64453125 0.44270833413461536 0.611328125 0.4375 0.5712890625 0.41145833413461536 0.56640625 0.41796875 0.6064453125 0.44401041586538464
1382 0.482421875 0.46614583413461536 0.5009765625 0.47135416586538464 0.5419921875 0.47135416586538464 0.5458984375 0.4375 0.5205078125 0.42838541586538464 0.51953125 0.42317708413461536 0.505859375 0.42317708413461536 0.5048828125 0.43098958413461536 0.4794921875 0.43619791586538464 0.482421875 0.46614583413461536
720 0.890625 0.44661458413461536 0.90234375 0.44270833413461536 0.904296875 0.41276041586538464 0.8896484375 0.41536458413461536 0.890625 0.44661458413461536
532 0.6533203125 0.51171875 0.9990234375 0.53515625 0.9990234375 0.5 0.740234375 0.48828125 0.6572265625 0.50390625 0.6533203125 0.51171875
1885 0.65234375 0 0.6513671875 0.15494791586538462 0.7421875 0.2265625 0.7392578125 0.48307291586538464 0.9990234375 0.49479166586538464 0.9990234375 0 0.65234375 0
532 0.00390625 0.47526041586538464 0.00390625 0.49348958413461536 0.1962890625 0.48177083413461536 0.369140625 0.4921875 0.4072265625 0.49348958413461536 0.4072265625 0.484375 0.2666015625 0.47265625 0.1640625 0.47265625 0.083984375 0.46744791586538464 0.00390625 0.47526041586538464
1885 0.41796875 0.23177083413461538 0.5419921875 0.15885416586538462 0.5498046875 0.00390625 0.0048828125 0 0.005859375 0.01171875 0.265625 0.05729166586538462 0.2685546875 0.46744791586538464 0.4091796875 0.48177083413461536 0.431640625 0.47265625 0.478515625 0.46744791586538464 0.478515625 0.43619791586538464 0.4951171875 0.42708333413461536 0.4990234375 0.40364583413461536 0.5068359375 0.39713541586538464 0.5068359375 0.2708333341346154 0.4208984375 0.2578125 0.41796875 0.23177083413461538
1339 0.43359375 0.90625 0.427734375 0.9192708341346154 0.4326171875 0.9244791658653846 0.451171875 0.9192708341346154 0.443359375 0.9036458341346154 0.4423828125 0.88671875 0.4423828125 0.8619791658653846 0.4404296875 0.8528645841346154 0.455078125 0.8489583341346154 0.458984375 0.8424479158653846 0.4580078125 0.7786458341346154 0.458984375 0.7395833341346154 0.478515625 0.72265625 0.4775390625 0.7109375 0.447265625 0.72265625 0.4453125 0.7369791658653846 0.4443359375 0.8190104158653846 0.4404296875 0.8268229158653846 0.439453125 0.7578125 0.4384765625 0.7252604158653846 0.4326171875 0.7291666658653846 0.4296875 0.76171875 0.4228515625 0.7552083341346154 0.4130859375 0.7513020841346154 0.4052734375 0.7552083341346154 0.4013671875 0.7604166658653846 0.4013671875 0.7408854158653846 0.396484375 0.7434895841346154 0.3955078125 0.7630208341346154 0.3955078125 0.8203125 0.396484375 0.8515625 0.3994140625 0.890625 0.4013671875 0.9010416658653846 0.4052734375 0.89453125 0.4150390625 0.88671875 0.4140625 0.8763020841346154 0.41015625 0.8658854158653846 0.4111328125 0.78125 0.416015625 0.7747395841346154 0.419921875 0.78125 0.41796875 0.7903645841346154 0.41796875 0.8580729158653846 0.421875 0.86328125 0.421875 0.8723958341346154 0.431640625 0.8828125 0.43359375 0.90625
1362 0.1552734375 0.5208333341346154 0.146484375 0.5234375 0.173828125 0.5390625 0.22265625 0.5416666658653846 0.2568359375 0.5377604158653846 0.259765625 0.5299479158653846 0.271484375 0.52734375 0.27734375 0.51953125 0.271484375 0.5130208341346154 0.244140625 0.51171875 0.2216796875 0.51171875 0.1962890625 0.5143229158653846 0.1767578125 0.5182291658653846 0.1552734375 0.5208333341346154
180 0.0654296875 0.74609375 0.00390625 0.7604166658653846 0.00390625 0.85546875 0.05859375 0.8776041658653846 0.0791015625 0.8723958341346154 0.08203125 0.8645833341346154 0.1123046875 0.84765625 0.130859375 0.8489583341346154 0.14453125 0.84375 0.154296875 0.8255208341346154 0.158203125 0.8190104158653846 0.1572265625 0.78125 0.0654296875 0.74609375
189 0.1748046875 0.8893229158653846 0.2080078125 0.87109375 0.21875 0.859375 0.2109375 0.8528645841346154 0.2119140625 0.8450520841346154 0.1982421875 0.83984375 0.1748046875 0.8359375 0.15625 0.8268229158653846 0.15234375 0.8307291658653846 0.1484375 0.8424479158653846 0.1337890625 0.8502604158653846 0.1201171875 0.8502604158653846 0.1123046875 0.8515625 0.1083984375 0.8619791658653846 0.109375 0.8763020841346154 0.1103515625 0.890625 0.1162109375 0.8919270841346154 0.1396484375 0.8932291658653846 0.1748046875 0.8893229158653846
792 0.0029296875 0.7604166658653846 0.001953125 0.9973958341346154 0.998046875 0.9973958341346154 0.998046875 0.8854166658653846 0.1982421875 0.71484375 0.0029296875 0.7604166658653846
1674 0.5654296875 0.24739583413461538 0.5556640625 0.24348958413461538 0.5498046875 0.2421875 0.546875 0.2513020841346154 0.5556640625 0.2565104158653846 0.5615234375 0.2552083341346154 0.5654296875 0.24739583413461538
402 0.6708984375 0.24869791586538462 0.6748046875 0.24739583413461538 0.6748046875 0.24088541586538462 0.66796875 0.23958333413461538 0.662109375 0.24088541586538462 0.6630859375 0.24609375 0.6669921875 0.24869791586538462 0.6708984375 0.24869791586538462