1116 0.8200000000000001 0.5191666658653846 0.73 0.5216666658653846 0.72875 0.5933333341346153 0.8200000000000001 0.5958333341346154 0.8200000000000001 0.5191666658653846
299 0.858125 0.6158333341346154 0.879375 0.6158333341346154 0.891875 0.5941666658653847 0.8412499999999999 0.5875 0.858125 0.6158333341346154
1199 0.3825 0.8233333341346154 0.521875 0.8141666658653846 0.515625 0.64 0.384375 0.6433333341346154 0.3825 0.8233333341346154
1382 0.5025 0.5983333341346154 0.56 0.6024999999999999 0.563125 0.5808333341346154 0.5399999999999999 0.5675 0.5387500000000001 0.5549999999999999 0.53 0.5549999999999999 0.52875 0.5675 0.50375 0.5766666658653846 0.5025 0.5983333341346154
1681 0.289375 0.5975 0.290625 0.6358333341346154 0.58125 0.6174999999999999 0.5675 0.5933333341346153 0.289375 0.5975
1314 0.52625 0.10250000000000001 0.354375 0.09083333413461539 0.3525 0.2616666658653846 0.525625 0.2691666658653846 0.52625 0.10250000000000001
1736 0.1075 0.34750000000000003 0.106875 0.33333333413461536 0.103125 0.33333333413461536 0.1 0.3383333341346154 0.1 0.335 0.093125 0.3241666658653846 0.08625000000000001 0.33 0.0775 0.3383333341346154 0.074375 0.33416666586538457 0.064375 0.34083333413461536 0.06875 0.3558333341346154 0.08124999999999999 0.3666666658653846 0.10437500000000001 0.36416666586538465 0.1075 0.34750000000000003
364 0.63 0.20249999999999999 0.6312500000000001 0.28500000000000003 0.645 0.28416666586538464 0.64375 0.20249999999999999 0.63 0.20249999999999999
364 0.23125 0.26 0.245625 0.2641666658653846 0.24375000000000002 0.1825 0.23374999999999999 0.1791666658653846 0.23125 0.26
1861 0.6875 0.3775 0.693125 0.34666666586538464 0.685625 0.33333333413461536 0.68875 0.3216666658653846 0.67 0.3183333341346154 0.670625 0.3291666658653846 0.666875 0.35083333413461537 0.6743750000000001 0.3816666658653846 0.6875 0.3775
1564 0.080625 0.6925 0.060625 0.6891666658653846 0.02875 0.6891666658653846 0.006875 0.6883333341346154 0.0025 0.7175 0.043125000000000004 0.715 0.07375 0.7083333341346154 0.09625 0.7025 0.080625 0.6925
1388 0.59 0.27749999999999997 0.61125 0.28 0.614375 0.2475 0.608125 0.23583333413461538 0.6187499999999999 0.2191666658653846 0.61375 0.20916666586538463 0.606875 0.22333333413461537 0.604375 0.21 0.6018749999999999 0.20166666586538462 0.595 0.21583333413461536 0.5825 0.21250000000000002 0.578125 0.2241666658653846 0.5875 0.23666666586538462 0.5856250000000001 0.2575 0.59 0.27749999999999997
1388 0.273125 0.26833333413461535 0.2975 0.2675 0.3 0.23500000000000001 0.30625 0.21583333413461536 0.31 0.1941666658653846 0.29375 0.21416666586538463 0.291875 0.19666666586538462 0.291875 0.1833333341346154 0.28125 0.21 0.273125 0.1958333341346154 0.265625 0.2 0.26875 0.2308333341346154 0.273125 0.26833333413461535
879 0.148125 0.2541666658653846 0.148125 0.41666666586538464 0.176875 0.41666666586538464 0.175625 0.2583333341346154 0.148125 0.2541666658653846
1382 0.09062500000000001 0.29250000000000004 0.106875 0.29 0.1 0.2675 0.08499999999999999 0.2666666658653846 0.08499999999999999 0.28500000000000003 0.09062500000000001 0.29250000000000004
1382 0.078125 0.2641666658653846 0.06375 0.265 0.063125 0.29416666586538465 0.08124999999999999 0.29250000000000004 0.078125 0.2641666658653846
313 0.15375 0.4208333341346154 0.17250000000000001 0.4183333341346154 0.17375000000000002 0.3925 0.151875 0.3925 0.15375 0.4208333341346154
1047 0.486875 0.3741666658653846 0.47625 0.3816666658653846 0.486875 0.3866666658653846 0.49375 0.3791666658653846 0.486875 0.3741666658653846
1047 0.35125 0.375 0.36 0.3791666658653846 0.37 0.3791666658653846 0.375625 0.3766666658653846 0.364375 0.3691666658653846 0.35125 0.375
973 0.33875 0.23916666586538463 0.32437499999999997 0.23833333413461538 0.319375 0.2716666658653846 0.344375 0.27333333413461536 0.33875 0.23916666586538463
347 0.76375 0.8391666658653846 0.99875 0.955 0.994375 0.6733333341346154 0.765625 0.6266666658653846 0.76375 0.8391666658653846
1709 0.253125 0.99 0.9974999999999999 0.9958333341346154 0.995625 0.9633333341346154 0.9349999999999999 0.955 0.84375 0.9433333341346154 0.708125 0.9483333341346154 0.5387500000000001 0.9641666658653846 0.33375 0.985 0.253125 0.99
531 0.11750000000000001 0.6883333341346154 0.004375 0.6633333341346154 0.0025 0.9916666658653847 0.04375 1 0.06749999999999999 0.9149999999999999 0.141875 0.9141666658653846 0.15062499999999998 0.7158333341346155 0.11875 0.7100000000000001 0.11750000000000001 0.6883333341346154
1848 0.078125 0.4225 0.071875 0.42666666586538465 0.080625 0.445 0.091875 0.4466666658653846 0.10187500000000001 0.42666666586538465 0.09375 0.42 0.08687500000000001 0.4275 0.078125 0.4225
1861 0.673125 0.31583333413461534 0.685625 0.315 0.685625 0.3058333341346154 0.6925 0.28500000000000003 0.67125 0.28083333413461536 0.673125 0.31583333413461534
1305 0.105 0.4775 0.075625 0.4775 0.076875 0.545 0.08 0.5525 0.088125 0.5516666658653846 0.088125 0.5775 0.09062500000000001 0.58 0.09625 0.5791666658653847 0.098125 0.5525 0.09874999999999999 0.5441666658653846 0.1 0.515 0.10437500000000001 0.5141666658653846 0.105 0.4775
1050 0.075625 0.5166666658653847 0.07375 0.47833333413461543 0.045625 0.4775 0.043125000000000004 0.5158333341346154 0.075625 0.5166666658653847
1198 0.141875 0.5241666658653846 0.14125 0.5575 0.141875 0.5766666658653846 0.166875 0.5775 0.168125 0.5383333341346154 0.155 0.5383333341346154 0.1525 0.5233333341346154 0.141875 0.5241666658653846
368 0.67625 0.3983333341346154 0.6787500000000001 0.4083333341346154 0.6781250000000001 0.4275 0.68625 0.4275 0.68625 0.40583333413461536 0.688125 0.3975 0.67625 0.3983333341346154
345 0.028124999999999997 0.053333334134615384 0.030625 0.04 0.04875 0.0125 0.045 0.0016666658653846154 0.000625 0.0008333341346153846 0 0.46499999999999997 0.02 0.46833333413461536 0.025625000000000002 0.08166666586538461 0.0325 0.08083333413461538 0.028124999999999997 0.053333334134615384
1152 0.560625 0.24416666586538463 0.5425 0.24416666586538463 0.543125 0.2533333341346154 0.5381250000000001 0.2791666658653846 0.5693750000000001 0.28166666586538464 0.5675 0.275 0.57625 0.26083333413461535 0.576875 0.2475 0.5712499999999999 0.24416666586538463 0.560625 0.24416666586538463
1850 0.6643749999999999 0.5591666658653847 0.6637500000000001 0.6083333341346153 0.67 0.6125 0.6950000000000001 0.6108333341346154 0.6925 0.5591666658653847 0.693125 0.55 0.69875 0.5491666658653845 0.70875 0.5283333341346154 0.706875 0.5233333341346154 0.6968749999999999 0.5233333341346154 0.6950000000000001 0.5183333341346154 0.68875 0.5158333341346154 0.68375 0.5283333341346154 0.6799999999999999 0.5283333341346154 0.6787500000000001 0.5208333341346154 0.675 0.52 0.67 0.5308333341346153 0.660625 0.5225000000000001 0.654375 0.5225000000000001 0.65625 0.5399999999999999 0.668125 0.5483333341346154 0.66875 0.5575 0.6643749999999999 0.5591666658653847
347 0.6675 0.6266666658653846 0.6656249999999999 0.63 0.22062500000000002 0.6416666658653847 0.21625 0.6408333341346153 0.021875 0.6408333341346153 0.021249999999999998 0.6591666658653845 0.11875 0.6849999999999999 0.123125 0.6975 0.120625 0.7133333341346154 0.15062499999999998 0.7116666658653846 0.15687500000000001 0.7175 0.15 0.9108333341346154 0.22375 0.9083333341346154 0.22625 0.9175 0.25437499999999996 0.9149999999999999 0.255625 0.91 0.6318750000000001 0.88 0.635 0.8825000000000001 0.659375 0.8816666658653846 0.660625 0.8716666658653847 0.7675 0.8608333341346154 0.766875 0.8466666658653845 0.7631249999999999 0.8425 0.760625 0.625 0.6675 0.6266666658653846
345 0.11750000000000001 0.47166666586538464 0.200625 0.4708333341346154 0.20375000000000001 0.16583333413461537 0.08124999999999999 0.16583333413461537 0.033125 0.17666666586538463 0.040624999999999994 0.19333333413461537 0.045625 0.20833333413461538 0.04375 0.47333333413461537 0.088125 0.47166666586538464 0.11750000000000001 0.47166666586538464
402 0.6799999999999999 0.0025 0.6675 0.020833334134615387 0.8099999999999999 0.04 0.864375 0.0025 0.6799999999999999 0.0025
532 0.76 0.6216666658653847 0.999375 0.6733333341346154 0.999375 0.6291666658653846 0.91 0.6141666658653846 0.8825000000000001 0.6158333341346154 0.713125 0.61 0.69875 0.6058333341346154 0.6525 0.6058333341346154 0.653125 0.6133333341346154 0.583125 0.615 0.583125 0.6316666658653846 0.6637500000000001 0.6283333341346153 0.6693749999999999 0.6241666658653846 0.76 0.6216666658653847
532 0.2 0.6208333341346154 0.201875 0.6166666658653847 0.200625 0.5916666658653846 0.145 0.5933333341346153 0.028124999999999997 0.595 0.026875 0.62 0.016874999999999998 0.6308333341346154 0.01625 0.64 0.29 0.6366666658653847 0.2875 0.6224999999999999 0.203125 0.6283333341346153 0.2 0.6208333341346154
347 0.963125 0.14 0.838125 0.1925 0.83 0.1925 0.7175 0.20166666586538462 0.655 0.195 0.651875 0.47000000000000003 0.6956249999999999 0.4775 0.6962499999999999 0.5983333341346154 0.7025 0.6016666658653846 0.718125 0.6075 0.8506250000000001 0.61 0.839375 0.5833333341346154 0.911875 0.5891666658653846 0.911875 0.6108333341346154 0.998125 0.6283333341346153 0.9974999999999999 0.11 0.9600000000000001 0.125 0.963125 0.14
402 0.311875 0.0025 0.6481250000000001 0.03333333413461538 0.654375 0.030833334134615385 0.6587500000000001 0.04083333413461539 0.8175 0.056666665865384616 0.92125 0.0025 0.311875 0.0025
1885 0.04827205769230769 0 0.050624999999999996 0.013333334134615385 0.033125 0.04 0.030000000000000002 0.0525 0.034375 0.08499999999999999 0.0275 0.08499999999999999 0.026875 0.5941666658653847 0.20249999999999999 0.5891666658653846 0.20124999999999998 0.62 0.20937499999999998 0.6233333341346154 0.21 0.2983333341346154 0.20375000000000001 0.2658333341346154 0.6537499999999999 0.28500000000000003 0.653125 0.1925 0.71875 0.19833333413461537 0.8343750000000001 0.19 0.9593750000000001 0.13833333413461538 0.9575 0.12333333413461538 0.998125 0.10666666586538462 0.99875 0.0008333341346153846 0.9275 0.0016666658653846154 0.8200000000000001 0.060000000000000005 0.6587500000000001 0.04333333413461538 0.6537499999999999 0.03416666586538462 0.650625 0.03666666586538461 0.30937499999999996 0.0025 0.206875 0.0016666658653846154 0.10104166586538461 0 0.04827205769230769 0
345 0.2075 0.6241666658653846 0.284375 0.6241666658653846 0.28625 0.3766666658653846 0.58 0.3825 0.57875 0.61 0.58375 0.6158333341346154 0.6499999999999999 0.6133333341346154 0.645625 0.3108333341346154 0.655625 0.30916666586538466 0.6649999999999999 0.2875 0.20625 0.2691666658653846 0.210625 0.2966666658653846 0.2075 0.6241666658653846
792 0.2225 0.9108333341346154 0.153125 0.9141666658653846 0.1525 1 0.2175 0.9974999999999999 0.2525 0.9924999999999999 0.84875 0.9391666658653846 0.916875 0.9508333341346155 0.7718750000000001 0.8616666658653845 0.6637500000000001 0.8758333341346154 0.66125 0.8833333341346153 0.6325000000000001 0.8833333341346153 0.259375 0.9125000000000001 0.25625 0.9183333341346154 0.22625 0.9208333341346153 0.2225 0.9108333341346154
345 0.14250000000000002 0.9208333341346153 0.07375 0.9299999999999999 0.049374999999999995 0.9974999999999999 0.0925 0.9966666658653847 0.149375 1 0.1525 0.9633333341346154 0.14875 0.875 0.14250000000000002 0.9208333341346153
564 0.024375 0.6224999999999999 0.021875 0.46916666586538464 0.00125 0.46583333413461536 0 0.4841666658653846 0.000625 0.655 0.004375 0.6608333341346154 0.02 0.6616666658653846 0.021875 0.6433333341346154 0.01625 0.6433333341346154 0.01625 0.6308333341346154 0.024375 0.6224999999999999
910 0.5693750000000001 0.7091666658653846 0.58 0.7116666658653846 0.589375 0.6950000000000001 0.568125 0.6975 0.5693750000000001 0.7091666658653846