999 0.0013333341346153846 0.0024077043269230772 0.011333334134615385 0.4020866778846154 0.36466666586538465 0.4125200649038462 0.41533333413461543 0.4093097908653846 0.4273333341346154 0.29775281009615384 0.5946666658653846 0.2857142860576923 0.6073333341346154 0.41492776923076924 0.8200000000000001 0.4349919735576923 0.9873333341346153 0.43900481490384613 0.994 0.0040128413461538465 0.8373333341346154 0 0.8266666658653846 0.06099518509615384 0.35133333413461537 0.14365971153846152 0.116 0 0.0013333341346153846 0.0024077043269230772
1670 0.546 0.6573033701923077 0.356 0.6171749591346154 0.34600000000000003 0.9590690216346154 0.40800000000000003 0.9919743173076923 0.5399999999999999 0.99117175 0.546 0.6573033701923077
346 0.6973333341346154 0.4060995192307692 0.704 0.10754414182692308 0.6233333341346154 0.11316211778846154 0.614 0.4060995192307692 0.6973333341346154 0.4060995192307692
1019 0.4773333341346154 0.2608346706730769 0.47933333413461543 0.2776886033653846 0.4926666658653846 0.2776886033653846 0.4946666658653846 0.2728731947115385 0.4926666658653846 0.263242375 0.486 0.25842696634615386 0.4773333341346154 0.2608346706730769
947 0.16133333413461537 0.09871589182692307 0.15466666586538463 0.08105938942307692 0.14466666586538462 0.07463884375 0.13266666586538461 0.08025682211538461 0.13266666586538461 0.09149277644230769 0.13466666586538462 0.10353130048076922 0.148 0.10674157211538461 0.16133333413461537 0.09871589182692307
1564 0.592 0.6613162115384615 0.6319999999999999 0.6693418942307693 0.6626666658653846 0.6781701442307693 0.6893333341346154 0.686195826923077 0.6993333341346154 0.7102728725961539 0.7293333341346154 0.7351524879807693 0.7713333341346154 0.7736757620192307 0.9213333341346155 0.8017656490384616 0.9786666658653846 0.7808988774038461 0.9646666658653846 0.7182985552884615 0.9093333341346154 0.682182985576923 0.8659999999999999 0.6637239158653846 0.8606666658653845 0.638041733173077 0.862 0.6131621177884615 0.844 0.5947030504807692 0.8253333341346154 0.5866773677884616 0.7093333341346154 0.5505617980769231 0.7233333341346154 0.57463884375 0.7393333341346153 0.5882825048076923 0.74 0.6011235961538461 0.7526666658653846 0.6171749591346154 0.6926666658653846 0.6051364375 0.6493333341346154 0.5995184591346153 0.5933333341346153 0.6107544134615385 0.5753333341346154 0.6308186201923077 0.5686666658653846 0.6412520072115384 0.592 0.6613162115384615
679 0.66 0.765650079326923 0.6613333341346154 0.8346709471153846 0.7899999999999999 0.9414125192307693 0.796 0.8627608341346154 0.66 0.765650079326923
1368 0.1273333341346154 0.4502407716346154 0.09133333413461539 0.4943820216346154 0.0766666658653846 0.5529695024038461 0.12133333413461538 0.5762439807692308 0.212 0.5722311394230769 0.266 0.5304975913461538 0.28933333413461537 0.48475120432692304 0.22933333413461537 0.44060995192307695 0.1273333341346154 0.4502407716346154
1760 0.027333334134615382 0.695024076923077 0.05133333413461538 0.70626003125 0.10200000000000001 0.6853932596153847 0.0766666658653846 0.6717495985576923 0.027333334134615382 0.695024076923077
299 0.34666666586538464 0.4975922956730769 0.2973333341346154 0.5224719110576923 0.318 0.5473515240384615 0.366 0.5497592283653846 0.3846666658653846 0.5112359543269231 0.34666666586538464 0.4975922956730769
1362 0.39599999999999996 0.5473515240384615 0.3846666658653846 0.5280898870192308 0.2973333341346154 0.5361155697115385 0.2866666658653846 0.5473515240384615 0.32 0.5650080264423077 0.3593333341346154 0.5650080264423077 0.39599999999999996 0.5473515240384615
1670 0.46599999999999997 0.55698234375 0.364 0.6107544134615385 0.534 0.6508828245192307 0.6106666658653845 0.5842696634615385 0.46599999999999997 0.55698234375
1962 0.1926666658653846 0.16693418990384618 0.20199999999999999 0.13643659615384615 0.20199999999999999 0.12118780048076923 0.18 0.11958266346153847 0.17066666586538462 0.13483146153846154 0.17666666586538463 0.16532905288461539 0.1926666658653846 0.16693418990384618