1349 0.8925 0.5744444447115384 0.8825000000000001 0.5666666658653846 0.8858333341346154 0.5522222211538461 0.925 0.5466666658653846 0.9258333341346153 0.4755555552884615 0.885 0.47444444471153846 0.8491666658653846 0.47000000000000003 0.8200000000000001 0.47777777884615386 0.8175 0.5066666658653847 0.8266666658653846 0.5377777788461539 0.8583333341346153 0.5488888894230769 0.8591666658653847 0.5677777788461539 0.8524999999999999 0.5866666658653846 0.8608333341346154 0.6288888894230769 0.8833333341346153 0.6322222211538461 0.8933333341346154 0.601111110576923 0.8925 0.5744444447115384
822 0.8508333341346154 0.638888889423077 0.8541666658653846 0.6288888894230769 0.8416666658653846 0.6166666658653847 0.8508333341346154 0.6033333341346154 0.8425 0.5877777788461539 0.8158333341346153 0.5788888894230769 0.8083333341346154 0.5877777788461539 0.8083333341346154 0.6066666658653846 0.8141666658653846 0.6166666658653847 0.8066666658653846 0.6255555552884615 0.8166666658653846 0.6355555552884616 0.8358333341346154 0.6377777788461538 0.8508333341346154 0.638888889423077
305 0.705 0.5311111105769231 0.7124999999999999 0.5311111105769231 0.72 0.5355555552884615 0.72 0.5266666658653846 0.7233333341346154 0.5166666658653847 0.7158333341346155 0.5066666658653847 0.7083333341346154 0.5044444447115385 0.6983333341346154 0.5044444447115385 0.6933333341346154 0.508888889423077 0.6866666658653846 0.5166666658653847 0.6900000000000001 0.5288888894230769 0.6900000000000001 0.5377777788461539 0.7025 0.5355555552884615 0.705 0.5311111105769231
306 0.20083333413461538 0.6422222211538462 0.2133333341346154 0.6455555552884615 0.23249999999999998 0.641111110576923 0.24083333413461538 0.6222222211538462 0.2533333341346154 0.6066666658653846 0.2425 0.601111110576923 0.2425 0.5922222211538462 0.23249999999999998 0.5888888894230769 0.2241666658653846 0.5833333341346154 0.2116666658653846 0.5855555552884616 0.2 0.5944444447115385 0.1875 0.5955555552884616 0.1825 0.6033333341346154 0.185 0.618888889423077 0.195 0.6288888894230769 0.20083333413461538 0.6422222211538462
306 0.2658333341346154 0.6377777788461538 0.2933333341346154 0.6444444447115385 0.3275 0.64 0.33999999999999997 0.6144444447115385 0.33916666586538463 0.601111110576923 0.3275 0.5911111105769231 0.3191666658653846 0.5933333341346153 0.3108333341346154 0.59 0.3008333341346154 0.59 0.29250000000000004 0.5911111105769231 0.27333333413461536 0.6033333341346154 0.26083333413461535 0.6222222211538462 0.2658333341346154 0.6377777788461538
595 0.3975 0.3633333341346154 0.40166666586538463 0.35333333413461543 0.40166666586538463 0.33666666586538463 0.39 0.3211111105769231 0.375 0.3133333341346154 0.35666666586538465 0.3211111105769231 0.3575 0.34555555528846155 0.365 0.3588888894230769 0.3975 0.3633333341346154
596 0.4525 0.3588888894230769 0.4116666658653846 0.32333333413461535 0.4083333341346154 0.34333333413461536 0.41583333413461543 0.3644444447115385 0.4308333341346154 0.37 0.4566666658653846 0.38777777884615383 0.45833333413461536 0.3822222211538462 0.4525 0.3588888894230769
433 0.6816666658653846 0.38444444471153844 0.6725 0.3855555552884615 0.6583333341346154 0.29222222115384616 0.6441666658653846 0.29222222115384616 0.6358333341346154 0.35777777884615386 0.6308333341346154 0.40222222115384615 0.6291666658653846 0.3822222211538462 0.6224999999999999 0.40888888942307694 0.625 0.4233333341346154 0.6516666658653846 0.42777777884615387 0.6716666658653847 0.42777777884615387 0.6816666658653846 0.42 0.6875 0.40666666586538464 0.6816666658653846 0.38444444471153844
1199 0.9258333341346153 0.6233333341346154 1 0.6555555552884615 0.9991666658653846 0.2633333341346154 0.9266666658653846 0.3055555552884615 0.925 0.3722222211538462 0.9108333341346154 0.3855555552884615 0.9149999999999999 0.39555555528846154 0.925 0.39222222115384614 0.9258333341346153 0.6233333341346154
1199 0.9974999999999999 0.9955555552884616 0.9991666658653846 0.7044444447115384 0.9974999999999999 0.6988888894230769 0.9349999999999999 0.6666666658653846 0.9299999999999999 0.6677777788461537 0.9291666658653847 0.75 0.9133333341346154 0.741111110576923 0.9133333341346154 0.75 0.9283333341346154 0.7655555552884615 0.925 0.9777777788461539 0.9383333341346154 0.9955555552884616 0.9974999999999999 0.9955555552884616
347 0.0033333341346153847 0.991111110576923 0.27749999999999997 0.9944444447115385 0.37166666586538466 0.8555555552884615 0.3675 0.6822222211538461 0.0033333341346153847 0.9744444447115386 0.0033333341346153847 0.991111110576923
533 0.7791666658653846 0.6166666658653847 0.7583333341346153 0.6255555552884615 0.8641666658653846 0.7233333341346154 0.9233333341346154 0.7333333341346153 0.9283333341346154 0.7266666658653846 0.9216666658653847 0.6144444447115385 0.7791666658653846 0.6166666658653847
180 0.5533333341346154 0.5377777788461539 0.5658333341346153 0.5388888894230769 0.5791666658653847 0.5355555552884615 0.58 0.5244444447115385 0.575 0.511111110576923 0.5625 0.5077777788461538 0.5549999999999999 0.521111110576923 0.5533333341346154 0.5377777788461539
515 0.6358333341346154 0.5344444447115385 0.6483333341346154 0.5355555552884615 0.6575 0.5355555552884615 0.6575 0.5188888894230769 0.645 0.5177777788461538 0.625 0.5177777788461538 0.6116666658653845 0.5177777788461538 0.6108333341346154 0.5333333341346154 0.6174999999999999 0.5355555552884615 0.6358333341346154 0.5344444447115385
969 0.615 0.6877777788461539 0.7258333341346154 0.6866666658653846 0.7250000000000001 0.5633333341346154 0.7141666658653846 0.5533333341346154 0.6091666658653846 0.5533333341346154 0.615 0.6877777788461539
841 0.7608333341346154 0.618888889423077 0.7733333341346154 0.6166666658653847 0.7683333341346154 0.34555555528846155 0.7266666658653846 0.3811111105769231 0.73 0.6422222211538462 0.7641666658653846 0.6877777788461539 0.7608333341346154 0.618888889423077
433 0.625 0.04666666586538462 0.6066666658653846 0.02555555528846154 0.615 0.018888889423076923 0.6216666658653847 0.002222221153846154 0.485 0.0033333341346153847 0.48166666586538465 0.012222221153846155 0.46916666586538464 0.03222222115384615 0.4925 0.05 0.4925 0.07444444471153847 0.5 0.08555555528846154 0.4883333341346154 0.1 0.5008333341346154 0.12111111057692307 0.5016666658653846 0.14 0.5116666658653846 0.14555555528846154 0.5158333341346154 0.11555555528846154 0.5575 0.13555555528846155 0.5708333341346153 0.16555555528846153 0.5908333341346154 0.16777777884615386 0.5941666658653847 0.14222222115384617 0.615 0.11777777884615384 0.6341666658653846 0.09222222115384615 0.6433333341346154 0.08888888942307692 0.6525 0.12000000000000001 0.6541666658653846 0.09333333413461539 0.6625000000000001 0.08888888942307692 0.6708333341346153 0.07222222115384615 0.6608333341346154 0.05555555528846154 0.6633333341346154 0.024444444711538463 0.6525 0.001111110576923077 0.6441666658653846 0.012222221153846155 0.6375 0.06555555528846155 0.625 0.04666666586538462
299 0.28 0.13444444471153846 0.32333333413461535 0.18555555528846154 0.3291666658653846 0.15777777884615382 0.3075 0.14 0.2975 0.1311111105769231 0.29250000000000004 0.13555555528846155 0.28 0.13444444471153846
1093 0.4375 0.3733333341346154 0.34083333413461536 0.35444444471153846 0.2675 0.361111110576923 0.2716666658653846 0.3777777788461538 0.28 0.388888889423077 0.28416666586538464 0.40666666586538464 0.28500000000000003 0.41777777884615386 0.34249999999999997 0.41777777884615386 0.4125 0.4222222211538461 0.4525 0.44 0.46 0.4388888894230769 0.46166666586538463 0.42555555528846156 0.46833333413461536 0.4144444447115384 0.48000000000000004 0.40222222115384615 0.4375 0.3733333341346154
1942 0.08833333413461539 0.18444444471153845 0.08916666586538462 0.26 0.16999999999999998 0.29111111057692307 0.16999999999999998 0.23333333413461538 0.08833333413461539 0.18444444471153845
1942 0.0033333341346153847 0.22111111057692306 0.020833334134615387 0.22222222115384616 0.015833334134615386 0.14333333413461538 0.0041666658653846155 0.13888888942307692 0.0033333341346153847 0.22111111057692306
345 0.5 0.5 0.4991666658653846 0.5444444447115384 0.5475 0.5366666658653846 0.5458333341346153 0.5 0.5 0.5
345 0.5458333341346153 0.36 0.5 0.35333333413461543 0.4983333341346154 0.4922222211538462 0.545 0.49 0.5458333341346153 0.36
347 0.7266666658653846 0.33666666586538463 0.5441666658653846 0.34222222115384615 0.5491666658653845 0.4944444447115384 0.7216666658653845 0.4911111105769231 0.7266666658653846 0.33666666586538463
682 0.6075 0.5466666658653846 0.5641666658653846 0.5488888894230769 0.5683333341346154 0.6277777788461538 0.61 0.63 0.6075 0.5466666658653846
1679 0.4983333341346154 0.5722222211538461 0.44 0.6077777788461538 0.4375 0.6733333341346154 0.4441666658653846 0.6744444447115385 0.5 0.61 0.4983333341346154 0.5722222211538461
792 0.35416666586538464 0.881111110576923 0.2833333341346154 0.9955555552884616 0.825 0.9977777788461538 0.7625 0.8422222211538462 0.7658333341346153 0.8266666658653846 0.7258333341346154 0.7477777788461538 0.7258333341346154 0.6933333341346154 0.615 0.6933333341346154 0.6083333341346153 0.641111110576923 0.5633333341346154 0.6355555552884616 0.5225000000000001 0.6466666658653846 0.4208333341346154 0.8511111105769231 0.4125 0.8555555552884615 0.40166666586538463 0.88 0.35416666586538464 0.881111110576923
1861 0.7691666658653846 0.2522222211538461 0.7749999999999999 0.24555555528846154 0.7725000000000001 0.21 0.7691666658653846 0.2166666658653846 0.7625 0.23111111057692307 0.7658333341346153 0.2511111105769231 0.7691666658653846 0.2522222211538461
1862 0.7558333341346154 0.26999999999999996 0.7625 0.2622222211538462 0.76 0.24555555528846154 0.7516666658653846 0.2466666658653846 0.7558333341346154 0.2577777788461538 0.7558333341346154 0.26999999999999996
347 0.9283333341346154 0.12333333413461538 0.8425 0.22222222115384616 0.8391666658653846 0.4633333341346154 0.9258333341346153 0.46 0.9258333341346153 0.4 0.8999999999999999 0.3911111105769231 0.92 0.3755555552884615 0.9283333341346154 0.12333333413461538
347 0.9991666658653846 0.2566666658653846 0.9974999999999999 0 0.9233333341346154 0.0033333341346153847 0.9299999999999999 0.2988888894230769 0.9991666658653846 0.2566666658653846
1350 0.47250000000000003 0.4922222211538462 0.47833333413461543 0.4833333341346154 0.4766666658653846 0.47000000000000003 0.46916666586538464 0.4677777788461538 0.46583333413461536 0.4933333341346154 0.45583333413461535 0.5 0.4666666658653846 0.5222222211538461 0.46416666586538463 0.5422222211538462 0.47333333413461537 0.5433333341346154 0.4741666658653846 0.5177777788461538 0.4825 0.49666666586538466 0.47250000000000003 0.4922222211538462
1520 0.4358333341346154 0.29555555528846156 0.44833333413461535 0.35444444471153846 0.4666666658653846 0.3755555552884615 0.48750000000000004 0.3711111105769231 0.48750000000000004 0.3644444447115385 0.4866666658653846 0.34666666586538464 0.4358333341346154 0.29555555528846156
1874 0.505 0.36222222115384617 0.5058333341346154 0.39 0.5383333341346154 0.3911111105769231 0.5391666658653846 0.3688888894230769 0.505 0.36222222115384617
1047 0.2533333341346154 0.14666666586538463 0.2583333341346154 0.14222222115384617 0.25 0.12777777884615385 0.2375 0.12555555528846155 0.23333333413461538 0.13888888942307692 0.2425 0.14666666586538463 0.2533333341346154 0.14666666586538463
1047 0.08416666586538463 0 0.10333333413461537 0.008888889423076923 0.11666666586538461 0.01 0.11583333413461538 0.002222221153846154 0.08416666586538463 0
1050 0.8783333341346153 0.8077777788461538 0.9116666658653846 0.8222222211538461 0.9141666658653846 0.7655555552884615 0.8791666658653846 0.758888889423077 0.8783333341346153 0.8077777788461538
402 0.7183333341346153 0.21777777884615385 0.7725000000000001 0.11111111057692308 0.8358333341346154 0.10666666586538462 0.895 0.0033333341346153847 0.15 0.001111110576923077 0.17333333413461538 0.024444444711538463 0.2716666658653846 0.1288888894230769 0.28583333413461537 0.12444444471153847 0.3191666658653846 0.14333333413461538 0.36 0.16666666586538462 0.4283333341346154 0.2588888894230769 0.4416666658653846 0.30222222115384617 0.46833333413461536 0.3277777788461539 0.49666666586538466 0.33 0.5508333341346154 0.34111111057692306 0.7283333341346154 0.3266666658653846 0.7250000000000001 0.23555555528846156 0.7183333341346153 0.21777777884615385
1126 0.8483333341346154 0.20555555528846153 0.9283333341346154 0.11777777884615384 0.9241666658653845 0.038888889423076924 0.8475 0.14555555528846154 0.8483333341346154 0.20555555528846153
1942 0.08916666586538462 0.3122222211538462 0.0825 0.6466666658653846 0.1791666658653846 0.618888889423077 0.1841666658653846 0.34555555528846155 0.08916666586538462 0.3122222211538462
1818 0.8766666658653846 0.6577777788461538 0.8333333341346154 0.6688888894230769 0.8441666658653847 0.6788888894230769 0.9208333341346153 0.7077777788461539 0.9316666658653846 0.7033333341346153 0.9266666658653846 0.6566666658653847 0.905 0.6566666658653847 0.8766666658653846 0.6577777788461538
1564 0.4775 0.5511111105769231 0.46749999999999997 0.56 0.5008333341346154 0.5633333341346154 0.5075000000000001 0.5533333341346154 0.4775 0.5511111105769231
757 0.4533333341346154 0.51 0.4466666658653846 0.5366666658653846 0.4516666658653846 0.5311111105769231 0.45749999999999996 0.5166666658653847 0.46583333413461536 0.5155555552884615 0.46416666586538463 0.5044444447115385 0.4533333341346154 0.51
1942 0.0008333341346153846 0.28222222115384615 0.0008333341346153846 0.6777777788461539 0.04416666586538461 0.6677777788461537 0.04 0.29555555528846156 0.0008333341346153846 0.28222222115384615
644 0.565 0.6155555552884615 0.5575 0.5444444447115384 0.5258333341346154 0.5488888894230769 0.5258333341346154 0.6266666658653846 0.565 0.6155555552884615
347 0.9108333341346154 0.74 0.8633333341346153 0.7266666658653846 0.7633333341346155 0.6377777788461538 0.7641666658653846 0.7022222211538461 0.7283333341346154 0.6533333341346155 0.7274999999999999 0.7455555552884616 0.7691666658653846 0.8266666658653846 0.7633333341346155 0.84 0.8283333341346153 0.9977777788461538 0.9366666658653846 0.9977777788461538 0.9233333341346154 0.9755555552884616 0.9275 0.7688888894230769 0.9141666658653846 0.7522222211538462 0.9108333341346154 0.74
347 0.41666666586538464 0.8511111105769231 0.5241666658653846 0.6422222211538462 0.5233333341346154 0.5522222211538461 0.5183333341346154 0.5566666658653846 0.5008333341346154 0.5744444447115384 0.5016666658653846 0.61 0.4433333341346154 0.6777777788461539 0.4358333341346154 0.6788888894230769 0.4325 0.6244444447115385 0.415 0.64 0.3691666658653846 0.6788888894230769 0.3725 0.8555555552884615 0.3591666658653846 0.8788888894230769 0.3975 0.8766666658653846 0.41083333413461537 0.8511111105769231 0.41666666586538464 0.8511111105769231
533 0.3291666658653846 0.6422222211538462 0.27416666586538463 0.6522222211538462 0.2591666658653846 0.64 0.0016666658653846154 0.7555555552884615 0.0008333341346153846 0.972222221153846 0.4308333341346154 0.6233333341346154 0.4358333341346154 0.6144444447115385 0.34083333413461536 0.6133333341346154 0.3291666658653846 0.6422222211538462
1885 0.33666666586538463 0.15777777884615382 0.32499999999999996 0.1911111105769231 0.14916666586538463 0.001111110576923077 0.031666665865384615 0.001111110576923077 0.0008333341346153846 0.002222221153846154 0.0008333341346153846 0.7 0.1908333341346154 0.6322222211538461 0.1908333341346154 0.6277777788461538 0.18166666586538463 0.6155555552884615 0.185 0.5922222211538462 0.20500000000000002 0.5844444447115384 0.22166666586538464 0.58 0.2308333341346154 0.5833333341346154 0.2425 0.5877777788461539 0.245 0.5988888894230769 0.2541666658653846 0.6044444447115385 0.24083333413461538 0.6255555552884615 0.2575 0.63 0.2658333341346154 0.6033333341346154 0.27833333413461536 0.5977777788461538 0.29 0.5922222211538462 0.3 0.5922222211538462 0.3175 0.5944444447115385 0.33083333413461535 0.5955555552884616 0.40333333413461536 0.5677777788461539 0.4041666658653846 0.4466666658653846 0.2825 0.42 0.28 0.39444444471153844 0.26833333413461535 0.3777777788461538 0.2658333341346154 0.36 0.2833333341346154 0.35444444471153846 0.33999999999999997 0.35333333413461543 0.41083333413461537 0.36555555528846156 0.40666666586538464 0.33888888942307693 0.41000000000000003 0.3211111105769231 0.4475 0.34888888942307694 0.4291666658653846 0.26111111057692304 0.3583333341346154 0.16999999999999998 0.33666666586538463 0.15777777884615382
1184 0.44999999999999996 0.3155555552884615 0.445 0.3211111105769231 0.46166666586538463 0.33777777884615384 0.46416666586538463 0.33444444471153845 0.46166666586538463 0.3277777788461539 0.45583333413461535 0.32333333413461535 0.44999999999999996 0.3155555552884615
406 0.7633333341346155 0.2033333341346154 0.7608333341346154 0.2033333341346154 0.755 0.20777777884615387 0.7541666658653846 0.21222222115384615 0.7566666658653846 0.21444444471153845 0.7608333341346154 0.21444444471153845 0.7641666658653846 0.2133333341346154 0.7658333341346153 0.21 0.7658333341346153 0.20555555528846153 0.7633333341346155 0.2033333341346154
1953 0.4416666658653846 0.5366666658653846 0.44833333413461535 0.5422222211538462 0.44833333413461535 0.4444444447115385 0.4283333341346154 0.4455555552884615 0.42 0.4455555552884615 0.40583333413461536 0.4444444447115385 0.40499999999999997 0.5577777788461539 0.41083333413461537 0.5588888894230769 0.4125 0.5366666658653846 0.4208333341346154 0.5322222211538462 0.4258333341346154 0.5422222211538462 0.4291666658653846 0.5444444447115384 0.43 0.5422222211538462 0.4416666658653846 0.5366666658653846
1184 0.4416666658653846 0.5399999999999999 0.4291666658653846 0.5444444447115384 0.4375 0.5522222211538461 0.4458333341346154 0.5444444447115384 0.4416666658653846 0.5399999999999999
1736 0.4233333341346154 0.5411111105769231 0.41333333413461537 0.5511111105769231 0.40916666586538464 0.5622222211538461 0.40916666586538464 0.5744444447115384 0.4216666658653846 0.5755555552884615 0.4316666658653846 0.5744444447115384 0.43416666586538466 0.5511111105769231 0.4233333341346154 0.5411111105769231
1736 0.43 0.5666666658653846 0.4308333341346154 0.5733333341346154 0.4375 0.5811111105769231 0.45583333413461535 0.5822222211538461 0.4625 0.5677777788461539 0.4633333341346154 0.5588888894230769 0.46499999999999997 0.5511111105769231 0.4625 0.5488888894230769 0.45583333413461535 0.5522222211538461 0.44833333413461535 0.5444444447115384 0.4416666658653846 0.55 0.43416666586538466 0.5544444447115384 0.4308333341346154 0.5577777788461539 0.43 0.5666666658653846
1678 0.3358333341346154 0.5988888894230769 0.3375 0.6077777788461538 0.43416666586538466 0.611111110576923 0.4841666658653846 0.5688888894230769 0.40666666586538464 0.5677777788461539 0.3358333341346154 0.5988888894230769
1873 0.7291666658653846 0.3133333341346154 0.7274999999999999 0.3766666658653846 0.7733333341346154 0.34111111057692306 0.7758333341346154 0.2933333341346154 0.7733333341346154 0.2566666658653846 0.7291666658653846 0.3133333341346154
1885 0.9033333341346155 0 0.8366666658653846 0.10777777884615383 0.7758333341346154 0.11222222115384616 0.7716666658653846 0.11666666586538461 0.7208333341346154 0.2166666658653846 0.7283333341346154 0.23333333413461538 0.7283333341346154 0.31 0.7733333341346154 0.2533333341346154 0.7766666658653846 0.6166666658653847 0.9233333341346154 0.6166666658653847 0.9233333341346154 0.47444444471153846 0.8408333341346155 0.4755555552884615 0.8408333341346155 0.22 0.8458333341346154 0.21 0.8458333341346154 0.14333333413461538 0.9233333341346154 0.038888889423076924 0.9233333341346154 0 0.9033333341346155 0
1885 0.5466666658653846 0.49666666586538466 0.5491666658653845 0.5366666658653846 0.5975 0.5355555552884615 0.7250000000000001 0.5322222211538462 0.7258333341346154 0.49666666586538466 0.5466666658653846 0.49666666586538466
533 0.5808333341346154 0.5366666658653846 0.5491666658653845 0.5388888894230769 0.56 0.5444444447115384 0.72 0.5444444447115384 0.7266666658653846 0.5444444447115384 0.7258333341346154 0.5344444447115385 0.5808333341346154 0.5366666658653846