166 0.7953125000000001 0.625 0.7859375 0.6291666658653846 0.7250000000000001 0.675 0.7250000000000001 0.7 0.7406250000000001 0.7041666658653847 0.8 0.6520833341346154 0.8062499999999999 0.6291666658653846 0.7953125000000001 0.625
1564 0.8187500000000001 0.5270833341346154 0.8140624999999999 0.44375 0.66875 0.44791666586538464 0.64375 0.5166666658653847 0.8187500000000001 0.5270833341346154
1861 0.8374999999999999 0.14166666586538462 0.828125 0.0875 0.8296874999999999 0.0625 0.7265625 0.06666666586538461 0.7140625 0.20833333413461538 0.7375 0.23958333413461538 0.8062499999999999 0.2479166658653846 0.8218749999999999 0.23333333413461538 0.8265625000000001 0.2104166658653846 0.8343750000000001 0.19374999999999998 0.8374999999999999 0.14166666586538462
659 0.5125 0.7354166658653847 0.5140625 0.0125 0.30625 0.020833334134615387 0.3265625 0.7270833341346153 0.428125 0.7458333341346154 0.5125 0.7354166658653847
1770 0.17031249999999998 0.4708333341346154 0.21250000000000002 0.475 0.2109375 0.3604166658653846 0.16875 0.3604166658653846 0.17031249999999998 0.4708333341346154
554 0.2296875 0.010416665865384615 0.0046875 0.008333334134615384 0.003125 0.23125 0.2421875 0.21250000000000002 0.2296875 0.010416665865384615
1707 0.8374999999999999 0.4 0.84375 0.4041666658653846 0.84375 0.36250000000000004 0.8265625000000001 0.36250000000000004 0.825 0.3416666658653846 0.8125 0.33333333413461536 0.7796875000000001 0.33333333413461536 0.7562500000000001 0.33125000000000004 0.746875 0.3416666658653846 0.7484375000000001 0.36875 0.7421875 0.3833333341346154 0.7437499999999999 0.38749999999999996 0.7562500000000001 0.3916666658653846 0.765625 0.38749999999999996 0.7671874999999999 0.3770833341346154 0.7625 0.3708333341346154 0.7562500000000001 0.3604166658653846 0.7593749999999999 0.3458333341346154 0.809375 0.3458333341346154 0.8171875 0.3520833341346154 0.8171875 0.36458333413461536 0.8046875 0.36250000000000004 0.796875 0.375 0.7984374999999999 0.3916666658653846 0.8062499999999999 0.39583333413461536 0.8187500000000001 0.39375000000000004 0.8234375 0.38749999999999996 0.8359375 0.38749999999999996 0.8374999999999999 0.4
118 0.6734374999999999 0.6958333341346153 0.6937500000000001 0.6958333341346153 0.7093750000000001 0.6854166658653846 0.7093750000000001 0.6625000000000001 0.7046874999999999 0.64375 0.6937500000000001 0.6312500000000001 0.6796875 0.6354166658653846 0.6656249999999999 0.64375 0.659375 0.6666666658653846 0.6640625 0.6812499999999999 0.6734374999999999 0.6958333341346153
1670 0.8140624999999999 0.5479166658653847 0.6203125 0.54375 0.5765625 0.6604166658653846 0.653125 0.6645833341346153 0.6640625 0.6416666658653847 0.671875 0.6354166658653846 0.6640625 0.6312500000000001 0.65625 0.6187499999999999 0.6734374999999999 0.6125 0.6859375000000001 0.6104166658653847 0.7 0.6104166658653847 0.7140625 0.6104166658653847 0.7250000000000001 0.6229166658653846 0.7375 0.6354166658653846 0.7421875 0.6520833341346154 0.75 0.6499999999999999 0.7703125 0.6354166658653846 0.7859375 0.625 0.8031250000000001 0.625 0.809375 0.6333333341346153 0.8125 0.6395833341346153 0.8140624999999999 0.6520833341346154 0.8203125 0.6812499999999999 0.8328125 0.6770833341346154 0.8140624999999999 0.5479166658653847
1390 0.8859375 0.19791666586538462 0.8859375 0.18125000000000002 0.8859375 0.1645833341346154 0.8734375000000001 0.1604166658653846 0.859375 0.16875 0.85625 0.18125000000000002 0.859375 0.1958333341346154 0.859375 0.20625 0.8515625 0.2104166658653846 0.8484375 0.2229166658653846 0.8515625 0.2375 0.859375 0.2520833341346154 0.875 0.25625 0.890625 0.25625 0.8999999999999999 0.23958333413461538 0.8999999999999999 0.22499999999999998 0.89375 0.21250000000000002 0.8859375 0.19791666586538462
1003 0.6421874999999999 0.4458333341346154 0.48124999999999996 0.7895833341346153 0.7375 0.925 0.8921874999999999 0.9312499999999999 0.8296874999999999 0.44999999999999996 0.6421874999999999 0.4458333341346154
1116 0.025 0.60625 0.0953125 0.55625 0.0765625 0.4083333341346154 0.0078125 0.4020833341346154 0.0046875 0.6083333341346153 0.025 0.60625