166 0.19374999999999998 0.6291666658653846 0.2 0.6520833341346154 0.259375 0.7041666658653847 0.275 0.7 0.275 0.675 0.2140625 0.6291666658653846 0.20468750000000002 0.625 0.19374999999999998 0.6291666658653846
1564 0.35624999999999996 0.5166666658653847 0.33125000000000004 0.44791666586538464 0.18593749999999998 0.44375 0.18125000000000002 0.5270833341346154 0.35624999999999996 0.5166666658653847
1861 0.16562500000000002 0.19374999999999998 0.17343750000000002 0.2104166658653846 0.17812499999999998 0.23333333413461538 0.19374999999999998 0.2479166658653846 0.2625 0.23958333413461538 0.2859375 0.20833333413461538 0.2734375 0.06666666586538461 0.17031249999999998 0.0625 0.171875 0.0875 0.16249999999999998 0.14166666586538462 0.16562500000000002 0.19374999999999998
659 0.571875 0.7458333341346154 0.6734374999999999 0.7270833341346153 0.6937500000000001 0.020833334134615387 0.4859375 0.0125 0.48750000000000004 0.7354166658653847 0.571875 0.7458333341346154
1770 0.83125 0.3604166658653846 0.7890625 0.3604166658653846 0.7875000000000001 0.475 0.8296874999999999 0.4708333341346154 0.83125 0.3604166658653846
554 0.7578125 0.21250000000000002 0.996875 0.23125 0.9953125 0.008333334134615384 0.7703125 0.010416665865384615 0.7578125 0.21250000000000002
1707 0.1640625 0.38749999999999996 0.1765625 0.38749999999999996 0.18125000000000002 0.39375000000000004 0.19374999999999998 0.39583333413461536 0.20156249999999998 0.3916666658653846 0.203125 0.375 0.1953125 0.36250000000000004 0.1828125 0.36458333413461536 0.1828125 0.3520833341346154 0.190625 0.3458333341346154 0.24062499999999998 0.3458333341346154 0.24375000000000002 0.3604166658653846 0.2375 0.3708333341346154 0.23281249999999998 0.3770833341346154 0.234375 0.38749999999999996 0.24375000000000002 0.3916666658653846 0.25625 0.38749999999999996 0.2578125 0.3833333341346154 0.2515625 0.36875 0.253125 0.3416666658653846 0.24375000000000002 0.33125000000000004 0.22031250000000002 0.33333333413461536 0.1875 0.33333333413461536 0.175 0.3416666658653846 0.17343750000000002 0.36250000000000004 0.15625 0.36250000000000004 0.15625 0.4041666658653846 0.16249999999999998 0.4 0.1640625 0.38749999999999996
118 0.3359375 0.6812499999999999 0.34062499999999996 0.6666666658653846 0.334375 0.64375 0.3203125 0.6354166658653846 0.30625 0.6312500000000001 0.2953125 0.64375 0.290625 0.6625000000000001 0.290625 0.6854166658653846 0.30625 0.6958333341346153 0.3265625 0.6958333341346153 0.3359375 0.6812499999999999
1670 0.1671875 0.6770833341346154 0.1796875 0.6812499999999999 0.18593749999999998 0.6520833341346154 0.1875 0.6395833341346153 0.190625 0.6333333341346153 0.19687500000000002 0.625 0.2140625 0.625 0.2296875 0.6354166658653846 0.25 0.6499999999999999 0.2578125 0.6520833341346154 0.2625 0.6354166658653846 0.275 0.6229166658653846 0.2859375 0.6104166658653847 0.3 0.6104166658653847 0.3140625 0.6104166658653847 0.3265625 0.6125 0.34375 0.6187499999999999 0.3359375 0.6312500000000001 0.328125 0.6354166658653846 0.3359375 0.6416666658653847 0.34687500000000004 0.6645833341346153 0.4234375 0.6604166658653846 0.37968749999999996 0.54375 0.18593749999999998 0.5479166658653847 0.1671875 0.6770833341346154
1390 0.10625000000000001 0.21250000000000002 0.1 0.22499999999999998 0.1 0.23958333413461538 0.109375 0.25625 0.125 0.25625 0.140625 0.2520833341346154 0.1484375 0.2375 0.1515625 0.2229166658653846 0.1484375 0.2104166658653846 0.140625 0.20625 0.140625 0.1958333341346154 0.14375 0.18125000000000002 0.140625 0.16875 0.1265625 0.1604166658653846 0.11406250000000001 0.1645833341346154 0.11406250000000001 0.18125000000000002 0.11406250000000001 0.19791666586538462 0.10625000000000001 0.21250000000000002
1003 0.17031249999999998 0.44999999999999996 0.1078125 0.9312499999999999 0.2625 0.925 0.51875 0.7895833341346153 0.3578125 0.4458333341346154 0.17031249999999998 0.44999999999999996
1116 0.9953125 0.6083333341346153 0.9921875 0.4020833341346154 0.9234374999999999 0.4083333341346154 0.9046875000000001 0.55625 0.9750000000000001 0.60625 0.9953125 0.6083333341346153