1523 0.53125 0 0.5333333341346154 0.0296875 0.3708333341346154 0.153125 0.11249999999999999 0.1453125 0.13541666586538462 0.7906249999999999 0.35416666586538464 0.7984374999999999 0.47916666586538464 0.9953125 0.9979166658653846 0.996875 0.9979166658653846 0 0.53125 0
973 0.8770833341346154 0.58125 0.8854166658653846 0.5625 0.8854166658653846 0.5453125 0.9312499999999999 0.5375 0.9312499999999999 0.53125 0.8999999999999999 0.5125 0.8999999999999999 0.49531250000000004 0.8416666658653846 0.4921875 0.8395833341346154 0.5140625 0.8104166658653846 0.525 0.8104166658653846 0.625 0.8541666658653846 0.6359375 0.875 0.6359375 0.8770833341346154 0.58125
973 0.8083333341346154 0.6187499999999999 0.8104166658653846 0.5296875 0.8354166658653847 0.509375 0.84375 0.48750000000000004 0.8416666658653846 0.47343749999999996 0.7791666658653846 0.47343749999999996 0.7770833341346154 0.49531250000000004 0.7562500000000001 0.5125 0.7541666658653846 0.60625 0.7791666658653846 0.6171875 0.7958333341346153 0.6187499999999999 0.8083333341346154 0.6187499999999999
973 0.7479166658653846 0.603125 0.7541666658653846 0.5140625 0.7729166658653847 0.490625 0.7625 0.484375 0.7625 0.45781249999999996 0.7083333341346154 0.45625000000000004 0.70625 0.4859375 0.6854166658653846 0.49687499999999996 0.6833333341346154 0.590625 0.7 0.603125 0.7291666658653846 0.6046875 0.7479166658653846 0.603125
973 0.6875 0.49531250000000004 0.70625 0.4828125 0.70625 0.47343749999999996 0.6791666658653847 0.47343749999999996 0.6770833341346154 0.49531250000000004 0.6604166658653846 0.5078125 0.65625 0.5734375 0.6666666658653846 0.58125 0.6791666658653847 0.5859375 0.6875 0.49531250000000004
973 0.6583333341346154 0.50625 0.6729166658653847 0.4921875 0.675 0.47968750000000004 0.6666666658653846 0.478125 0.6666666658653846 0.4625 0.6229166658653846 0.46406250000000004 0.6187499999999999 0.478125 0.60625 0.4859375 0.5958333341346154 0.559375 0.6208333341346154 0.56875 0.64375 0.5671875 0.6541666658653846 0.565625 0.6583333341346154 0.50625
973 0.6375 0.7437499999999999 0.6229166658653846 0.734375 0.59375 0.7406250000000001 0.59375 0.7593749999999999 0.5854166658653847 0.7671874999999999 0.5833333341346154 0.8187500000000001 0.6 0.8359375 0.6229166658653846 0.8390625 0.6479166658653847 0.8374999999999999 0.6541666658653846 0.76875 0.6458333341346154 0.7609375 0.6375 0.7437499999999999
973 0.7229166658653846 0.8187500000000001 0.7291666658653846 0.7875000000000001 0.7104166658653847 0.7796875000000001 0.6833333341346154 0.7828124999999999 0.6770833341346154 0.8015625 0.6541666658653846 0.8140624999999999 0.6520833341346154 0.8968750000000001 0.66875 0.90625 0.6854166658653846 0.9125000000000001 0.7104166658653847 0.9125000000000001 0.7166666658653846 0.8421875000000001 0.7375 0.8265625000000001 0.7229166658653846 0.8187500000000001
973 0.76875 0.878125 0.7958333341346153 0.8671875 0.825 0.8703125 0.825 0.846875 0.8041666658653847 0.8343750000000001 0.8041666658653847 0.8203125 0.7770833341346154 0.8109375000000001 0.7479166658653846 0.815625 0.7437499999999999 0.8296874999999999 0.71875 0.84375 0.6979166658653846 0.9281250000000001 0.7291666658653846 0.9484375 0.75 0.953125 0.75 0.8999999999999999 0.7666666658653847 0.8984375 0.76875 0.878125
291 0.6541666658653846 0.1828125 0.675 0.1796875 0.675 0.1359375 0.6520833341346154 0.1234375 0.6499999999999999 0.11875 0.625 0.11875 0.6229166658653846 0.1296875 0.6020833341346153 0.1375 0.6020833341346153 0.2546875 0.6375 0.253125 0.6541666658653846 0.24843749999999998 0.6541666658653846 0.1828125
973 0.8395833341346154 0.1421875 0.8458333341346154 0.1296875 0.8416666658653846 0.1171875 0.8145833341346154 0.11406250000000001 0.7729166658653847 0.1171875 0.7729166658653847 0.134375 0.7666666658653847 0.1453125 0.7625 0.22812500000000002 0.8020833341346154 0.22499999999999998 0.8374999999999999 0.22031250000000002 0.8395833341346154 0.1421875
973 0.23541666586538462 0.4234375 0.2270833341346154 0.4203125 0.2270833341346154 0.41093749999999996 0.2145833341346154 0.41093749999999996 0.21250000000000002 0.421875 0.2 0.421875 0.19791666586538462 0.46562499999999996 0.22916666586538462 0.4671875 0.2375 0.46406250000000004 0.23541666586538462 0.4234375
973 0.2895833341346154 0.42500000000000004 0.28125 0.421875 0.28125 0.40937500000000004 0.25625 0.40937500000000004 0.25625 0.421875 0.2479166658653846 0.4234375 0.2520833341346154 0.4671875 0.2729166658653846 0.4671875 0.2895833341346154 0.46406250000000004 0.2895833341346154 0.42500000000000004
291 0.2708333341346154 0.484375 0.2666666658653846 0.48124999999999996 0.2645833341346154 0.475 0.2541666658653846 0.475 0.2520833341346154 0.48124999999999996 0.2458333341346154 0.4859375 0.25 0.5515625 0.2645833341346154 0.5546875 0.2791666658653846 0.5515625 0.2708333341346154 0.484375
973 0.23333333413461538 0.51875 0.2270833341346154 0.515625 0.2270833341346154 0.5078125 0.2104166658653846 0.50625 0.20833333413461538 0.5171875 0.20208333413461538 0.5171875 0.20208333413461538 0.5515625 0.2229166658653846 0.5578125 0.23333333413461538 0.55625 0.23333333413461538 0.51875
291 0.1958333341346154 0.48124999999999996 0.1958333341346154 0.47187500000000004 0.17708333413461538 0.4703125 0.17708333413461538 0.4828125 0.16666666586538462 0.490625 0.16666666586538462 0.5546875 0.19791666586538462 0.55625 0.2 0.484375 0.1958333341346154 0.48124999999999996
983 0.4520833341346154 0.48906249999999996 0.45833333413461536 0.421875 0.44375 0.421875 0.44375 0.41093749999999996 0.4104166658653846 0.41093749999999996 0.4041666658653846 0.41718750000000004 0.3833333341346154 0.41093749999999996 0.38125 0.42500000000000004 0.3770833341346154 0.42656249999999996 0.3729166658653846 0.46875 0.40625 0.4703125 0.4208333341346154 0.4765625 0.4354166658653846 0.4828125 0.4520833341346154 0.48906249999999996
788 0.9312499999999999 0.5984375 0.9312499999999999 0.5765625 0.8958333341346154 0.5765625 0.89375 0.6 0.8770833341346154 0.603125 0.875 0.6578124999999999 0.9041666658653846 0.6656249999999999 0.9458333341346153 0.6609375 0.9479166658653846 0.60625 0.9312499999999999 0.5984375
983 0.5229166658653847 0.44843750000000004 0.49375 0.4453125 0.48958333413461536 0.4390625 0.475 0.4390625 0.475 0.44999999999999996 0.4645833341346154 0.44999999999999996 0.4604166658653846 0.49531250000000004 0.48958333413461536 0.5015625 0.5020833341346154 0.5015625 0.53125 0.515625 0.5375 0.4453125 0.5291666658653846 0.4453125 0.5229166658653847 0.44843750000000004
1885 0.10833333413461539 0.1453125 0.36875 0.153125 0.525 0.03125 0.525 0.0015625 0.0020833341346153844 0 0.0020833341346153844 0.7859375 0.13125 0.7875000000000001 0.10833333413461539 0.1453125
792 0.0020833341346153844 0.7859375 0.0020833341346153844 0.9953125 0.4770833341346154 0.9937499999999999 0.35624999999999996 0.7984374999999999 0.0020833341346153844 0.7859375
1662 0.1375 0.8953125 0.1291666658653846 0.875 0.11249999999999999 0.8609374999999999 0.08333333413461538 0.8515625 0.045833334134615385 0.8500000000000001 0.0020833341346153844 0.85625 0.0041666658653846155 0.95 0.0125 0.95 0.008333334134615384 0.9671875000000001 0.010416665865384615 0.9937499999999999 0.03125 0.9921875 0.022916665865384617 0.9734375 0.029166665865384616 0.9515625000000001 0.04166666586538462 0.9468749999999999 0.05 0.9906250000000001 0.0625 0.9906250000000001 0.054166665865384614 0.953125 0.08124999999999999 0.9421875 0.1270833341346154 0.9203125000000001 0.1375 0.9234374999999999 0.1583333341346154 0.9921875 0.17708333413461538 0.9921875 0.16666666586538462 0.9640625 0.1520833341346154 0.9234374999999999 0.1375 0.909375 0.1375 0.8953125
976 0.8854166658653846 0.45625000000000004 0.9312499999999999 0.45781249999999996 0.9312499999999999 0.4296875 0.9083333341346154 0.41874999999999996 0.9083333341346154 0.3984375 0.8374999999999999 0.39531249999999996 0.8333333341346154 0.41874999999999996 0.8104166658653846 0.4296875 0.8125 0.4671875 0.8416666658653846 0.4671875 0.84375 0.4625 0.8854166658653846 0.45625000000000004
976 0.7645833341346153 0.15625 0.7625 0.1421875 0.71875 0.1421875 0.7166666658653846 0.15781250000000002 0.7083333341346154 0.17031249999999998 0.7104166658653847 0.2375 0.7354166658653847 0.2375 0.7666666658653847 0.2296875 0.7645833341346153 0.15625