1523 0.0020833341346153844 0 0.0020833341346153844 0.996875 0.5208333341346154 0.9953125 0.6458333341346154 0.7984374999999999 0.8645833341346154 0.7906249999999999 0.8875 0.1453125 0.6291666658653846 0.153125 0.4666666658653846 0.0296875 0.46875 0 0.0020833341346153844 0
973 0.125 0.6359375 0.14583333413461538 0.6359375 0.1895833341346154 0.625 0.1895833341346154 0.525 0.1604166658653846 0.5140625 0.1583333341346154 0.4921875 0.1 0.49531250000000004 0.1 0.5125 0.06875 0.53125 0.06875 0.5375 0.11458333413461538 0.5453125 0.11458333413461538 0.5625 0.12291666586538462 0.58125 0.125 0.6359375
973 0.20416666586538462 0.6187499999999999 0.2208333341346154 0.6171875 0.2458333341346154 0.60625 0.24375000000000002 0.5125 0.2229166658653846 0.49531250000000004 0.2208333341346154 0.47343749999999996 0.1583333341346154 0.47343749999999996 0.15625 0.48750000000000004 0.1645833341346154 0.509375 0.1895833341346154 0.5296875 0.1916666658653846 0.6187499999999999 0.20416666586538462 0.6187499999999999
973 0.2708333341346154 0.6046875 0.3 0.603125 0.3166666658653846 0.590625 0.3145833341346154 0.49687499999999996 0.29375 0.4859375 0.2916666658653846 0.45625000000000004 0.2375 0.45781249999999996 0.2375 0.484375 0.2270833341346154 0.490625 0.2458333341346154 0.5140625 0.2520833341346154 0.603125 0.2708333341346154 0.6046875
973 0.3208333341346154 0.5859375 0.33333333413461536 0.58125 0.34375 0.5734375 0.3395833341346154 0.5078125 0.32291666586538464 0.49531250000000004 0.3208333341346154 0.47343749999999996 0.29375 0.47343749999999996 0.29375 0.4828125 0.3125 0.49531250000000004 0.3208333341346154 0.5859375
973 0.3458333341346154 0.565625 0.35624999999999996 0.5671875 0.3791666658653846 0.56875 0.4041666658653846 0.559375 0.39375000000000004 0.4859375 0.38125 0.478125 0.3770833341346154 0.46406250000000004 0.33333333413461536 0.4625 0.33333333413461536 0.478125 0.32499999999999996 0.47968750000000004 0.3270833341346154 0.4921875 0.3416666658653846 0.50625 0.3458333341346154 0.565625
973 0.35416666586538464 0.7609375 0.3458333341346154 0.76875 0.3520833341346154 0.8374999999999999 0.3770833341346154 0.8390625 0.4 0.8359375 0.41666666586538464 0.8187500000000001 0.4145833341346154 0.7671874999999999 0.40625 0.7593749999999999 0.40625 0.7406250000000001 0.3770833341346154 0.734375 0.36250000000000004 0.7437499999999999 0.35416666586538464 0.7609375
973 0.2625 0.8265625000000001 0.2833333341346154 0.8421875000000001 0.2895833341346154 0.9125000000000001 0.3145833341346154 0.9125000000000001 0.33125000000000004 0.90625 0.3479166658653846 0.8968750000000001 0.3458333341346154 0.8140624999999999 0.32291666586538464 0.8015625 0.3166666658653846 0.7828124999999999 0.2895833341346154 0.7796875000000001 0.2708333341346154 0.7875000000000001 0.2770833341346154 0.8187500000000001 0.2625 0.8265625000000001
973 0.23333333413461538 0.8984375 0.25 0.8999999999999999 0.25 0.953125 0.2708333341346154 0.9484375 0.3020833341346154 0.9281250000000001 0.28125 0.84375 0.25625 0.8296874999999999 0.2520833341346154 0.815625 0.2229166658653846 0.8109375000000001 0.1958333341346154 0.8203125 0.1958333341346154 0.8343750000000001 0.175 0.846875 0.175 0.8703125 0.20416666586538462 0.8671875 0.23125 0.878125 0.23333333413461538 0.8984375
291 0.3458333341346154 0.24843749999999998 0.36250000000000004 0.253125 0.3979166658653846 0.2546875 0.3979166658653846 0.1375 0.3770833341346154 0.1296875 0.375 0.11875 0.35 0.11875 0.3479166658653846 0.1234375 0.32499999999999996 0.1359375 0.32499999999999996 0.1796875 0.3458333341346154 0.1828125 0.3458333341346154 0.24843749999999998
973 0.16249999999999998 0.22031250000000002 0.19791666586538462 0.22499999999999998 0.2375 0.22812500000000002 0.23333333413461538 0.1453125 0.2270833341346154 0.134375 0.2270833341346154 0.1171875 0.1854166658653846 0.11406250000000001 0.1583333341346154 0.1171875 0.1541666658653846 0.1296875 0.1604166658653846 0.1421875 0.16249999999999998 0.22031250000000002
973 0.7625 0.46406250000000004 0.7708333341346154 0.4671875 0.8020833341346154 0.46562499999999996 0.8 0.421875 0.7875000000000001 0.421875 0.7854166658653846 0.41093749999999996 0.7729166658653847 0.41093749999999996 0.7729166658653847 0.4203125 0.7645833341346153 0.4234375 0.7625 0.46406250000000004
973 0.7104166658653847 0.46406250000000004 0.7270833341346153 0.4671875 0.7479166658653846 0.4671875 0.7520833341346154 0.4234375 0.7437499999999999 0.421875 0.7437499999999999 0.40937500000000004 0.71875 0.40937500000000004 0.71875 0.421875 0.7104166658653847 0.42500000000000004 0.7104166658653847 0.46406250000000004
291 0.7208333341346154 0.5515625 0.7354166658653847 0.5546875 0.75 0.5515625 0.7541666658653846 0.4859375 0.7479166658653846 0.48124999999999996 0.7458333341346154 0.475 0.7354166658653847 0.475 0.7333333341346153 0.48124999999999996 0.7291666658653846 0.484375 0.7208333341346154 0.5515625
973 0.7666666658653847 0.55625 0.7770833341346154 0.5578125 0.7979166658653847 0.5515625 0.7979166658653847 0.5171875 0.7916666658653846 0.5171875 0.7895833341346153 0.50625 0.7729166658653847 0.5078125 0.7729166658653847 0.515625 0.7666666658653847 0.51875 0.7666666658653847 0.55625
291 0.8 0.484375 0.8020833341346154 0.55625 0.8333333341346154 0.5546875 0.8333333341346154 0.490625 0.8229166658653846 0.4828125 0.8229166658653846 0.4703125 0.8041666658653847 0.47187500000000004 0.8041666658653847 0.48124999999999996 0.8 0.484375
983 0.5645833341346154 0.4828125 0.5791666658653847 0.4765625 0.59375 0.4703125 0.6270833341346154 0.46875 0.6229166658653846 0.42656249999999996 0.6187499999999999 0.42500000000000004 0.6166666658653847 0.41093749999999996 0.5958333341346154 0.41718750000000004 0.5895833341346154 0.41093749999999996 0.55625 0.41093749999999996 0.55625 0.421875 0.5416666658653846 0.421875 0.5479166658653847 0.48906249999999996 0.5645833341346154 0.4828125
788 0.05208333413461538 0.60625 0.054166665865384614 0.6609375 0.09583333413461538 0.6656249999999999 0.125 0.6578124999999999 0.12291666586538462 0.603125 0.10625000000000001 0.6 0.10416666586538462 0.5765625 0.06875 0.5765625 0.06875 0.5984375 0.05208333413461538 0.60625
983 0.4708333341346154 0.4453125 0.4625 0.4453125 0.46875 0.515625 0.4979166658653846 0.5015625 0.5104166658653846 0.5015625 0.5395833341346153 0.49531250000000004 0.5354166658653846 0.44999999999999996 0.525 0.44999999999999996 0.525 0.4390625 0.5104166658653846 0.4390625 0.50625 0.4453125 0.4770833341346154 0.44843750000000004 0.4708333341346154 0.4453125
1885 0.8687499999999999 0.7875000000000001 0.9979166658653846 0.7859375 0.9979166658653846 0 0.475 0.0015625 0.475 0.03125 0.6312500000000001 0.153125 0.8916666658653847 0.1453125 0.8687499999999999 0.7875000000000001
792 0.64375 0.7984374999999999 0.5229166658653847 0.9937499999999999 0.9979166658653846 0.9953125 0.9979166658653846 0.7859375 0.64375 0.7984374999999999
1662 0.8625 0.909375 0.8479166658653846 0.9234374999999999 0.8333333341346154 0.9640625 0.8229166658653846 0.9921875 0.8416666658653846 0.9921875 0.8625 0.9234374999999999 0.8729166658653846 0.9203125000000001 0.91875 0.9421875 0.9458333341346153 0.953125 0.9375 0.9906250000000001 0.95 0.9906250000000001 0.9583333341346154 0.9468749999999999 0.9708333341346154 0.9515625000000001 0.9770833341346153 0.9734375 0.96875 0.9921875 0.9895833341346154 0.9937499999999999 0.9916666658653847 0.9671875000000001 0.9875 0.95 0.9958333341346154 0.95 0.9979166658653846 0.85625 0.9541666658653847 0.8500000000000001 0.9166666658653846 0.8515625 0.8875 0.8609374999999999 0.8708333341346154 0.875 0.8625 0.8953125 0.8625 0.909375
976 0.15625 0.4625 0.1583333341346154 0.4671875 0.1875 0.4671875 0.1895833341346154 0.4296875 0.16666666586538462 0.41874999999999996 0.16249999999999998 0.39531249999999996 0.09166666586538462 0.3984375 0.09166666586538462 0.41874999999999996 0.06875 0.4296875 0.06875 0.45781249999999996 0.11458333413461538 0.45625000000000004 0.15625 0.4625
976 0.23333333413461538 0.2296875 0.2645833341346154 0.2375 0.2895833341346154 0.2375 0.2916666658653846 0.17031249999999998 0.2833333341346154 0.15781250000000002 0.28125 0.1421875 0.2375 0.1421875 0.23541666586538462 0.15625 0.23333333413461538 0.2296875