1913 1 0.24781818028846156 0.826 0.232 0.6319999999999999 0.3146666658653846 0.6319999999999999 0.8160000000000001 0.824 0.928 0.924 0.92 0.926 0.9066666658653847 0.92 0.904 0.922 0.4453333341346154 1 0.43753333413461537 1 0.24781818028846156
1913 1 0.43746666586538463 0.922 0.44266666586538467 0.92 0.9013333341346154 0.924 0.904 1 0.9403760697115384 1 0.43746666586538463
1915 0.628 0.768 0.6319999999999999 0.3306666658653846 0.5940000000000001 0.328 0.544 0.352 0.542 0.6479999999999999 0.564 0.6693333341346153 0.602 0.6933333341346154 0.614 0.7626666658653847 0.628 0.768
1286 0.47000000000000003 0.5813333341346154 0.462 0.5973333341346154 0.454 0.6133333341346154 0.446 0.6533333341346155 0.44 0.6933333341346154 0.43400000000000005 0.72 0.43400000000000005 0.7493333341346153 0.43400000000000005 0.7706666658653846 0.456 0.7706666658653846 0.474 0.7653333341346154 0.498 0.752 0.526 0.7493333341346153 0.5479999999999999 0.76 0.56 0.784 0.564 0.8133333341346154 0.542 0.824 0.536 0.84 0.518 0.848 0.536 0.864 0.5559999999999999 0.856 0.582 0.8346666658653846 0.596 0.8053333341346154 0.592 0.76 0.596 0.712 0.58 0.6826666658653846 0.5680000000000001 0.6693333341346153 0.5760000000000001 0.6693333341346153 0.592 0.6586666658653846 0.6 0.6346666658653847 0.5940000000000001 0.6213333341346154 0.584 0.6293333341346153 0.5700000000000001 0.64 0.5579999999999999 0.6373333341346155 0.5479999999999999 0.6186666658653847 0.538 0.608 0.544 0.6026666658653845 0.55 0.5866666658653846 0.552 0.5733333341346154 0.5579999999999999 0.56 0.5579999999999999 0.5386666658653846 0.5479999999999999 0.528 0.528 0.52 0.51 0.544 0.498 0.5706666658653846 0.48800000000000004 0.5786666658653846 0.47000000000000003 0.5813333341346154
1291 0.27799999999999997 0.5146666658653847 0.25 0.5386666658653846 0.222 0.5680000000000001 0.186 0.6026666658653845 0.148 0.6426666658653846 0.114 0.6826666658653846 0.08 0.7466666658653847 0.064 0.7946666658653846 0.08 0.8160000000000001 0.116 0.88 0.138 0.968 0.47200000000000003 0.928 0.48000000000000004 0.8986666658653846 0.48000000000000004 0.864 0.42600000000000005 0.8453333341346153 0.436 0.8453333341346153 0.47800000000000004 0.8186666658653846 0.492 0.8160000000000001 0.504 0.824 0.516 0.84 0.52 0.848 0.536 0.8346666658653846 0.544 0.8320000000000001 0.55 0.8160000000000001 0.56 0.8133333341346154 0.5680000000000001 0.8106666658653846 0.562 0.7893333341346154 0.55 0.7573333341346153 0.504 0.7493333341346153 0.44999999999999996 0.76 0.412 0.7573333341346153 0.384 0.7573333341346153 0.386 0.7146666658653846 0.39 0.6693333341346153 0.382 0.5866666658653846 0.376 0.5573333341346154 0.394 0.5466666658653846 0.40599999999999997 0.5413333341346154 0.432 0.5386666658653846 0.428 0.5226666658653847 0.43400000000000005 0.5173333341346154 0.43400000000000005 0.512 0.436 0.504 0.438 0.4986666658653846 0.448 0.49600000000000005 0.44999999999999996 0.4853333341346154 0.44 0.4666666658653846 0.438 0.45066666586538456 0.47800000000000004 0.4213333341346154 0.438 0.41066666586538464 0.428 0.3866666658653846 0.41000000000000003 0.36266666586538465 0.392 0.3573333341346154 0.352 0.34933333413461537 0.33 0.3653333341346154 0.314 0.392 0.30799999999999994 0.44 0.31 0.4746666658653846 0.296 0.4906666658653846 0.294 0.504 0.27799999999999997 0.5146666658653847
1286 0.214 0.2586666658653846 0.212 0.27733333413461536 0.20199999999999999 0.2933333341346154 0.19399999999999998 0.34133333413461536 0.19 0.3866666658653846 0.192 0.464 0.26 0.456 0.26999999999999996 0.5173333341346154 0.28 0.5093333341346153 0.30799999999999994 0.4746666658653846 0.30799999999999994 0.44 0.306 0.40533333413461536 0.292 0.3786666658653846 0.262 0.336 0.24000000000000002 0.3146666658653846 0.246 0.2986666658653846 0.258 0.2986666658653846 0.264 0.296 0.272 0.2906666658653846 0.272 0.28533333413461537 0.272 0.27733333413461536 0.27799999999999997 0.264 0.27399999999999997 0.24800000000000003 0.27399999999999997 0.23733333413461538 0.272 0.2186666658653846 0.26999999999999996 0.2 0.254 0.18933333413461537 0.228 0.192 0.216 0.2106666658653846 0.212 0.232 0.214 0.2586666658653846
334 0.826 0.22933333413461537 0.924 0.23733333413461538 0.9299999999999999 0.176 0.9380000000000001 0.168 0.9339999999999999 0.16 0.9179999999999999 0.1493333341346154 0.91 0.14133333413461538 0.906 0.1253333341346154 0.8999999999999999 0.11733333413461539 0.8680000000000001 0.12000000000000001 0.844 0.12266666586538462 0.8340000000000001 0.14666666586538463 0.8140000000000001 0.16 0.7919999999999999 0.16533333413461537 0.788 0.184 0.802 0.18933333413461537 0.8059999999999999 0.23466666586538462 0.826 0.22933333413461537
180 0.696 0.8106666658653846 0.704 0.8106666658653846 0.704 0.7973333341346154 0.6479999999999999 0.7653333341346154 0.62 0.768 0.606 0.7733333341346154 0.604 0.8053333341346154 0.604 0.8506666658653846 0.624 0.864 0.642 0.872 0.678 0.864 0.6880000000000001 0.856 0.6940000000000001 0.8320000000000001 0.696 0.8106666658653846
1885 0.6400344831730769 0 0.644 0.3066666658653846 0.83 0.232 1 0.24517829326923077 1 0 0.6400344831730769 0
663 0.20400000000000001 0.728 0.46599999999999997 0.7226666658653845 0.47200000000000003 0.14400000000000002 0.20800000000000002 0.11733333413461539 0.20400000000000001 0.728
1885 0.08193454567307693 0 0.064 0.7306666658653846 0.20199999999999999 0.7306666658653846 0.20800000000000002 0.11466666586538461 0.47200000000000003 0.14133333413461538 0.464 0.7226666658653845 0.538 0.7253333341346154 0.544 0.352 0.596 0.32533333413461535 0.63 0.3226666658653846 0.6340000000000001 0.3146666658653846 0.644 0.3066666658653846 0.638 0 0.082 0 0.08193454567307693 0
1885 0.003994221153846154 0 0.002 0.92 0.004 0.9173333341346154 0.064 0.7306666658653846 0.082 0 0.003994221153846154 0
792 1 0.943042735576923 0.924 0.9066666658653847 0.924 0.92 0.826 0.9306666658653846 0.626 0.8106666658653846 0.536 0.7253333341346154 0.064 0.7306666658653846 0.004 0.9173333341346154 0.002 0.9946666658653847 1 0.9946666658653847 1 0.943042735576923
1598 0.24800000000000003 0.456 0.24800000000000003 0.44266666586538467 0.246 0.42666666586538465 0.232 0.4 0.22 0.3866666658653846 0.218 0.3813333341346154 0.212 0.34933333413461537 0.20199999999999999 0.35466666586538464 0.20199999999999999 0.36266666586538465 0.19799999999999998 0.36266666586538465 0.2 0.3813333341346154 0.19 0.3946666658653846 0.19399999999999998 0.4613333341346154 0.24800000000000003 0.456
854 0.192 0.464 0.184 0.3173333341346154 0.094 0.3173333341346154 0.018000000000000002 0.32 0.028 0.6613333341346154 0.006 0.6693333341346153 0.01 0.7813333341346154 0.048 0.7786666658653847 0.062000000000000006 0.7893333341346154 0.08600000000000001 0.736 0.106 0.6986666658653846 0.14 0.6506666658653846 0.19799999999999998 0.5866666658653846 0.2 0.5493333341346154 0.258 0.5466666658653846 0.262 0.4613333341346154 0.192 0.464
340 0.136 0.2506666658653846 0.20400000000000001 0.2586666658653846 0.20800000000000002 0.09333333413461539 0.14400000000000002 0.08533333413461539 0.136 0.2506666658653846
334 0.604 0.272 0.5860000000000001 0.26933333413461535 0.572 0.27733333413461536 0.5780000000000001 0.28533333413461537 0.58 0.32533333413461535 0.59 0.32533333413461535 0.63 0.3226666658653846 0.636 0.3093333341346154 0.6799999999999999 0.2906666658653846 0.6940000000000001 0.27733333413461536 0.658 0.28 0.626 0.27733333413461536 0.604 0.272