1942 0.03333333413461538 0.008928572115384616 0.053333334134615384 0.16964285817307692 0.17111111057692308 0.15476190384615382 0.16 0.005952379807692308 0.03333333413461538 0.008928572115384616
1942 0.16888888942307692 0.002976189903846154 0.18 0.1517857139423077 0.27555555528846154 0.13988095192307692 0.2688888894230769 0.005952379807692308 0.16888888942307692 0.002976189903846154
1942 0.3055555552884615 0 0.29555555528846156 0.002976189903846154 0.3 0.13392857211538461 0.3288888894230769 0.1309523798076923 0.3245432091346154 0 0.3055555552884615 0
1942 0.3313043485576923 0 0.33999999999999997 0.13392857211538461 0.3711111105769231 0.1309523798076923 0.36676543028846154 0 0.3313043485576923 0
1942 0.3822222211538462 0 0.388888889423077 0.12797618990384615 0.4311111105769231 0.12797618990384615 0.4245959591346154 0 0.3822222211538462 0
1942 0.4377777788461538 0 0.4444444447115385 0.12202381009615385 0.4955555552884615 0.11904762019230769 0.4955555552884615 0 0.4377777788461538 0
1942 0.5266666658653846 0 0.5288888894230769 0.11904762019230769 0.6 0.11607142788461539 0.6021666658653846 0 0.5266666658653846 0
1942 0.6155555552884615 0 0.6155555552884615 0.11607142788461539 0.7088888894230769 0.11011904807692309 0.7088888894230769 0 0.6155555552884615 0
1913 0.27333333413461536 0.2857142860576923 0.2711111105769231 0.2589285721153846 0.27555555528846154 0.23214285817307692 0.34222222115384615 0.22023809615384618 0.3066666658653846 0.21428571394230772 0.3044444447115385 0.17559523798076923 0.29777777884615386 0.16964285817307692 0.28 0.17559523798076923 0.28 0.20833333413461538 0.27555555528846154 0.21130952403846154 0.20888888942307693 0.22321428605769228 0.20444444471153847 0.24702381009615385 0.20888888942307693 0.35416666586538464 0.21777777884615385 0.3601190480769231 0.21777777884615385 0.3690476201923077 0.2466666658653846 0.3869047620192308 0.24444444471153848 0.3809523798076923 0.2466666658653846 0.38392857211538456 0.24222222115384615 0.2946428581730769 0.27333333413461536 0.2857142860576923
1913 0.36222222115384617 0.3065476201923077 0.36222222115384617 0.2767857139423077 0.3711111105769231 0.2440476201923077 0.40444444471153845 0.23511904807692308 0.40888888942307694 0.22619047596153846 0.39555555528846154 0.22619047596153846 0.39333333413461535 0.17559523798076923 0.36222222115384617 0.17559523798076923 0.36 0.22023809615384618 0.3444444447115385 0.22023809615384618 0.27555555528846154 0.23511904807692308 0.27333333413461536 0.2589285721153846 0.28222222115384615 0.39880952403846154 0.33111111057692305 0.4226190480769231 0.3288888894230769 0.32142857211538456 0.36222222115384617 0.3065476201923077
1913 0.5044444447115385 0.34821428605769233 0.5066666658653847 0.3154761899038461 0.5133333341346155 0.2708333341346154 0.5333333341346154 0.2619047620192308 0.5355555552884615 0.24107142788461539 0.52 0.23809523798076923 0.5177777788461538 0.1815476201923077 0.48000000000000004 0.18452381009615385 0.48000000000000004 0.22916666586538462 0.4511111105769231 0.22916666586538462 0.3711111105769231 0.24702381009615385 0.3644444447115385 0.27976190384615385 0.3666666658653846 0.4345238100961539 0.3711111105769231 0.4375 0.3711111105769231 0.44642857211538456 0.44 0.4880952379807692 0.44 0.3630952379807692 0.5044444447115385 0.34821428605769233
1913 0.7088888894230769 0.38392857211538456 0.7088888894230769 0.1875 0.6622222211538461 0.19047618990384615 0.6577777788461538 0.2529761899038462 0.5977777788461538 0.24702381009615385 0.5177777788461538 0.2708333341346154 0.5066666658653847 0.3154761899038461 0.5022222211538462 0.5148809519230769 0.511111110576923 0.5208333341346154 0.511111110576923 0.5297619038461538 0.6244444447115385 0.5982142860576923 0.6288888894230769 0.4315476201923077 0.7088888894230769 0.38392857211538456
1837 0.1 0.40476190384615385 0.10444444471153846 0.40476190384615385 0.10444444471153846 0.39583333413461536 0.09777777884615385 0.2678571418269231 0.08888888942307692 0.24107142788461539 0.07555555528846154 0.23809523798076923 0.07111111057692308 0.20238095192307692 0.06666666586538461 0.19642857211538461 0.04666666586538462 0.19940476201923077 0.05111111057692308 0.23809523798076923 0.002222221153846154 0.24702381009615385 0.013333334134615385 0.3928571418269231 0.02888888942307692 0.4226190480769231 0.03333333413461538 0.4196428581730769 0.1 0.40178571394230767 0.1 0.40476190384615385
1885 0 0 0 0.19940476201923077 0.002222221153846154 0.40178571394230767 0.28222222115384615 0.3184523798076923 0.2844238677884615 0 0 0
1885 0.2844240576923077 0 0.28222222115384615 0.32142857211538456 0.7088888894230769 0.5119047620192307 0.7088888894230769 0.14880952403846154 0.7088888894230769 0 0.2844240576923077 0
1708 0.4333333341346154 0.49107142788461544 0.44222222115384613 0.4970238100961539 0.44222222115384613 0.49107142788461544 0.48888888942307696 0.46428571394230767 0.4911111105769231 0.39583333413461536 0.4933333341346154 0.5327380961538462 0.5044444447115385 0.5327380961538462 0.5044444447115385 0.34523809615384615 0.43555555528846157 0.3630952379807692 0.4333333341346154 0.49107142788461544
1714 0.2466666658653846 0.3869047620192308 0.2711111105769231 0.3779761899038461 0.2688888894230769 0.40178571394230767 0.27777777884615384 0.40178571394230767 0.27333333413461536 0.28869047596153846 0.24222222115384615 0.2976190480769231 0.2466666658653846 0.3869047620192308
1714 0.3288888894230769 0.42857142788461544 0.36222222115384617 0.41369047596153846 0.36222222115384617 0.4494047620192308 0.3688888894230769 0.4523809519230769 0.3644444447115385 0.3065476201923077 0.3266666658653846 0.3244047620192308 0.3288888894230769 0.42857142788461544
1711 0.7044444447115384 0.47619047596153846 0.7088888894230769 0.38392857211538456 0.6288888894230769 0.4315476201923077 0.6222222211538462 0.6041666658653846 0.6333333341346153 0.5982142860576923 0.6977777788461539 0.5327380961538462 0.6977777788461539 0.47321428605769233 0.7044444447115384 0.47619047596153846
792 0 0.7083426346153847 0.7088888894230769 0.7113095240384616 0.7066666658653846 0.5119047620192307 0.28 0.3184523798076923 0.002222221153846154 0.40178571394230767 0 0.5550595240384616 0 0.7083426346153847