1942 0.84 0.005952379807692308 0.8288888894230768 0.15476190384615382 0.9466666658653846 0.16964285817307692 0.9666666658653846 0.008928572115384616 0.84 0.005952379807692308
1942 0.7311111105769231 0.005952379807692308 0.7244444447115386 0.13988095192307692 0.8200000000000001 0.1517857139423077 0.8311111105769231 0.002976189903846154 0.7311111105769231 0.005952379807692308
1942 0.6754567908653846 0 0.6711111105769232 0.1309523798076923 0.7 0.13392857211538461 0.7044444447115384 0.002976189903846154 0.6944444447115384 0 0.6754567908653846 0
1942 0.6332345697115385 0 0.6288888894230769 0.1309523798076923 0.66 0.13392857211538461 0.6686956514423077 0 0.6332345697115385 0
1942 0.5754040408653845 0 0.5688888894230769 0.12797618990384615 0.611111110576923 0.12797618990384615 0.6177777788461539 0 0.5754040408653845 0
1942 0.5044444447115385 0 0.5044444447115385 0.11904762019230769 0.5555555552884616 0.12202381009615385 0.5622222211538461 0 0.5044444447115385 0
1942 0.3978333341346154 0 0.4 0.11607142788461539 0.4711111105769231 0.11904762019230769 0.47333333413461537 0 0.3978333341346154 0
1942 0.29111111057692307 0 0.29111111057692307 0.11011904807692309 0.38444444471153844 0.11607142788461539 0.38444444471153844 0 0.29111111057692307 0
1913 0.7577777788461538 0.2946428581730769 0.7533333341346153 0.38392857211538456 0.7555555552884615 0.3809523798076923 0.7533333341346153 0.3869047620192308 0.7822222211538462 0.3690476201923077 0.7822222211538462 0.3601190480769231 0.7911111105769231 0.35416666586538464 0.7955555552884616 0.24702381009615385 0.7911111105769231 0.22321428605769228 0.7244444447115386 0.21130952403846154 0.72 0.20833333413461538 0.72 0.17559523798076923 0.7022222211538461 0.16964285817307692 0.6955555552884616 0.17559523798076923 0.6933333341346154 0.21428571394230772 0.6577777788461538 0.22023809615384618 0.7244444447115386 0.23214285817307692 0.728888889423077 0.2589285721153846 0.7266666658653846 0.2857142860576923 0.7577777788461538 0.2946428581730769
1913 0.6711111105769232 0.32142857211538456 0.6688888894230769 0.4226190480769231 0.7177777788461538 0.39880952403846154 0.7266666658653846 0.2589285721153846 0.7244444447115386 0.23511904807692308 0.6555555552884615 0.22023809615384618 0.64 0.22023809615384618 0.6377777788461538 0.17559523798076923 0.6066666658653846 0.17559523798076923 0.6044444447115385 0.22619047596153846 0.5911111105769231 0.22619047596153846 0.5955555552884616 0.23511904807692308 0.6288888894230769 0.2440476201923077 0.6377777788461538 0.2767857139423077 0.6377777788461538 0.3065476201923077 0.6711111105769232 0.32142857211538456
1913 0.56 0.3630952379807692 0.56 0.4880952379807692 0.6288888894230769 0.44642857211538456 0.6288888894230769 0.4375 0.6333333341346153 0.4345238100961539 0.6355555552884616 0.27976190384615385 0.6288888894230769 0.24702381009615385 0.5488888894230769 0.22916666586538462 0.52 0.22916666586538462 0.52 0.18452381009615385 0.48222222115384616 0.1815476201923077 0.48000000000000004 0.23809523798076923 0.46444444471153845 0.24107142788461539 0.4666666658653846 0.2619047620192308 0.4866666658653846 0.2708333341346154 0.4933333341346154 0.3154761899038461 0.4955555552884615 0.34821428605769233 0.56 0.3630952379807692
1913 0.3711111105769231 0.4315476201923077 0.3755555552884615 0.5982142860576923 0.48888888942307696 0.5297619038461538 0.48888888942307696 0.5208333341346154 0.4977777788461539 0.5148809519230769 0.4933333341346154 0.3154761899038461 0.48222222115384616 0.2708333341346154 0.40222222115384615 0.24702381009615385 0.34222222115384615 0.2529761899038462 0.33777777884615384 0.19047618990384615 0.29111111057692307 0.1875 0.29111111057692307 0.38392857211538456 0.3711111105769231 0.4315476201923077
1837 0.8999999999999999 0.40178571394230767 0.9666666658653846 0.4196428581730769 0.971111110576923 0.4226190480769231 0.9866666658653845 0.3928571418269231 0.9977777788461538 0.24702381009615385 0.9488888894230769 0.23809523798076923 0.9533333341346153 0.19940476201923077 0.9333333341346154 0.19642857211538461 0.9288888894230769 0.20238095192307692 0.9244444447115385 0.23809523798076923 0.9111111105769231 0.24107142788461539 0.9022222211538462 0.2678571418269231 0.8955555552884615 0.39583333413461536 0.8955555552884615 0.40476190384615385 0.8999999999999999 0.40476190384615385 0.8999999999999999 0.40178571394230767
1885 0.7155761322115384 0 0.7177777788461538 0.3184523798076923 0.9977777788461538 0.40178571394230767 1 0.19940476201923077 1 0 0.7155761322115384 0
1885 0.29111111057692307 0 0.29111111057692307 0.14880952403846154 0.29111111057692307 0.5119047620192307 0.7177777788461538 0.32142857211538456 0.7155759423076924 0 0.29111111057692307 0
1708 0.5644444447115384 0.3630952379807692 0.4955555552884615 0.34523809615384615 0.4955555552884615 0.5327380961538462 0.5066666658653847 0.5327380961538462 0.508888889423077 0.39583333413461536 0.511111110576923 0.46428571394230767 0.5577777788461539 0.49107142788461544 0.5577777788461539 0.4970238100961539 0.5666666658653846 0.49107142788461544 0.5644444447115384 0.3630952379807692
1714 0.7577777788461538 0.2976190480769231 0.7266666658653846 0.28869047596153846 0.722222221153846 0.40178571394230767 0.7311111105769231 0.40178571394230767 0.728888889423077 0.3779761899038461 0.7533333341346153 0.3869047620192308 0.7577777788461538 0.2976190480769231
1714 0.6733333341346154 0.3244047620192308 0.6355555552884616 0.3065476201923077 0.631111110576923 0.4523809519230769 0.6377777788461538 0.4494047620192308 0.6377777788461538 0.41369047596153846 0.6711111105769232 0.42857142788461544 0.6733333341346154 0.3244047620192308
1711 0.30222222115384617 0.47321428605769233 0.30222222115384617 0.5327380961538462 0.3666666658653846 0.5982142860576923 0.3777777788461538 0.6041666658653846 0.3711111105769231 0.4315476201923077 0.29111111057692307 0.38392857211538456 0.29555555528846156 0.47619047596153846 0.30222222115384617 0.47321428605769233
792 1 0.5550595240384616 0.9977777788461538 0.40178571394230767 0.72 0.3184523798076923 0.2933333341346154 0.5119047620192307 0.29111111057692307 0.7113095240384616 1 0.7083426346153847 1 0.5550595240384616