1942 0.046875 0.0125 0.075 0.2375 0.24062499999999998 0.2166666658653846 0.22499999999999998 0.008333334134615384 0.046875 0.0125
1942 0.2375 0.0041666658653846155 0.253125 0.21250000000000002 0.38749999999999996 0.1958333341346154 0.37812500000000004 0.008333334134615384 0.2375 0.0041666658653846155
1942 0.4296875 0 0.415625 0.0041666658653846155 0.421875 0.1875 0.4625 0.1833333341346154 0.45638888701923075 0 0.4296875 0
1942 0.46589674038461537 0 0.478125 0.1875 0.521875 0.1833333341346154 0.5157638870192307 0 0.46589674038461537 0
1942 0.5375 0 0.546875 0.1791666658653846 0.60625 0.1791666658653846 0.5970880697115384 0 0.5375 0
1942 0.6156250000000001 0 0.625 0.17083333413461538 0.6968749999999999 0.16666666586538462 0.6968749999999999 0 0.6156250000000001 0
1942 0.7406250000000001 0 0.7437499999999999 0.16666666586538462 0.84375 0.16249999999999998 0.846796875 0 0.7406250000000001 0
1942 0.8656250000000001 0 0.8656250000000001 0.16249999999999998 0.996875 0.1541666658653846 0.996875 0 0.8656250000000001 0
1913 0.384375 0.4 0.38125 0.36250000000000004 0.38749999999999996 0.32499999999999996 0.48124999999999996 0.3083333341346154 0.43125 0.3 0.428125 0.2458333341346154 0.41874999999999996 0.2375 0.39375000000000004 0.2458333341346154 0.39375000000000004 0.2916666658653846 0.38749999999999996 0.2958333341346154 0.29375 0.3125 0.2875 0.3458333341346154 0.29375 0.4958333341346154 0.30625 0.5041666658653846 0.30625 0.5166666658653847 0.34687500000000004 0.5416666658653846 0.34375 0.5333333341346154 0.34687500000000004 0.5375 0.34062499999999996 0.4125 0.384375 0.4
1913 0.509375 0.4291666658653846 0.509375 0.38749999999999996 0.521875 0.3416666658653846 0.56875 0.3291666658653846 0.575 0.3166666658653846 0.55625 0.3166666658653846 0.553125 0.2458333341346154 0.509375 0.2458333341346154 0.50625 0.3083333341346154 0.484375 0.3083333341346154 0.38749999999999996 0.3291666658653846 0.384375 0.36250000000000004 0.396875 0.5583333341346154 0.46562499999999996 0.5916666658653846 0.4625 0.44999999999999996 0.509375 0.4291666658653846
1913 0.7093750000000001 0.48750000000000004 0.7124999999999999 0.4416666658653846 0.721875 0.3791666658653846 0.75 0.3666666658653846 0.753125 0.3375 0.73125 0.33333333413461536 0.7281249999999999 0.2541666658653846 0.675 0.2583333341346154 0.675 0.3208333341346154 0.6343749999999999 0.3208333341346154 0.521875 0.3458333341346154 0.5125 0.3916666658653846 0.515625 0.6083333341346153 0.521875 0.6125 0.521875 0.625 0.6187499999999999 0.6833333341346154 0.6187499999999999 0.5083333341346153 0.7093750000000001 0.48750000000000004
1913 0.996875 0.5375 0.996875 0.2625 0.9312499999999999 0.2666666658653846 0.925 0.35416666586538464 0.840625 0.3458333341346154 0.7281249999999999 0.3791666658653846 0.7124999999999999 0.4416666658653846 0.70625 0.7208333341346154 0.71875 0.7291666658653846 0.71875 0.7416666658653847 0.878125 0.8374999999999999 0.8843749999999999 0.6041666658653846 0.996875 0.5375
1837 0.140625 0.5666666658653846 0.146875 0.5666666658653846 0.146875 0.5541666658653847 0.1375 0.375 0.125 0.3375 0.10625000000000001 0.33333333413461536 0.1 0.2833333341346154 0.09375 0.275 0.065625 0.2791666658653846 0.071875 0.33333333413461536 0.003125 0.3458333341346154 0.01875 0.55 0.040624999999999994 0.5916666658653846 0.046875 0.5875 0.140625 0.5625 0.140625 0.5666666658653846
1885 0 0 0 0.2791666658653846 0.003125 0.5625 0.396875 0.4458333341346154 0.3999710649038462 0 0 0
1885 0.3999713317307692 0 0.396875 0.44999999999999996 0.996875 0.7166666658653846 0.996875 0.20833333413461538 0.996875 0 0.3999713317307692 0
1708 0.609375 0.6875 0.621875 0.6958333341346153 0.621875 0.6875 0.6875 0.6499999999999999 0.690625 0.5541666658653847 0.6937500000000001 0.7458333341346154 0.7093750000000001 0.7458333341346154 0.7093750000000001 0.4833333341346154 0.6125 0.5083333341346153 0.609375 0.6875
1714 0.34687500000000004 0.5416666658653846 0.38125 0.5291666658653846 0.37812500000000004 0.5625 0.390625 0.5625 0.384375 0.4041666658653846 0.34062499999999996 0.41666666586538464 0.34687500000000004 0.5416666658653846
1714 0.4625 0.6 0.509375 0.5791666658653847 0.509375 0.6291666658653846 0.51875 0.6333333341346153 0.5125 0.4291666658653846 0.459375 0.4541666658653846 0.4625 0.6
1711 0.9906250000000001 0.6666666658653846 0.996875 0.5375 0.8843749999999999 0.6041666658653846 0.875 0.8458333341346154 0.890625 0.8374999999999999 0.98125 0.7458333341346154 0.98125 0.6625000000000001 0.9906250000000001 0.6666666658653846
792 0 0.9916796875 0.996875 0.9958333341346154 0.9937499999999999 0.7166666658653846 0.39375000000000004 0.4458333341346154 0.003125 0.5625 0 0.7770833341346154 0 0.9916796875