1916 0.3620684951923077 0 0.382 0.7759999999999999 0.564 0.9946666658653847 1 0.9973211562500001 1 0 0.3620684951923077 0
1916 0.12400000000000001 0.27733333413461536 0.13 0.40266666586538463 0.35400000000000004 0.5653333341346154 0.374 0.5760000000000001 0.364 0.192 0.12400000000000001 0.27733333413461536
402 0.003974358173076923 0 0.002 0.20533333413461538 0.09 0.20800000000000002 0.098 0.19733333413461537 0.11800000000000001 0.2 0.3153684230769231 0 0.003974358173076923 0
1027 0.054 0.061333334134615385 0.048 0.09066666586538462 0.108 0.096 0.12000000000000001 0.06933333413461538 0.054 0.061333334134615385
1027 0.042 0.128 0.038 0.14400000000000002 0.084 0.14666666586538463 0.092 0.128 0.042 0.128
1027 0.068 0.184 0.074 0.16533333413461537 0.034 0.16533333413461537 0.032 0.1813333341346154 0.068 0.184
1027 0.026000000000000002 0.2026666658653846 0.058 0.2026666658653846 0.064 0.18933333413461537 0.028 0.192 0.026000000000000002 0.2026666658653846
755 0.04 0.032 0.038 0.018666665865384617 0.024 0.016 0.02 0.005333334134615384 0.01 0.013333334134615385 0.008 0.026666665865384614 0.01 0.04 0.01 0.05066666586538461 0.012 0.05866666586538461 0.01 0.06666666586538461 0.016 0.05866666586538461 0.028 0.05866666586538461 0.038 0.053333334134615384 0.09 0.064 0.04 0.048 0.106 0.045333334134615384 0.108 0.04 0.04 0.04266666586538462 0.04 0.032
145 0.146 0.7493333341346153 0.148 0.7653333341346154 0.264 0.7413333341346154 0.264 0.7253333341346154 0.23600000000000002 0.7333333341346153 0.222 0.512 0.266 0.5066666658653847 0.262 0.45866666586538457 0.23 0.4613333341346154 0.21 0.4373333341346154 0.21 0.424 0.10400000000000001 0.43466666586538466 0.098 0.4693333341346154 0.12000000000000001 0.5173333341346154 0.164 0.52 0.176 0.7413333341346154 0.146 0.7493333341346153
1286 0.092 0.3306666658653846 0.082 0.34666666586538464 0.07 0.3733333341346154 0.060000000000000005 0.44 0.054 0.4826666658653846 0.046 0.5173333341346154 0.056 0.5306666658653846 0.07200000000000001 0.536 0.078 0.5253333341346154 0.07 0.5013333341346153 0.082 0.4666666658653846 0.096 0.41066666586538464 0.114 0.3813333341346154 0.132 0.3893333341346154 0.13 0.368 0.12400000000000001 0.34133333413461536 0.128 0.336 0.13 0.3226666658653846 0.13 0.3146666658653846 0.128 0.3093333341346154 0.12000000000000001 0.296 0.11 0.296 0.10200000000000001 0.312 0.092 0.3306666658653846
1562 0.206 0.2106666658653846 0.218 0.2026666658653846 0.218 0.1306666658653846 0.20400000000000001 0.13866666586538462 0.206 0.2106666658653846
1562 0.25 0.22933333413461537 0.26999999999999996 0.2213333341346154 0.268 0.1333333341346154 0.246 0.14400000000000002 0.25 0.22933333413461537
1562 0.28800000000000003 0.20533333413461538 0.314 0.19733333413461537 0.31 0.037333334134615384 0.286 0.053333334134615384 0.28800000000000003 0.20533333413461538
1562 0.19 0.19733333413461537 0.2 0.192 0.196 0.1493333341346154 0.188 0.15466666586538463 0.19 0.19733333413461537
1885 0.31341333413461536 0 0.12200000000000001 0.19733333413461537 0.098 0.19466666586538464 0.098 0.22933333413461537 0.10400000000000001 0.34933333413461537 0.372 0.5573333341346154 0.36005714182692306 0 0.31341333413461536 0
1885 0.098 0.192 0.09 0.20533333413461538 0.004 0.20533333413461538 0.002 0.272 0.002 0.34933333413461537 0.094 0.33866666586538463 0.1 0.34933333413461537 0.098 0.192
1913 0.054 0.40266666586538463 0.056 0.32 0.002 0.32 0.002 0.40266666586538463 0.054 0.40266666586538463
792 0.1 0.34933333413461537 0.096 0.336 0.004 0.34933333413461537 0.004 0.9920000000000001 0.564 0.9973333341346154 0.382 0.7759999999999999 0.372 0.5573333341346154 0.10400000000000001 0.34933333413461537 0.1 0.34933333413461537