1942 0.7749999999999999 0.008333334134615384 0.7593749999999999 0.2166666658653846 0.925 0.2375 0.953125 0.0125 0.7749999999999999 0.008333334134615384
1942 0.621875 0.008333334134615384 0.6125 0.1958333341346154 0.746875 0.21250000000000002 0.7625 0.0041666658653846155 0.621875 0.008333334134615384
1942 0.5436111129807693 0 0.5375 0.1833333341346154 0.578125 0.1875 0.584375 0.0041666658653846155 0.5703125 0 0.5436111129807693 0
1942 0.48423611298076924 0 0.478125 0.1833333341346154 0.521875 0.1875 0.5341032596153846 0 0.48423611298076924 0
1942 0.40291193028846156 0 0.39375000000000004 0.1791666658653846 0.453125 0.1791666658653846 0.4625 0 0.40291193028846156 0
1942 0.303125 0 0.303125 0.16666666586538462 0.375 0.17083333413461538 0.384375 0 0.303125 0
1942 0.153203125 0 0.15625 0.16249999999999998 0.25625 0.16666666586538462 0.259375 0 0.153203125 0
1942 0.003125 0 0.003125 0.1541666658653846 0.134375 0.16249999999999998 0.134375 0 0.003125 0
1913 0.659375 0.4125 0.653125 0.5375 0.65625 0.5333333341346154 0.653125 0.5416666658653846 0.6937500000000001 0.5166666658653847 0.6937500000000001 0.5041666658653846 0.70625 0.4958333341346154 0.7124999999999999 0.3458333341346154 0.70625 0.3125 0.6125 0.2958333341346154 0.60625 0.2916666658653846 0.60625 0.2458333341346154 0.58125 0.2375 0.571875 0.2458333341346154 0.56875 0.3 0.51875 0.3083333341346154 0.6125 0.32499999999999996 0.6187499999999999 0.36250000000000004 0.6156250000000001 0.4 0.659375 0.4125
1913 0.5375 0.44999999999999996 0.534375 0.5916666658653846 0.603125 0.5583333341346154 0.6156250000000001 0.36250000000000004 0.6125 0.3291666658653846 0.515625 0.3083333341346154 0.49375 0.3083333341346154 0.490625 0.2458333341346154 0.446875 0.2458333341346154 0.44375 0.3166666658653846 0.42500000000000004 0.3166666658653846 0.43125 0.3291666658653846 0.478125 0.3416666658653846 0.490625 0.38749999999999996 0.490625 0.4291666658653846 0.5375 0.44999999999999996
1913 0.38125 0.5083333341346153 0.38125 0.6833333341346154 0.478125 0.625 0.478125 0.6125 0.484375 0.6083333341346153 0.48750000000000004 0.3916666658653846 0.478125 0.3458333341346154 0.365625 0.3208333341346154 0.32499999999999996 0.3208333341346154 0.32499999999999996 0.2583333341346154 0.271875 0.2541666658653846 0.26875 0.33333333413461536 0.246875 0.3375 0.25 0.3666666658653846 0.278125 0.3791666658653846 0.2875 0.4416666658653846 0.290625 0.48750000000000004 0.38125 0.5083333341346153
1913 0.115625 0.6041666658653846 0.12187500000000001 0.8374999999999999 0.28125 0.7416666658653847 0.28125 0.7291666658653846 0.29375 0.7208333341346154 0.2875 0.4416666658653846 0.271875 0.3791666658653846 0.159375 0.3458333341346154 0.075 0.35416666586538464 0.06875 0.2666666658653846 0.003125 0.2625 0.003125 0.5375 0.115625 0.6041666658653846
1837 0.859375 0.5625 0.953125 0.5875 0.9593750000000001 0.5916666658653846 0.98125 0.55 0.996875 0.3458333341346154 0.9281250000000001 0.33333333413461536 0.934375 0.2791666658653846 0.90625 0.275 0.8999999999999999 0.2833333341346154 0.89375 0.33333333413461536 0.875 0.3375 0.8625 0.375 0.8531249999999999 0.5541666658653847 0.8531249999999999 0.5666666658653846 0.859375 0.5666666658653846 0.859375 0.5625
1885 0.6000289350961538 0 0.603125 0.4458333341346154 0.996875 0.5625 1 0.2791666658653846 1 0 0.6000289350961538 0
1885 0.003125 0 0.003125 0.20833333413461538 0.003125 0.7166666658653846 0.603125 0.44999999999999996 0.6000286682692308 0 0.003125 0
1708 0.38749999999999996 0.5083333341346153 0.290625 0.4833333341346154 0.290625 0.7458333341346154 0.30625 0.7458333341346154 0.30937499999999996 0.5541666658653847 0.3125 0.6499999999999999 0.37812500000000004 0.6875 0.37812500000000004 0.6958333341346153 0.390625 0.6875 0.38749999999999996 0.5083333341346153
1714 0.659375 0.41666666586538464 0.6156250000000001 0.4041666658653846 0.609375 0.5625 0.621875 0.5625 0.6187499999999999 0.5291666658653846 0.653125 0.5416666658653846 0.659375 0.41666666586538464
1714 0.540625 0.4541666658653846 0.48750000000000004 0.4291666658653846 0.48124999999999996 0.6333333341346153 0.490625 0.6291666658653846 0.490625 0.5791666658653847 0.5375 0.6 0.540625 0.4541666658653846
1711 0.01875 0.6625000000000001 0.01875 0.7458333341346154 0.109375 0.8374999999999999 0.125 0.8458333341346154 0.115625 0.6041666658653846 0.003125 0.5375 0.009375 0.6666666658653846 0.01875 0.6625000000000001
792 1 0.7770833341346154 0.996875 0.5625 0.60625 0.4458333341346154 0.00625 0.7166666658653846 0.003125 0.9958333341346154 1 0.9916796875 1 0.7770833341346154