402 0.5890625 0 0.7390625 0.010416665865384615 0.7572916682692308 0 0.5890625 0
655 0.284375 0.55 0.4140625 0.5479166658653847 0.41874999999999996 0.1270833341346154 0.28125 0.12291666586538462 0.284375 0.55
1802 0.4921875 0.5729166658653846 0.4921875 0.6020833341346153 0.5421875 0.5979166658653846 0.540625 0.5708333341346153 0.5515625 0.5729166658653846 0.5546875 0.4354166658653846 0.5515625 0.4375 0.5484375 0.3270833341346154 0.5546875 0.32291666586538464 0.534375 0.2916666658653846 0.5015625 0.2854166658653846 0.4671875 0.2895833341346154 0.4546875 0.2895833341346154 0.44843750000000004 0.3020833341346154 0.44375 0.3104166658653846 0.44375 0.3354166658653846 0.44843750000000004 0.3458333341346154 0.4453125 0.43125 0.42500000000000004 0.43125 0.4078125 0.4395833341346154 0.4078125 0.4729166658653846 0.375 0.5416666658653846 0.37968749999999996 0.5604166658653846 0.39531249999999996 0.5708333341346153 0.44375 0.48958333413461536 0.44062500000000004 0.55 0.44999999999999996 0.5708333341346153 0.46562499999999996 0.5666666658653846 0.46562499999999996 0.48958333413461536 0.47968750000000004 0.48958333413461536 0.4921875 0.5729166658653846
1523 0.11249999999999999 0.4229166658653846 0.003125 0.53125 0.00625 0.9583333341346154 0.1796875 0.5375 0.1765625 0.41666666586538464 0.11249999999999999 0.4229166658653846
1314 0.1765625 0.2666666658653846 0.17812499999999998 0.3604166658653846 0.26875 0.3583333341346154 0.26875 0.2666666658653846 0.1765625 0.2666666658653846
1314 0.55625 0.3604166658653846 0.640625 0.36250000000000004 0.64375 0.275 0.55625 0.275 0.55625 0.3604166658653846
1314 0.7984374999999999 0.3520833341346154 0.9078124999999999 0.375 0.9156249999999999 0.11458333413461538 0.8046875 0.13541666586538462 0.7984374999999999 0.3520833341346154
1523 1 0.6729901947115385 0.7359374999999999 0.6854166658653846 0.7296875 0.9520833341346153 0.76875 0.9958333341346154 1 0.9958333341346154 1 0.6729901947115385
180 0.8828125 0.7083333341346154 0.8984375 0.6770833341346154 0.9078124999999999 0.6375 0.9109375 0.6208333341346154 0.903125 0.6020833341346153 0.8921874999999999 0.5979166658653846 0.8687499999999999 0.6020833341346153 0.840625 0.6145833341346154 0.8140624999999999 0.6270833341346154 0.7828124999999999 0.6208333341346154 0.7515624999999999 0.6083333341346153 0.746875 0.6145833341346154 0.7484375000000001 0.6333333341346153 0.7515624999999999 0.65625 0.7593749999999999 0.6791666658653847 0.76875 0.70625 0.784375 0.7104166658653847 0.8109375000000001 0.7166666658653846 0.8531249999999999 0.71875 0.8828125 0.7083333341346154
1802 0.55625 0.7145833341346154 0.565625 0.73125 0.5671875 0.7541666658653846 0.575 0.78125 0.603125 0.79375 0.6296875 0.8020833341346154 0.659375 0.8041666658653847 0.7124999999999999 0.7979166658653847 0.7296875 0.7770833341346154 0.7250000000000001 0.7437499999999999 0.73125 0.7 0.734375 0.6791666658653847 0.7296875 0.6625000000000001 0.7046874999999999 0.6604166658653846 0.6859375000000001 0.6625000000000001 0.6812499999999999 0.65625 0.6937500000000001 0.6083333341346153 0.6812499999999999 0.6 0.659375 0.6125 0.6359375 0.6333333341346153 0.628125 0.6541666658653846 0.6140625 0.6395833341346153 0.603125 0.6458333341346154 0.5921875 0.6187499999999999 0.578125 0.6104166658653847 0.55625 0.5875 0.5453125 0.59375 0.553125 0.6187499999999999 0.5640625 0.6270833341346154 0.5703125 0.6395833341346153 0.584375 0.6479166658653847 0.58125 0.6729166658653847 0.553125 0.6916666658653846 0.55625 0.7145833341346154
1802 0.44062500000000004 0.7583333341346153 0.46875 0.7583333341346153 0.49531250000000004 0.75 0.503125 0.7333333341346153 0.49375 0.7124999999999999 0.475 0.7041666658653847 0.4546875 0.70625 0.4515625 0.6791666658653847 0.4671875 0.6770833341346154 0.47187500000000004 0.6645833341346153 0.459375 0.6625000000000001 0.45625000000000004 0.6541666658653846 0.43281250000000004 0.65625 0.428125 0.66875 0.43281250000000004 0.66875 0.44062500000000004 0.6791666658653847 0.4359375 0.7041666658653847 0.4234375 0.7104166658653847 0.4078125 0.7104166658653847 0.396875 0.7145833341346154 0.3921875 0.7354166658653847 0.39531249999999996 0.7541666658653846 0.4140625 0.7583333341346153 0.44062500000000004 0.7583333341346153
754 0.6375 0.13541666586538462 0.6515625 0.1479166658653846 0.653125 0.16249999999999998 0.64375 0.1833333341346154 0.65625 0.1875 0.6625000000000001 0.1833333341346154 0.659375 0.1645833341346154 0.6625000000000001 0.1479166658653846 0.6703125000000001 0.1479166658653846 0.6796875 0.1479166658653846 0.690625 0.14375 0.6937500000000001 0.13125 0.6937500000000001 0.11458333413461538 0.684375 0.11249999999999999 0.6765625 0.11875 0.675 0.11249999999999999 0.6812499999999999 0.10833333413461539 0.6859375000000001 0.09791666586538463 0.6812499999999999 0.08333333413461538 0.671875 0.07916666586538461 0.659375 0.08124999999999999 0.65625 0.1 0.659375 0.10833333413461539 0.6499999999999999 0.10833333413461539 0.6390625000000001 0.10833333413461539 0.6343749999999999 0.11875 0.6375 0.13541666586538462
180 1 0.7595238100961539 0.9796875 0.7479166658653846 0.971875 0.7583333341346153 0.9671875000000001 0.7854166658653846 0.934375 0.7875000000000001 0.9375 0.8395833341346154 0.953125 0.8520833341346153 0.9984375000000001 0.8500000000000001 1 0.8052083341346153 1 0.7595238100961539
1885 0.09687499999999999 0 0.1109375 0.5458333341346153 0.7093750000000001 0.5458333341346153 0.7390625 0.014583334134615385 0.590625 0 0.09687499999999999 0
1885 0.7609375 0 0.7390625 0.014583334134615385 0.7109375 0.5458333341346153 0.9984375000000001 0.7604166658653846 1 0.38020833413461536 1 0 0.7609375 0
1885 0.003120855769230769 0 0.0015625 0.7833333341346154 0.1109375 0.5458333341346153 0.09687499999999999 0 0.003120855769230769 0
792 1 0.7592691634615385 0.7093750000000001 0.5458333341346153 0.11249999999999999 0.5458333341346153 0.0015625 0.7833333341346154 0.0015625 0.9958333341346154 0.4671875 0.9958333341346154 1 0.9937560913461538 1 0.7592691634615385
1230 0.3296875 0.48958333413461536 0.375 0.4916666658653846 0.37187499999999996 0.24375000000000002 0.3296875 0.2416666658653846 0.3296875 0.48958333413461536