402 0.24270833173076925 0 0.2609375 0.010416665865384615 0.41093749999999996 0 0.24270833173076925 0
655 0.71875 0.12291666586538462 0.58125 0.1270833341346154 0.5859375 0.5479166658653847 0.715625 0.55 0.71875 0.12291666586538462
1802 0.5203125 0.48958333413461536 0.534375 0.48958333413461536 0.534375 0.5666666658653846 0.55 0.5708333341346153 0.559375 0.55 0.55625 0.48958333413461536 0.6046875 0.5708333341346153 0.6203125 0.5604166658653846 0.625 0.5416666658653846 0.5921875 0.4729166658653846 0.5921875 0.4395833341346154 0.575 0.43125 0.5546875 0.43125 0.5515625 0.3458333341346154 0.55625 0.3354166658653846 0.55625 0.3104166658653846 0.5515625 0.3020833341346154 0.5453125 0.2895833341346154 0.5328125 0.2895833341346154 0.4984375 0.2854166658653846 0.46562499999999996 0.2916666658653846 0.4453125 0.32291666586538464 0.4515625 0.3270833341346154 0.44843750000000004 0.4375 0.4453125 0.4354166658653846 0.44843750000000004 0.5729166658653846 0.459375 0.5708333341346153 0.45781249999999996 0.5979166658653846 0.5078125 0.6020833341346153 0.5078125 0.5729166658653846 0.5203125 0.48958333413461536
1523 0.8234375 0.41666666586538464 0.8203125 0.5375 0.9937499999999999 0.9583333341346154 0.996875 0.53125 0.8875 0.4229166658653846 0.8234375 0.41666666586538464
1314 0.73125 0.2666666658653846 0.73125 0.3583333341346154 0.8218749999999999 0.3604166658653846 0.8234375 0.2666666658653846 0.73125 0.2666666658653846
1314 0.44375 0.275 0.35624999999999996 0.275 0.359375 0.36250000000000004 0.44375 0.3604166658653846 0.44375 0.275
1314 0.1953125 0.13541666586538462 0.084375 0.11458333413461538 0.0921875 0.375 0.20156249999999998 0.3520833341346154 0.1953125 0.13541666586538462
1523 0 0.9958333341346154 0.23125 0.9958333341346154 0.2703125 0.9520833341346153 0.2640625 0.6854166658653846 0 0.6729901947115385 0 0.9958333341346154
180 0.146875 0.71875 0.18906250000000002 0.7166666658653846 0.215625 0.7104166658653847 0.23125 0.70625 0.24062499999999998 0.6791666658653847 0.24843749999999998 0.65625 0.2515625 0.6333333341346153 0.253125 0.6145833341346154 0.24843749999999998 0.6083333341346153 0.21718749999999998 0.6208333341346154 0.18593749999999998 0.6270833341346154 0.159375 0.6145833341346154 0.13125 0.6020833341346153 0.1078125 0.5979166658653846 0.09687499999999999 0.6020833341346153 0.08906249999999999 0.6208333341346154 0.0921875 0.6375 0.1015625 0.6770833341346154 0.1171875 0.7083333341346154 0.146875 0.71875
1802 0.446875 0.6916666658653846 0.41874999999999996 0.6729166658653847 0.415625 0.6479166658653847 0.4296875 0.6395833341346153 0.4359375 0.6270833341346154 0.446875 0.6187499999999999 0.4546875 0.59375 0.44375 0.5875 0.421875 0.6104166658653847 0.4078125 0.6187499999999999 0.396875 0.6458333341346154 0.38593750000000004 0.6395833341346153 0.37187499999999996 0.6541666658653846 0.36406249999999996 0.6333333341346153 0.34062499999999996 0.6125 0.31875 0.6 0.30625 0.6083333341346153 0.31875 0.65625 0.3140625 0.6625000000000001 0.2953125 0.6604166658653846 0.2703125 0.6625000000000001 0.265625 0.6791666658653847 0.26875 0.7 0.275 0.7437499999999999 0.2703125 0.7770833341346154 0.2875 0.7979166658653847 0.34062499999999996 0.8041666658653847 0.37031250000000004 0.8020833341346154 0.396875 0.79375 0.42500000000000004 0.78125 0.43281250000000004 0.7541666658653846 0.43437499999999996 0.73125 0.44375 0.7145833341346154 0.446875 0.6916666658653846
1802 0.5859375 0.7583333341346153 0.6046875 0.7541666658653846 0.6078125 0.7354166658653847 0.603125 0.7145833341346154 0.5921875 0.7104166658653847 0.5765625 0.7104166658653847 0.5640625 0.7041666658653847 0.559375 0.6791666658653847 0.5671875 0.66875 0.571875 0.66875 0.5671875 0.65625 0.54375 0.6541666658653846 0.540625 0.6625000000000001 0.528125 0.6645833341346153 0.5328125 0.6770833341346154 0.5484375 0.6791666658653847 0.5453125 0.70625 0.525 0.7041666658653847 0.50625 0.7124999999999999 0.49687499999999996 0.7333333341346153 0.5046875 0.75 0.53125 0.7583333341346153 0.559375 0.7583333341346153 0.5859375 0.7583333341346153
754 0.365625 0.11875 0.3609375 0.10833333413461539 0.35 0.10833333413461539 0.34062499999999996 0.10833333413461539 0.34375 0.1 0.34062499999999996 0.08124999999999999 0.328125 0.07916666586538461 0.31875 0.08333333413461538 0.3140625 0.09791666586538463 0.31875 0.10833333413461539 0.32499999999999996 0.11249999999999999 0.32343750000000004 0.11875 0.31562500000000004 0.11249999999999999 0.30625 0.11458333413461538 0.30625 0.13125 0.30937499999999996 0.14375 0.3203125 0.1479166658653846 0.3296875 0.1479166658653846 0.3375 0.1479166658653846 0.34062499999999996 0.1645833341346154 0.3375 0.1833333341346154 0.34375 0.1875 0.35624999999999996 0.1833333341346154 0.34687500000000004 0.16249999999999998 0.34843749999999996 0.1479166658653846 0.36250000000000004 0.13541666586538462 0.365625 0.11875
180 0 0.8052083341346153 0.0015625 0.8500000000000001 0.046875 0.8520833341346153 0.0625 0.8395833341346154 0.065625 0.7875000000000001 0.0328125 0.7854166658653846 0.028124999999999997 0.7583333341346153 0.020312499999999997 0.7479166658653846 0 0.7595238100961539 0 0.8052083341346153
1885 0.40937500000000004 0 0.2609375 0.014583334134615385 0.290625 0.5458333341346153 0.8890625000000001 0.5458333341346153 0.903125 0 0.40937500000000004 0
1885 0 0 0 0.38020833413461536 0.0015625 0.7604166658653846 0.2890625 0.5458333341346153 0.2609375 0.014583334134615385 0.2390625 0 0 0
1885 0.903125 0 0.8890625000000001 0.5458333341346153 0.9984375000000001 0.7833333341346154 0.9968791442307693 0 0.903125 0
792 0 0.9937560913461538 0.5328125 0.9958333341346154 0.9984375000000001 0.9958333341346154 0.9984375000000001 0.7833333341346154 0.8875 0.5458333341346153 0.290625 0.5458333341346153 0 0.7592691634615385 0 0.9937560913461538
1230 0.6703125000000001 0.2416666658653846 0.628125 0.24375000000000002 0.625 0.4916666658653846 0.6703125000000001 0.48958333413461536 0.6703125000000001 0.2416666658653846