277 0.12854030528846153 0 0.13289760336538461 0.049261084134615385 0.9629629639423077 0.9950738918269231 0.9978213509615385 0.9950738918269231 0.9978213509615385 0 0.12854030528846153 0
279 0.6470588245192308 0.01970443269230769 0.6448801754807693 0.11822660096153846 0.9215686274038462 0.2807881778846154 0.9237472764423077 0.16748768509615383 0.6470588245192308 0.01970443269230769
279 0.6427015240384615 0.13793103365384615 0.640522875 0.22167487740384614 0.9193899783653846 0.4236453197115385 0.9237472764423077 0.30049261057692306 0.6427015240384615 0.13793103365384615
279 0.6470588245192308 0.2512315264423077 0.6427015240384615 0.32019704326923076 0.91285403125 0.5566502451923078 0.9172113293269231 0.4433497548076923 0.6470588245192308 0.2512315264423077
279 0.41394335576923075 0.004926108173076923 0.41394335576923075 0.049261084134615385 0.6274509807692308 0.21182266105769232 0.6252723317307692 0.11330049278846153 0.44662309375000003 0.009852216346153846 0.41394335576923075 0.004926108173076923
279 0.41394335576923075 0.06403940865384615 0.4095860576923077 0.1280788173076923 0.6252723317307692 0.30541871875 0.6274509807692308 0.22660098557692307 0.41394335576923075 0.06403940865384615
279 0.4095860576923077 0.13793103365384615 0.4095860576923077 0.2068965528846154 0.6339869278846154 0.41379310336538466 0.6339869278846154 0.33497537019230766 0.4095860576923077 0.13793103365384615
279 0.6688453149038461 0.47290640384615384 0.41394335576923075 0.23152709375 0.4117647067307692 0.2758620697115385 0.6383442259615385 0.5123152716346154 0.664488016826923 0.541871920673077 0.6688453149038461 0.47290640384615384
1708 0.8845315913461539 0.8275862067307693 0.9520697163461538 0.8817733990384615 0.9302832235576923 0.9901477836538461 0.9694989110576924 0.9950738918269231 0.9716775600961539 0.9064039399038462 0.9978213509615385 0.926108375 0.9978213509615385 0.7389162572115384 0.7015250552884615 0.47290640384615384 0.6666666658653846 0.5566502451923078 0.6688453149038461 0.6403940889423076 0.6862745096153847 0.6453201971153846 0.6840958605769232 0.5911330048076923 0.8671023966346154 0.7931034471153846 0.8431372548076923 0.926108375 0.8474945528846154 0.9408866995192308 0.869281045673077 0.852216747596154 0.8801742908653847 0.9901477836538461 0.8954248365384616 0.9950738918269231 0.8845315913461539 0.8275862067307693
279 0.7298474951923077 0.45812807932692307 0.6688453149038461 0.5073891634615385 0.6688453149038461 0.5517241370192308 0.7189542475961539 0.6009852211538461 0.9956427019230769 0.9162561586538461 0.9978213509615385 0.625615764423077 0.9869281057692307 0.6108374375 0.9651416129807693 0.6403940889423076 0.7298474951923077 0.45812807932692307
279 0.3638344230769231 0.15270936057692308 0.28976034855769234 0.09359606009615384 0.2875816995192308 0.12315270913461539 0.35729847596153846 0.20197044230769232 0.3638344230769231 0.15270936057692308
276 0.5294117644230769 0.7093596057692307 0.16775599038461536 0.1280788173076923 0.03921568509615385 0.22660098557692307 0.3137254903846154 0.9901477836538461 0.41394335576923075 0.9950738918269231 0.4117647067307692 0.8719211826923078 0.5228758173076924 0.7881773389423077 0.5294117644230769 0.7093596057692307
276 0.6296296298076923 0.7142857139423077 0.4161220048076923 0.8719211826923078 0.41394335576923075 0.9901477836538461 0.4814814807692308 0.9950738918269231 0.8431372548076923 0.9950738918269231 0.6296296298076923 0.7142857139423077
279 0.2788671033653846 0.7241379302884615 0.33333333413461536 0.8275862067307693 0.40522875721153845 0.7931034471153846 0.39869281009615387 0.6354679807692307 0.3899782139423077 0.6354679807692307 0.39215686298076924 0.625615764423077 0.39869281009615387 0.625615764423077 0.4008714591346154 0.5812807884615384 0.38126361538461534 0.5270935961538462 0.2875816995192308 0.5665024639423077 0.2788671033653846 0.7241379302884615
792 0.004368081730769231 0 0.006535947115384615 0.9901477836538461 0.9629629639423077 0.9901477836538461 0.13507625240384616 0.04433497596153846 0.12919389903846154 0 0.004368081730769231 0
279 0.43790849759615386 0.5812807884615384 0.4335511971153846 0.7142857139423077 0.4575163389423077 0.7487684735576923 0.5163398701923076 0.7093596057692307 0.5163398701923076 0.5862068966346153 0.49237472836538465 0.5517241370192308 0.43790849759615386 0.5812807884615384
268 0.28976034855769234 0.5517241370192308 0.3420479302884616 0.4975369447115385 0.3180827884615385 0.4433497548076923 0.27233115384615386 0.4975369447115385 0.28976034855769234 0.5517241370192308
279 0.1764705889423077 0.4876847283653846 0.1830065360576923 0.47783251201923077 0.19607843028846156 0.4975369447115385 0.23965141586538463 0.4876847283653846 0.23965141586538463 0.45812807932692307 0.24836601201923078 0.4384236442307692 0.23311546875 0.3842364543269231 0.17864923798076923 0.40886699519230774 0.1764705889423077 0.42857142788461544 0.16775599038461536 0.4384236442307692 0.1764705889423077 0.4876847283653846
279 0.38562091586538466 0.4630541875 0.38562091586538466 0.5073891634615385 0.4400871466346154 0.45320197115384614 0.4400871466346154 0.37931034375 0.40740740625 0.3596059110576923 0.359477125 0.4039408870192308 0.38562091586538466 0.4630541875
279 0.13289760336538461 0.33497537019230766 0.13289760336538461 0.3596059110576923 0.1764705889423077 0.3399014783653846 0.17211329086538463 0.2857142860576923 0.1830065360576923 0.24137931009615385 0.17429193990384617 0.21182266105769232 0.1699346394230769 0.17733990144230768 0.12200435817307692 0.17733990144230768 0.12200435817307692 0.2512315264423077 0.13289760336538461 0.33497537019230766
279 0.5904139423076923 0.8029556658653847 0.5620915024038461 0.7586206899038461 0.48801743028846156 0.8374384230769232 0.47058823557692303 0.926108375 0.4901960793269231 0.9802955673076923 0.5163398701923076 0.9852216754807692 0.5228758173076924 0.9014778317307692 0.5904139423076923 0.8325123149038463 0.5904139423076923 0.8029556658653847