402 0.0078125 0 0.0078125 0.29296875 0.25 0.2890625 1 0.14528011778846153 1 0 0.0078125 0
1643 1 0.181640625 0.99609375 0.14453125 0.25390625 0.2890625 0.2578125 0.5703125 1 0.8073462019230769 1 0.181640625
1885 0.25390625 0.5078125 0.2578125 0.2890625 0.00390625 0.2890625 0.00390625 0.36328125 0.00390625 0.5234375 0.25390625 0.5078125
1648 0.01171875 0.62109375 0.0078125 0.9921875 0.5546875 0.9921875 0.01171875 0.62109375
1714 0.56640625 0.59765625 0.5703125 0.671875 0.5859375 0.6640625 0.58203125 0.57421875 0.48046875 0.546875 0.296875 0.55078125 0.3671875 0.59765625 0.37109375 0.6171875 0.56640625 0.59765625
649 0.41796875 0.48828125 0.40234375 0.48828125 0.4140625 0.37890625 0.3203125 0.375 0.30859375 0.48046875 0.2890625 0.48828125 0.3125 0.59765625 0.3359375 0.6015625 0.30078125 0.609375 0.30078125 0.70703125 0.328125 0.72265625 0.3046875 0.74609375 0.3046875 0.83203125 0.41796875 0.84375 0.4375 0.82421875 0.42578125 0.71484375 0.43359375 0.71484375 0.4375 0.609375 0.390625 0.61328125 0.38671875 0.58984375 0.421875 0.5859375 0.41796875 0.48828125
792 1 0.90234375 0.99609375 0.80859375 0.25390625 0.56640625 0.0078125 0.609375 0.55859375 0.9921875 1 0.9960594855769231 1 0.90234375
128 0.515625 0.6796875 0.51171875 0.71875 0.48828125 0.72265625 0.484375 0.8125 0.578125 0.86328125 0.6171875 0.859375 0.73828125 0.83984375 0.74609375 0.90625 0.828125 0.90625 0.828125 0.9375 0.8359375 0.93359375 0.83984375 0.74609375 0.7265625 0.703125 0.71875 0.70703125 0.71484375 0.68359375 0.69140625 0.66015625 0.515625 0.6796875
128 0.99609375 0.72265625 0.91015625 0.703125 0.8828125 0.6484375 0.71875 0.6640625 0.71875 0.69921875 0.83984375 0.74609375 0.84375 0.93359375 0.859375 0.93359375 0.85546875 0.8984375 0.99609375 0.875 0.99609375 0.72265625
128 0.5625 0.98828125 0.9453125 0.98828125 0.94921875 0.94140625 0.9296875 0.91796875 0.8359375 0.9453125 0.74609375 0.90234375 0.73828125 0.83984375 0.58203125 0.8671875 0.48828125 0.8203125 0.45703125 0.8203125 0.4375 0.82421875 0.43359375 0.90234375 0.5625 0.98828125
279 0.85546875 0.23828125 0.81640625 0.23828125 0.8125 0.30078125 0.98828125 0.29296875 0.99609375 0.22265625 0.91796875 0.2265625 0.9140625 0.23828125 0.9140625 0.2265625 0.8828125 0.2265625 0.8828125 0.24609375 0.85546875 0.24609375 0.85546875 0.23828125
279 0.76171875 0.25390625 0.6640625 0.25390625 0.65625 0.31640625 0.76171875 0.30859375 0.78125 0.24609375 0.76953125 0.23828125 0.76171875 0.25390625
605 0.0078125 0.53125 0.01171875 0.6171875 0.30078125 0.796875 0.296875 0.5546875 0.30078125 0.55078125 0.296875 0.53125 0.265625 0.51171875 0.0078125 0.53125
279 0.64453125 0.453125 0.55078125 0.44921875 0.546875 0.49609375 0.64453125 0.51171875 0.64453125 0.453125
279 0.796875 0.47265625 0.7265625 0.47265625 0.70703125 0.51953125 0.796875 0.53515625 0.796875 0.47265625