1885 0.0033333341346153847 0 0.006666665865384615 0.08390022596153845 0.4516666658653846 0.07256235817307692 0.9983333341346154 0.08163265384615384 1 0.04081632692307692 1 0 0.0033333341346153847 0
1523 1 0.10317460336538462 0.9983333341346154 0.0770975048076923 0.005 0.08390022596153845 0.005 0.9931972788461538 0.9983333341346154 0.9931972788461538 1 0.5612244903846154 1 0.10317460336538462
279 0.7766666658653846 0.22448979567307692 0.7783333341346155 0.3083900216346154 0.8366666658653846 0.3061224495192308 0.8350000000000001 0.22222222115384616 0.7883333341346154 0.21315192788461537 0.7766666658653846 0.22448979567307692
268 0.7166666658653846 0.21315192788461537 0.7100000000000001 0.22448979567307692 0.715 0.3061224495192308 0.7749999999999999 0.30385487499999997 0.7683333341346154 0.2199546490384615 0.7166666658653846 0.21315192788461537
268 0.6383333341346155 0.22448979567307692 0.6433333341346154 0.30158730048076926 0.705 0.3061224495192308 0.7033333341346153 0.22222222115384616 0.6383333341346155 0.22448979567307692
279 0.78 0.5056689350961538 0.8 0.5034013605769231 0.8533333341346154 0.5102040817307693 0.8466666658653845 0.4036281177884616 0.7916666658653846 0.39229025 0.7733333341346154 0.41269841346153846 0.78 0.5056689350961538
279 0.715 0.5079365072115385 0.7783333341346155 0.5034013605769231 0.7716666658653846 0.4149659855769231 0.7183333341346153 0.40136054326923076 0.7066666658653846 0.41723356009615387 0.715 0.5079365072115385
279 0.6383333341346155 0.4988662139423077 0.7066666658653846 0.5056689350961538 0.7016666658653846 0.40816326442307693 0.6416666658653847 0.4036281177884616 0.63 0.4149659855769231 0.6383333341346155 0.4988662139423077
279 0.5666666658653846 0.5034013605769231 0.6316666658653846 0.5034013605769231 0.6266666658653846 0.4104308389423077 0.5666666658653846 0.40816326442307693 0.5666666658653846 0.5034013605769231
279 0.7883333341346154 0.6984126995192308 0.8 0.7097505673076923 0.8583333341346153 0.7074829927884616 0.8500000000000001 0.5941043076923077 0.7983333341346154 0.5918367355769231 0.7816666658653847 0.6031746033653846 0.7883333341346154 0.6984126995192308
268 0.7183333341346153 0.7074829927884616 0.7716666658653846 0.705215420673077 0.765 0.5963718822115385 0.7100000000000001 0.5986394567307692 0.705 0.6031746033653846 0.7116666658653846 0.705215420673077 0.7183333341346153 0.7074829927884616
268 0.6383333341346155 0.705215420673077 0.7016666658653846 0.705215420673077 0.6966666658653846 0.6031746033653846 0.6383333341346155 0.5986394567307692 0.635 0.6031746033653846 0.6383333341346155 0.705215420673077
268 0.5733333341346154 0.7074829927884616 0.6316666658653846 0.705215420673077 0.6266666658653846 0.6031746033653846 0.5683333341346154 0.5986394567307692 0.56 0.6054421778846154 0.5666666658653846 0.7006802716346154 0.5733333341346154 0.7074829927884616
268 0.48000000000000004 0.6984126995192308 0.55 0.7006802716346154 0.5466666658653846 0.5918367355769231 0.48166666586538465 0.5918367355769231 0.48000000000000004 0.6984126995192308
279 0.6316666658653846 0.8684807259615385 0.6466666658653846 0.9092970528846155 0.705 0.9047619038461538 0.6983333341346154 0.8049886610576924 0.6900000000000001 0.7868480721153847 0.6333333341346153 0.7868480721153847 0.6316666658653846 0.8684807259615385
279 0.7233333341346154 0.9070294783653845 0.7899999999999999 0.9024943317307692 0.7816666658653847 0.8027210889423078 0.7666666658653847 0.7845805 0.7100000000000001 0.7823129254807693 0.715 0.8616780048076923 0.7233333341346154 0.9070294783653845
279 0.56 0.9047619038461538 0.6216666658653847 0.9092970528846155 0.6266666658653846 0.8049886610576924 0.6166666658653847 0.7823129254807693 0.5616666658653846 0.7823129254807693 0.5616666658653846 0.7936507932692307 0.56 0.9047619038461538
279 0.48166666586538465 0.9047619038461538 0.5466666658653846 0.9092970528846155 0.5416666658653846 0.7913832211538462 0.535 0.775510204326923 0.48000000000000004 0.775510204326923 0.48000000000000004 0.7913832211538462 0.48166666586538465 0.9047619038461538
279 0.3883333341346154 0.5011337860576923 0.4566666658653846 0.5056689350961538 0.4566666658653846 0.40816326442307693 0.39666666586538457 0.3945578221153846 0.39 0.4036281177884616 0.3883333341346154 0.5011337860576923
279 0.37166666586538466 0.5034013605769231 0.3866666658653846 0.4965986394230769 0.3866666658653846 0.40816326442307693 0.385 0.39682539663461536 0.33333333413461536 0.3990929711538461 0.3166666658653846 0.41269841346153846 0.315 0.5056689350961538 0.37166666586538466 0.5034013605769231
279 0.23333333413461538 0.5873015865384615 0.23 0.7074829927884616 0.30166666586538465 0.7074829927884616 0.3133333341346154 0.6848072572115385 0.315 0.57596371875 0.24000000000000002 0.5736961442307693 0.23333333413461538 0.5873015865384615
279 0.3816666658653846 0.9092970528846155 0.46166666586538463 0.9092970528846155 0.46166666586538463 0.7913832211538462 0.455 0.7732426298076922 0.3866666658653846 0.7732426298076922 0.3816666658653846 0.7913832211538462 0.3816666658653846 0.9092970528846155
279 0.32 0.2267573701923077 0.32 0.3061224495192308 0.39 0.30385487499999997 0.39333333413461535 0.23129251682692306 0.3816666658653846 0.21768707451923078 0.335 0.2199546490384615 0.32 0.2267573701923077
279 0.175 0.2154195 0.1683333341346154 0.3083900216346154 0.22833333413461537 0.3083900216346154 0.255 0.30158730048076926 0.255 0.24489795913461537 0.2416666658653846 0.22448979567307692 0.175 0.2154195
279 0.16999999999999998 0.4058956923076923 0.1616666658653846 0.5079365072115385 0.22333333413461537 0.5079365072115385 0.2416666658653846 0.5034013605769231 0.2416666658653846 0.4058956923076923 0.18 0.3990929711538461 0.16999999999999998 0.4058956923076923
279 0.39 0.5804988653846154 0.39 0.7074829927884616 0.46 0.7074829927884616 0.46499999999999997 0.5782312932692307 0.3916666658653846 0.57596371875 0.39 0.5804988653846154
279 0.1616666658653846 0.7913832211538462 0.14333333413461538 0.9138321995192308 0.215 0.9160997740384615 0.23166666586538462 0.8979591826923077 0.23833333413461538 0.7845805 0.1833333341346154 0.7845805 0.1616666658653846 0.7913832211538462
1285 0.07 0.6145124711538462 0.06833333413461538 0.5873015865384615 0.061666665865384614 0.566893423076923 0.061666665865384614 0.5192743774038462 0.04833333413461539 0.4807256225961538 0.03666666586538461 0.4716553293269231 0.038333334134615385 0.44671201923076925 0.023333334134615382 0.39002267548076924 0.016666665865384615 0.35374149759615386 0.01 0.3242630384615385 0.006666665865384615 0.9841269831730769 0.07 0.9886621322115385 0.05833333413461539 0.8072562355769232 0.060000000000000005 0.7619047620192307 0.04666666586538462 0.7097505673076923 0.04166666586538462 0.6666666658653846 0.06333333413461538 0.7120181394230769 0.0766666658653846 0.7913832211538462 0.09 0.8208616778846154 0.08833333413461539 0.8367346947115385 0.1 0.8526077091346154 0.10666666586538462 0.8662131514423077 0.12333333413461538 0.857142858173077 0.1316666658653846 0.8367346947115385 0.11666666586538461 0.8027210889423078 0.105 0.777777778846154 0.1 0.7301587307692308 0.08666666586538462 0.6870748293269231 0.08499999999999999 0.66439909375 0.07166666586538462 0.6326530600961539 0.07 0.6145124711538462
153 0.016666665865384615 0.9818594110576923 0.18166666586538463 0.9954648533653846 0.19333333413461537 0.9727891153846154 0.185 0.9387755096153847 0.17666666586538463 0.911564625 0.1616666658653846 0.8820861682692308 0.13833333413461538 0.8548752836538461 0.12333333413461538 0.8458049879807692 0.11333333413461538 0.8639455793269231 0.1 0.8503401370192307 0.1 0.832199545673077 0.09166666586538462 0.8140589567307692 0.08333333413461538 0.8072562355769232 0.07333333413461539 0.8049886610576924 0.056666665865384616 0.8231292524038462 0.05166666586538461 0.8458049879807692 0.053333334134615384 0.8662131514423077 0.03666666586538461 0.911564625 0.016666665865384615 0.9818594110576923
279 0.8716666658653847 0.5056689350961538 0.905 0.5056689350961538 0.9600000000000001 0.5079365072115385 0.9433333341346154 0.3990929711538461 0.9299999999999999 0.3945578221153846 0.9066666658653847 0.39682539663461536 0.8766666658653846 0.3945578221153846 0.865 0.3990929711538461 0.8716666658653847 0.5056689350961538