402 0.08 0 0.175 0.026666665865384614 0.41000000000000003 0 0.08 0
277 0.005 0.87 0.2675 0.72 0.265 0.40666666586538464 0.007500000000000001 0.4866666658653846 0.005 0.87
277 0.5225000000000001 0.7733333341346154 0.6125 0.6566666658653847 0.615 0.4633333341346154 0.2675 0.40666666586538464 0.265 0.7266666658653846 0.5225000000000001 0.7733333341346154
277 0.335 0.7266666658653846 0.295 0.78 0.3 0.8133333341346154 0.3025 0.9933333341346154 0.365 0.9966666658653847 0.535 0.7566666658653846 0.52 0.7166666658653846 0.42 0.7066666658653846 0.335 0.7266666658653846
277 0.005 0.4833333341346154 0.2575 0.40666666586538464 0.25 0.1633333341346154 0.005 0.15 0.005 0.4833333341346154
277 0.2675 0.40333333413461536 0.62 0.4466666658653846 0.6275000000000001 0.1633333341346154 0.26999999999999996 0.1566666658653846 0.2675 0.40333333413461536
852 0.9974999999999999 0.6666666658653846 0.95 0.66 0.9325 0.7333333341346153 0.9624999999999999 0.9933333341346154 0.9974999999999999 0.9966666658653847 0.9974999999999999 0.6666666658653846
268 0.9525 0.92 0.9450000000000001 0.8 0.84 0.8333333341346154 0.83 0.9466666658653846 0.9525 0.92
1027 0.535 0.02 0.5225000000000001 0.026666665865384614 0.515 0.016666665865384615 0.51 0 0.51 0.016666665865384615 0.5075000000000001 0.030000000000000002 0.5175 0.04 0.515 0.056666665865384616 0.52 0.056666665865384616 0.525 0.056666665865384616 0.535 0.04333333413461538 0.5399999999999999 0.023333334134615382 0.535 0.02
268 0.42500000000000004 0.2933333341346154 0.46499999999999997 0.2966666658653846 0.46749999999999997 0.22666666586538461 0.42500000000000004 0.22666666586538461 0.42500000000000004 0.2933333341346154
268 0.5475 0.3033333341346154 0.5850000000000001 0.3066666658653846 0.5850000000000001 0.23666666586538462 0.5475 0.23333333413461538 0.5475 0.3033333341346154
268 0.3525 0.2666666658653846 0.3725 0.2666666658653846 0.3725 0.21 0.35 0.2133333341346154 0.3525 0.2666666658653846
268 0.2875 0.2666666658653846 0.32499999999999996 0.26999999999999996 0.32499999999999996 0.2066666658653846 0.2875 0.2066666658653846 0.2875 0.2666666658653846
268 0.1925 0.27333333413461536 0.22499999999999998 0.26999999999999996 0.22499999999999998 0.2166666658653846 0.1875 0.22 0.1925 0.27333333413461536
268 0.07 0.2866666658653846 0.115 0.2833333341346154 0.0975 0.18666666586538463 0.060000000000000005 0.19 0.07 0.2866666658653846
268 0.11750000000000001 0.3666666658653846 0.16 0.36 0.1525 0.2933333341346154 0.115 0.2966666658653846 0.11750000000000001 0.3666666658653846
268 0.06749999999999999 0.3 0.0725 0.3766666658653846 0.105 0.37 0.0975 0.3 0.06749999999999999 0.3
279 0.5225000000000001 0.5 0.505 0.5033333341346153 0.505 0.5666666658653846 0.5975 0.58 0.6075 0.58 0.61 0.51 0.5725 0.51 0.5725 0.4933333341346154 0.5325 0.4866666658653846 0.5225000000000001 0.5
279 0.485 0.5533333341346154 0.48750000000000004 0.4866666658653846 0.3975 0.4766666658653846 0.4 0.5399999999999999 0.485 0.5533333341346154
792 0.305 0.7899999999999999 0.105 0.9933333341346154 0.27749999999999997 0.9933333341346154 0.3 0.9966666658653847 0.305 0.7899999999999999
279 0.005 0.9933333341346154 0.04 0.9966666658653847 0.0925 0.9866666658653845 0.0875 0.9366666658653846 0.0275 0.8999999999999999 0.005 0.9166666658653846 0.005 0.9933333341346154
276 0.0975 0.9966666658653847 0.3675 0.74 0.29250000000000004 0.6833333341346154 0.0025 0.8766666658653846 0.007500000000000001 0.9933333341346154 0.0975 0.9966666658653847
279 0.0875 0.9366666658653846 0.095 0.9733333341346154 0.105 0.95 0.0975 0.8933333341346154 0.07 0.8766666658653846 0.0475 0.8966666658653846 0.0475 0.9133333341346154 0.0875 0.9366666658653846
279 0.16999999999999998 0.8666666658653847 0.17750000000000002 0.9033333341346155 0.21250000000000002 0.8666666658653847 0.21250000000000002 0.8066666658653846 0.16249999999999998 0.7833333341346154 0.115 0.8166666658653846 0.115 0.84 0.16999999999999998 0.8666666658653847
279 0.1 0.89 0.11249999999999999 0.9433333341346154 0.13499999999999998 0.9433333341346154 0.175 0.91 0.16999999999999998 0.8733333341346154 0.12000000000000001 0.8433333341346153 0.08499999999999999 0.87 0.1 0.89
279 0.36250000000000004 0.53 0.29250000000000004 0.51 0.29250000000000004 0.5566666658653846 0.365 0.5733333341346154 0.36250000000000004 0.53
913 0.61 0.6799999999999999 0.625 0.6766666658653846 0.63 0.33 0.05 0.58 0.007500000000000001 0.5966666658653846 0.005 0.6566666658653847 0.1275 0.5966666658653846 0.15 0.9933333341346154 0.17750000000000002 0.9933333341346154 0.145 0.5966666658653846 0.49 0.42 0.485 0.8733333341346154 0.5 0.8566666658653846 0.5 0.42 0.62 0.36 0.61 0.6799999999999999
792 0.9425 0.7333333341346153 0.615 0.6566666658653847 0.38 0.9933333341346154 0.49 0.9966666658653847 0.9774999999999999 0.9933333341346154 0.9425 0.7333333341346153
1230 0.7075 0.6 0.895 0.6366666658653847 0.9299999999999999 0.19 0.7250000000000001 0.1833333341346154 0.7075 0.6
268 0.7775 0.47000000000000003 0.8475 0.4766666658653846 0.8500000000000001 0.3666666658653846 0.785 0.36 0.7775 0.47000000000000003
268 0.795 0.19 0.7899999999999999 0.3066666658653846 0.8625 0.32 0.87 0.19 0.795 0.19
268 0.72 0.6 0.7899999999999999 0.6133333341346154 0.7975 0.5166666658653847 0.7274999999999999 0.5033333341346153 0.72 0.6
1885 1 0 0.415 0.0033333341346153847 0.17250000000000001 0.03333333413461538 0.18 0.1566666658653846 0.6325000000000001 0.16666666586538462 0.6125 0.6799999999999999 0.9375 0.7366666658653845 1 0.5066666658653847 1 0
1885 0.9774999999999999 0.9833333341346153 0.9974999999999999 0.9933333341346154 0.9974999999999999 0.6433333341346154 0.9974999999999999 0.5133333341346155 0.9325 0.7366666658653845 0.9774999999999999 0.9833333341346153
1885 0.005 0 0.005 0.15 0.17750000000000002 0.16 0.17250000000000001 0.03333333413461538 0.0775 0 0.005 0