402 0.21 0 0.4766666658653846 0.03555555528846154 0.938888889423077 0 0.21 0
1942 0.006666665865384615 0 0.006666665865384615 0.5822222211538461 0.16666666586538462 0.5644444447115384 0.17333333413461538 0.728888889423077 0.47000000000000003 0.7066666658653846 0.47333333413461537 0.04 0.2033333341346154 0 0.006666665865384615 0
277 1 0.511111110576923 0.9966666658653847 0.031111110576923076 0.9466666658653846 0.017777778846153846 0.4533333341346154 0.12000000000000001 0.44999999999999996 0.8977777788461538 0.61 0.9955555552884616 1 0.9911487788461538 1 0.511111110576923
1024 0.4433333341346154 0.6444444447115385 0.4366666658653846 0.64 0.4933333341346154 0.4977777788461539 0.4433333341346154 0.5066666658653847 0.38 0.7066666658653846 0.40666666586538464 0.7244444447115386 0.41666666586538464 0.6977777788461539 0.4333333341346154 0.7422222211538462 0.4766666658653846 0.7644444447115385 0.4433333341346154 0.6444444447115385
605 0.37 0.8977777788461538 0.37 0.991111110576923 0.5366666658653846 0.9955555552884616 0.5366666658653846 0.8355555552884616 0.58 0.8222222211538461 0.58 0.8088888894230769 0.3666666658653846 0.7022222211538461 0.006666665865384615 0.76 0.006666665865384615 0.9822222211538462 0.37 0.8977777788461538
279 0.74 0.17777777884615384 0.7433333341346154 0.18666666586538463 0.9266666658653846 0.16888888942307692 0.9299999999999999 0.06222222115384615 0.78 0.09333333413461539 0.74 0.17777777884615384
279 0.7833333341346154 0.2533333341346154 0.7433333341346154 0.33333333413461536 0.9299999999999999 0.34666666586538464 0.9333333341346154 0.22222222115384616 0.8033333341346154 0.23555555528846156 0.7933333341346154 0.2533333341346154 0.7833333341346154 0.2533333341346154
279 0.6866666658653846 0.10222222115384616 0.6566666658653847 0.19555555528846155 0.7066666658653846 0.1911111105769231 0.7100000000000001 0.09777777884615385 0.6866666658653846 0.10222222115384616
279 0.63 0.4666666658653846 0.6566666658653847 0.4755555552884615 0.6966666658653846 0.4711111105769231 0.6666666658653846 0.3777777788461538 0.6266666658653846 0.3822222211538462 0.63 0.4666666658653846
279 0.52 0.3644444447115385 0.5 0.4488888894230769 0.5833333341346154 0.4711111105769231 0.5866666658653846 0.3688888894230769 0.52 0.3644444447115385
279 0.5833333341346154 0.20888888942307693 0.5833333341346154 0.14666666586538463 0.5766666658653846 0.12444444471153847 0.5366666658653846 0.13777777884615386 0.5033333341346153 0.13777777884615386 0.4833333341346154 0.13777777884615386 0.51 0.2133333341346154 0.5833333341346154 0.20888888942307693
1286 0.3666666658653846 0.3288888894230769 0.37 0.35555555528846156 0.3733333341346154 0.4222222211538461 0.35666666586538465 0.46222222115384615 0.35333333413461543 0.48888888942307696 0.34333333413461536 0.511111110576923 0.33999999999999997 0.5466666658653846 0.32333333413461535 0.6044444447115385 0.34333333413461536 0.6577777788461538 0.38 0.6977777788461539 0.39 0.6622222211538461 0.39666666586538457 0.608888889423077 0.40333333413461536 0.5422222211538462 0.41666666586538464 0.4933333341346154 0.4233333341346154 0.43555555528846157 0.43 0.40888888942307694 0.44 0.3911111105769231 0.4366666658653846 0.36 0.4333333341346154 0.34666666586538464 0.46 0.3288888894230769 0.4933333341346154 0.3155555552884615 0.5 0.2933333341346154 0.5233333341346154 0.2666666658653846 0.5566666658653846 0.23111111057692307 0.5700000000000001 0.20888888942307693 0.58 0.20888888942307693 0.58 0.17333333413461538 0.5700000000000001 0.17333333413461538 0.5566666658653846 0.18666666586538463 0.5399999999999999 0.2133333341346154 0.5133333341346155 0.24000000000000002 0.47000000000000003 0.28888888942307694 0.4433333341346154 0.29777777884615386 0.4433333341346154 0.28444444471153846 0.46 0.2533333341346154 0.4866666658653846 0.22666666586538461 0.49666666586538466 0.20444444471153847 0.51 0.1911111105769231 0.4933333341346154 0.18222222115384618 0.4866666658653846 0.2 0.47333333413461537 0.2 0.46 0.2133333341346154 0.4433333341346154 0.23555555528846156 0.4233333341346154 0.28 0.4233333341346154 0.2711111105769231 0.43 0.2577777788461538 0.42666666586538465 0.24444444471153848 0.4233333341346154 0.24444444471153848 0.41666666586538464 0.23111111057692307 0.4 0.21777777884615385 0.38 0.2133333341346154 0.36 0.24000000000000002 0.35 0.27555555528846154 0.35 0.30222222115384617 0.3666666658653846 0.3288888894230769
314 0.24000000000000002 0.7333333341346153 0.2933333341346154 0.7688888894230769 0.3766666658653846 0.7688888894230769 0.38 0.6666666658653846 0.39 0.6666666658653846 0.38 0.6177777788461539 0.4 0.5644444447115384 0.35 0.5422222211538462 0.33666666586538463 0.5866666658653846 0.32333333413461535 0.6 0.3066666658653846 0.56 0.23 0.56 0.24000000000000002 0.5955555552884616 0.19333333413461537 0.6044444447115385 0.24000000000000002 0.6266666658653846 0.24000000000000002 0.7333333341346153
279 0.23 0.777777778846154 0.23666666586538462 0.8088888894230769 0.2933333341346154 0.7955555552884616 0.3 0.688888889423077 0.2533333341346154 0.6755555552884616 0.21 0.6844444447115384 0.2 0.7555555552884615 0.23 0.777777778846154
279 0.1 0.88 0.14333333413461538 0.9066666658653847 0.2133333341346154 0.888888889423077 0.2066666658653846 0.8222222211538461 0.16666666586538462 0.7911111105769231 0.09666666586538461 0.8044444447115384 0.1 0.88
279 0.006666665865384615 0.7066666658653846 0.006666665865384615 0.7822222211538462 0.09333333413461539 0.777777778846154 0.08666666586538462 0.7155555552884615 0.04666666586538462 0.6933333341346154 0.006666665865384615 0.7066666658653846
1415 0.06666666586538461 0.6533333341346155 0.11666666586538461 0.6755555552884616 0.11666666586538461 0.6222222211538462 0.006666665865384615 0.6355555552884616 0.006666665865384615 0.6622222211538461 0.06666666586538461 0.6533333341346155
1885 1 0.00025 0.47000000000000003 0.04 0.4533333341346154 0.8933333341346154 0.6066666658653846 0.9955555552884616 0.9966666658653847 0.991111110576923 1 0.4955555552884615 1 0.00025
1885 0.17333333413461538 0.728888889423077 0.1633333341346154 0.5644444447115384 0.006666665865384615 0.5822222211538461 0.006666665865384615 0.6133333341346154 0.01 0.7555555552884615 0.17333333413461538 0.728888889423077
792 0.6 0.9955555552884616 0.4466666658653846 0.8933333341346154 0.006666665865384615 0.9866666658653845 0.1266666658653846 0.9955555552884616 0.6 0.9955555552884616
279 0.7966666658653847 0.5422222211538462 0.7933333341346154 0.6355555552884616 0.9166666658653846 0.6711111105769232 0.9233333341346154 0.5555555552884616 0.8166666658653846 0.5377777788461539 0.7966666658653847 0.5422222211538462
279 0.7266666658653846 0.5377777788461539 0.7233333341346154 0.6266666658653846 0.7633333341346155 0.6444444447115385 0.7899999999999999 0.6355555552884616 0.7966666658653847 0.5377777788461539 0.7633333341346155 0.5422222211538462 0.7266666658653846 0.5377777788461539
279 0.6366666658653847 0.72 0.7033333341346153 0.751111110576923 0.7 0.6622222211538461 0.6433333341346154 0.6533333341346155 0.6366666658653847 0.72