277 0.9936908509615384 0.8763636370192308 0.9968454254807693 0.27272727163461535 0.0031545745192307693 0.2581818173076923 0.0031545745192307693 0.9963636370192308 0.29652996875 0.9963636370192308 0.3028391177884615 0.9745454543269231 0.9936908509615384 0.8763636370192308
279 0.47949526923076924 0.3018181826923077 0.4731861201923077 0.3018181826923077 0.4731861201923077 0.2945454543269231 0.4227129326923077 0.29818181730769233 0.4195583605769231 0.3963636370192308 0.43533123076923075 0.4145454543269231 0.5047318605769231 0.4145454543269231 0.5015772860576923 0.3018181826923077 0.47949526923076924 0.30909090865384614 0.47949526923076924 0.3018181826923077
279 0.3123028389423077 0.2945454543269231 0.26813880048076927 0.29090909134615384 0.26813880048076927 0.4109090913461539 0.33123028365384616 0.4145454543269231 0.31861198798076923 0.30545454567307695 0.3123028389423077 0.30545454567307695 0.3123028389423077 0.2945454543269231
279 0.5520504735576923 0.30545454567307695 0.5394321754807693 0.30545454567307695 0.5394321754807693 0.29818181730769233 0.5236593052884616 0.29818181730769233 0.5236593052884616 0.4109090913461539 0.7318611995192307 0.4109090913461539 0.7350157740384616 0.2945454543269231 0.5520504735576923 0.29818181730769233 0.5520504735576923 0.30545454567307695
279 0.8895899062500001 0.3236363629807692 0.8895899062500001 0.30909090865384614 0.8738170336538461 0.30909090865384614 0.8801261826923077 0.33090909134615387 0.7917981081730769 0.33090909134615387 0.7917981081730769 0.30545454567307695 0.75394321875 0.30545454567307695 0.75394321875 0.4109090913461539 0.9463722403846154 0.40727272836538464 0.9495268149038462 0.3272727283653846 0.8895899062500001 0.3236363629807692
279 0.9116719254807693 0.44 0.9085173509615385 0.45090909134615387 0.8832807572115384 0.44363636298076925 0.876971608173077 0.46545454567307687 0.8611987379807692 0.4581818173076923 0.8485804423076923 0.5490909086538461 0.8706624615384615 0.5490909086538461 0.9148264975961538 0.5454545456730769 0.9305993701923078 0.44727272836538456 0.9116719254807693 0.44
279 0.8328075721153846 0.47636363701923073 0.8264984230769231 0.45090909134615387 0.7507886442307693 0.45090909134615387 0.7476340697115386 0.5527272716346154 0.8517350168269231 0.5490909086538461 0.8454258677884615 0.47636363701923073 0.8328075721153846 0.47636363701923073
279 0.8611987379807692 0.6072727283653846 0.8454258677884615 0.6072727283653846 0.8328075721153846 0.6909090913461539 0.8643533125 0.7127272716346155 0.8927444783653846 0.709090908653846 0.9053627764423078 0.7127272716346155 0.9369085168269231 0.7054545456730769 0.9337539423076924 0.6036363629807693 0.9022082019230768 0.5890909086538462 0.8611987379807692 0.5963636370192308 0.8611987379807692 0.6072727283653846
279 0.7760252355769232 0.6181818173076923 0.7570977908653845 0.6218181826923076 0.75394321875 0.5890909086538462 0.7476340697115386 0.5890909086538462 0.7476340697115386 0.7236363629807693 0.8012618293269231 0.7163636370192308 0.7949526802884616 0.6436363629807692 0.7791798100961539 0.6436363629807692 0.7760252355769232 0.6181818173076923
279 0.6372239759615385 0.6654545456730769 0.656151420673077 0.7272727283653846 0.6624605673076923 0.7309090913461538 0.6719242908653846 0.709090908653846 0.6813880120192307 0.7236363629807693 0.7255520504807692 0.7272727283653846 0.7255520504807692 0.6145454543269231 0.6971608822115385 0.6036363629807693 0.6593059927884616 0.6072727283653846 0.6372239759615385 0.6654545456730769
279 0.6214511033653847 0.6218181826923076 0.6025236586538462 0.6218181826923076 0.5867507884615384 0.6109090913461539 0.5457413245192307 0.6109090913461539 0.5457413245192307 0.625454545673077 0.5394321754807693 0.625454545673077 0.5362776033653847 0.6145454543269231 0.5205047307692308 0.6145454543269231 0.5205047307692308 0.6327272716346154 0.5173501586538461 0.7418181826923077 0.6593059927884616 0.7272727283653846 0.6214511033653847 0.6218181826923076
279 0.4984227139423077 0.6327272716346154 0.48264984134615385 0.6181818173076923 0.45741325 0.6181818173076923 0.45425867548076926 0.6290909086538462 0.4447949519230769 0.625454545673077 0.4447949519230769 0.6218181826923076 0.4290220817307692 0.6181818173076923 0.3880126177884616 0.6327272716346154 0.37539432211538465 0.7309090913461538 0.40063091586538463 0.7454545456730769 0.4952681394230769 0.7418181826923077 0.4984227139423077 0.6327272716346154
279 0.26813880048076927 0.6472727283653845 0.271293375 0.6690909086538461 0.30914826442307697 0.7563636370192307 0.3375394326923077 0.7454545456730769 0.32807570913461537 0.7127272716346155 0.2839116730769231 0.64 0.26813880048076927 0.6472727283653845
279 0.47634069471153845 0.4618181826923077 0.32807570913461537 0.46545454567307687 0.32807570913461537 0.45090909134615387 0.31861198798076923 0.45090909134615387 0.31861198798076923 0.46545454567307687 0.3028391177884615 0.46545454567307687 0.3028391177884615 0.45090909134615387 0.2649842259615385 0.44727272836538456 0.26813880048076927 0.5709090913461539 0.5015772860576923 0.5672727283653847 0.5015772860576923 0.44727272836538456 0.47634069471153845 0.44727272836538456 0.47634069471153845 0.4618181826923077
279 0.5299684543269231 0.4327272716346154 0.5331230288461538 0.4618181826923077 0.5236593052884616 0.4690909086538462 0.5205047307692308 0.5636363629807692 0.5962145120192308 0.56 0.5552050480769231 0.4545454543269231 0.5488958990384616 0.4545454543269231 0.54258675 0.4327272716346154 0.5299684543269231 0.4327272716346154
279 0.6719242908653846 0.44 0.6719242908653846 0.4581818173076923 0.6372239759615385 0.4581818173076923 0.6246056778846154 0.5490909086538461 0.6593059927884616 0.5563636370192308 0.7255520504807692 0.5563636370192308 0.7287066249999999 0.44727272836538456 0.6719242908653846 0.44
314 0.44164037740384615 0.26909090865384616 0.4384858052884616 0.1963636370192308 0.43533123076923075 0.16 0.2933753942307692 0.16 0.28706624519230767 0.2618181826923077 0.3028391177884615 0.26909090865384616 0.44164037740384615 0.26909090865384616
268 0.6876971610576923 0.8181818173076922 0.5835962139423077 0.8290909086538462 0.6182965288461539 0.8727272716346154 0.7255520504807692 0.8618181826923077 0.7255520504807692 0.8545454543269231 0.6876971610576923 0.8181818173076922
1222 0.24290220913461538 0.574545454326923 0.24290220913461538 0.5345454543269231 0.22397476442307693 0.5345454543269231 0.006309149038461539 0.5345454543269231 0.006309149038461539 0.5781818173076924 0.015772870192307692 0.5781818173076924 0.06940062980769231 0.5781818173076924 0.12302839182692307 0.5781818173076924 0.16719242788461536 0.574545454326923 0.24290220913461538 0.574545454326923
1222 0 0.7454545456730769 0.0031545745192307693 0.7672727283653846 0.012618295673076922 0.7672727283653846 0.24290220913461538 0.76 0.23974763461538462 0.7018181826923077 0.22397476442307693 0.6909090913461539 0.006309149038461539 0.694545454326923 0 0.713939391826923 0 0.7454545456730769
1711 0.9936908509615384 0.9963636370192308 0.9936908509615384 0.8763636370192308 0.3028391177884615 0.9745454543269231 0.29652996875 0.9927272716346154 0.9936908509615384 0.9963636370192308
1885 0 0 0 0.1272727283653846 0.0031545745192307693 0.2581818173076923 0.9936908509615384 0.2763636370192308 0.9936908509615384 0 0 0