277 0.002178649038461538 0 0.002178649038461538 0.9950738918269231 0.037037036057692305 0.9950738918269231 0.8671023966346154 0.049261084134615385 0.8714596947115385 0 0.002178649038461538 0
279 0.0762527235576923 0.16748768509615383 0.07843137259615385 0.2807881778846154 0.3551198245192308 0.11822660096153846 0.35294117548076925 0.01970443269230769 0.0762527235576923 0.16748768509615383
279 0.0762527235576923 0.30049261057692306 0.08061002163461538 0.4236453197115385 0.359477125 0.22167487740384614 0.35729847596153846 0.13793103365384615 0.0762527235576923 0.30049261057692306
279 0.08278867067307692 0.4433497548076923 0.08714596875000001 0.5566502451923078 0.35729847596153846 0.32019704326923076 0.35294117548076925 0.2512315264423077 0.08278867067307692 0.4433497548076923
279 0.55337690625 0.009852216346153846 0.37472766826923076 0.11330049278846153 0.3725490192307692 0.21182266105769232 0.5860566442307692 0.049261084134615385 0.5860566442307692 0.004926108173076923 0.55337690625 0.009852216346153846
279 0.3725490192307692 0.22660098557692307 0.37472766826923076 0.30541871875 0.5904139423076923 0.1280788173076923 0.5860566442307692 0.06403940865384615 0.3725490192307692 0.22660098557692307
279 0.3660130721153846 0.33497537019230766 0.3660130721153846 0.41379310336538466 0.5904139423076923 0.2068965528846154 0.5904139423076923 0.13793103365384615 0.3660130721153846 0.33497537019230766
279 0.3355119831730769 0.541871920673077 0.36165577403846155 0.5123152716346154 0.5882352932692307 0.2758620697115385 0.5860566442307692 0.23152709375 0.3311546850961538 0.47290640384615384 0.3355119831730769 0.541871920673077
1708 0.10457516346153846 0.9950738918269231 0.11982570913461539 0.9901477836538461 0.1307189543269231 0.852216747596154 0.1525054471153846 0.9408866995192308 0.1568627451923077 0.926108375 0.13289760336538461 0.7931034471153846 0.31590413942307694 0.5911330048076923 0.3137254903846154 0.6453201971153846 0.3311546850961538 0.6403940889423076 0.33333333413461536 0.5566502451923078 0.29847494471153846 0.47290640384615384 0.002178649038461538 0.7389162572115384 0.002178649038461538 0.926108375 0.028322439903846156 0.9064039399038462 0.030501088942307693 0.9950738918269231 0.0697167764423077 0.9901477836538461 0.047930283653846155 0.8817733990384615 0.11546840865384615 0.8275862067307693 0.10457516346153846 0.9950738918269231
279 0.03485838701923077 0.6403940889423076 0.01307189423076923 0.6108374375 0.002178649038461538 0.625615764423077 0.004357298076923076 0.9162561586538461 0.28104575240384616 0.6009852211538461 0.3311546850961538 0.5517241370192308 0.3311546850961538 0.5073891634615385 0.2701525048076923 0.45812807932692307 0.03485838701923077 0.6403940889423076
279 0.6427015240384615 0.20197044230769232 0.7124183004807693 0.12315270913461539 0.7102396514423077 0.09359606009615384 0.636165576923077 0.15270936057692308 0.6427015240384615 0.20197044230769232
276 0.47712418269230766 0.7881773389423077 0.5882352932692307 0.8719211826923078 0.5860566442307692 0.9950738918269231 0.6862745096153847 0.9901477836538461 0.9607843149038462 0.22660098557692307 0.8322440096153846 0.1280788173076923 0.47058823557692303 0.7093596057692307 0.47712418269230766 0.7881773389423077
276 0.1568627451923077 0.9950738918269231 0.5185185192307692 0.9950738918269231 0.5860566442307692 0.9901477836538461 0.5838779951923077 0.8719211826923078 0.3703703701923077 0.7142857139423077 0.1568627451923077 0.9950738918269231
279 0.7124183004807693 0.5665024639423077 0.6187363846153846 0.5270935961538462 0.5991285408653846 0.5812807884615384 0.6013071899038461 0.625615764423077 0.6078431370192308 0.625615764423077 0.6100217860576923 0.6354679807692307 0.6013071899038461 0.6354679807692307 0.5947712427884615 0.7931034471153846 0.6666666658653846 0.8275862067307693 0.7211328966346154 0.7241379302884615 0.7124183004807693 0.5665024639423077
792 0.8708061009615384 0 0.8649237475961539 0.04433497596153846 0.037037036057692305 0.9901477836538461 0.9934640528846154 0.9901477836538461 0.9956319182692308 0 0.8708061009615384 0
279 0.5076252716346153 0.5517241370192308 0.48366012980769235 0.5862068966346153 0.48366012980769235 0.7093596057692307 0.5424836610576923 0.7487684735576923 0.5664488028846154 0.7142857139423077 0.5620915024038461 0.5812807884615384 0.5076252716346153 0.5517241370192308
268 0.7276688461538462 0.4975369447115385 0.6819172115384616 0.4433497548076923 0.6579520697115384 0.4975369447115385 0.7102396514423077 0.5517241370192308 0.7276688461538462 0.4975369447115385
279 0.8322440096153846 0.4384236442307692 0.8235294110576923 0.42857142788461544 0.8213507620192307 0.40886699519230774 0.7668845312499999 0.3842364543269231 0.7516339879807692 0.4384236442307692 0.7603485841346154 0.45812807932692307 0.7603485841346154 0.4876847283653846 0.8039215697115385 0.4975369447115385 0.8169934639423077 0.47783251201923077 0.8235294110576923 0.4876847283653846 0.8322440096153846 0.4384236442307692
279 0.640522875 0.4039408870192308 0.59259259375 0.3596059110576923 0.5599128533653845 0.37931034375 0.5599128533653845 0.45320197115384614 0.6143790841346154 0.5073891634615385 0.6143790841346154 0.4630541875 0.640522875 0.4039408870192308
279 0.8779956418269231 0.2512315264423077 0.8779956418269231 0.17733990144230768 0.830065360576923 0.17733990144230768 0.8257080600961538 0.21182266105769232 0.8169934639423077 0.24137931009615385 0.8278867091346154 0.2857142860576923 0.8235294110576923 0.3399014783653846 0.8671023966346154 0.3596059110576923 0.8671023966346154 0.33497537019230766 0.8779956418269231 0.2512315264423077
279 0.4095860576923077 0.8325123149038463 0.47712418269230766 0.9014778317307692 0.48366012980769235 0.9852216754807692 0.5098039206730769 0.9802955673076923 0.5294117644230769 0.926108375 0.5119825697115384 0.8374384230769232 0.43790849759615386 0.7586206899038461 0.4095860576923077 0.8029556658653847 0.4095860576923077 0.8325123149038463