402 0.06111111057692308 0 0.5233333341346154 0.03555555528846154 0.7899999999999999 0 0.06111111057692308 0
1942 0.7966666658653847 0 0.5266666658653846 0.04 0.53 0.7066666658653846 0.8266666658653846 0.728888889423077 0.8333333341346154 0.5644444447115384 0.9933333341346154 0.5822222211538461 0.9933333341346154 0 0.7966666658653847 0
277 0 0.9911487788461538 0.39 0.9955555552884616 0.55 0.8977777788461538 0.5466666658653846 0.12000000000000001 0.053333334134615384 0.017777778846153846 0.0033333341346153847 0.031111110576923076 0 0.511111110576923 0 0.9911487788461538
1024 0.5233333341346154 0.7644444447115385 0.5666666658653846 0.7422222211538462 0.5833333341346154 0.6977777788461539 0.5933333341346153 0.7244444447115386 0.62 0.7066666658653846 0.5566666658653846 0.5066666658653847 0.5066666658653847 0.4977777788461539 0.5633333341346154 0.64 0.5566666658653846 0.6444444447115385 0.5233333341346154 0.7644444447115385
605 0.9933333341346154 0.9822222211538462 0.9933333341346154 0.76 0.6333333341346153 0.7022222211538461 0.42 0.8088888894230769 0.42 0.8222222211538461 0.4633333341346154 0.8355555552884616 0.4633333341346154 0.9955555552884616 0.63 0.991111110576923 0.63 0.8977777788461538 0.9933333341346154 0.9822222211538462
279 0.22 0.09333333413461539 0.07 0.06222222115384615 0.07333333413461539 0.16888888942307692 0.2566666658653846 0.18666666586538463 0.26 0.17777777884615384 0.22 0.09333333413461539
279 0.2066666658653846 0.2533333341346154 0.19666666586538462 0.23555555528846156 0.06666666586538461 0.22222222115384616 0.07 0.34666666586538464 0.2566666658653846 0.33333333413461536 0.2166666658653846 0.2533333341346154 0.2066666658653846 0.2533333341346154
279 0.29 0.09777777884615385 0.2933333341346154 0.1911111105769231 0.34333333413461536 0.19555555528846155 0.3133333341346154 0.10222222115384616 0.29 0.09777777884615385
279 0.3733333341346154 0.3822222211538462 0.33333333413461536 0.3777777788461538 0.3033333341346154 0.4711111105769231 0.34333333413461536 0.4755555552884615 0.37 0.4666666658653846 0.3733333341346154 0.3822222211538462
279 0.41333333413461537 0.3688888894230769 0.41666666586538464 0.4711111105769231 0.5 0.4488888894230769 0.48000000000000004 0.3644444447115385 0.41333333413461537 0.3688888894230769
279 0.49 0.2133333341346154 0.5166666658653847 0.13777777884615386 0.49666666586538466 0.13777777884615386 0.4633333341346154 0.13777777884615386 0.4233333341346154 0.12444444471153847 0.41666666586538464 0.14666666586538463 0.41666666586538464 0.20888888942307693 0.49 0.2133333341346154
1286 0.6499999999999999 0.30222222115384617 0.6499999999999999 0.27555555528846154 0.64 0.24000000000000002 0.62 0.2133333341346154 0.6 0.21777777884615385 0.5833333341346154 0.23111111057692307 0.5766666658653846 0.24444444471153848 0.5733333341346154 0.24444444471153848 0.5700000000000001 0.2577777788461538 0.5766666658653846 0.2711111105769231 0.5766666658653846 0.28 0.5566666658653846 0.23555555528846156 0.5399999999999999 0.2133333341346154 0.5266666658653846 0.2 0.5133333341346155 0.2 0.5066666658653847 0.18222222115384618 0.49 0.1911111105769231 0.5033333341346153 0.20444444471153847 0.5133333341346155 0.22666666586538461 0.5399999999999999 0.2533333341346154 0.5566666658653846 0.28444444471153846 0.5566666658653846 0.29777777884615386 0.53 0.28888888942307694 0.4866666658653846 0.24000000000000002 0.46 0.2133333341346154 0.4433333341346154 0.18666666586538463 0.43 0.17333333413461538 0.42 0.17333333413461538 0.42 0.20888888942307693 0.43 0.20888888942307693 0.4433333341346154 0.23111111057692307 0.4766666658653846 0.2666666658653846 0.5 0.2933333341346154 0.5066666658653847 0.3155555552884615 0.5399999999999999 0.3288888894230769 0.5666666658653846 0.34666666586538464 0.5633333341346154 0.36 0.56 0.3911111105769231 0.5700000000000001 0.40888888942307694 0.5766666658653846 0.43555555528846157 0.5833333341346154 0.4933333341346154 0.5966666658653846 0.5422222211538462 0.6033333341346154 0.608888889423077 0.61 0.6622222211538461 0.62 0.6977777788461539 0.6566666658653847 0.6577777788461538 0.6766666658653846 0.6044444447115385 0.66 0.5466666658653846 0.6566666658653847 0.511111110576923 0.6466666658653846 0.48888888942307696 0.6433333341346154 0.46222222115384615 0.6266666658653846 0.4222222211538461 0.63 0.35555555528846156 0.6333333341346153 0.3288888894230769 0.6499999999999999 0.30222222115384617
314 0.76 0.6266666658653846 0.8066666658653846 0.6044444447115385 0.76 0.5955555552884616 0.77 0.56 0.6933333341346154 0.56 0.6766666658653846 0.6 0.6633333341346154 0.5866666658653846 0.6499999999999999 0.5422222211538462 0.6 0.5644444447115384 0.62 0.6177777788461539 0.61 0.6666666658653846 0.62 0.6666666658653846 0.6233333341346154 0.7688888894230769 0.7066666658653846 0.7688888894230769 0.76 0.7333333341346153 0.76 0.6266666658653846
279 0.8 0.7555555552884615 0.7899999999999999 0.6844444447115384 0.7466666658653847 0.6755555552884616 0.7 0.688888889423077 0.7066666658653846 0.7955555552884616 0.7633333341346155 0.8088888894230769 0.77 0.777777778846154 0.8 0.7555555552884615
279 0.9033333341346155 0.8044444447115384 0.8333333341346154 0.7911111105769231 0.7933333341346154 0.8222222211538461 0.7866666658653846 0.888888889423077 0.8566666658653846 0.9066666658653847 0.8999999999999999 0.88 0.9033333341346155 0.8044444447115384
279 0.9533333341346153 0.6933333341346154 0.9133333341346154 0.7155555552884615 0.9066666658653847 0.777777778846154 0.9933333341346154 0.7822222211538462 0.9933333341346154 0.7066666658653846 0.9533333341346153 0.6933333341346154
1415 0.9933333341346154 0.6622222211538461 0.9933333341346154 0.6355555552884616 0.8833333341346153 0.6222222211538462 0.8833333341346153 0.6755555552884616 0.9333333341346154 0.6533333341346155 0.9933333341346154 0.6622222211538461
1885 0 0.4955555552884615 0.0033333341346153847 0.991111110576923 0.39333333413461535 0.9955555552884616 0.5466666658653846 0.8933333341346154 0.53 0.04 0 0.00025 0 0.4955555552884615
1885 0.99 0.7555555552884615 0.9933333341346154 0.6133333341346154 0.9933333341346154 0.5822222211538461 0.8366666658653846 0.5644444447115384 0.8266666658653846 0.728888889423077 0.99 0.7555555552884615
792 0.8733333341346154 0.9955555552884616 0.9933333341346154 0.9866666658653845 0.5533333341346154 0.8933333341346154 0.4 0.9955555552884616 0.8733333341346154 0.9955555552884616
279 0.1833333341346154 0.5377777788461539 0.0766666658653846 0.5555555552884616 0.08333333413461538 0.6711111105769232 0.2066666658653846 0.6355555552884616 0.2033333341346154 0.5422222211538462 0.1833333341346154 0.5377777788461539
279 0.23666666586538462 0.5422222211538462 0.2033333341346154 0.5377777788461539 0.21 0.6355555552884616 0.23666666586538462 0.6444444447115385 0.27666666586538463 0.6266666658653846 0.27333333413461536 0.5377777788461539 0.23666666586538462 0.5422222211538462
279 0.35666666586538465 0.6533333341346155 0.3 0.6622222211538461 0.2966666658653846 0.751111110576923 0.3633333341346154 0.72 0.35666666586538465 0.6533333341346155