400 0 0 0 0.11302509375 0.40930232451923076 0.24738675961538462 0.9953488365384615 0.18466899038461537 0.9907838100961539 0 0 0
655 0.9348837211538462 0.3693379783653846 0.7162790697115384 0.3832752620192308 0.7395348846153845 0.7282229975961538 0.9488372091346153 0.7317073173076923 0.9348837211538462 0.3693379783653846
277 0.06046511538461538 0.9512195120192307 0.5023255817307692 0.7456445985576923 0.47441860576923073 0.38675958173076924 0.004651163461538462 0.3519163774038461 0.06046511538461538 0.9512195120192307
1708 0.7488372091346154 0.7491289206730769 0.7581395360576924 0.9895470384615385 0.7953488365384616 0.9477351923076923 0.7674418605769231 0.7491289206730769 0.8279069759615385 0.7491289206730769 0.8465116274038462 0.7386759591346154 0.855813954326923 0.8501742163461539 0.8744186057692308 0.8188153317307693 0.8604651153846153 0.7108013942307692 0.9162790697115385 0.6515679447115384 0.6465116274038463 0.6550522644230768 0.46511627884615386 0.7456445985576923 0.5255813942307692 0.7491289206730769 0.5302325576923077 0.9686411153846154 0.5860465120192307 0.9094076658653846 0.5534883725961538 0.7491289206730769 0.7488372091346154 0.7491289206730769
279 0.7395348846153845 0.7247386754807692 0.7627906971153846 0.7038327524038461 0.7627906971153846 0.6933797908653846 0.6511627908653845 0.6933797908653846 0.6372093028846154 0.7108013942307692 0.6372093028846154 0.7351916370192307 0.6372093028846154 0.7456445985576923 0.7441860456730769 0.7456445985576923 0.7395348846153845 0.7247386754807692
279 0.8232558149038461 0.7456445985576923 0.855813954326923 0.7212543557692308 0.8511627908653847 0.7038327524038461 0.7720930240384616 0.7038327524038461 0.7441860456730769 0.7247386754807692 0.7441860456730769 0.7421602788461539 0.8232558149038461 0.7456445985576923
279 0.6511627908653845 0.6864111490384615 0.6511627908653845 0.6724738677884615 0.5720930240384615 0.6724738677884615 0.5488372091346154 0.6864111490384615 0.5534883725961538 0.7351916370192307 0.6372093028846154 0.7421602788461539 0.6372093028846154 0.7073170721153846 0.6511627908653845 0.6864111490384615
279 0.1395348846153846 0.6864111490384615 0.10697674519230768 0.6968641105769231 0.13023255769230768 0.7421602788461539 0.1627906971153846 0.7317073173076923 0.20930232451923075 0.7177700336538462 0.17674418509615386 0.6759581874999999 0.1395348846153846 0.6864111490384615
279 0.1627906971153846 0.4982578389423077 0.19534883653846155 0.49477351923076923 0.34883720913461536 0.4912891995192308 0.3395348846153846 0.45296167307692303 0.1674418605769231 0.45296167307692303 0.1627906971153846 0.4982578389423077
279 0.1441860456730769 0.5993031370192308 0.15348837259615383 0.6411149831730769 0.2 0.6376306610576923 0.22325581490384616 0.6271776995192307 0.2 0.5958188149038461 0.1441860456730769 0.5993031370192308
279 0.1441860456730769 0.857142858173077 0.3395348846153846 0.7735191634615385 0.2837209302884615 0.7665505216346153 0.08372093028846155 0.8397212548076923 0.1441860456730769 0.857142858173077
279 0.03255813942307692 0.5679442499999999 0.05116279086538462 0.5644599302884615 0.11627906971153847 0.5609756105769231 0.09767441826923078 0.5121951225961539 0.02790697596153846 0.5156794423076924 0.03255813942307692 0.5679442499999999
1027 0.3906976754807693 0.06620209134615385 0.34883720913461536 0.048780487980769234 0.2 0.07665505288461538 0.20930232451923075 0.09407665625 0.26511627884615385 0.12195121875 0.4325581394230769 0.09059233413461538 0.3906976754807693 0.06620209134615385
1027 0.4837209302884615 0.2125435528846154 0.6139534879807692 0.20209059134615387 0.5860465120192307 0.1777003485576923 0.5720930240384615 0.17073170673076923 0.4418604639423077 0.18815331009615385 0.4511627908653846 0.19512195192307694 0.4837209302884615 0.2125435528846154
1029 0.9906976754807691 0.13240418028846154 0.91162790625 0.13937282211538463 0.9255813942307692 0.16724738701923075 0.9906976754807691 0.16027874519230767 0.9906976754807691 0.13240418028846154
1029 0.8437209302884615 0 0.8604651153846153 0.031358884615384615 0.9860465120192308 0.01393728125 0.9860465120192308 0 0.8437209302884615 0
1885 0 0.9317439927884615 0.4372093028846154 0.7386759591346154 0.40930232451923076 0.2508710793269231 0 0.11306424278846154 0 0.9317439927884615
1885 0.9906976754807691 0.7386759591346154 0.9953488365384615 0.25435540144230767 0.9906976754807691 0.18466899038461537 0.41395348798076925 0.2508710793269231 0.4372093028846154 0.7421602788461539 0.9906976754807691 0.7386759591346154
792 0 0.993031358173077 0.9906976754807691 0.993031358173077 0.9906976754807691 0.7386759591346154 0.4325581394230769 0.7386759591346154 0 0.928274891826923 0 0.993031358173077
1294 0.3860465120192308 0.7665505216346153 0.39534883653846153 0.8641114975961539 0.40930232451923076 0.8780487812500001 0.40930232451923076 0.8954703822115384 0.4279069759615384 0.9059233437499999 0.46511627884615386 0.9094076658653846 0.45581395432692307 0.8885017427884615 0.4511627908653846 0.8745644591346153 0.4511627908653846 0.857142858173077 0.45581395432692307 0.7456445985576923 0.4604651153846154 0.7665505216346153 0.4790697668269231 0.8536585360576924 0.4790697668269231 0.8850174206730769 0.4930232548076923 0.8954703822115384 0.5581395360576923 0.8919860624999999 0.5627906971153845 0.8815331009615384 0.520930233173077 0.857142858173077 0.520930233173077 0.7003484326923076 0.5348837211538462 0.6898954711538461 0.5488372091346154 0.6933797908653846 0.5581395360576923 0.6864111490384615 0.567441860576923 0.6759581874999999 0.567441860576923 0.6655052259615384 0.5534883725961538 0.6515679447115384 0.5534883725961538 0.6341463413461538 0.5627906971153845 0.6480836225961538 0.5813953485576924 0.6585365865384615 0.5953488365384616 0.6655052259615384 0.6093023245192307 0.6655052259615384 0.6186046514423077 0.6759581874999999 0.6279069759615384 0.6724738677884615 0.6232558149038462 0.6550522644230768 0.6139534879807692 0.6306620216346153 0.5906976754807692 0.5574912884615385 0.5627906971153845 0.5226480841346154 0.5813953485576924 0.5087108004807692 0.5906976754807692 0.48780487740384615 0.5860465120192307 0.4668989543269231 0.5534883725961538 0.4599303125 0.520930233173077 0.4668989543269231 0.5069767451923076 0.4773519158653846 0.49767441826923076 0.4982578389423077 0.46976744230769235 0.5121951225961539 0.4279069759615384 0.5400696875000001 0.40465116346153845 0.5749128918269231 0.40465116346153845 0.6062717764423077 0.39534883653846153 0.6480836225961538 0.39534883653846153 0.6933797908653846 0.3860465120192308 0.7665505216346153