402 0 0 0 0.14528011778846153 0.75 0.2890625 0.9921875 0.29296875 0.9921875 0 0 0
1643 0 0.8073462019230769 0.7421875 0.5703125 0.74609375 0.2890625 0.00390625 0.14453125 0 0.181640625 0 0.8073462019230769
1885 0.99609375 0.5234375 0.99609375 0.36328125 0.99609375 0.2890625 0.7421875 0.2890625 0.74609375 0.5078125 0.99609375 0.5234375
1648 0.4453125 0.9921875 0.9921875 0.9921875 0.98828125 0.62109375 0.4453125 0.9921875
1714 0.62890625 0.6171875 0.6328125 0.59765625 0.703125 0.55078125 0.51953125 0.546875 0.41796875 0.57421875 0.4140625 0.6640625 0.4296875 0.671875 0.43359375 0.59765625 0.62890625 0.6171875
649 0.578125 0.5859375 0.61328125 0.58984375 0.609375 0.61328125 0.5625 0.609375 0.56640625 0.71484375 0.57421875 0.71484375 0.5625 0.82421875 0.58203125 0.84375 0.6953125 0.83203125 0.6953125 0.74609375 0.671875 0.72265625 0.69921875 0.70703125 0.69921875 0.609375 0.6640625 0.6015625 0.6875 0.59765625 0.7109375 0.48828125 0.69140625 0.48046875 0.6796875 0.375 0.5859375 0.37890625 0.59765625 0.48828125 0.58203125 0.48828125 0.578125 0.5859375
792 0 0.9960594855769231 0.44140625 0.9921875 0.9921875 0.609375 0.74609375 0.56640625 0.00390625 0.80859375 0 0.90234375 0 0.9960594855769231
128 0.30859375 0.66015625 0.28515625 0.68359375 0.28125 0.70703125 0.2734375 0.703125 0.16015625 0.74609375 0.1640625 0.93359375 0.171875 0.9375 0.171875 0.90625 0.25390625 0.90625 0.26171875 0.83984375 0.3828125 0.859375 0.421875 0.86328125 0.515625 0.8125 0.51171875 0.72265625 0.48828125 0.71875 0.484375 0.6796875 0.30859375 0.66015625
128 0.00390625 0.875 0.14453125 0.8984375 0.140625 0.93359375 0.15625 0.93359375 0.16015625 0.74609375 0.28125 0.69921875 0.28125 0.6640625 0.1171875 0.6484375 0.08984375 0.703125 0.00390625 0.72265625 0.00390625 0.875
128 0.56640625 0.90234375 0.5625 0.82421875 0.54296875 0.8203125 0.51171875 0.8203125 0.41796875 0.8671875 0.26171875 0.83984375 0.25390625 0.90234375 0.1640625 0.9453125 0.0703125 0.91796875 0.05078125 0.94140625 0.0546875 0.98828125 0.4375 0.98828125 0.56640625 0.90234375
279 0.14453125 0.24609375 0.1171875 0.24609375 0.1171875 0.2265625 0.0859375 0.2265625 0.0859375 0.23828125 0.08203125 0.2265625 0.00390625 0.22265625 0.01171875 0.29296875 0.1875 0.30078125 0.18359375 0.23828125 0.14453125 0.23828125 0.14453125 0.24609375
279 0.23046875 0.23828125 0.21875 0.24609375 0.23828125 0.30859375 0.34375 0.31640625 0.3359375 0.25390625 0.23828125 0.25390625 0.23046875 0.23828125
605 0.734375 0.51171875 0.703125 0.53125 0.69921875 0.55078125 0.703125 0.5546875 0.69921875 0.796875 0.98828125 0.6171875 0.9921875 0.53125 0.734375 0.51171875
279 0.35546875 0.51171875 0.453125 0.49609375 0.44921875 0.44921875 0.35546875 0.453125 0.35546875 0.51171875
279 0.203125 0.53515625 0.29296875 0.51953125 0.2734375 0.47265625 0.203125 0.47265625 0.203125 0.53515625