277 0.6971608822115385 0.9745454543269231 0.70347003125 0.9963636370192308 0.9968454254807693 0.9963636370192308 0.9968454254807693 0.2581818173076923 0.0031545745192307693 0.27272727163461535 0.006309149038461539 0.8763636370192308 0.6971608822115385 0.9745454543269231
279 0.5205047307692308 0.30909090865384614 0.4984227139423077 0.3018181826923077 0.4952681394230769 0.4145454543269231 0.5646687692307693 0.4145454543269231 0.5804416394230769 0.3963636370192308 0.5772870673076923 0.29818181730769233 0.5268138798076923 0.2945454543269231 0.5268138798076923 0.3018181826923077 0.5205047307692308 0.3018181826923077 0.5205047307692308 0.30909090865384614
279 0.6876971610576923 0.30545454567307695 0.6813880120192307 0.30545454567307695 0.6687697163461539 0.4145454543269231 0.7318611995192307 0.4109090913461539 0.7318611995192307 0.29090909134615384 0.6876971610576923 0.2945454543269231 0.6876971610576923 0.30545454567307695
279 0.4479495264423077 0.29818181730769233 0.2649842259615385 0.2945454543269231 0.26813880048076927 0.4109090913461539 0.47634069471153845 0.4109090913461539 0.47634069471153845 0.29818181730769233 0.4605678245192308 0.29818181730769233 0.4605678245192308 0.30545454567307695 0.4479495264423077 0.30545454567307695 0.4479495264423077 0.29818181730769233
279 0.050473185096153846 0.3272727283653846 0.053627759615384615 0.40727272836538464 0.24605678125000002 0.4109090913461539 0.24605678125000002 0.30545454567307695 0.20820189182692309 0.30545454567307695 0.20820189182692309 0.33090909134615387 0.11987381730769231 0.33090909134615387 0.12618296634615384 0.30909090865384614 0.11041009375000001 0.30909090865384614 0.11041009375000001 0.3236363629807692 0.050473185096153846 0.3272727283653846
279 0.06940062980769231 0.44727272836538456 0.08517350240384616 0.5454545456730769 0.12933753846153848 0.5490909086538461 0.1514195576923077 0.5490909086538461 0.13880126201923076 0.4581818173076923 0.12302839182692307 0.46545454567307687 0.11671924278846155 0.44363636298076925 0.09148264903846154 0.45090909134615387 0.08832807451923076 0.44 0.06940062980769231 0.44727272836538456
279 0.15457413221153848 0.47636363701923073 0.14826498317307693 0.5490909086538461 0.25236593028846155 0.5527272716346154 0.24921135576923079 0.45090909134615387 0.1735015769230769 0.45090909134615387 0.16719242788461536 0.47636363701923073 0.15457413221153848 0.47636363701923073
279 0.13880126201923076 0.5963636370192308 0.09779179807692308 0.5890909086538462 0.0662460576923077 0.6036363629807693 0.06309148317307692 0.7054545456730769 0.0946372235576923 0.7127272716346155 0.10725552163461538 0.709090908653846 0.1356466875 0.7127272716346155 0.16719242788461536 0.6909090913461539 0.15457413221153848 0.6072727283653846 0.13880126201923076 0.6072727283653846 0.13880126201923076 0.5963636370192308
279 0.22082018990384616 0.6436363629807692 0.20504731971153844 0.6436363629807692 0.19873817067307692 0.7163636370192308 0.25236593028846155 0.7236363629807693 0.25236593028846155 0.5890909086538462 0.24605678125000002 0.5890909086538462 0.24290220913461538 0.6218181826923076 0.22397476442307693 0.6181818173076923 0.22082018990384616 0.6436363629807692
279 0.3406940072115385 0.6072727283653846 0.3028391177884615 0.6036363629807693 0.2744479495192308 0.6145454543269231 0.2744479495192308 0.7272727283653846 0.31861198798076923 0.7236363629807693 0.32807570913461537 0.709090908653846 0.3375394326923077 0.7309090913461538 0.3438485793269231 0.7272727283653846 0.36277602403846154 0.6654545456730769 0.3406940072115385 0.6072727283653846
279 0.3406940072115385 0.7272727283653846 0.48264984134615385 0.7418181826923077 0.47949526923076924 0.6327272716346154 0.47949526923076924 0.6145454543269231 0.46372239663461534 0.6145454543269231 0.4605678245192308 0.625454545673077 0.45425867548076926 0.625454545673077 0.45425867548076926 0.6109090913461539 0.41324921153846156 0.6109090913461539 0.39747634134615384 0.6218181826923076 0.3785488966346154 0.6218181826923076 0.3406940072115385 0.7272727283653846
279 0.5047318605769231 0.7418181826923077 0.5993690841346153 0.7454545456730769 0.6246056778846154 0.7309090913461538 0.6119873822115385 0.6327272716346154 0.5709779182692307 0.6181818173076923 0.5552050480769231 0.6218181826923076 0.5552050480769231 0.625454545673077 0.5457413245192307 0.6290909086538462 0.54258675 0.6181818173076923 0.5173501586538461 0.6181818173076923 0.5015772860576923 0.6327272716346154 0.5047318605769231 0.7418181826923077
279 0.7160883269230769 0.64 0.6719242908653846 0.7127272716346155 0.6624605673076923 0.7454545456730769 0.690851735576923 0.7563636370192307 0.7287066249999999 0.6690909086538461 0.7318611995192307 0.6472727283653845 0.7160883269230769 0.64
279 0.5236593052884616 0.44727272836538456 0.4984227139423077 0.44727272836538456 0.4984227139423077 0.5672727283653847 0.7318611995192307 0.5709090913461539 0.7350157740384616 0.44727272836538456 0.6971608822115385 0.45090909134615387 0.6971608822115385 0.46545454567307687 0.6813880120192307 0.46545454567307687 0.6813880120192307 0.45090909134615387 0.6719242908653846 0.45090909134615387 0.6719242908653846 0.46545454567307687 0.5236593052884616 0.4618181826923077 0.5236593052884616 0.44727272836538456
279 0.45741325 0.4327272716346154 0.4511041009615384 0.4545454543269231 0.4447949519230769 0.4545454543269231 0.40378548798076924 0.56 0.47949526923076924 0.5636363629807692 0.47634069471153845 0.4690909086538462 0.4668769711538462 0.4618181826923077 0.4700315456730769 0.4327272716346154 0.45741325 0.4327272716346154
279 0.271293375 0.44727272836538456 0.2744479495192308 0.5563636370192308 0.3406940072115385 0.5563636370192308 0.37539432211538465 0.5490909086538461 0.36277602403846154 0.4581818173076923 0.32807570913461537 0.4581818173076923 0.32807570913461537 0.44 0.271293375 0.44727272836538456
314 0.6971608822115385 0.26909090865384616 0.7129337548076923 0.2618181826923077 0.7066246057692307 0.16 0.5646687692307693 0.16 0.5615141947115384 0.1963636370192308 0.5583596225961538 0.26909090865384616 0.6971608822115385 0.26909090865384616
268 0.2744479495192308 0.8545454543269231 0.2744479495192308 0.8618181826923077 0.3817034711538462 0.8727272716346154 0.4164037860576923 0.8290909086538462 0.3123028389423077 0.8181818173076922 0.2744479495192308 0.8545454543269231
1222 0.8328075721153846 0.574545454326923 0.876971608173077 0.5781818173076924 0.9305993701923078 0.5781818173076924 0.9842271298076923 0.5781818173076924 0.9936908509615384 0.5781818173076924 0.9936908509615384 0.5345454543269231 0.7760252355769232 0.5345454543269231 0.7570977908653845 0.5345454543269231 0.7570977908653845 0.574545454326923 0.8328075721153846 0.574545454326923
1222 1 0.713939391826923 0.9936908509615384 0.694545454326923 0.7760252355769232 0.6909090913461539 0.7602523653846155 0.7018181826923077 0.7570977908653845 0.76 0.9873817043269231 0.7672727283653846 0.9968454254807693 0.7672727283653846 1 0.7454545456730769 1 0.713939391826923
1711 0.70347003125 0.9927272716346154 0.6971608822115385 0.9745454543269231 0.006309149038461539 0.8763636370192308 0.006309149038461539 0.9963636370192308 0.70347003125 0.9927272716346154
1885 0.006309149038461539 0 0.006309149038461539 0.2763636370192308 0.9968454254807693 0.2581818173076923 1 0.1272727283653846 1 0 0.006309149038461539 0