402 0.15 0 0.2166666658653846 0.14 0.6333333341346153 0.1475 0.843111110576923 0 0.15 0
1027 0.4433333341346154 0.2425 0.51 0.0525 0.43 0.05 0.39333333413461535 0.2375 0.41000000000000003 0.2475 0.4233333341346154 0.2475 0.4433333341346154 0.2425
276 0.8200000000000001 0.9525 0.8633333341346153 0.9375 0.8866666658653847 0.9125000000000001 0.87 0.825 0.8966666658653846 0.22 0.7666666658653847 0.2225 0.7633333341346155 0.3225 0.75 0.33 0.7233333341346154 0.89 0.7 0.9149999999999999 0.7166666658653846 0.9299999999999999 0.8200000000000001 0.9525
402 0.3033333341346154 0.2475 0.3066666658653846 0.2725 0.48000000000000004 0.265 0.48000000000000004 0.2475 0.3033333341346154 0.2475
1027 0.31 0.2625 0.3066666658653846 0.2825 0.40666666586538464 0.28500000000000003 0.41333333413461537 0.26 0.31 0.2625
1885 0.4666666658653846 0.4825 0.4833333341346154 0.26999999999999996 0.31 0.26999999999999996 0.31 0.4775 0.4666666658653846 0.4825
277 0.32 0.47000000000000003 0.4466666658653846 0.47000000000000003 0.4533333341346154 0.31 0.3133333341346154 0.3125 0.32 0.47000000000000003
277 0.24000000000000002 0.09 0.006666665865384615 0.0875 0.006666665865384615 0.9974999999999999 0.28 0.9924999999999999 0.31 0.7749999999999999 0.3733333341346154 0.7775 0.3666666658653846 0.6875 0.39666666586538457 0.6900000000000001 0.39333333413461535 0.5675 0.40666666586538464 0.565 0.39333333413461535 0.5075000000000001 0.38 0.48750000000000004 0.2866666658653846 0.485 0.27333333413461536 0.485 0.26999999999999996 0.1575 0.24000000000000002 0.09
277 0.5933333341346153 0.32 0.4833333341346154 0.32 0.4566666658653846 0.51 0.7 0.715 0.7266666658653846 0.735 0.78 0.195 0.61 0.26 0.5933333341346153 0.32
277 1 0.3125 0.9299999999999999 0.6275000000000001 0.8866666658653847 0.645 0.9233333341346154 0.6649999999999999 0.8766666658653846 0.8875 0.8933333341346154 0.8925 1 0.9918939399038462 1 0.3125
279 0.4433333341346154 0.3525 0.3633333341346154 0.3525 0.36 0.365 0.42666666586538465 0.365 0.4433333341346154 0.3675 0.4433333341346154 0.3525
279 0.42 0.4 0.3733333341346154 0.4 0.3733333341346154 0.415 0.41666666586538464 0.415 0.42 0.4
279 0.72 0.2725 0.6900000000000001 0.28 0.6866666658653846 0.305 0.7066666658653846 0.305 0.72 0.2725
279 0.7 0.4975 0.67 0.4975 0.66 0.52 0.7166666658653846 0.5399999999999999 0.73 0.55 0.7333333341346153 0.5175 0.7166666658653846 0.515 0.7 0.4975
279 0.6433333341346154 0.6375 0.6533333341346155 0.605 0.6499999999999999 0.59 0.62 0.59 0.6166666658653847 0.6224999999999999 0.6433333341346154 0.6375
268 0.8 0.75 0.8566666658653846 0.7525000000000001 0.8533333341346154 0.6900000000000001 0.8033333341346154 0.6875 0.8 0.75
268 0.7966666658653847 0.83 0.8466666658653845 0.8350000000000001 0.8500000000000001 0.7725000000000001 0.8 0.77 0.7966666658653847 0.83
279 0.7366666658653845 0.8225 0.7866666658653846 0.825 0.7833333341346154 0.7625 0.7533333341346153 0.7575000000000001 0.7366666658653845 0.765 0.7366666658653845 0.8225
268 0.8066666658653846 0.6649999999999999 0.8566666658653846 0.67 0.86 0.6075 0.8099999999999999 0.605 0.8066666658653846 0.6649999999999999
268 0.8 0.5675 0.86 0.575 0.8633333341346153 0.5075000000000001 0.8066666658653846 0.505 0.8 0.5675
268 0.8166666658653846 0.4825 0.8733333341346154 0.4825 0.87 0.41750000000000004 0.8166666658653846 0.4225 0.8166666658653846 0.4825
268 0.8233333341346154 0.3275 0.8200000000000001 0.3925 0.87 0.39 0.8733333341346154 0.3275 0.8233333341346154 0.3275
268 0.18666666586538463 0.3 0.2433333341346154 0.305 0.2466666658653846 0.23500000000000001 0.18666666586538463 0.23500000000000001 0.18666666586538463 0.3
268 0.11 0.2975 0.1833333341346154 0.3 0.1833333341346154 0.2375 0.11333333413461538 0.2375 0.11 0.2975
268 0.04333333413461538 0.3 0.10333333413461537 0.3 0.11 0.23500000000000001 0.05 0.23249999999999998 0.04333333413461538 0.3
268 0.12333333413461538 0.415 0.13 0.34249999999999997 0.12333333413461538 0.33249999999999996 0.053333334134615384 0.33249999999999996 0.05 0.41000000000000003 0.12333333413461538 0.415
268 0.11 0.5025 0.18 0.5025 0.1833333341346154 0.44 0.11333333413461538 0.435 0.11 0.5025
279 0.2033333341346154 0.645 0.19333333413461537 0.6625000000000001 0.19 0.6950000000000001 0.3133333341346154 0.6975 0.32333333413461535 0.6799999999999999 0.3166666658653846 0.645 0.2033333341346154 0.645
279 0.08 0.6675 0.08333333413461538 0.7025 0.17333333413461538 0.7025 0.17666666586538463 0.645 0.11 0.64 0.08 0.6675
279 0.08 0.6675 0.11333333413461538 0.6425 0.10666666586538462 0.6325000000000001 0.04 0.6275000000000001 0.013333334134615385 0.645 0.01 0.7 0.08333333413461538 0.7025 0.08 0.6675
279 0.02 0.7925 0.26 0.795 0.2533333341346154 0.7124999999999999 0.016666665865384615 0.7100000000000001 0.02 0.7925
279 0.04 0.8075 0.04 0.8875 0.2633333341346154 0.8875 0.2633333341346154 0.8075 0.04 0.8075
279 0.0766666658653846 0.9825 0.26999999999999996 0.9825 0.2666666658653846 0.895 0.06666666586538461 0.8975000000000001 0.053333334134615384 0.92 0.0766666658653846 0.9825
1885 0.4566666658653846 0.51 0.6133333341346154 0.5225000000000001 0.64 0.20249999999999999 0.6433333341346154 0.1475 0.22333333413461537 0.14250000000000002 0.2133333341346154 0.4975 0.31 0.4975 0.31 0.2425 0.48000000000000004 0.245 0.4566666658653846 0.51
1885 0.6166666658653847 0.52 0.8566666658653846 0.8350000000000001 0.8566666658653846 0.0325 0.8500000000000001 0 0.6433333341346154 0.145 0.62 0.495 0.6166666658653847 0.52
1885 0.8566765865384615 0 0.86 0.8374999999999999 1 0.8423837211538461 1 0 0.8566765865384615 0
1885 0.006666665865384615 0 0.006666665865384615 0.5675 0.2133333341346154 0.5 0.22333333413461537 0.145 0.14666666586538463 0 0.006666665865384615 0
792 1 0.8423863629807692 0.8566666658653846 0.8374999999999999 0.6166666658653847 0.525 0.4566666658653846 0.5075000000000001 0.44999999999999996 0.46749999999999997 0.32 0.46749999999999997 0.21 0.995 0.5333333341346154 0.9974999999999999 1 0.9974999999999999 1 0.8423863629807692