402 0.1568888894230769 0 0.3666666658653846 0.1475 0.7833333341346154 0.14 0.8500000000000001 0 0.1568888894230769 0
1027 0.5766666658653846 0.2475 0.59 0.2475 0.6066666658653846 0.2375 0.5700000000000001 0.05 0.49 0.0525 0.5566666658653846 0.2425 0.5766666658653846 0.2475
276 0.2833333341346154 0.9299999999999999 0.3 0.9149999999999999 0.27666666586538463 0.89 0.25 0.33 0.23666666586538462 0.3225 0.23333333413461538 0.2225 0.10333333413461537 0.22 0.13 0.825 0.11333333413461538 0.9125000000000001 0.13666666586538462 0.9375 0.18 0.9525 0.2833333341346154 0.9299999999999999
402 0.52 0.2475 0.52 0.265 0.6933333341346154 0.2725 0.6966666658653846 0.2475 0.52 0.2475
1027 0.5866666658653846 0.26 0.5933333341346153 0.28500000000000003 0.6933333341346154 0.2825 0.6900000000000001 0.2625 0.5866666658653846 0.26
1885 0.6900000000000001 0.4775 0.6900000000000001 0.26999999999999996 0.5166666658653847 0.26999999999999996 0.5333333341346154 0.4825 0.6900000000000001 0.4775
277 0.6866666658653846 0.3125 0.5466666658653846 0.31 0.5533333341346154 0.47000000000000003 0.6799999999999999 0.47000000000000003 0.6866666658653846 0.3125
277 0.73 0.1575 0.7266666658653846 0.485 0.7133333341346154 0.485 0.62 0.48750000000000004 0.6066666658653846 0.5075000000000001 0.5933333341346153 0.565 0.6066666658653846 0.5675 0.6033333341346154 0.6900000000000001 0.6333333341346153 0.6875 0.6266666658653846 0.7775 0.6900000000000001 0.7749999999999999 0.72 0.9924999999999999 0.9933333341346154 0.9974999999999999 0.9933333341346154 0.0875 0.76 0.09 0.73 0.1575
277 0.39 0.26 0.22 0.195 0.27333333413461536 0.735 0.3 0.715 0.5433333341346154 0.51 0.5166666658653847 0.32 0.40666666586538464 0.32 0.39 0.26
277 0 0.9918939399038462 0.10666666586538462 0.8925 0.12333333413461538 0.8875 0.0766666658653846 0.6649999999999999 0.11333333413461538 0.645 0.07 0.6275000000000001 0 0.3125 0 0.9918939399038462
279 0.5566666658653846 0.3675 0.5733333341346154 0.365 0.64 0.365 0.6366666658653847 0.3525 0.5566666658653846 0.3525 0.5566666658653846 0.3675
279 0.5833333341346154 0.415 0.6266666658653846 0.415 0.6266666658653846 0.4 0.58 0.4 0.5833333341346154 0.415
279 0.2933333341346154 0.305 0.3133333341346154 0.305 0.31 0.28 0.28 0.2725 0.2933333341346154 0.305
279 0.2833333341346154 0.515 0.2666666658653846 0.5175 0.26999999999999996 0.55 0.2833333341346154 0.5399999999999999 0.33999999999999997 0.52 0.33 0.4975 0.3 0.4975 0.2833333341346154 0.515
279 0.3833333341346154 0.6224999999999999 0.38 0.59 0.35 0.59 0.34666666586538464 0.605 0.35666666586538465 0.6375 0.3833333341346154 0.6224999999999999
268 0.19666666586538462 0.6875 0.14666666586538463 0.6900000000000001 0.14333333413461538 0.7525000000000001 0.2 0.75 0.19666666586538462 0.6875
268 0.2 0.77 0.15 0.7725000000000001 0.1533333341346154 0.8350000000000001 0.2033333341346154 0.83 0.2 0.77
279 0.2633333341346154 0.765 0.2466666658653846 0.7575000000000001 0.2166666658653846 0.7625 0.2133333341346154 0.825 0.2633333341346154 0.8225 0.2633333341346154 0.765
268 0.19 0.605 0.14 0.6075 0.14333333413461538 0.67 0.19333333413461537 0.6649999999999999 0.19 0.605
268 0.19333333413461537 0.505 0.13666666586538462 0.5075000000000001 0.14 0.575 0.2 0.5675 0.19333333413461537 0.505
268 0.1833333341346154 0.4225 0.13 0.41750000000000004 0.1266666658653846 0.4825 0.1833333341346154 0.4825 0.1833333341346154 0.4225
268 0.1266666658653846 0.3275 0.13 0.39 0.18 0.3925 0.17666666586538463 0.3275 0.1266666658653846 0.3275
268 0.8133333341346154 0.23500000000000001 0.7533333341346153 0.23500000000000001 0.7566666658653846 0.305 0.8133333341346154 0.3 0.8133333341346154 0.23500000000000001
268 0.8866666658653847 0.2375 0.8166666658653846 0.2375 0.8166666658653846 0.3 0.89 0.2975 0.8866666658653847 0.2375
268 0.95 0.23249999999999998 0.89 0.23500000000000001 0.8966666658653846 0.3 0.9566666658653846 0.3 0.95 0.23249999999999998
268 0.95 0.41000000000000003 0.9466666658653846 0.33249999999999996 0.8766666658653846 0.33249999999999996 0.87 0.34249999999999997 0.8766666658653846 0.415 0.95 0.41000000000000003
268 0.8866666658653847 0.435 0.8166666658653846 0.44 0.8200000000000001 0.5025 0.89 0.5025 0.8866666658653847 0.435
279 0.6833333341346154 0.645 0.6766666658653846 0.6799999999999999 0.6866666658653846 0.6975 0.8099999999999999 0.6950000000000001 0.8066666658653846 0.6625000000000001 0.7966666658653847 0.645 0.6833333341346154 0.645
279 0.89 0.64 0.8233333341346154 0.645 0.8266666658653846 0.7025 0.9166666658653846 0.7025 0.92 0.6675 0.89 0.64
279 0.9166666658653846 0.7025 0.99 0.7 0.9866666658653845 0.645 0.9600000000000001 0.6275000000000001 0.8933333341346154 0.6325000000000001 0.8866666658653847 0.6425 0.92 0.6675 0.9166666658653846 0.7025
279 0.9833333341346153 0.7100000000000001 0.7466666658653847 0.7124999999999999 0.74 0.795 0.98 0.7925 0.9833333341346153 0.7100000000000001
279 0.7366666658653845 0.8075 0.7366666658653845 0.8875 0.9600000000000001 0.8875 0.9600000000000001 0.8075 0.7366666658653845 0.8075
279 0.9466666658653846 0.92 0.9333333341346154 0.8975000000000001 0.7333333341346153 0.895 0.73 0.9825 0.9233333341346154 0.9825 0.9466666658653846 0.92
1885 0.52 0.245 0.6900000000000001 0.2425 0.6900000000000001 0.4975 0.7866666658653846 0.4975 0.7766666658653846 0.14250000000000002 0.35666666586538465 0.1475 0.36 0.20249999999999999 0.3866666658653846 0.5225000000000001 0.5433333341346154 0.51 0.52 0.245
1885 0.38 0.495 0.35666666586538465 0.145 0.15 0 0.14333333413461538 0.0325 0.14333333413461538 0.8350000000000001 0.3833333341346154 0.52 0.38 0.495
1885 0 0 0 0.8423837211538461 0.14 0.8374999999999999 0.14332341346153846 0 0 0
1885 0.8533333341346154 0 0.7766666658653846 0.145 0.7866666658653846 0.5 0.9933333341346154 0.5675 0.9933333341346154 0 0.8533333341346154 0
792 0 0.9974999999999999 0.4666666658653846 0.9974999999999999 0.7899999999999999 0.995 0.6799999999999999 0.46749999999999997 0.55 0.46749999999999997 0.5433333341346154 0.5075000000000001 0.3833333341346154 0.525 0.14333333413461538 0.8374999999999999 0 0.8423863629807692 0 0.9974999999999999