402 0.59 0 0.825 0.026666665865384614 0.92 0 0.59 0
277 0.9924999999999999 0.4866666658653846 0.735 0.40666666586538464 0.7325 0.72 0.995 0.87 0.9924999999999999 0.4866666658653846
277 0.735 0.7266666658653846 0.7325 0.40666666586538464 0.385 0.4633333341346154 0.38749999999999996 0.6566666658653847 0.4775 0.7733333341346154 0.735 0.7266666658653846
277 0.58 0.7066666658653846 0.48000000000000004 0.7166666658653846 0.46499999999999997 0.7566666658653846 0.635 0.9966666658653847 0.6975 0.9933333341346154 0.7 0.8133333341346154 0.705 0.78 0.6649999999999999 0.7266666658653846 0.58 0.7066666658653846
277 0.995 0.15 0.75 0.1633333341346154 0.7424999999999999 0.40666666586538464 0.995 0.4833333341346154 0.995 0.15
277 0.73 0.1566666658653846 0.3725 0.1633333341346154 0.38 0.4466666658653846 0.7325 0.40333333413461536 0.73 0.1566666658653846
852 0.0025 0.9966666658653847 0.0375 0.9933333341346154 0.06749999999999999 0.7333333341346153 0.05 0.66 0.0025 0.6666666658653846 0.0025 0.9966666658653847
268 0.16999999999999998 0.9466666658653846 0.16 0.8333333341346154 0.055 0.8 0.0475 0.92 0.16999999999999998 0.9466666658653846
1027 0.46 0.023333334134615382 0.46499999999999997 0.04333333413461538 0.475 0.056666665865384616 0.48000000000000004 0.056666665865384616 0.485 0.056666665865384616 0.4825 0.04 0.4925 0.030000000000000002 0.49 0.016666665865384615 0.49 0 0.485 0.016666665865384615 0.4775 0.026666665865384614 0.46499999999999997 0.02 0.46 0.023333334134615382
268 0.575 0.22666666586538461 0.5325 0.22666666586538461 0.535 0.2966666658653846 0.575 0.2933333341346154 0.575 0.22666666586538461
268 0.4525 0.23333333413461538 0.415 0.23666666586538462 0.415 0.3066666658653846 0.4525 0.3033333341346154 0.4525 0.23333333413461538
268 0.6499999999999999 0.2133333341346154 0.6275000000000001 0.21 0.6275000000000001 0.2666666658653846 0.6475000000000001 0.2666666658653846 0.6499999999999999 0.2133333341346154
268 0.7124999999999999 0.2066666658653846 0.675 0.2066666658653846 0.675 0.26999999999999996 0.7124999999999999 0.2666666658653846 0.7124999999999999 0.2066666658653846
268 0.8125 0.22 0.7749999999999999 0.2166666658653846 0.7749999999999999 0.26999999999999996 0.8075 0.27333333413461536 0.8125 0.22
268 0.9400000000000001 0.19 0.9025 0.18666666586538463 0.885 0.2833333341346154 0.9299999999999999 0.2866666658653846 0.9400000000000001 0.19
268 0.885 0.2966666658653846 0.8475 0.2933333341346154 0.84 0.36 0.8825000000000001 0.3666666658653846 0.885 0.2966666658653846
268 0.9025 0.3 0.895 0.37 0.9275 0.3766666658653846 0.9325 0.3 0.9025 0.3
279 0.46749999999999997 0.4866666658653846 0.4275 0.4933333341346154 0.4275 0.51 0.39 0.51 0.3925 0.58 0.40249999999999997 0.58 0.495 0.5666666658653846 0.495 0.5033333341346153 0.4775 0.5 0.46749999999999997 0.4866666658653846
279 0.6 0.5399999999999999 0.6024999999999999 0.4766666658653846 0.5125 0.4866666658653846 0.515 0.5533333341346154 0.6 0.5399999999999999
792 0.7 0.9966666658653847 0.7225 0.9933333341346154 0.895 0.9933333341346154 0.6950000000000001 0.7899999999999999 0.7 0.9966666658653847
279 0.995 0.9166666658653846 0.9725 0.8999999999999999 0.9125000000000001 0.9366666658653846 0.9075 0.9866666658653845 0.9600000000000001 0.9966666658653847 0.995 0.9933333341346154 0.995 0.9166666658653846
276 0.9924999999999999 0.9933333341346154 0.9974999999999999 0.8766666658653846 0.7075 0.6833333341346154 0.6325000000000001 0.74 0.9025 0.9966666658653847 0.9924999999999999 0.9933333341346154
279 0.9525 0.9133333341346154 0.9525 0.8966666658653846 0.9299999999999999 0.8766666658653846 0.9025 0.8933333341346154 0.895 0.95 0.905 0.9733333341346154 0.9125000000000001 0.9366666658653846 0.9525 0.9133333341346154
279 0.885 0.84 0.885 0.8166666658653846 0.8374999999999999 0.7833333341346154 0.7875000000000001 0.8066666658653846 0.7875000000000001 0.8666666658653847 0.8225 0.9033333341346155 0.83 0.8666666658653847 0.885 0.84
279 0.9149999999999999 0.87 0.88 0.8433333341346153 0.83 0.8733333341346154 0.825 0.91 0.865 0.9433333341346154 0.8875 0.9433333341346154 0.8999999999999999 0.89 0.9149999999999999 0.87
279 0.635 0.5733333341346154 0.7075 0.5566666658653846 0.7075 0.51 0.6375 0.53 0.635 0.5733333341346154
913 0.38 0.36 0.5 0.42 0.5 0.8566666658653846 0.515 0.8733333341346154 0.51 0.42 0.855 0.5966666658653846 0.8225 0.9933333341346154 0.8500000000000001 0.9933333341346154 0.8724999999999999 0.5966666658653846 0.995 0.6566666658653847 0.9924999999999999 0.5966666658653846 0.95 0.58 0.37 0.33 0.375 0.6766666658653846 0.39 0.6799999999999999 0.38 0.36
792 0.0225 0.9933333341346154 0.51 0.9966666658653847 0.62 0.9933333341346154 0.385 0.6566666658653847 0.0575 0.7333333341346153 0.0225 0.9933333341346154
1230 0.275 0.1833333341346154 0.07 0.19 0.105 0.6366666658653847 0.29250000000000004 0.6 0.275 0.1833333341346154
268 0.215 0.36 0.15 0.3666666658653846 0.1525 0.4766666658653846 0.2225 0.47000000000000003 0.215 0.36
268 0.13 0.19 0.1375 0.32 0.21 0.3066666658653846 0.20500000000000002 0.19 0.13 0.19
268 0.2725 0.5033333341346153 0.20249999999999999 0.5166666658653847 0.21 0.6133333341346154 0.28 0.6 0.2725 0.5033333341346153
1885 0 0.5066666658653847 0.0625 0.7366666658653845 0.38749999999999996 0.6799999999999999 0.3675 0.16666666586538462 0.8200000000000001 0.1566666658653846 0.8275 0.03333333413461538 0.5850000000000001 0.0033333341346153847 0 0 0 0.5066666658653847
1885 0.06749999999999999 0.7366666658653845 0.0025 0.5133333341346155 0.0025 0.6433333341346154 0.0025 0.9933333341346154 0.0225 0.9833333341346153 0.06749999999999999 0.7366666658653845
1885 0.9225 0 0.8275 0.03333333413461538 0.8225 0.16 0.995 0.15 0.995 0 0.9225 0