1219 0.60546875 0.0078125 0.4091796875 0.0078125 0.408203125 0.2903645841346154 0.6015625 0.296875 0.60546875 0.0078125
781 0.384765625 0.6953125 0.42578125 0.71484375 0.5234375 0.7291666658653846 0.52734375 0.7760416658653846 0.66015625 0.7760416658653846 0.6640625 0.45182291586538464 0.341796875 0.44401041586538464 0.384765625 0.6953125
1499 0.2783203125 0.42317708413461536 0.2880859375 0.45182291586538464 0.2724609375 0.44661458413461536 0.2744140625 0.47005208413461536 0.267578125 0.49869791586538464 0.26171875 0.5559895841346154 0.2568359375 0.5963541658653846 0.2509765625 0.6458333341346154 0.2509765625 0.70703125 0.259765625 0.7330729158653846 0.259765625 0.7786458341346154 0.2724609375 0.7981770841346154 0.279296875 0.8190104158653846 0.32421875 0.8216145841346154 0.3388671875 0.8138020841346154 0.3388671875 0.7877604158653846 0.361328125 0.7526041658653846 0.359375 0.7330729158653846 0.3681640625 0.7096354158653846 0.3720703125 0.6575520841346154 0.365234375 0.6080729158653846 0.3583984375 0.5533854158653846 0.3544921875 0.5078125 0.3564453125 0.45833333413461536 0.341796875 0.4296875 0.3564453125 0.40625 0.3349609375 0.39453125 0.3154296875 0.33072916586538464 0.30078125 0.36848958413461536 0.2919921875 0.39192708413461536 0.2744140625 0.3984375 0.2783203125 0.42317708413461536
246 0.16015625 0.78515625 0.1513671875 0.7994791658653846 0.1513671875 0.83984375 0.224609375 0.8424479158653846 0.2265625 0.8020833341346154 0.220703125 0.78125 0.2119140625 0.7526041658653846 0.2177734375 0.7265625 0.2177734375 0.70703125 0.2119140625 0.6770833341346154 0.1923828125 0.6979166658653846 0.1748046875 0.7317708341346154 0.166015625 0.7578125 0.16015625 0.78515625
246 0.3896484375 0.76953125 0.3828125 0.8111979158653846 0.384765625 0.8450520841346154 0.4541015625 0.84765625 0.4501953125 0.8046875 0.4560546875 0.78125 0.44140625 0.7447916658653846 0.4169921875 0.6979166658653846 0.404296875 0.6783854158653846 0.3955078125 0.68359375 0.388671875 0.71484375 0.400390625 0.7434895841346154 0.3896484375 0.76953125
1712 0.0107421875 0.42057291586538464 0.04296875 0.4296875 0.0556640625 0.45833333413461536 0.0576171875 0.49088541586538464 0.05859375 0.515625 0.0498046875 0.5442708341346154 0.041015625 0.5598958341346154 0.044921875 0.57421875 0.0751953125 0.5963541658653846 0.087890625 0.59375 0.0947265625 0.57421875 0.0927734375 0.55078125 0.0859375 0.5078125 0.0859375 0.47916666586538464 0.087890625 0.44401041586538464 0.10546875 0.42708333413461536 0.138671875 0.41145833413461536 0.1298828125 0.33072916586538464 0.12890625 0.2682291658653846 0.0966796875 0.26171875 0.05859375 0.26171875 0.01953125 0.265625 0.01953125 0.2994791658653846 0.0126953125 0.3828125 0.0107421875 0.42057291586538464
1712 0.8505859375 0.50390625 0.861328125 0.48958333413461536 0.9150390625 0.5299479158653846 0.9365234375 0.5247395841346154 0.9365234375 0.44661458413461536 0.921875 0.41796875 0.921875 0.40625 0.9775390625 0.40104166586538464 0.9736328125 0.26171875 0.9609375 0.25 0.9150390625 0.2421875 0.880859375 0.2421875 0.845703125 0.24479166586538462 0.818359375 0.2513020841346154 0.8154296875 0.39192708413461536 0.8671875 0.40364583413461536 0.8544921875 0.43489583413461536 0.8505859375 0.50390625
1219 0.7705078125 0.53125 0.7978515625 0.48177083413461536 0.841796875 0.5078125 0.8544921875 0.47786458413461536 0.8544921875 0.40625 0.80078125 0.3984375 0.765625 0.40625 0.7294921875 0.40364583413461536 0.7314453125 0.53125 0.744140625 0.5442708341346154 0.7568359375 0.5338541658653846 0.7705078125 0.53125
1219 0.265625 0.5130208341346154 0.265625 0.38932291586538464 0.142578125 0.38932291586538464 0.14453125 0.5221354158653846 0.2529296875 0.5247395841346154 0.265625 0.5130208341346154
1329 0.900390625 0.75 0.978515625 0.5481770841346154 0.9541015625 0.5390625 0.900390625 0.5182291658653846 0.8740234375 0.49869791586538464 0.8486328125 0.5221354158653846 0.8291015625 0.5794270841346154 0.802734375 0.6458333341346154 0.787109375 0.671875 0.787109375 0.6888020841346154 0.818359375 0.6953125 0.8486328125 0.7096354158653846 0.8720703125 0.7265625 0.900390625 0.75
1329 0.8330078125 0.50390625 0.8095703125 0.49088541586538464 0.7880859375 0.49348958413461536 0.720703125 0.63671875 0.72265625 0.65234375 0.7744140625 0.6744791658653846 0.7939453125 0.66015625 0.8388671875 0.5416666658653846 0.8330078125 0.50390625
1329 1 0.6888020841346154 0.9716796875 0.7408854158653846 0.927734375 0.8098958341346154 0.92578125 0.8515625 0.904296875 0.9309895841346154 1 0.9322916658653846 1 0.6888020841346154
527 1 0.5794270841346154 0.96875 0.5416666658653846 0.927734375 0.52734375 0.888671875 0.5078125 0.8486328125 0.49088541586538464 0.826171875 0.49088541586538464 0.7880859375 0.48177083413461536 0.7763671875 0.5182291658653846 0.744140625 0.5963541658653846 0.7333984375 0.6119791658653846 0.6982421875 0.6171875 0.6923828125 0.6653645841346154 0.6767578125 0.6861979158653846 0.6748046875 0.7734375 0.6748046875 0.8111979158653846 0.6787109375 0.8450520841346154 0.7119140625 0.9986979158653846 1 0.9986979158653846 1 0.5794270841346154
1376 0.662109375 0.6809895841346154 0.6689453125 0.7552083341346154 0.6708984375 0.703125 0.68359375 0.671875 0.6962890625 0.6549479158653846 0.708984375 0.6145833341346154 0.72265625 0.59375 0.72265625 0.5247395841346154 0.6884765625 0.50390625 0.666015625 0.50390625 0.6552734375 0.55078125 0.662109375 0.6145833341346154 0.662109375 0.6809895841346154
1499 0.5537109375 0.7434895841346154 0.5498046875 0.7786458341346154 0.5498046875 0.8216145841346154 0.568359375 0.82421875 0.5966796875 0.82421875 0.6142578125 0.8190104158653846 0.6181640625 0.79296875 0.6142578125 0.7708333341346154 0.607421875 0.7447916658653846 0.5986328125 0.7096354158653846 0.5927734375 0.6770833341346154 0.5947265625 0.6510416658653846 0.5771484375 0.59375 0.568359375 0.6197916658653846 0.560546875 0.6484375 0.568359375 0.7005208341346154 0.5537109375 0.7434895841346154
126 0.126953125 0.7096354158653846 0.1015625 0.6953125 0.107421875 0.625 0.0625 0.58203125 0.0341796875 0.5481770841346154 0.041015625 0.53125 0.001953125 0.5390625 0.001953125 0.91796875 0.0234375 0.90234375 0.048828125 0.8971354158653846 0.125 0.7877604158653846 0.126953125 0.7096354158653846
495 0.0556640625 0.8854166658653846 0.0693359375 0.8802083341346154 0.12890625 0.8776041658653846 0.1962890625 0.8854166658653846 0.341796875 0.90234375 0.341796875 0.9231770841346154 0.40625 0.91796875 0.4189453125 0.90234375 0.439453125 0.8880208341346154 0.4580078125 0.8919270841346154 0.4736328125 0.9114583341346154 0.48046875 0.9348958341346154 0.4931640625 0.9401041658653846 0.4912109375 0.9986979158653846 0.5166015625 0.9973958341346154 0.51953125 0.9231770841346154 0.5185546875 0.7174479158653846 0.185546875 0.71875 0.166015625 0.71875 0.0556640625 0.8854166658653846
126 0.462890625 0.9088541658653846 0.4306640625 0.8880208341346154 0.3916015625 0.91796875 0.3330078125 0.92578125 0.2373046875 0.9348958341346154 0.1123046875 0.9375 0.0693359375 0.9309895841346154 0.068359375 0.9049479158653846 0.046875 0.8854166658653846 0.0341796875 0.890625 0.0107421875 0.90625 0.001953125 0.9348958341346154 0.00390625 0.9986979158653846 0.458984375 0.9986979158653846 0.4775390625 0.9752604158653846 0.486328125 0.95703125 0.4716796875 0.92578125 0.462890625 0.9088541658653846
1329 0.103515625 0.8776041658653846 0.080078125 0.8763020841346154 0.05859375 0.8997395841346154 0.060546875 0.9205729158653846 0.080078125 0.9322916658653846 0.1513671875 0.9348958341346154 0.2099609375 0.9348958341346154 0.28125 0.9322916658653846 0.3203125 0.92578125 0.3330078125 0.89453125 0.302734375 0.8919270841346154 0.2353515625 0.8880208341346154 0.1787109375 0.8828125 0.103515625 0.8776041658653846
279 0.06640625 0.17578125 0.0390625 0.171875 0.00390625 0.171875 0.001953125 0.2421875 0.068359375 0.23828125 0.06640625 0.17578125
874 0.119140625 0.49609375 0.1083984375 0.5078125 0.107421875 0.5390625 0.10546875 0.5651041658653846 0.107421875 0.5963541658653846 0.1318359375 0.59375 0.1376953125 0.5416666658653846 0.1298828125 0.5078125 0.119140625 0.49609375
874 0.185546875 0.59765625 0.19921875 0.58203125 0.1943359375 0.5625 0.1884765625 0.5338541658653846 0.1728515625 0.49609375 0.16015625 0.5052083341346154 0.1484375 0.5416666658653846 0.146484375 0.59765625 0.185546875 0.59765625
1708 0.240234375 0.71484375 0.259765625 0.6927083341346154 0.2568359375 0.6744791658653846 0.2353515625 0.6666666658653846 0.228515625 0.640625 0.240234375 0.6171875 0.2314453125 0.5885416658653846 0.22265625 0.5625 0.1103515625 0.5533854158653846 0.0771484375 0.5794270841346154 0.0986328125 0.6145833341346154 0.10546875 0.65234375 0.1015625 0.6809895841346154 0.1162109375 0.703125 0.126953125 0.7330729158653846 0.126953125 0.7552083341346154 0.140625 0.7591145841346154 0.158203125 0.7356770841346154 0.1767578125 0.7122395841346154 0.240234375 0.71484375
1349 0.4482421875 0.5455729158653846 0.4345703125 0.515625 0.4287109375 0.48958333413461536 0.4169921875 0.4609375 0.3955078125 0.453125 0.3779296875 0.45182291586538464 0.3583984375 0.43880208413461536 0.259765625 0.45572916586538464 0.2333984375 0.47786458413461536 0.21875 0.5104166658653846 0.20703125 0.5338541658653846 0.2119140625 0.5794270841346154 0.22265625 0.6106770841346154 0.240234375 0.63671875 0.2373046875 0.6549479158653846 0.2421875 0.6927083341346154 0.3740234375 0.6979166658653846 0.4150390625 0.6653645841346154 0.4345703125 0.6432291658653846 0.4580078125 0.6223958341346154 0.439453125 0.5911458341346154 0.4482421875 0.5455729158653846
184 0.525390625 0.6666666658653846 0.5107421875 0.65234375 0.501953125 0.6263020841346154 0.4912109375 0.6028645841346154 0.48046875 0.6145833341346154 0.478515625 0.6432291658653846 0.4716796875 0.6575520841346154 0.458984375 0.6575520841346154 0.439453125 0.6627604158653846 0.4384765625 0.6861979158653846 0.447265625 0.71484375 0.5087890625 0.71875 0.5322265625 0.76171875 0.54296875 0.7356770841346154 0.54296875 0.7044270841346154 0.541015625 0.68359375 0.525390625 0.6666666658653846
1469 0.703125 0.9973958341346154 0.7099609375 0.984375 0.6767578125 0.8255208341346154 0.521484375 0.8307291658653846 0.5146484375 0.984375 0.52734375 0.9986979158653846 0.703125 0.9973958341346154
314 0.068359375 0.03255208413461538 0.0009765625 0.03125 0.001953125 0.09114583413461538 0.0654296875 0.09375 0.068359375 0.03255208413461538
1362 0.251953125 0.72265625 0.232421875 0.7174479158653846 0.212890625 0.7174479158653846 0.205078125 0.7317708341346154 0.2041015625 0.7447916658653846 0.2255859375 0.7447916658653846 0.2421875 0.7447916658653846 0.251953125 0.7369791658653846 0.251953125 0.72265625
299 0.447265625 0.86328125 0.4541015625 0.85546875 0.4384765625 0.8450520841346154 0.419921875 0.8450520841346154 0.4033203125 0.8463541658653846 0.392578125 0.8541666658653846 0.400390625 0.8671875 0.41015625 0.8763020841346154 0.4345703125 0.8723958341346154 0.447265625 0.86328125
279 0.052734375 0.4375 0.025390625 0.41927083413461536 0.0068359375 0.40755208413461536 0.0146484375 0.33723958413461536 0 0.3359375 0.0029296875 0.46614583413461536 0.0556640625 0.46614583413461536 0.052734375 0.4375
881 0.216796875 0.8541666658653846 0.2431640625 0.8541666658653846 0.2333984375 0.76171875 0.2275390625 0.7630208341346154 0.216796875 0.8541666658653846
763 0.3330078125 0.8515625 0.365234375 0.8463541658653846 0.349609375 0.76171875 0.3447265625 0.76953125 0.3330078125 0.8515625
1329 0.0048828125 0.7005208341346154 0.021484375 0.6940104158653846 0.033203125 0.5299479158653846 0.001953125 0.546875 0.0048828125 0.7005208341346154
1885 0.2421875 0.5546875 0.259765625 0.53515625 0.2783203125 0.5325520841346154 0.2841796875 0.43489583413461536 0.66796875 0.44401041586538464 0.6650390625 0.6888020841346154 0.67578125 0.6796875 0.69140625 0.66015625 0.697265625 0.6080729158653846 0.7294921875 0.60546875 0.7607421875 0.5390625 0.728515625 0.5377604158653846 0.7275390625 0.3984375 0.810546875 0.39322916586538464 0.859375 0.41015625 0.92578125 0.41666666586538464 0.939453125 0.45052083413461536 0.9384765625 0.52734375 0.9990234375 0.5520833341346154 0.9990234375 0.0013020841346153846 0.0693359375 0 0.0810546875 0.5299479158653846 0.095703125 0.55859375 0.2421875 0.5546875
53 0.72265625 0.734375 0.828125 0.7669270841346154 0.9091796875 0.7552083341346154 0.8916015625 0.6263020841346154 0.791015625 0.55859375 0.7490234375 0.5885416658653846 0.6826171875 0.6796875 0.72265625 0.734375
53 0.390625 0.2916666658653846 0.619140625 0.2942708341346154 0.6171875 0.016927084134615387 0.392578125 0.0078125 0.390625 0.2916666658653846
21 0.4794921875 0.01953125 0.4716796875 0.06901041586538462 0.4736328125 0.12760416586538462 0.470703125 0.16276041586538462 0.5361328125 0.23307291586538462 0.529296875 0.046875 0.51171875 0.016927084134615387 0.4794921875 0.01953125