1314 0.1075 0.48777777884615386 0.18666666586538463 0.4911111105769231 0.1891666658653846 0.3711111105769231 0.105 0.3711111105769231 0.1075 0.48777777884615386
527 0.24916666586538463 0.741111110576923 0.1833333341346154 0.8166666658653846 0.1808333341346154 0.9155555552884616 0.2 0.9255555552884616 0.2 0.9877777788461538 0.21583333413461536 0.9833333341346153 0.21583333413461536 0.9222222211538462 0.4475 0.9255555552884616 0.4608333341346154 0.9833333341346153 0.4766666658653846 0.9111111105769231 0.485 0.6944444447115384 0.46916666586538464 0.6144444447115385 0.34666666586538464 0.6144444447115385 0.34666666586538464 0.6655555552884616 0.295 0.6755555552884616 0.2541666658653846 0.6722222211538462 0.24916666586538463 0.741111110576923
1743 0.09666666586538461 0.6866666658653846 0.09416666586538461 0.64 0.025833334134615384 0.64 0.020833334134615387 0.6866666658653846 0.09666666586538461 0.6866666658653846
1501 0.8641666658653846 0.97 0.88 0.9644444447115385 0.8883333341346155 0.9244444447115385 0.8966666658653846 0.8555555552884615 0.8641666658653846 0.8377777788461539 0.83 0.8311111105769231 0.7991666658653845 0.8288888894230768 0.7825 0.83 0.7733333341346154 0.84 0.7858333341346154 0.9488888894230769 0.8091666658653847 0.9611111105769231 0.8366666658653846 0.9677777788461538 0.8641666658653846 0.97
1501 0.9600000000000001 0.9266666658653846 0.9966666658653847 0.9311111105769231 0.9966666658653847 0.76 0.9766666658653846 0.751111110576923 0.9433333341346154 0.751111110576923 0.9191666658653846 0.7544444447115384 0.895 0.7577777788461538 0.89 0.77 0.9008333341346154 0.8455555552884615 0.9116666658653846 0.9088888894230769 0.9091666658653845 0.9133333341346154 0.9233333341346154 0.9188888894230769 0.9600000000000001 0.9266666658653846
1501 0.9891666658653846 0.8655555552884615 0.9683333341346153 0.8722222211538462 0.9541666658653847 0.8877777788461538 0.9608333341346154 0.9466666658653846 0.9675 0.9955555552884616 0.9983333341346154 0.9955555552884616 0.9983333341346154 0.8633333341346153 0.9891666658653846 0.8655555552884615
1708 0.0016666658653846154 0.8977777788461538 0.11583333413461538 0.8144444447115385 0.115 0.7311111105769231 0.0025 0.7244444447115386 0.0016666658653846154 0.8977777788461538
349 0.1825 0.7311111105769231 0.17416666586538462 0.7188888894230769 0.1633333341346154 0.722222221153846 0.14833333413461539 0.7311111105769231 0.14666666586538463 0.741111110576923 0.1508333341346154 0.748888889423077 0.1616666658653846 0.7522222211538462 0.17333333413461538 0.7522222211538462 0.17833333413461538 0.7433333341346154 0.1825 0.7311111105769231
1054 0.1566666658653846 0.7433333341346154 0.1633333341346154 0.7444444447115385 0.16916666586538462 0.7444444447115385 0.16999999999999998 0.7366666658653845 0.16583333413461537 0.73 0.15916666586538464 0.7322222211538462 0.155 0.7388888894230768 0.1566666658653846 0.7433333341346154
1027 0.12583333413461537 0.728888889423077 0.11666666586538461 0.7422222211538462 0.1225 0.748888889423077 0.14166666586538462 0.7522222211538462 0.155 0.7544444447115384 0.1916666658653846 0.7477777788461538 0.2033333341346154 0.74 0.2033333341346154 0.7311111105769231 0.1908333341346154 0.7188888894230769 0.1808333341346154 0.7188888894230769 0.14333333413461538 0.7255555552884616 0.12583333413461537 0.728888889423077
1881 0.0125 0.6377777788461538 0.015833334134615386 0.6122222211538462 0.0175 0.5977777788461538 0.0175 0.5888888894230769 0.024166665865384615 0.5811111105769231 0.0225 0.5700000000000001 0.01 0.5700000000000001 0.0008333341346153846 0.5733333341346154 0.006666665865384615 0.5855555552884616 0.006666665865384615 0.6066666658653846 0.0025 0.6377777788461538 0 0.6622222211538461 0.0008333341346153846 0.6788888894230769 0 0.6988888894230769 0.0008333341346153846 0.7077777788461539 0.011666665865384616 0.7088888894230769 0.02 0.7144444447115385 0.028333334134615383 0.7188888894230769 0.045 0.7177777788461538 0.0625 0.7177777788461538 0.0775 0.7144444447115385 0.09 0.7100000000000001 0.08916666586538462 0.6922222211538462 0.04416666586538461 0.6722222211538462 0.011666665865384616 0.6722222211538462 0.0125 0.6377777788461538
1047 0.14666666586538463 0.2533333341346154 0.1541666658653846 0.2555555552884615 0.16 0.24444444471153848 0.1533333341346154 0.23888888942307693 0.14666666586538463 0.24111111057692308 0.14666666586538463 0.2533333341346154
1047 0.08166666586538461 0.18444444471153845 0.07083333413461539 0.17111111057692308 0.04333333413461538 0.17444444471153847 0.045833334134615385 0.18666666586538463 0.08166666586538461 0.18444444471153845
1047 0.23333333413461538 0.08333333413461538 0.2416666658653846 0.08111111057692308 0.2458333341346154 0.08111111057692308 0.23666666586538462 0.07333333413461539 0.2258333341346154 0.07333333413461539 0.22833333413461537 0.08111111057692308 0.23333333413461538 0.08333333413461538
1047 0.8983333341346154 0.12444444471153847 0.9066666658653847 0.11222222115384616 0.885 0.10444444471153846 0.8766666658653846 0.12222222115384616 0.8983333341346154 0.12444444471153847
1047 0.9450000000000001 0.07444444471153847 0.9583333341346154 0.053333334134615384 0.9333333341346154 0.04777777884615385 0.9175 0.07444444471153847 0.9450000000000001 0.07444444471153847
1469 0 0.998888889423077 0.125 0.9944444447115385 0.2691666658653846 0.8044444447115384 0.115 0.7899999999999999 0.0025 0.7966666658653847 0 0.998888889423077
252 0.485 0.6622222211538461 0.48916666586538465 0.6511111105769231 0.46166666586538463 0.6133333341346154 0.4258333341346154 0.611111110576923 0.41000000000000003 0.6233333341346154 0.3916666658653846 0.6577777788461538 0.39 0.6677777788461537 0.3983333341346154 0.6655555552884616 0.4083333341346154 0.6444444447115385 0.4233333341346154 0.6344444447115385 0.4516666658653846 0.6355555552884616 0.47000000000000003 0.6711111105769232 0.48000000000000004 0.7088888894230769 0.4833333341346154 0.7766666658653846 0.4858333341346154 0.8188888894230769 0.5075000000000001 0.778888889423077 0.4958333341346154 0.72 0.4991666658653846 0.7077777788461539 0.485 0.6622222211538461
133 0.8158333341346153 0.6133333341346154 0.8175 0.33777777884615384 0.7558333341346154 0.37 0.7541666658653846 0.5933333341346153 0.8158333341346153 0.6133333341346154
1422 0.7925 0.43 0.7941666658653846 0.24444444471153848 0.9158333341346154 0.24444444471153848 0.9175 0.23111111057692307 0.7216666658653845 0.23111111057692307 0.7258333341346154 0.2622222211538462 0.6725 0.3133333341346154 0.5966666658653846 0.3788888894230769 0.5308333341346153 0.44 0.4433333341346154 0.5177777788461538 0.4458333341346154 0.5288888894230769 0.46 0.5155555552884615 0.45749999999999996 0.6988888894230769 0.4741666658653846 0.6944444447115384 0.46916666586538464 0.51 0.7316666658653846 0.27222222115384614 0.73 0.46888888942307694 0.7383333341346153 0.4666666658653846 0.7383333341346153 0.41888888942307695 0.7391666658653846 0.2433333341346154 0.7841666658653845 0.24222222115384615 0.7858333341346154 0.4322222211538461 0.7925 0.43
679 0.3525 0.5455555552884616 0.3916666658653846 0.5466666658653846 0.3916666658653846 0.5266666658653846 0.3525 0.5266666658653846 0.3525 0.5455555552884616
531 0.32499999999999996 0.6522222211538462 0.40666666586538464 0.6511111105769231 0.41083333413461537 0.52 0.3283333341346154 0.52 0.32499999999999996 0.6522222211538462
133 0.44 0.4366666658653846 0.4416666658653846 0.49 0.48916666586538465 0.4911111105769231 0.48750000000000004 0.4366666658653846 0.44 0.4366666658653846
296 0.8116666658653846 0.741111110576923 0.8366666658653846 0.741111110576923 0.8575 0.7422222211538462 0.8766666658653846 0.7344444447115385 0.875 0.7233333341346154 0.8758333341346154 0.7044444447115384 0.8708333341346154 0.6855555552884615 0.8591666658653847 0.6722222211538462 0.8475 0.6711111105769232 0.8316666658653846 0.6644444447115384 0.8116666658653846 0.6677777788461537 0.7941666658653846 0.6677777788461537 0.7775 0.6788888894230769 0.7641666658653846 0.6900000000000001 0.7591666658653846 0.7077777788461539 0.7566666658653846 0.7322222211538462 0.7691666658653846 0.741111110576923 0.7875000000000001 0.7433333341346154 0.8116666658653846 0.741111110576923
570 0.4508333341346154 0.7077777788461539 0.44833333413461535 0.6677777788461537 0.2466666658653846 0.6733333341346154 0.2466666658653846 0.7155555552884615 0.4508333341346154 0.7077777788461539
570 0.17250000000000001 0.8788888894230769 0.24083333413461538 0.8733333341346154 0.2416666658653846 0.8099999999999999 0.2466666658653846 0.7544444447115384 0.17666666586538463 0.8099999999999999 0.17250000000000001 0.8788888894230769
570 0.47000000000000003 0.6633333341346154 0.46749999999999997 0.6533333341346155 0.4566666658653846 0.6377777788461538 0.4383333341346154 0.6355555552884616 0.41666666586538464 0.64 0.40166666586538463 0.6555555552884615 0.3983333341346154 0.6722222211538462 0.4041666658653846 0.6655555552884616 0.4466666658653846 0.66 0.4525 0.7122222211538461 0.4666666658653846 0.6877777788461539 0.47000000000000003 0.6633333341346154
1050 0.1841666658653846 0.5044444447115385 0.1825 0.5344444447115385 0.20083333413461538 0.5333333341346154 0.2 0.501111110576923 0.1841666658653846 0.5044444447115385
304 0.3891666658653846 0.511111110576923 0.375 0.4977777788461539 0.3591666658653846 0.5122222211538461 0.3633333341346154 0.521111110576923 0.3733333341346154 0.5222222211538461 0.385 0.52 0.3891666658653846 0.511111110576923
1967 0.49666666586538466 0.7233333341346154 0.5075000000000001 0.7622222211538462 0.8875 0.7644444447115385 0.8941666658653846 0.7544444447115384 0.9425 0.75 0.9441666658653846 0.7444444447115385 0.7424999999999999 0.631111110576923 0.7016666658653846 0.63 0.7025 0.7122222211538461 0.5025 0.7088888894230769 0.49666666586538466 0.7233333341346154
402 0.31 0.21222222115384615 0.3141666658653846 0.27777777884615384 0.3133333341346154 0.35111111057692307 0.4566666658653846 0.35 0.45749999999999996 0.27666666586538463 0.43 0.18222222115384618 0.28500000000000003 0.1833333341346154 0.31 0.21222222115384615
402 0.9991666658653846 0 0.0008333341346153846 0.001111110576923077 0.0025 0.2188888894230769 0.24916666586538463 0.2188888894230769 0.21416666586538463 0.18111111057692308 0.9475 0.1833333341346154 0.9991666658653846 0.14222222115384617 0.9991666658653846 0
792 0.9066666658653847 0.92 0.9083333341346154 0.9055555552884615 0.8875 0.7688888894230769 0.5116666658653846 0.7655555552884615 0.5116666658653846 0.78 0.4883333341346154 0.8211111105769231 0.47166666586538464 0.9222222211538462 0.1958333341346154 0.92 0.1308333341346154 0.998888889423077 0.16666666586538462 1 0.965 0.998888889423077 0.9566666658653846 0.9322222211538461 0.9066666658653847 0.92
1885 1 0.2433333341346154 0.9991666658653846 0.14555555528846154 0.9475 0.18777777884615385 0.9208333341346153 0.18777777884615385 0.9175 0.4944444447115384 0.8358333341346154 0.4977777788461539 0.8358333341346154 0.2833333341346154 0.745 0.35555555528846156 0.7008333341346155 0.3522222211538461 0.7008333341346155 0.6277777788461538 0.7441666658653846 0.6266666658653846 0.9441666658653846 0.7422222211538462 0.95 0.748888889423077 0.98 0.751111110576923 1 0.7611111105769232 1 0.2433333341346154
402 0.7 0.34888888942307694 0.745 0.35333333413461543 0.8341666658653846 0.28111111057692306 0.8358333341346154 0.2633333341346154 0.8358333341346154 0.24000000000000002 0.7408333341346154 0.24888888942307694 0.7016666658653846 0.30222222115384617 0.7 0.34888888942307694
655 0.8441666658653847 0.18777777884615385 0.8416666658653846 0.42666666586538465 0.8783333341346153 0.42777777884615387 0.9158333341346154 0.42777777884615387 0.9183333341346154 0.18666666586538463 0.8441666658653847 0.18777777884615385
1885 0.3183333341346154 0.6688888894230769 0.3241666658653846 0.6622222211538461 0.3258333341346154 0.29555555528846156 0.3108333341346154 0.28111111057692306 0.3083333341346154 0.2133333341346154 0.2833333341346154 0.1833333341346154 0.22 0.1833333341346154 0.2525 0.21777777884615385 0.2508333341346154 0.24555555528846154 0.25 0.6722222211538462 0.26999999999999996 0.6655555552884616 0.3183333341346154 0.6688888894230769
1885 0.32499999999999996 0.5166666658653847 0.41333333413461537 0.5166666658653847 0.40916666586538464 0.608888889423077 0.45833333413461536 0.5988888894230769 0.47333333413461537 0.6244444447115385 0.5133333341346155 0.6288888894230769 0.5191666658653846 0.5977777788461538 0.5508333341346154 0.5955555552884616 0.5566666658653846 0.5677777788461539 0.5891666658653846 0.5633333341346154 0.5908333341346154 0.5333333341346154 0.6291666658653846 0.5288888894230769 0.6325000000000001 0.49666666586538466 0.6658333341346154 0.4922222211538462 0.6691666658653846 0.46 0.6983333341346154 0.45555555528846153 0.6983333341346154 0.29555555528846156 0.7216666658653845 0.2688888894230769 0.7241666658653846 0.23666666586538462 0.8358333341346154 0.23777777884615384 0.8374999999999999 0.18666666586538463 0.4325 0.18555555528846154 0.46 0.26999999999999996 0.45833333413461536 0.3733333341346154 0.455 0.35333333413461543 0.3275 0.35444444471153846 0.32499999999999996 0.5166666658653847
1885 0.0008333341346153846 0.22 0.0016666658653846154 0.7233333341346154 0.2225 0.7311111105769231 0.23583333413461538 0.7322222211538462 0.2483333341346154 0.7188888894230769 0.2475 0.22 0.0008333341346153846 0.22
1967 0.2483333341346154 0.722222221153846 0.20833333413461538 0.748888889423077 0.2075 0.76 0.23166666586538462 0.76 0.2458333341346154 0.7477777788461538 0.2483333341346154 0.722222221153846
1642 0.6683333341346154 0.501111110576923 0.635 0.501111110576923 0.6316666658653846 0.5333333341346154 0.595 0.5333333341346154 0.5941666658653847 0.5666666658653846 0.56 0.5677777788461539 0.5541666658653847 0.6 0.5225000000000001 0.601111110576923 0.5183333341346154 0.6344444447115385 0.4841666658653846 0.6355555552884616 0.4908333341346154 0.6544444447115385 0.4925 0.6799999999999999 0.5008333341346154 0.7066666658653846 0.7 0.7088888894230769 0.6991666658653847 0.4755555552884615 0.7424999999999999 0.4755555552884615 0.74 0.4366666658653846 0.9166666658653846 0.44222222115384613 0.9166666658653846 0.42666666586538465 0.7274999999999999 0.42555555528846156 0.7133333341346154 0.4322222211538461 0.7058333341346154 0.43555555528846157 0.7058333341346154 0.46222222115384615 0.6691666658653846 0.46555555528846154 0.6683333341346154 0.501111110576923