527 0.6875 0.5013020841346154 0.697265625 0.48697916586538464 0.693359375 0.46354166586538464 0.6328125 0.41927083413461536 0.6220703125 0.41666666586538464 0.599609375 0.41536458413461536 0.4853515625 0.40234375 0.40625 0.40364583413461536 0.341796875 0.4140625 0.2861328125 0.42057291586538464 0.22265625 0.43359375 0.2041015625 0.43359375 0.1796875 0.5013020841346154 0.1904296875 0.5221354158653846 0.1923828125 0.6341145841346154 0.2822265625 0.6184895841346154 0.3486328125 0.6627604158653846 0.4013671875 0.6653645841346154 0.6416015625 0.6484375 0.6484375 0.6184895841346154 0.705078125 0.5989583341346154 0.7021484375 0.5455729158653846 0.6875 0.5013020841346154
574 0.9560546875 0.6588541658653846 0.9814453125 0.5260416658653846 0.98828125 0.45572916586538464 0.8505859375 0.42578125 0.8203125 0.4921875 0.798828125 0.5924479158653846 0.767578125 0.5924479158653846 0.666015625 0.6184895841346154 0.6484375 0.62890625 0.64453125 0.6653645841346154 0.6708984375 0.68359375 0.6923828125 0.6809895841346154 0.72265625 0.7552083341346154 0.724609375 0.80859375 0.734375 0.8268229158653846 0.7470703125 0.7981770841346154 0.8740234375 0.81640625 0.953125 0.7981770841346154 0.9560546875 0.6588541658653846
1196 0.8056640625 0.8359375 0.8974609375 0.8190104158653846 0.7470703125 0.8046875 0.7177734375 0.8997395841346154 0.7119140625 0.9895833341346154 0.91015625 0.9921875 0.91015625 0.9622395841346154 0.8671875 0.90625 0.8056640625 0.8359375
268 0.86328125 0.8958333341346154 0.875 0.9075520841346154 0.9482421875 0.9908854158653846 0.99609375 0.9791666658653846 1 0.98046875 0.9970703125 0.8684895841346154 0.9921875 0.8567708341346154 0.96484375 0.8424479158653846 0.9404296875 0.8138020841346154 0.814453125 0.8294270841346154 0.810546875 0.83984375 0.86328125 0.8958333341346154
1632 0.5380859375 0.640625 0.5517578125 0.6341145841346154 0.5458984375 0.6184895841346154 0.537109375 0.6158854158653846 0.5107421875 0.6028645841346154 0.4658203125 0.60546875 0.455078125 0.6171875 0.4560546875 0.6471354158653846 0.455078125 0.6744791658653846 0.4755859375 0.6770833341346154 0.5361328125 0.6731770841346154 0.5380859375 0.640625
494 0.58203125 0.5546875 0.572265625 0.53515625 0.5693359375 0.53515625 0.525390625 0.5299479158653846 0.458984375 0.5286458341346154 0.400390625 0.55078125 0.408203125 0.6497395841346154 0.400390625 0.7330729158653846 0.3935546875 0.7682291658653846 0.4013671875 0.7669270841346154 0.423828125 0.6783854158653846 0.4833984375 0.69140625 0.482421875 0.8138020841346154 0.4912109375 0.8151041658653846 0.494140625 0.6953125 0.5478515625 0.6848958341346154 0.5791015625 0.6796875 0.5771484375 0.56640625 0.58203125 0.5546875
1861 0.517578125 0.5403645841346154 0.5224609375 0.5169270841346154 0.505859375 0.49869791586538464 0.4794921875 0.4921875 0.4638671875 0.5091145841346154 0.4658203125 0.5442708341346154 0.4755859375 0.5546875 0.5029296875 0.5546875 0.517578125 0.5403645841346154
730 0.1240234375 0.7447916658653846 0.1640625 0.6979166658653846 0.16796875 0.5455729158653846 0.169921875 0.5286458341346154 0.125 0.5299479158653846 0.1201171875 0.5455729158653846 0.1240234375 0.7447916658653846
1027 0.1435546875 0.35026041586538464 0.1640625 0.33333333413461536 0.173828125 0.34114583413461536 0.19140625 0.34375 0.193359375 0.328125 0.1728515625 0.32552083413461536 0.1474609375 0.34114583413461536 0.1162109375 0.3828125 0.1083984375 0.44791666586538464 0.1083984375 0.6471354158653846 0.1083984375 0.66796875 0.14453125 0.66015625 0.1484375 0.65234375 0.1279296875 0.64453125 0.12109375 0.64453125 0.1162109375 0.44401041586538464 0.1220703125 0.38411458413461536 0.1435546875 0.35026041586538464
730 0.109375 0.6536458341346154 0.1533203125 0.6692708341346154 0.146484375 0.5221354158653846 0.1533203125 0.5 0.0859375 0.50390625 0.08203125 0.51953125 0.0830078125 0.5963541658653846 0.1064453125 0.61328125 0.109375 0.6536458341346154
417 0.1025390625 0.6080729158653846 0.05078125 0.5807291658653846 0.0341796875 0.45182291586538464 0.00390625 0.45442708413461536 0.00390625 0.7408854158653846 0.0859375 0.7174479158653846 0.0869140625 0.7578125 0.0927734375 0.7578125 0.107421875 0.7096354158653846 0.1025390625 0.6080729158653846
1196 0.2294921875 0.8177083341346154 0.326171875 0.79296875 0.330078125 0.8307291658653846 0.34375 0.8294270841346154 0.349609375 0.7669270841346154 0.3427734375 0.6588541658653846 0.279296875 0.6184895841346154 0.166015625 0.6471354158653846 0.1611328125 0.765625 0.1650390625 0.7734375 0.1689453125 0.8125 0.181640625 0.8111979158653846 0.1845703125 0.7825520841346154 0.2109375 0.8177083341346154 0.216796875 0.8658854158653846 0.2265625 0.8697916658653846 0.2294921875 0.8177083341346154
1196 0.564453125 0.89453125 0.6962890625 0.90234375 0.6982421875 0.9596354158653846 0.7080078125 0.9596354158653846 0.720703125 0.875 0.7265625 0.765625 0.697265625 0.6848958341346154 0.6064453125 0.68359375 0.568359375 0.6796875 0.544921875 0.69140625 0.5341796875 0.7682291658653846 0.541015625 0.8333333341346154 0.5439453125 0.8919270841346154 0.5478515625 0.8958333341346154 0.5498046875 0.9505208341346154 0.560546875 0.9505208341346154 0.564453125 0.89453125
1314 0.328125 0.33723958413461536 0.45703125 0.3359375 0.455078125 0.16536458413461538 0.326171875 0.16536458413461538 0.328125 0.33723958413461536
1895 0.365234375 0.11588541586538462 0.3671875 0.12890625 0.4326171875 0.13151041586538462 0.42578125 0.11067708413461538 0.3935546875 0.09375 0.3828125 0.10026041586538462 0.365234375 0.11588541586538462
1848 0.9580078125 0.15234375 0.9619140625 0.1328125 0.9541015625 0.12630208413461538 0.9248046875 0.12760416586538462 0.927734375 0.14322916586538462 0.9140625 0.15234375 0.91015625 0.18229166586538462 0.9189453125 0.19270833413461538 0.9541015625 0.1875 0.9638671875 0.17578125 0.9580078125 0.15234375
782 0.9326171875 0.3020833341346154 0.998046875 0.2916666658653846 0.9970703125 0.18359375 0.8740234375 0.19921875 0.8740234375 0.42708333413461536 0.935546875 0.4375 0.9326171875 0.3020833341346154
1958 0.7265625 0.49609375 0.740234375 0.49479166586538464 0.73828125 0.46744791586538464 0.744140625 0.453125 0.7431640625 0.44791666586538464 0.7216796875 0.45182291586538464 0.7314453125 0.47395833413461536 0.7265625 0.49609375
1958 0.705078125 0.47265625 0.705078125 0.48958333413461536 0.71484375 0.48958333413461536 0.7119140625 0.47005208413461536 0.7177734375 0.44791666586538464 0.6953125 0.44791666586538464 0.705078125 0.47265625
793 0.71484375 0.15234375 0.720703125 0.13671875 0.71875 0.140625 0.67578125 0.13932291586538462 0.69140625 0.16145833413461538 0.7060546875 0.16145833413461538 0.705078125 0.44921875 0.71484375 0.15234375
569 0.6875 0.45703125 0.728515625 0.4375 0.7421875 0.002604165865384616 0.5341796875 0.0013020841346153846 0.525390625 0.40494791586538464 0.615234375 0.41145833413461536 0.6875 0.45703125
569 0.181640625 0.5143229158653846 0.1953125 0.43359375 0.3017578125 0.41145833413461536 0.2958984375 0.00390625 0.0556640625 0.005208334134615384 0.0439453125 0.5533854158653846 0.0576171875 0.5859375 0.0966796875 0.60546875 0.1083984375 0.6328125 0.13671875 0.6471354158653846 0.1865234375 0.6315104158653846 0.1904296875 0.5299479158653846 0.181640625 0.5143229158653846
569 0.306640625 0.41666666586538464 0.521484375 0.41015625 0.52734375 0 0.302734375 0.002604165865384616 0.306640625 0.41666666586538464
252 0.189453125 0.9921875 0.216796875 0.99609375 0.2109375 0.9869791658653846 0.162109375 0.9153645841346154 0.1083984375 0.875 0.0771484375 0.8528645841346154 0.037109375 0.86328125 0.0048828125 0.8971354158653846 0.005859375 0.9934895841346154 0.0546875 0.9947916658653846 0.09765625 0.96484375 0.1484375 0.96875 0.189453125 0.9921875
528 0.0703125 0.8567708341346154 0.0654296875 0.8489583341346154 0.060546875 0.8463541658653846 0.01171875 0.7799479158653846 0.00390625 0.88671875 0.0283203125 0.87109375 0.0517578125 0.8580729158653846 0.0703125 0.8567708341346154
1885 0.037109375 0.45963541586538464 0.0419921875 0.5247395841346154 0.0498046875 0.0013020841346153846 0.0029296875 0 0.0029296875 0.4453125 0.037109375 0.45963541586538464
1469 0.541015625 0.6966145841346154 0.6455078125 0.67578125 0.12109375 0.7161458341346154 0.0810546875 0.8424479158653846 0.1181640625 0.8854166658653846 0.1748046875 0.9205729158653846 0.2275390625 0.99609375 0.7021484375 0.98828125 0.5400390625 0.9244791658653846 0.541015625 0.6966145841346154
1818 0.80859375 0.48697916586538464 0.75 0.48046875 0.7255859375 0.5026041658653846 0.794921875 0.5078125 0.80859375 0.48697916586538464
1508 0.7880859375 0.41015625 0.7685546875 0.41015625 0.76953125 0.49739583413461536 0.78515625 0.49609375 0.7890625 0.42578125 0.7880859375 0.41015625