494 0.4808333341346154 0.8222222211538461 0.6758333341346153 0.8222222211538461 0.6799999999999999 0.74 0.78 0.728888889423077 0.7124999999999999 0.6244444447115385 0.43416666586538466 0.63 0.4275 0.7311111105769231 0.4808333341346154 0.7455555552884616 0.4808333341346154 0.8222222211538461
417 0.7075 0.45444444471153844 0.5483333341346154 0.46 0.5191666658653846 0.5366666658653846 0.5275 0.601111110576923 0.7483333341346154 0.6577777788461538 0.7458333341346154 0.53 0.7075 0.45444444471153844
1469 0.7691666658653846 0.7088888894230769 0.3491666658653846 0.728888889423077 0.33416666586538457 0.7911111105769231 0.5341666658653846 0.8166666658653846 0.8308333341346154 0.8222222211538461 0.7691666658653846 0.7088888894230769
1469 0.3833333341346154 0.5422222211538462 0.5041666658653846 0.5366666658653846 0.5616666658653846 0.4511111105769231 0.385 0.46555555528846154 0.3833333341346154 0.5422222211538462
1314 0.7016666658653846 0.11777777884615384 0.6991666658653847 0.28111111057692306 0.8291666658653847 0.28111111057692306 0.8266666658653846 0.12333333413461538 0.7016666658653846 0.11777777884615384
527 0.9666666658653846 0.7733333341346154 0.9666666658653846 0.4911111105769231 0.8766666658653846 0.5355555552884615 0.7933333341346154 0.5377777788461539 0.7908333341346154 0.721111110576923 0.8441666658653847 0.721111110576923 0.9058333341346153 0.7888888894230769 0.9666666658653846 0.7733333341346154
672 0.575 0.04666666586538462 0.37833333413461534 0.048888889423076926 0.37833333413461534 0.5566666658653846 0.565 0.53 0.575 0.04666666586538462
655 0.3691666658653846 0.056666665865384616 0.28 0.060000000000000005 0.28083333413461536 0.5455555552884616 0.385 0.5544444447115384 0.3691666658653846 0.056666665865384616
655 0.6633333341346154 0.05444444471153846 0.5658333341346153 0.056666665865384616 0.5691666658653847 0.44777777884615383 0.6683333341346154 0.4455555552884615 0.6633333341346154 0.05444444471153846
429 0.5675 0.35777777884615386 0.3808333341346154 0.35777777884615386 0.3791666658653846 0.49666666586538466 0.5675 0.4944444447115384 0.5675 0.35777777884615386
429 0.5658333341346153 0.34111111057692306 0.37833333413461534 0.34111111057692306 0.3891666658653846 0.3522222211538461 0.5566666658653846 0.35555555528846156 0.5658333341346153 0.34111111057692306
763 0.9225 0.3122222211538462 0.9241666658653845 0.3355555552884616 0.9591666658653846 0.33 0.9525 0.30777777884615387 0.9325 0.2988888894230769 0.9225 0.3122222211538462
766 0.9266666658653846 0.22111111057692306 0.9275 0.2433333341346154 0.9608333341346154 0.24222222115384615 0.9624999999999999 0.21444444471153845 0.9366666658653846 0.2033333341346154 0.9266666658653846 0.22111111057692306
1510 0.62 0.608888889423077 0.6183333341346154 0.6277777788461538 0.62 0.6622222211538461 0.7175 0.6588888894230769 0.6975 0.6233333341346154 0.6908333341346153 0.608888889423077 0.62 0.608888889423077
314 0.6575 0.6711111105769232 0.5966666658653846 0.6711111105769232 0.6008333341346154 0.7166666658653846 0.6649999999999999 0.7155555552884615 0.6575 0.6711111105769232
417 0.4258333341346154 0.36222222115384617 0.4291666658653846 0.52 0.5041666658653846 0.4988888894230769 0.5033333341346153 0.35777777884615386 0.4258333341346154 0.36222222115384617
766 0.08083333413461538 0.39555555528846154 0.08083333413461538 0.4288888894230769 0.11666666586538461 0.4288888894230769 0.115 0.3855555552884615 0.08083333413461538 0.39555555528846154
763 0.9149999999999999 0.4377777788461538 0.9058333341346153 0.44222222115384613 0.9025 0.45555555528846153 0.8941666658653846 0.4955555552884615 0.8941666658653846 0.51 0.9149999999999999 0.508888889423077 0.9183333341346154 0.45777777884615384 0.9149999999999999 0.4377777788461538
1653 0.9225 0.09888888942307691 0.9341666658653847 0.11 0.9349999999999999 0.12222222115384616 0.9349999999999999 0.13222222115384616 0.9191666658653846 0.14888888942307693 0.9566666658653846 0.15111111057692309 0.9583333341346154 0.08333333413461538 0.9408333341346153 0.07111111057692308 0.9225 0.09888888942307691
1314 0.5566666658653846 0.13888888942307692 0.38749999999999996 0.14222222115384617 0.385 0.3066666658653846 0.5575 0.30888888942307696 0.5566666658653846 0.13888888942307692
1349 0.8183333341346154 0.5077777788461538 0.8225 0.5022222211538462 0.8366666658653846 0.4944444447115384 0.8491666658653846 0.5044444447115385 0.8616666658653845 0.5066666658653847 0.8733333341346154 0.5066666658653847 0.8825000000000001 0.48444444471153847 0.8825000000000001 0.44777777884615383 0.89 0.44 0.8875 0.40222222115384615 0.8833333341346153 0.3744444447115385 0.8825000000000001 0.3833333341346154 0.84 0.3666666658653846 0.8466666658653845 0.34222222115384615 0.8283333341346153 0.33333333413461536 0.8066666658653846 0.35555555528846156 0.7958333341346153 0.3644444447115385 0.7933333341346154 0.33 0.7808333341346153 0.30888888942307696 0.7566666658653846 0.32333333413461535 0.7516666658653846 0.33888888942307693 0.7308333341346154 0.3355555552884616 0.7283333341346154 0.3588888894230769 0.7216666658653845 0.3711111105769231 0.7075 0.388888889423077 0.7 0.4211111105769231 0.7124999999999999 0.4444444447115385 0.7308333341346154 0.45555555528846153 0.72 0.4766666658653846 0.7208333341346154 0.49 0.7325 0.49 0.7541666658653846 0.4922222211538462 0.7583333341346153 0.5755555552884615 0.7875000000000001 0.5811111105769231 0.8183333341346154 0.5133333341346155 0.8183333341346154 0.5077777788461538
806 0.48750000000000004 0.3133333341346154 0.485 0.3066666658653846 0.4775 0.30777777884615387 0.4666666658653846 0.30777777884615387 0.45583333413461535 0.30777777884615387 0.44833333413461535 0.3011111105769231 0.4416666658653846 0.3177777788461539 0.44083333413461534 0.3355555552884616 0.4508333341346154 0.33999999999999997 0.4525 0.35555555528846156 0.47916666586538464 0.35666666586538465 0.47916666586538464 0.33999999999999997 0.48750000000000004 0.3266666658653846 0.48750000000000004 0.3133333341346154
1632 0.5391666658653846 0.6333333341346153 0.5316666658653847 0.6333333341346153 0.5308333341346153 0.618888889423077 0.4491666658653846 0.6211111105769231 0.4466666658653846 0.6511111105769231 0.4466666658653846 0.6688888894230769 0.5408333341346154 0.6622222211538461 0.5391666658653846 0.6333333341346153
1861 0.29250000000000004 0.39333333413461535 0.27833333413461536 0.41555555528846155 0.2908333341346154 0.43555555528846157 0.30916666586538466 0.43555555528846157 0.3241666658653846 0.41555555528846155 0.3108333341346154 0.39555555528846154 0.29250000000000004 0.39333333413461535
1603 0.9541666658653847 0.7755555552884614 0.92 0.7855555552884615 0.8808333341346154 0.8166666658653846 0.8275 0.8177777788461539 0.7566666658653846 0.8055555552884616 0.7216666658653845 0.8033333341346154 0.7025 0.8099999999999999 0.6883333341346154 0.8233333341346154 0.6758333341346153 0.8133333341346154 0.66 0.8077777788461538 0.63 0.8144444447115385 0.47916666586538464 0.8244444447115384 0.3558333341346154 0.8077777788461538 0.3375 0.7966666658653847 0.3141666658653846 0.7899999999999999 0.2933333341346154 0.8022222211538461 0.2708333341346154 0.8311111105769231 0.2483333341346154 0.8922222211538462 0.23666666586538462 0.9533333341346153 0.23833333413461538 0.9977777788461538 0.9675 0.9977777788461538 0.9683333341346153 0.7855555552884615 0.9541666658653847 0.7755555552884614
417 0.14166666586538462 0.4633333341346154 0.14250000000000002 0.47444444471153846 0.1558333341346154 0.46888888942307694 0.16666666586538462 0.4633333341346154 0.1675 0.4855555552884615 0.17666666586538463 0.5288888894230769 0.1958333341346154 0.5333333341346154 0.2033333341346154 0.5444444447115384 0.20416666586538462 0.5588888894230769 0.20166666586538462 0.5744444447115384 0.18166666586538463 0.5744444447115384 0.18666666586538463 0.6 0.2033333341346154 0.5922222211538462 0.21416666586538463 0.5922222211538462 0.23249999999999998 0.6066666658653846 0.24083333413461538 0.6044444447115385 0.23916666586538463 0.59 0.2475 0.5877777788461539 0.2658333341346154 0.5888888894230769 0.26833333413461535 0.5977777788461538 0.2708333341346154 0.5877777788461539 0.2675 0.5733333341346154 0.2183333341346154 0.5722222211538461 0.2175 0.5422222211538462 0.255 0.5411111105769231 0.2675 0.5266666658653846 0.2675 0.4677777788461538 0.2708333341346154 0.46444444471153845 0.2708333341346154 0.44777777884615383 0.2716666658653846 0.4 0.2641666658653846 0.3866666658653846 0.18166666586538463 0.3866666658653846 0.17833333413461538 0.388888889423077 0.17250000000000001 0.39555555528846154 0.1716666658653846 0.4211111105769231 0.1683333341346154 0.4488888894230769 0.14166666586538462 0.4633333341346154
605 0.04416666586538461 0.4211111105769231 0.0125 0.4344444447115385 0.015833334134615386 0.638888889423077 0.07 0.6344444447115385 0.05916666586538462 0.5555555552884616 0.10583333413461539 0.521111110576923 0.11750000000000001 0.5222222211538461 0.1266666658653846 0.5433333341346154 0.12083333413461537 0.501111110576923 0.1533333341346154 0.4766666658653846 0.1541666658653846 0.44777777884615383 0.2708333341346154 0.4466666658653846 0.2716666658653846 0.5977777788461538 0.2725 0.6066666658653846 0.30166666586538465 0.6133333341346154 0.3033333341346154 0.6322222211538461 0.3 0.6355555552884616 0.33333333413461536 0.6355555552884616 0.3458333341346154 0.6022222211538462 0.34500000000000003 0.42555555528846156 0.34083333413461536 0.4222222211538461 0.04416666586538461 0.4211111105769231
417 0.2933333341346154 0.6611111105769231 0.3008333341346154 0.6344444447115385 0.3 0.6133333341346154 0.2966666658653846 0.6077777788461538 0.2933333341346154 0.5722222211538461 0.28500000000000003 0.5533333341346154 0.2725 0.5366666658653846 0.26083333413461535 0.5266666658653846 0.2475 0.5244444447115385 0.19749999999999998 0.5277777788461538 0.17666666586538463 0.5288888894230769 0.16416666586538461 0.4811111105769231 0.1583333341346154 0.4766666658653846 0.1541666658653846 0.47777777884615386 0.12416666586538462 0.501111110576923 0.14250000000000002 0.6666666658653846 0.27833333413461536 0.6711111105769232 0.28583333413461537 0.67 0.27666666586538463 0.7477777788461538 0.26083333413461535 0.7522222211538462 0.16583333413461537 0.7522222211538462 0.1583333341346154 0.7622222211538462 0.1925 0.7644444447115385 0.1683333341346154 0.8122222211538461 0.1325 0.8099999999999999 0.1308333341346154 0.8244444447115384 0.2591666658653846 0.8188888894230769 0.2708333341346154 0.7633333341346155 0.28416666586538464 0.7555555552884615 0.2933333341346154 0.6611111105769231
417 0.23833333413461538 0.8444444447115385 0.2516666658653846 0.8455555552884615 0.2591666658653846 0.8333333341346154 0.275 0.7533333341346153 0.275 0.7033333341346153 0.28083333413461536 0.6866666658653846 0.2791666658653846 0.6799999999999999 0.27333333413461536 0.67 0.2708333341346154 0.6444444447115385 0.265 0.611111110576923 0.2541666658653846 0.5955555552884616 0.2466666658653846 0.5844444447115384 0.23500000000000001 0.5777777788461539 0.20833333413461538 0.5722222211538461 0.17750000000000002 0.5766666658653846 0.13416666586538462 0.5788888894230769 0.1266666658653846 0.5455555552884616 0.115 0.5244444447115385 0.10666666586538462 0.5233333341346154 0.061666665865384614 0.5555555552884616 0.08666666586538462 0.7533333341346153 0.23833333413461538 0.748888889423077 0.23 0.8344444447115384 0.1225 0.8311111105769231 0.11833333413461539 0.8411111105769231 0.11916666586538462 0.8466666658653845 0.1525 0.8477777788461538 0.115 0.9166666658653846 0.07583333413461538 0.9133333341346154 0.07166666586538462 0.9266666658653846 0.22166666586538464 0.9277777788461539 0.22916666586538462 0.9122222211538461 0.23833333413461538 0.8444444447115385
1027 0.054166665865384614 0.34111111057692306 0.053333334134615384 0.4233333341346154 0.045833334134615385 0.4233333341346154 0.038333334134615385 0.42777777884615387 0.03416666586538462 0.4311111105769231 0.026666665865384614 0.4311111105769231 0.0175 0.43555555528846157 0.03416666586538462 0.4366666658653846 0.04833333413461539 0.4388888894230769 0.06833333413461538 0.4377777788461538 0.08 0.43555555528846157 0.08083333413461538 0.4288888894230769 0.07583333413461538 0.42666666586538465 0.061666665865384614 0.42555555528846156 0.061666665865384614 0.34222222115384615 0.08916666586538462 0.33999999999999997 0.09083333413461539 0.33444444471153845 0.09083333413461539 0.3166666658653846 0.055 0.3166666658653846 0.029166665865384616 0.3177777788461539 0.023333334134615382 0.32 0.023333334134615382 0.34111111057692306 0.054166665865384614 0.34111111057692306
1498 0.19333333413461537 0.18555555528846154 0.1916666658653846 0.21777777884615385 0.1925 0.23444444471153847 0.19666666586538462 0.23444444471153847 0.19666666586538462 0.22111111057692306 0.20083333413461538 0.20111111057692307 0.20249999999999999 0.21 0.20083333413461538 0.22666666586538461 0.2 0.23888888942307693 0.19666666586538462 0.2577777788461538 0.1941666658653846 0.26777777884615384 0.1941666658653846 0.28444444471153846 0.19666666586538462 0.3122222211538462 0.2033333341346154 0.33 0.20916666586538463 0.33 0.2208333341346154 0.3177777788461539 0.22166666586538464 0.28555555528846155 0.2208333341346154 0.26555555528846153 0.2183333341346154 0.2522222211538461 0.2166666658653846 0.24222222115384615 0.21583333413461536 0.23555555528846156 0.22166666586538464 0.23222222115384616 0.22333333413461537 0.20555555528846153 0.2241666658653846 0.19222222115384616 0.2183333341346154 0.17777777884615384 0.21250000000000002 0.17666666586538463 0.21250000000000002 0.16444444471153846 0.21416666586538463 0.14888888942307693 0.21250000000000002 0.13777777884615386 0.21 0.13222222115384616 0.20416666586538462 0.1311111105769231 0.19833333413461537 0.1533333341346154 0.20249999999999999 0.16888888942307692 0.20166666586538462 0.18 0.19333333413461537 0.18555555528846154
1184 0.1475 0.4233333341346154 0.1283333341346154 0.42444444471153847 0.11333333413461538 0.4233333341346154 0.11333333413461538 0.43 0.11583333413461538 0.4366666658653846 0.1283333341346154 0.4366666658653846 0.1316666658653846 0.4311111105769231 0.15 0.42666666586538465 0.1475 0.4233333341346154
655 0.019166665865384618 0.9977777788461538 0.0175 0.8944444447115385 0.0275 0.8966666658653846 0.031666665865384615 0.89 0.0325 0.8788888894230769 0.030000000000000002 0.87 0.019166665865384618 0.8666666658653847 0.013333334134615385 0.002222221153846154 0.0008333341346153846 0 0.0008333341346153846 0.998888889423077 0.019166665865384618 0.9977777788461538
655 0.9641666658653846 0 0.9666666658653846 0.4377777788461538 0.9683333341346153 0.858888889423077 0.9525 0.8622222211538462 0.9516666658653846 0.8722222211538462 0.9533333341346153 0.8877777788461538 0.9683333341346153 0.8877777788461538 0.9691666658653847 0.9977777788461538 0.9991666658653846 0.9977777788461538 0.9991666658653846 0 0.9641666658653846 0
1885 0.0175 0 0.018333334134615385 0.42777777884615387 0.04333333413461538 0.41777777884615386 0.06666666586538461 0.41555555528846155 0.1508333341346154 0.41666666586538464 0.1525 0.4755555552884615 0.1633333341346154 0.47777777884615386 0.18166666586538463 0.5611111105769231 0.2666666658653846 0.5611111105769231 0.275 0.05222222115384615 0.3591666658653846 0.05111111057692308 0.3591666658653846 0.04333333413461538 0.5816666658653846 0.04333333413461538 0.5816666658653846 0.04777777884615385 0.67 0.05222222115384615 0.67 0.4511111105769231 0.7075 0.4488888894230769 0.7208333341346154 0.49 0.7383333341346153 0.5077777788461538 0.7491666658653846 0.5133333341346155 0.8275 0.5155555552884615 0.8925 0.52 0.9191666658653846 0.508888889423077 0.9641666658653846 0.48888888942307696 0.9608333341346154 0.001111110576923077 0.9408333341346153 0.001111110576923077 0.8808333341346154 0 0.0175 0