1314 0.895 0.3711111105769231 0.8108333341346154 0.3711111105769231 0.8133333341346154 0.4911111105769231 0.8925 0.48777777884615386 0.895 0.3711111105769231
527 0.7458333341346154 0.6722222211538462 0.705 0.6755555552884616 0.6533333341346155 0.6655555552884616 0.6533333341346155 0.6144444447115385 0.5308333341346153 0.6144444447115385 0.515 0.6944444447115384 0.5233333341346154 0.9111111105769231 0.5391666658653846 0.9833333341346153 0.5525 0.9255555552884616 0.7841666658653845 0.9222222211538462 0.7841666658653845 0.9833333341346153 0.8 0.9877777788461538 0.8 0.9255555552884616 0.8191666658653846 0.9155555552884616 0.8166666658653846 0.8166666658653846 0.7508333341346154 0.741111110576923 0.7458333341346154 0.6722222211538462
1743 0.9791666658653846 0.6866666658653846 0.9741666658653846 0.64 0.9058333341346153 0.64 0.9033333341346155 0.6866666658653846 0.9791666658653846 0.6866666658653846
1501 0.1633333341346154 0.9677777788461538 0.1908333341346154 0.9611111105769231 0.21416666586538463 0.9488888894230769 0.22666666586538461 0.84 0.2175 0.83 0.20083333413461538 0.8288888894230768 0.16999999999999998 0.8311111105769231 0.13583333413461537 0.8377777788461539 0.10333333413461537 0.8555555552884615 0.11166666586538462 0.9244444447115385 0.12000000000000001 0.9644444447115385 0.13583333413461537 0.97 0.1633333341346154 0.9677777788461538
1501 0.0766666658653846 0.9188888894230769 0.09083333413461539 0.9133333341346154 0.08833333413461539 0.9088888894230769 0.09916666586538461 0.8455555552884615 0.11 0.77 0.105 0.7577777788461538 0.08083333413461538 0.7544444447115384 0.056666665865384616 0.751111110576923 0.023333334134615382 0.751111110576923 0.0033333341346153847 0.76 0.0033333341346153847 0.9311111105769231 0.04 0.9266666658653846 0.0766666658653846 0.9188888894230769
1501 0.0016666658653846154 0.8633333341346153 0.0016666658653846154 0.9955555552884616 0.0325 0.9955555552884616 0.039166665865384614 0.9466666658653846 0.045833334134615385 0.8877777788461538 0.031666665865384615 0.8722222211538462 0.010833334134615385 0.8655555552884615 0.0016666658653846154 0.8633333341346153
1708 0.9974999999999999 0.7244444447115386 0.885 0.7311111105769231 0.8841666658653846 0.8144444447115385 0.9983333341346154 0.8977777788461538 0.9974999999999999 0.7244444447115386
349 0.8216666658653846 0.7433333341346154 0.8266666658653846 0.7522222211538462 0.8383333341346154 0.7522222211538462 0.8491666658653846 0.748888889423077 0.8533333341346154 0.741111110576923 0.8516666658653846 0.7311111105769231 0.8366666658653846 0.722222221153846 0.8258333341346155 0.7188888894230769 0.8175 0.7311111105769231 0.8216666658653846 0.7433333341346154
1054 0.845 0.7388888894230768 0.8408333341346155 0.7322222211538462 0.8341666658653846 0.73 0.83 0.7366666658653845 0.8308333341346154 0.7444444447115385 0.8366666658653846 0.7444444447115385 0.8433333341346153 0.7433333341346154 0.845 0.7388888894230768
1027 0.8566666658653846 0.7255555552884616 0.8191666658653846 0.7188888894230769 0.8091666658653847 0.7188888894230769 0.7966666658653847 0.7311111105769231 0.7966666658653847 0.74 0.8083333341346154 0.7477777788461538 0.845 0.7544444447115384 0.8583333341346153 0.7522222211538462 0.8775000000000001 0.748888889423077 0.8833333341346153 0.7422222211538462 0.8741666658653846 0.728888889423077 0.8566666658653846 0.7255555552884616
1881 0.9883333341346153 0.6722222211538462 0.9558333341346154 0.6722222211538462 0.9108333341346154 0.6922222211538462 0.91 0.7100000000000001 0.9225 0.7144444447115385 0.9375 0.7177777788461538 0.955 0.7177777788461538 0.9716666658653845 0.7188888894230769 0.98 0.7144444447115385 0.9883333341346153 0.7088888894230769 0.9991666658653846 0.7077777788461539 1 0.6988888894230769 0.9991666658653846 0.6788888894230769 1 0.6622222211538461 0.9974999999999999 0.6377777788461538 0.9933333341346154 0.6066666658653846 0.9933333341346154 0.5855555552884616 0.9991666658653846 0.5733333341346154 0.99 0.5700000000000001 0.9774999999999999 0.5700000000000001 0.9758333341346154 0.5811111105769231 0.9825 0.5888888894230769 0.9825 0.5977777788461538 0.9841666658653847 0.6122222211538462 0.9875 0.6377777788461538 0.9883333341346153 0.6722222211538462
1047 0.8533333341346154 0.24111111057692308 0.8466666658653845 0.23888888942307693 0.84 0.24444444471153848 0.8458333341346154 0.2555555552884615 0.8533333341346154 0.2533333341346154 0.8533333341346154 0.24111111057692308
1047 0.9541666658653847 0.18666666586538463 0.9566666658653846 0.17444444471153847 0.9291666658653847 0.17111111057692308 0.9183333341346154 0.18444444471153845 0.9541666658653847 0.18666666586538463
1047 0.7716666658653846 0.08111111057692308 0.7741666658653846 0.07333333413461539 0.7633333341346155 0.07333333413461539 0.7541666658653846 0.08111111057692308 0.7583333341346153 0.08111111057692308 0.7666666658653847 0.08333333413461538 0.7716666658653846 0.08111111057692308
1047 0.12333333413461538 0.12222222115384616 0.115 0.10444444471153846 0.09333333413461539 0.11222222115384616 0.10166666586538461 0.12444444471153847 0.12333333413461538 0.12222222115384616
1047 0.0825 0.07444444471153847 0.06666666586538461 0.04777777884615385 0.04166666586538462 0.053333334134615384 0.055 0.07444444471153847 0.0825 0.07444444471153847
1469 0.9974999999999999 0.7966666658653847 0.885 0.7899999999999999 0.7308333341346154 0.8044444447115384 0.875 0.9944444447115385 1 0.998888889423077 0.9974999999999999 0.7966666658653847
252 0.5008333341346154 0.7077777788461539 0.5041666658653846 0.72 0.4925 0.778888889423077 0.5141666658653846 0.8188888894230769 0.5166666658653847 0.7766666658653846 0.52 0.7088888894230769 0.53 0.6711111105769232 0.5483333341346154 0.6355555552884616 0.5766666658653846 0.6344444447115385 0.5916666658653846 0.6444444447115385 0.6016666658653846 0.6655555552884616 0.61 0.6677777788461537 0.6083333341346153 0.6577777788461538 0.59 0.6233333341346154 0.5741666658653846 0.611111110576923 0.5383333341346154 0.6133333341346154 0.5108333341346154 0.6511111105769231 0.515 0.6622222211538461 0.5008333341346154 0.7077777788461539
133 0.2458333341346154 0.5933333341346153 0.24416666586538463 0.37 0.1825 0.33777777884615384 0.1841666658653846 0.6133333341346154 0.2458333341346154 0.5933333341346153
1422 0.21416666586538463 0.4322222211538461 0.21583333413461536 0.24222222115384615 0.26083333413461535 0.2433333341346154 0.2616666658653846 0.41888888942307695 0.2616666658653846 0.4666666658653846 0.26999999999999996 0.46888888942307694 0.26833333413461535 0.27222222115384614 0.5308333341346153 0.51 0.5258333341346154 0.6944444447115384 0.5425 0.6988888894230769 0.5399999999999999 0.5155555552884615 0.5541666658653847 0.5288888894230769 0.5566666658653846 0.5177777788461538 0.46916666586538464 0.44 0.40333333413461536 0.3788888894230769 0.3275 0.3133333341346154 0.27416666586538463 0.2622222211538462 0.27833333413461536 0.23111111057692307 0.0825 0.23111111057692307 0.08416666586538463 0.24444444471153848 0.20583333413461538 0.24444444471153848 0.2075 0.43 0.21416666586538463 0.4322222211538461
679 0.6475000000000001 0.5266666658653846 0.6083333341346153 0.5266666658653846 0.6083333341346153 0.5466666658653846 0.6475000000000001 0.5455555552884616 0.6475000000000001 0.5266666658653846
531 0.6716666658653847 0.52 0.5891666658653846 0.52 0.5933333341346153 0.6511111105769231 0.675 0.6522222211538462 0.6716666658653847 0.52
133 0.5125 0.4366666658653846 0.5108333341346154 0.4911111105769231 0.5583333341346154 0.49 0.56 0.4366666658653846 0.5125 0.4366666658653846
296 0.21250000000000002 0.7433333341346154 0.2308333341346154 0.741111110576923 0.2433333341346154 0.7322222211538462 0.24083333413461538 0.7077777788461539 0.23583333413461538 0.6900000000000001 0.2225 0.6788888894230769 0.20583333413461538 0.6677777788461537 0.18833333413461537 0.6677777788461537 0.1683333341346154 0.6644444447115384 0.1525 0.6711111105769232 0.14083333413461538 0.6722222211538462 0.1291666658653846 0.6855555552884615 0.12416666586538462 0.7044444447115384 0.125 0.7233333341346154 0.12333333413461538 0.7344444447115385 0.14250000000000002 0.7422222211538462 0.1633333341346154 0.741111110576923 0.18833333413461537 0.741111110576923 0.21250000000000002 0.7433333341346154
570 0.7533333341346153 0.7155555552884615 0.7533333341346153 0.6733333341346154 0.5516666658653846 0.6677777788461537 0.5491666658653845 0.7077777788461539 0.7533333341346153 0.7155555552884615
570 0.8233333341346154 0.8099999999999999 0.7533333341346153 0.7544444447115384 0.7583333341346153 0.8099999999999999 0.7591666658653846 0.8733333341346154 0.8275 0.8788888894230769 0.8233333341346154 0.8099999999999999
570 0.5333333341346154 0.6877777788461539 0.5475 0.7122222211538461 0.5533333341346154 0.66 0.5958333341346154 0.6655555552884616 0.6016666658653846 0.6722222211538462 0.5983333341346154 0.6555555552884615 0.5833333341346154 0.64 0.5616666658653846 0.6355555552884616 0.5433333341346154 0.6377777788461538 0.5325 0.6533333341346155 0.53 0.6633333341346154 0.5333333341346154 0.6877777788461539
1050 0.8 0.501111110576923 0.7991666658653845 0.5333333341346154 0.8175 0.5344444447115385 0.8158333341346153 0.5044444447115385 0.8 0.501111110576923
304 0.615 0.52 0.6266666658653846 0.5222222211538461 0.6366666658653847 0.521111110576923 0.6408333341346153 0.5122222211538461 0.625 0.4977777788461539 0.6108333341346154 0.511111110576923 0.615 0.52
1967 0.4975 0.7088888894230769 0.2975 0.7122222211538461 0.2983333341346154 0.63 0.2575 0.631111110576923 0.05583333413461538 0.7444444447115385 0.0575 0.75 0.10583333413461539 0.7544444447115384 0.11249999999999999 0.7644444447115385 0.4925 0.7622222211538462 0.5033333341346153 0.7233333341346154 0.4975 0.7088888894230769
402 0.715 0.1833333341346154 0.5700000000000001 0.18222222115384618 0.5425 0.27666666586538463 0.5433333341346154 0.35 0.6866666658653846 0.35111111057692307 0.6858333341346154 0.27777777884615384 0.6900000000000001 0.21222222115384615 0.715 0.1833333341346154
402 0.0008333341346153846 0.14222222115384617 0.0525 0.1833333341346154 0.7858333341346154 0.18111111057692308 0.7508333341346154 0.2188888894230769 0.9974999999999999 0.2188888894230769 0.9991666658653846 0.001111110576923077 0.0008333341346153846 0 0.0008333341346153846 0.14222222115384617
792 0.04333333413461538 0.9322222211538461 0.035 0.998888889423077 0.8333333341346154 1 0.8691666658653846 0.998888889423077 0.8041666658653847 0.92 0.5283333341346154 0.9222222211538462 0.5116666658653846 0.8211111105769231 0.4883333341346154 0.78 0.4883333341346154 0.7655555552884615 0.11249999999999999 0.7688888894230769 0.09166666586538462 0.9055555552884615 0.09333333413461539 0.92 0.04333333413461538 0.9322222211538461
1885 0 0.7611111105769232 0.02 0.751111110576923 0.05 0.748888889423077 0.05583333413461538 0.7422222211538462 0.2558333341346154 0.6266666658653846 0.2991666658653846 0.6277777788461538 0.2991666658653846 0.3522222211538461 0.255 0.35555555528846156 0.16416666586538461 0.2833333341346154 0.16416666586538461 0.4977777788461539 0.0825 0.4944444447115384 0.07916666586538461 0.18777777884615385 0.0525 0.18777777884615385 0.0008333341346153846 0.14555555528846154 0 0.2433333341346154 0 0.7611111105769232
402 0.2983333341346154 0.30222222115384617 0.2591666658653846 0.24888888942307694 0.16416666586538461 0.24000000000000002 0.16416666586538461 0.2633333341346154 0.16583333413461537 0.28111111057692306 0.255 0.35333333413461543 0.3 0.34888888942307694 0.2983333341346154 0.30222222115384617
655 0.08166666586538461 0.18666666586538463 0.08416666586538463 0.42777777884615387 0.1216666658653846 0.42777777884615387 0.1583333341346154 0.42666666586538465 0.1558333341346154 0.18777777884615385 0.08166666586538461 0.18666666586538463
1885 0.73 0.6655555552884616 0.75 0.6722222211538462 0.7491666658653846 0.24555555528846154 0.7474999999999999 0.21777777884615385 0.78 0.1833333341346154 0.7166666658653846 0.1833333341346154 0.6916666658653846 0.2133333341346154 0.6891666658653846 0.28111111057692306 0.6741666658653845 0.29555555528846156 0.6758333341346153 0.6622222211538461 0.6816666658653846 0.6688888894230769 0.73 0.6655555552884616
1885 0.6725 0.35444444471153846 0.545 0.35333333413461543 0.5416666658653846 0.3733333341346154 0.5399999999999999 0.26999999999999996 0.5675 0.18555555528846154 0.16249999999999998 0.18666666586538463 0.16416666586538461 0.23777777884615384 0.2758333341346154 0.23666666586538462 0.27833333413461536 0.2688888894230769 0.30166666586538465 0.29555555528846156 0.30166666586538465 0.45555555528846153 0.33083333413461535 0.46 0.33416666586538457 0.4922222211538462 0.3675 0.49666666586538466 0.3708333341346154 0.5288888894230769 0.40916666586538464 0.5333333341346154 0.41083333413461537 0.5633333341346154 0.4433333341346154 0.5677777788461539 0.4491666658653846 0.5955555552884616 0.4808333341346154 0.5977777788461538 0.4866666658653846 0.6288888894230769 0.5266666658653846 0.6244444447115385 0.5416666658653846 0.5988888894230769 0.5908333341346154 0.608888889423077 0.5866666658653846 0.5166666658653847 0.675 0.5166666658653847 0.6725 0.35444444471153846
1885 0.7525000000000001 0.22 0.7516666658653846 0.7188888894230769 0.7641666658653846 0.7322222211538462 0.7775 0.7311111105769231 0.9983333341346154 0.7233333341346154 0.9991666658653846 0.22 0.7525000000000001 0.22
1967 0.7541666658653846 0.7477777788461538 0.7683333341346154 0.76 0.7925 0.76 0.7916666658653846 0.748888889423077 0.7516666658653846 0.722222221153846 0.7541666658653846 0.7477777788461538
1642 0.33083333413461535 0.46555555528846154 0.29416666586538465 0.46222222115384615 0.29416666586538465 0.43555555528846157 0.2866666658653846 0.4322222211538461 0.2725 0.42555555528846156 0.08333333413461538 0.42666666586538465 0.08333333413461538 0.44222222115384613 0.26 0.4366666658653846 0.2575 0.4755555552884615 0.3008333341346154 0.4755555552884615 0.3 0.7088888894230769 0.4991666658653846 0.7066666658653846 0.5075000000000001 0.6799999999999999 0.5091666658653846 0.6544444447115385 0.5158333341346154 0.6355555552884616 0.48166666586538465 0.6344444447115385 0.4775 0.601111110576923 0.4458333341346154 0.6 0.44 0.5677777788461539 0.40583333413461536 0.5666666658653846 0.40499999999999997 0.5333333341346154 0.3683333341346154 0.5333333341346154 0.365 0.501111110576923 0.3316666658653846 0.501111110576923 0.33083333413461535 0.46555555528846154