1891 0.79296875 0.11588541586538462 0.7880859375 0.15625 0.8046875 0.17838541586538462 0.8193359375 0.19791666586538462 0.849609375 0.19401041586538462 0.859375 0.17447916586538462 0.87109375 0.140625 0.8701171875 0.04296875 0.875 0.03255208413461538 0.8671875 0.029947915865384613 0.828125 0.029947915865384613 0.7919921875 0.03385416586538462 0.798828125 0.05078125 0.7998046875 0.08723958413461538 0.79296875 0.11588541586538462
1889 0.70703125 0.2721354158653846 0.7001953125 0.27734375 0.701171875 0.2890625 0.7060546875 0.29296875 0.7158203125 0.31640625 0.7255859375 0.33333333413461536 0.75 0.32942708413461536 0.7587890625 0.3020833341346154 0.7705078125 0.28125 0.7568359375 0.2604166658653846 0.7568359375 0.23307291586538462 0.7646484375 0.19791666586538462 0.7705078125 0.18619791586538462 0.74609375 0.18880208413461538 0.724609375 0.18880208413461538 0.703125 0.18619791586538462 0.7099609375 0.21614583413461538 0.712890625 0.2526041658653846 0.70703125 0.2721354158653846
1427 0.6533203125 0.6315104158653846 0.658203125 0.72265625 0.6640625 0.7252604158653846 0.669921875 0.7135416658653846 0.681640625 0.7122395841346154 0.7568359375 0.7252604158653846 0.8408203125 0.7057291658653846 0.8369140625 0.6809895841346154 0.8330078125 0.640625 0.8330078125 0.5963541658653846 0.806640625 0.6002604158653846 0.8017578125 0.5963541658653846 0.7998046875 0.5221354158653846 0.7783203125 0.51171875 0.6806640625 0.5169270841346154 0.6552734375 0.5208333341346154 0.65234375 0.6015625 0.6484375 0.61328125 0.6533203125 0.6315104158653846
1093 0.8681640625 0.47135416586538464 0.875 0.48307291586538464 0.8828125 0.5 0.998046875 0.5013020841346154 0.998046875 0.42838541586538464 0.853515625 0.42578125 0.8505859375 0.42708333413461536 0.8515625 0.45833333413461536 0.8681640625 0.47135416586538464
784 0.873046875 0.7200520841346154 0.8720703125 0.7330729158653846 0.9052734375 0.73828125 0.90234375 0.71875 0.9326171875 0.7122395841346154 0.9326171875 0.5338541658653846 0.9052734375 0.5078125 0.8779296875 0.5286458341346154 0.8779296875 0.6653645841346154 0.875 0.6705729158653846 0.873046875 0.7200520841346154
564 0.576171875 0.3203125 0.6103515625 0.45052083413461536 0.59375 0.7200520841346154 0.6494140625 0.71875 0.6494140625 0.37239583413461536 0.6572265625 0.006510415865384616 0.5390625 0 0.5498046875 0.15104166586538462 0.576171875 0.3203125
564 0.3505859375 0.6927083341346154 0.3505859375 0.8645833341346154 0.412109375 0.82421875 0.4716796875 0.7942708341346154 0.4560546875 0.640625 0.4423828125 0.53125 0.4345703125 0.48567708413461536 0.4697265625 0.35416666586538464 0.498046875 0.16796875 0.5166015625 0.00390625 0.3583984375 0.0013020841346153846 0.3515625 0.18229166586538462 0.34375 0.5690104158653846 0.3505859375 0.6927083341346154
1314 0.3271484375 0.35416666586538464 0.3330078125 0.00390625 0.201171875 0 0.1962890625 0.35677083413461536 0.3271484375 0.35416666586538464
1314 0.3046875 0.38932291586538464 0.2158203125 0.390625 0.216796875 0.56640625 0.3046875 0.5481770841346154 0.3046875 0.38932291586538464
1849 0 0.17447916586538462 0.0341796875 0.32942708413461536 0.09765625 0.5286458341346154 0.09765625 0.71875 0.115234375 0.74609375 0.1279296875 0.78515625 0.2080078125 0.7552083341346154 0.17578125 0.5065104158653846 0.1767578125 0.47916666586538464 0.189453125 0.002604165865384616 0.193359375 0.0013020841346153846 0 0 0 0.17447916586538462
126 0.24609375 0.9739583341346154 0.2392578125 0.9544270841346154 0.2548828125 0.9166666658653846 0.318359375 0.8802083341346154 0.3076171875 0.8359375 0.294921875 0.8190104158653846 0.255859375 0.8229166658653846 0.248046875 0.7916666658653846 0.23828125 0.7682291658653846 0.21484375 0.7578125 0.1298828125 0.7916666658653846 0.125 0.7721354158653846 0.109375 0.7356770841346154 0.08984375 0.7122395841346154 0.0537109375 0.7447916658653846 0.048828125 0.7526041658653846 0 0.6901041658653846 0.001953125 0.99609375 0.234375 0.9908854158653846 0.24609375 0.9739583341346154
1027 0.380859375 0.5768229158653846 0.3916015625 0.55859375 0.3994140625 0.5299479158653846 0.41796875 0.5325520841346154 0.3984375 0.48958333413461536 0.3837890625 0.48958333413461536 0.376953125 0.47916666586538464 0.3564453125 0.47916666586538464 0.3408203125 0.5182291658653846 0.3623046875 0.5234375 0.361328125 0.5481770841346154 0.3720703125 0.57421875 0.3701171875 0.6328125 0.35546875 0.63671875 0.3408203125 0.6627604158653846 0.3876953125 0.6666666658653846 0.396484375 0.6536458341346154 0.3818359375 0.6354166658653846 0.380859375 0.5768229158653846
1559 0.353515625 0.796875 0.3876953125 0.796875 0.3876953125 0.8411458341346154 0.4013671875 0.8346354158653846 0.412109375 0.7825520841346154 0.4384765625 0.7825520841346154 0.435546875 0.8098958341346154 0.4453125 0.80859375 0.4482421875 0.6809895841346154 0.451171875 0.6770833341346154 0.46875 0.66796875 0.443359375 0.6510416658653846 0.4052734375 0.6471354158653846 0.38671875 0.6484375 0.359375 0.6549479158653846 0.333984375 0.6575520841346154 0.318359375 0.671875 0.3193359375 0.67578125 0.3369140625 0.68359375 0.337890625 0.8671875 0.345703125 0.8671875 0.353515625 0.796875
494 0.25 0.98046875 0.23828125 0.99609375 0.994140625 0.9921875 0.9970703125 0.8489583341346154 0.89453125 0.84375 0.5888671875 0.8138020841346154 0.4833984375 0.7955729158653846 0.3955078125 0.84765625 0.2568359375 0.9309895841346154 0.23828125 0.9388020841346154 0.2421875 0.9596354158653846 0.25 0.98046875
441 0.4970703125 0.90234375 0.79296875 0.9375 0.884765625 0.8359375 0.6220703125 0.8072916658653846 0.4970703125 0.90234375
442 0.765625 0.8489583341346154 0.7548828125 0.8307291658653846 0.74609375 0.8307291658653846 0.734375 0.8346354158653846 0.720703125 0.8359375 0.7099609375 0.83984375 0.703125 0.8020833341346154 0.6943359375 0.8098958341346154 0.69140625 0.8294270841346154 0.681640625 0.8138020841346154 0.669921875 0.8216145841346154 0.6630859375 0.8294270841346154 0.6552734375 0.8203125 0.6455078125 0.8307291658653846 0.634765625 0.8190104158653846 0.6318359375 0.7877604158653846 0.62109375 0.8111979158653846 0.6162109375 0.82421875 0.6044921875 0.8033854158653846 0.59375 0.8229166658653846 0.580078125 0.8177083341346154 0.5693359375 0.8177083341346154 0.572265625 0.84375 0.572265625 0.8828125 0.765625 0.90234375 0.771484375 0.8854166658653846 0.7646484375 0.8723958341346154 0.765625 0.8489583341346154
442 0.8017578125 0.8580729158653846 0.8173828125 0.8411458341346154 0.8173828125 0.8177083341346154 0.810546875 0.7994791658653846 0.7958984375 0.7994791658653846 0.80078125 0.7838541658653846 0.787109375 0.7838541658653846 0.7822265625 0.7916666658653846 0.78125 0.8046875 0.7724609375 0.8033854158653846 0.76171875 0.7734375 0.76171875 0.8033854158653846 0.7509765625 0.8033854158653846 0.7431640625 0.7721354158653846 0.740234375 0.7994791658653846 0.7197265625 0.79296875 0.712890625 0.7565104158653846 0.7109375 0.7903645841346154 0.7041015625 0.7708333341346154 0.69140625 0.7825520841346154 0.6728515625 0.7916666658653846 0.662109375 0.74609375 0.65625 0.79296875 0.6513671875 0.76171875 0.6494140625 0.7721354158653846 0.646484375 0.80859375 0.6376953125 0.7916666658653846 0.6396484375 0.8229166658653846 0.771484375 0.8515625 0.8017578125 0.8580729158653846
1368 0.5654296875 0.8515625 0.57421875 0.8307291658653846 0.5634765625 0.8138020841346154 0.568359375 0.7864583341346154 0.5390625 0.7838541658653846 0.533203125 0.7981770841346154 0.49609375 0.8033854158653846 0.4501953125 0.8125 0.4189453125 0.8268229158653846 0.3974609375 0.83984375 0.392578125 0.8567708341346154 0.3974609375 0.8736979158653846 0.4365234375 0.8841145841346154 0.490234375 0.8802083341346154 0.5380859375 0.8697916658653846 0.5654296875 0.8515625
1179 0.8681640625 0.8919270841346154 0.8564453125 0.90625 0.8603515625 0.921875 0.93359375 0.9309895841346154 0.9580078125 0.9153645841346154 0.9501953125 0.9088541658653846 0.8681640625 0.8919270841346154
1083 0.859375 0.88671875 0.978515625 0.9010416658653846 0.998046875 0.8541666658653846 0.8984375 0.8450520841346154 0.859375 0.88671875
566 0.19921875 0.44270833413461536 0.2099609375 0.45703125 0.2197265625 0.46223958413461536 0.2275390625 0.44921875 0.23046875 0.42317708413461536 0.22265625 0.40234375 0.2060546875 0.3984375 0.2001953125 0.41666666586538464 0.1904296875 0.42317708413461536 0.19140625 0.44010416586538464 0.19921875 0.44270833413461536
566 0.31640625 0.42708333413461536 0.3271484375 0.43619791586538464 0.3359375 0.42578125 0.3466796875 0.43489583413461536 0.3544921875 0.44270833413461536 0.3681640625 0.4375 0.37109375 0.41666666586538464 0.3671875 0.39973958413461536 0.3583984375 0.39322916586538464 0.3466796875 0.41145833413461536 0.3369140625 0.41015625 0.3291015625 0.39713541586538464 0.328125 0.39322916586538464 0.31640625 0.40885416586538464 0.31640625 0.42708333413461536
670 0.498046875 0.19140625 0.4755859375 0.31380208413461536 0.447265625 0.4453125 0.4384765625 0.49479166586538464 0.451171875 0.5859375 0.4609375 0.65625 0.47265625 0.6640625 0.462890625 0.6796875 0.4755859375 0.7838541658653846 0.5546875 0.7708333341346154 0.537109375 0.7096354158653846 0.5673828125 0.7200520841346154 0.5615234375 0.24088541586538462 0.5537109375 0.18880208413461538 0.537109375 0.0234375 0.5166015625 0.016927084134615387 0.515625 0.03515625 0.5068359375 0.1015625 0.498046875 0.19140625
1942 0.4970703125 0.18489583413461538 0.4814453125 0.2838541658653846 0.4833984375 0.59765625 0.55078125 0.5859375 0.5439453125 0.0859375 0.5107421875 0.07161458413461538 0.4970703125 0.18489583413461538
660 0.4912109375 0.54296875 0.4794921875 0.5390625 0.474609375 0.5390625 0.4775390625 0.55078125 0.4873046875 0.55078125 0.501953125 0.5546875 0.5048828125 0.5455729158653846 0.4912109375 0.54296875
529 0.9140625 0.7421875 0.8466796875 0.73828125 0.8466796875 0.7174479158653846 0.76171875 0.72265625 0.6728515625 0.7278645841346154 0.5869140625 0.72265625 0.5478515625 0.7135416658653846 0.5390625 0.7213541658653846 0.5810546875 0.8098958341346154 0.9951171875 0.8333333341346154 0.9951171875 0.7239583341346154 0.9052734375 0.7213541658653846 0.9140625 0.7421875
781 0.9375 0.50390625 0.9443359375 0.7122395841346154 0.9951171875 0.7122395841346154 0.9951171875 0.5078125 0.9375 0.50390625
1885 0.998046875 0.0013020841346153846 0.66015625 0 0.6513671875 0.7109375 0.9970703125 0.7174479158653846 0.998046875 0.0013020841346153846
1586 0.4189453125 0.6458333341346154 0.40625 0.6614583341346154 0.408203125 0.66796875 0.43359375 0.6666666658653846 0.4375 0.6536458341346154 0.4189453125 0.6458333341346154