494 0.5191666658653846 0.7455555552884616 0.5725 0.7311111105769231 0.5658333341346153 0.63 0.2875 0.6244444447115385 0.22 0.728888889423077 0.32 0.74 0.3241666658653846 0.8222222211538461 0.5191666658653846 0.8222222211538461 0.5191666658653846 0.7455555552884616
417 0.2541666658653846 0.53 0.2516666658653846 0.6577777788461538 0.47250000000000003 0.601111110576923 0.4808333341346154 0.5366666658653846 0.4516666658653846 0.46 0.29250000000000004 0.45444444471153844 0.2541666658653846 0.53
1469 0.16916666586538462 0.8222222211538461 0.46583333413461536 0.8166666658653846 0.6658333341346154 0.7911111105769231 0.6508333341346154 0.728888889423077 0.2308333341346154 0.7088888894230769 0.16916666586538462 0.8222222211538461
1469 0.615 0.46555555528846154 0.4383333341346154 0.4511111105769231 0.4958333341346154 0.5366666658653846 0.6166666658653847 0.5422222211538462 0.615 0.46555555528846154
1314 0.17333333413461538 0.12333333413461538 0.17083333413461538 0.28111111057692306 0.3008333341346154 0.28111111057692306 0.2983333341346154 0.11777777884615384 0.17333333413461538 0.12333333413461538
527 0.09416666586538461 0.7888888894230769 0.1558333341346154 0.721111110576923 0.20916666586538463 0.721111110576923 0.2066666658653846 0.5377777788461539 0.12333333413461538 0.5355555552884615 0.03333333413461538 0.4911111105769231 0.03333333413461538 0.7733333341346154 0.09416666586538461 0.7888888894230769
672 0.435 0.53 0.6216666658653847 0.5566666658653846 0.6216666658653847 0.048888889423076926 0.42500000000000004 0.04666666586538462 0.435 0.53
655 0.615 0.5544444447115384 0.7191666658653847 0.5455555552884616 0.72 0.060000000000000005 0.6308333341346154 0.056666665865384616 0.615 0.5544444447115384
655 0.3316666658653846 0.4455555552884615 0.4308333341346154 0.44777777884615383 0.43416666586538466 0.056666665865384616 0.33666666586538463 0.05444444471153846 0.3316666658653846 0.4455555552884615
429 0.4325 0.4944444447115384 0.6208333341346154 0.49666666586538466 0.6191666658653846 0.35777777884615386 0.4325 0.35777777884615386 0.4325 0.4944444447115384
429 0.4433333341346154 0.35555555528846156 0.6108333341346154 0.3522222211538461 0.6216666658653847 0.34111111057692306 0.43416666586538466 0.34111111057692306 0.4433333341346154 0.35555555528846156
763 0.06749999999999999 0.2988888894230769 0.0475 0.30777777884615387 0.04083333413461539 0.33 0.07583333413461538 0.3355555552884616 0.0775 0.3122222211538462 0.06749999999999999 0.2988888894230769
766 0.06333333413461538 0.2033333341346154 0.0375 0.21444444471153845 0.039166665865384614 0.24222222115384615 0.0725 0.2433333341346154 0.07333333413461539 0.22111111057692306 0.06333333413461538 0.2033333341346154
1510 0.30916666586538466 0.608888889423077 0.3025 0.6233333341346154 0.2825 0.6588888894230769 0.38 0.6622222211538461 0.3816666658653846 0.6277777788461538 0.38 0.608888889423077 0.30916666586538466 0.608888889423077
314 0.335 0.7155555552884615 0.39916666586538463 0.7166666658653846 0.40333333413461536 0.6711111105769232 0.34249999999999997 0.6711111105769232 0.335 0.7155555552884615
417 0.49666666586538466 0.35777777884615386 0.4958333341346154 0.4988888894230769 0.5708333341346153 0.52 0.5741666658653846 0.36222222115384617 0.49666666586538466 0.35777777884615386
766 0.885 0.3855555552884615 0.8833333341346153 0.4288888894230769 0.9191666658653846 0.4288888894230769 0.9191666658653846 0.39555555528846154 0.885 0.3855555552884615
763 0.08166666586538461 0.45777777884615384 0.08499999999999999 0.508888889423077 0.10583333413461539 0.51 0.10583333413461539 0.4955555552884615 0.0975 0.45555555528846153 0.09416666586538461 0.44222222115384613 0.08499999999999999 0.4377777788461538 0.08166666586538461 0.45777777884615384
1653 0.05916666586538462 0.07111111057692308 0.04166666586538462 0.08333333413461538 0.04333333413461538 0.15111111057692309 0.08083333413461538 0.14888888942307693 0.065 0.13222222115384616 0.065 0.12222222115384616 0.06583333413461538 0.11 0.0775 0.09888888942307691 0.05916666586538462 0.07111111057692308
1314 0.4425 0.30888888942307696 0.615 0.3066666658653846 0.6125 0.14222222115384617 0.4433333341346154 0.13888888942307692 0.4425 0.30888888942307696
1349 0.18166666586538463 0.5133333341346155 0.21250000000000002 0.5811111105769231 0.2416666658653846 0.5755555552884615 0.2458333341346154 0.4922222211538462 0.2675 0.49 0.2791666658653846 0.49 0.28 0.4766666658653846 0.2691666658653846 0.45555555528846153 0.2875 0.4444444447115385 0.3 0.4211111105769231 0.29250000000000004 0.388888889423077 0.27833333413461536 0.3711111105769231 0.2716666658653846 0.3588888894230769 0.2691666658653846 0.3355555552884616 0.2483333341346154 0.33888888942307693 0.2433333341346154 0.32333333413461535 0.2191666658653846 0.30888888942307696 0.2066666658653846 0.33 0.20416666586538462 0.3644444447115385 0.19333333413461537 0.35555555528846156 0.1716666658653846 0.33333333413461536 0.1533333341346154 0.34222222115384615 0.16 0.3666666658653846 0.11750000000000001 0.3833333341346154 0.11666666586538461 0.3744444447115385 0.11249999999999999 0.40222222115384615 0.11 0.44 0.11750000000000001 0.44777777884615383 0.11750000000000001 0.48444444471153847 0.1266666658653846 0.5066666658653847 0.13833333413461538 0.5066666658653847 0.1508333341346154 0.5044444447115385 0.1633333341346154 0.4944444447115384 0.17750000000000002 0.5022222211538462 0.18166666586538463 0.5077777788461538 0.18166666586538463 0.5133333341346155
806 0.5125 0.3266666658653846 0.5208333341346154 0.33999999999999997 0.5208333341346154 0.35666666586538465 0.5475 0.35555555528846156 0.5491666658653845 0.33999999999999997 0.5591666658653847 0.3355555552884616 0.5583333341346154 0.3177777788461539 0.5516666658653846 0.3011111105769231 0.5441666658653846 0.30777777884615387 0.5333333341346154 0.30777777884615387 0.5225000000000001 0.30777777884615387 0.515 0.3066666658653846 0.5125 0.3133333341346154 0.5125 0.3266666658653846
1632 0.45916666586538457 0.6622222211538461 0.5533333341346154 0.6688888894230769 0.5533333341346154 0.6511111105769231 0.5508333341346154 0.6211111105769231 0.46916666586538464 0.618888889423077 0.46833333413461536 0.6333333341346153 0.4608333341346154 0.6333333341346153 0.45916666586538457 0.6622222211538461
1861 0.6891666658653846 0.39555555528846154 0.6758333341346153 0.41555555528846155 0.6908333341346153 0.43555555528846157 0.7091666658653846 0.43555555528846157 0.7216666658653845 0.41555555528846155 0.7075 0.39333333413461535 0.6891666658653846 0.39555555528846154
1603 0.031666665865384615 0.7855555552884615 0.0325 0.9977777788461538 0.7616666658653847 0.9977777788461538 0.7633333341346155 0.9533333341346153 0.7516666658653846 0.8922222211538462 0.7291666658653846 0.8311111105769231 0.7066666658653846 0.8022222211538461 0.6858333341346154 0.7899999999999999 0.6625000000000001 0.7966666658653847 0.6441666658653846 0.8077777788461538 0.5208333341346154 0.8244444447115384 0.37 0.8144444447115385 0.33999999999999997 0.8077777788461538 0.3241666658653846 0.8133333341346154 0.3116666658653846 0.8233333341346154 0.2975 0.8099999999999999 0.27833333413461536 0.8033333341346154 0.2433333341346154 0.8055555552884616 0.17250000000000001 0.8177777788461539 0.11916666586538462 0.8166666658653846 0.08 0.7855555552884615 0.045833334134615385 0.7755555552884614 0.031666665865384615 0.7855555552884615
417 0.8316666658653846 0.4488888894230769 0.8283333341346153 0.4211111105769231 0.8275 0.39555555528846154 0.8216666658653846 0.388888889423077 0.8183333341346154 0.3866666658653846 0.7358333341346154 0.3866666658653846 0.7283333341346154 0.4 0.7291666658653846 0.44777777884615383 0.7291666658653846 0.46444444471153845 0.7325 0.4677777788461538 0.7325 0.5266666658653846 0.745 0.5411111105769231 0.7825 0.5422222211538462 0.7816666658653847 0.5722222211538461 0.7325 0.5733333341346154 0.7291666658653846 0.5877777788461539 0.7316666658653846 0.5977777788461538 0.7341666658653847 0.5888888894230769 0.7525000000000001 0.5877777788461539 0.7608333341346154 0.59 0.7591666658653846 0.6044444447115385 0.7675 0.6066666658653846 0.7858333341346154 0.5922222211538462 0.7966666658653847 0.5922222211538462 0.8133333341346154 0.6 0.8183333341346154 0.5744444447115384 0.7983333341346154 0.5744444447115384 0.7958333341346153 0.5588888894230769 0.7966666658653847 0.5444444447115384 0.8041666658653847 0.5333333341346154 0.8233333341346154 0.5288888894230769 0.8325 0.4855555552884615 0.8333333341346154 0.4633333341346154 0.8441666658653847 0.46888888942307694 0.8575 0.47444444471153846 0.8583333341346153 0.4633333341346154 0.8316666658653846 0.4488888894230769
605 0.6591666658653845 0.4222222211538461 0.655 0.42555555528846156 0.6541666658653846 0.6022222211538462 0.6666666658653846 0.6355555552884616 0.7 0.6355555552884616 0.6966666658653846 0.6322222211538461 0.6983333341346154 0.6133333341346154 0.7274999999999999 0.6066666658653846 0.7283333341346154 0.5977777788461538 0.7291666658653846 0.4466666658653846 0.8458333341346154 0.44777777884615383 0.8466666658653845 0.4766666658653846 0.8791666658653846 0.501111110576923 0.8733333341346154 0.5433333341346154 0.8825000000000001 0.5222222211538461 0.8941666658653846 0.521111110576923 0.9408333341346153 0.5555555552884616 0.9299999999999999 0.6344444447115385 0.9841666658653847 0.638888889423077 0.9875 0.4344444447115385 0.9558333341346154 0.4211111105769231 0.6591666658653845 0.4222222211538461
417 0.7158333341346155 0.7555555552884615 0.7291666658653846 0.7633333341346155 0.7408333341346154 0.8188888894230769 0.8691666658653846 0.8244444447115384 0.8674999999999999 0.8099999999999999 0.8316666658653846 0.8122222211538461 0.8075 0.7644444447115385 0.8416666658653846 0.7622222211538462 0.8341666658653846 0.7522222211538462 0.7391666658653846 0.7522222211538462 0.7233333341346154 0.7477777788461538 0.7141666658653846 0.67 0.7216666658653845 0.6711111105769232 0.8575 0.6666666658653846 0.8758333341346154 0.501111110576923 0.8458333341346154 0.47777777884615386 0.8416666658653846 0.4766666658653846 0.8358333341346154 0.4811111105769231 0.8233333341346154 0.5288888894230769 0.8025 0.5277777788461538 0.7525000000000001 0.5244444447115385 0.7391666658653846 0.5266666658653846 0.7274999999999999 0.5366666658653846 0.715 0.5533333341346154 0.7066666658653846 0.5722222211538461 0.7033333341346153 0.6077777788461538 0.7 0.6133333341346154 0.6991666658653847 0.6344444447115385 0.7066666658653846 0.6611111105769231 0.7158333341346155 0.7555555552884615
417 0.7708333341346154 0.9122222211538461 0.7783333341346155 0.9277777788461539 0.9283333341346154 0.9266666658653846 0.9241666658653845 0.9133333341346154 0.885 0.9166666658653846 0.8475 0.8477777788461538 0.8808333341346154 0.8466666658653845 0.8816666658653846 0.8411111105769231 0.8775000000000001 0.8311111105769231 0.77 0.8344444447115384 0.7616666658653847 0.748888889423077 0.9133333341346154 0.7533333341346153 0.9383333341346154 0.5555555552884616 0.8933333341346154 0.5233333341346154 0.885 0.5244444447115385 0.8733333341346154 0.5455555552884616 0.8658333341346154 0.5788888894230769 0.8225 0.5766666658653846 0.7916666658653846 0.5722222211538461 0.765 0.5777777788461539 0.7533333341346153 0.5844444447115384 0.7458333341346154 0.5955555552884616 0.735 0.611111110576923 0.7291666658653846 0.6444444447115385 0.7266666658653846 0.67 0.7208333341346154 0.6799999999999999 0.7191666658653847 0.6866666658653846 0.7250000000000001 0.7033333341346153 0.7250000000000001 0.7533333341346153 0.7408333341346154 0.8333333341346154 0.7483333341346154 0.8455555552884615 0.7616666658653847 0.8444444447115385 0.7708333341346154 0.9122222211538461
1027 0.9766666658653846 0.34111111057692306 0.9766666658653846 0.32 0.9708333341346154 0.3177777788461539 0.9450000000000001 0.3166666658653846 0.9091666658653845 0.3166666658653846 0.9091666658653845 0.33444444471153845 0.9108333341346154 0.33999999999999997 0.9383333341346154 0.34222222115384615 0.9383333341346154 0.42555555528846156 0.9241666658653845 0.42666666586538465 0.9191666658653846 0.4288888894230769 0.92 0.43555555528846157 0.9316666658653846 0.4377777788461538 0.9516666658653846 0.4388888894230769 0.9658333341346155 0.4366666658653846 0.9825 0.43555555528846157 0.9733333341346154 0.4311111105769231 0.9658333341346155 0.4311111105769231 0.9616666658653846 0.42777777884615387 0.9541666658653847 0.4233333341346154 0.9466666658653846 0.4233333341346154 0.9458333341346153 0.34111111057692306 0.9766666658653846 0.34111111057692306
1498 0.7983333341346154 0.18 0.7975 0.16888888942307692 0.8016666658653846 0.1533333341346154 0.7958333341346153 0.1311111105769231 0.7899999999999999 0.13222222115384616 0.7875000000000001 0.13777777884615386 0.7858333341346154 0.14888888942307693 0.7875000000000001 0.16444444471153846 0.7875000000000001 0.17666666586538463 0.7816666658653847 0.17777777884615384 0.7758333341346154 0.19222222115384616 0.7766666658653846 0.20555555528846153 0.7783333341346155 0.23222222115384616 0.7841666658653845 0.23555555528846156 0.7833333341346154 0.24222222115384615 0.7816666658653847 0.2522222211538461 0.7791666658653846 0.26555555528846153 0.7783333341346155 0.28555555528846155 0.7791666658653846 0.3177777788461539 0.7908333341346154 0.33 0.7966666658653847 0.33 0.8033333341346154 0.3122222211538462 0.8058333341346154 0.28444444471153846 0.8058333341346154 0.26777777884615384 0.8033333341346154 0.2577777788461538 0.8 0.23888888942307693 0.7991666658653845 0.22666666586538461 0.7975 0.21 0.7991666658653845 0.20111111057692307 0.8033333341346154 0.22111111057692306 0.8033333341346154 0.23444444471153847 0.8075 0.23444444471153847 0.8083333341346154 0.21777777884615385 0.8066666658653846 0.18555555528846154 0.7983333341346154 0.18
1184 0.8500000000000001 0.42666666586538465 0.8683333341346154 0.4311111105769231 0.8716666658653847 0.4366666658653846 0.8841666658653846 0.4366666658653846 0.8866666658653847 0.43 0.8866666658653847 0.4233333341346154 0.8716666658653847 0.42444444471153847 0.8524999999999999 0.4233333341346154 0.8500000000000001 0.42666666586538465
655 0.9991666658653846 0.998888889423077 0.9991666658653846 0 0.9866666658653845 0.002222221153846154 0.9808333341346154 0.8666666658653847 0.97 0.87 0.9675 0.8788888894230769 0.9683333341346153 0.89 0.9725 0.8966666658653846 0.9825 0.8944444447115385 0.9808333341346154 0.9977777788461538 0.9991666658653846 0.998888889423077
655 0.0008333341346153846 0 0.0008333341346153846 0.9977777788461538 0.030833334134615385 0.9977777788461538 0.031666665865384615 0.8877777788461538 0.04666666586538462 0.8877777788461538 0.04833333413461539 0.8722222211538462 0.0475 0.8622222211538462 0.031666665865384615 0.858888889423077 0.03333333413461538 0.4377777788461538 0.03583333413461538 0 0.0008333341346153846 0
1885 0.11916666586538462 0 0.05916666586538462 0.001111110576923077 0.039166665865384614 0.001111110576923077 0.03583333413461538 0.48888888942307696 0.08083333413461538 0.508888889423077 0.1075 0.52 0.17250000000000001 0.5155555552884615 0.2508333341346154 0.5133333341346155 0.2616666658653846 0.5077777788461538 0.2791666658653846 0.49 0.29250000000000004 0.4488888894230769 0.33 0.4511111105769231 0.33 0.05222222115384615 0.4183333341346154 0.04777777884615385 0.4183333341346154 0.04333333413461538 0.6408333341346153 0.04333333413461538 0.6408333341346153 0.05111111057692308 0.7250000000000001 0.05222222115384615 0.7333333341346153 0.5611111105769231 0.8183333341346154 0.5611111105769231 0.8366666658653846 0.47777777884615386 0.8475 0.4755555552884615 0.8491666658653846 0.41666666586538464 0.9333333341346154 0.41555555528846155 0.9566666658653846 0.41777777884615386 0.9816666658653846 0.42777777884615387 0.9825 0 0.11916666586538462 0