1219 0.3984375 0.296875 0.591796875 0.2903645841346154 0.5908203125 0.0078125 0.39453125 0.0078125 0.3984375 0.296875
781 0.658203125 0.44401041586538464 0.3359375 0.45182291586538464 0.33984375 0.7760416658653846 0.47265625 0.7760416658653846 0.4765625 0.7291666658653846 0.57421875 0.71484375 0.615234375 0.6953125 0.658203125 0.44401041586538464
1499 0.7255859375 0.3984375 0.7080078125 0.39192708413461536 0.69921875 0.36848958413461536 0.6845703125 0.33072916586538464 0.6650390625 0.39453125 0.6435546875 0.40625 0.658203125 0.4296875 0.6435546875 0.45833333413461536 0.6455078125 0.5078125 0.6416015625 0.5533854158653846 0.634765625 0.6080729158653846 0.6279296875 0.6575520841346154 0.6318359375 0.7096354158653846 0.640625 0.7330729158653846 0.638671875 0.7526041658653846 0.6611328125 0.7877604158653846 0.6611328125 0.8138020841346154 0.67578125 0.8216145841346154 0.720703125 0.8190104158653846 0.7275390625 0.7981770841346154 0.740234375 0.7786458341346154 0.740234375 0.7330729158653846 0.7490234375 0.70703125 0.7490234375 0.6458333341346154 0.7431640625 0.5963541658653846 0.73828125 0.5559895841346154 0.732421875 0.49869791586538464 0.7255859375 0.47005208413461536 0.7275390625 0.44661458413461536 0.7119140625 0.45182291586538464 0.7216796875 0.42317708413461536 0.7255859375 0.3984375
246 0.833984375 0.7578125 0.8251953125 0.7317708341346154 0.8076171875 0.6979166658653846 0.7880859375 0.6770833341346154 0.7822265625 0.70703125 0.7822265625 0.7265625 0.7880859375 0.7526041658653846 0.779296875 0.78125 0.7734375 0.8020833341346154 0.775390625 0.8424479158653846 0.8486328125 0.83984375 0.8486328125 0.7994791658653846 0.83984375 0.78515625 0.833984375 0.7578125
246 0.599609375 0.7434895841346154 0.611328125 0.71484375 0.6044921875 0.68359375 0.595703125 0.6783854158653846 0.5830078125 0.6979166658653846 0.55859375 0.7447916658653846 0.5439453125 0.78125 0.5498046875 0.8046875 0.5458984375 0.84765625 0.615234375 0.8450520841346154 0.6171875 0.8111979158653846 0.6103515625 0.76953125 0.599609375 0.7434895841346154
1712 0.9873046875 0.3828125 0.98046875 0.2994791658653846 0.98046875 0.265625 0.94140625 0.26171875 0.9033203125 0.26171875 0.87109375 0.2682291658653846 0.8701171875 0.33072916586538464 0.861328125 0.41145833413461536 0.89453125 0.42708333413461536 0.912109375 0.44401041586538464 0.9140625 0.47916666586538464 0.9140625 0.5078125 0.9072265625 0.55078125 0.9052734375 0.57421875 0.912109375 0.59375 0.9248046875 0.5963541658653846 0.955078125 0.57421875 0.958984375 0.5598958341346154 0.9501953125 0.5442708341346154 0.94140625 0.515625 0.9423828125 0.49088541586538464 0.9443359375 0.45833333413461536 0.95703125 0.4296875 0.9892578125 0.42057291586538464 0.9873046875 0.3828125
1712 0.1455078125 0.43489583413461536 0.1328125 0.40364583413461536 0.1845703125 0.39192708413461536 0.181640625 0.2513020841346154 0.154296875 0.24479166586538462 0.119140625 0.2421875 0.0849609375 0.2421875 0.0390625 0.25 0.0263671875 0.26171875 0.0224609375 0.40104166586538464 0.078125 0.40625 0.078125 0.41796875 0.0634765625 0.44661458413461536 0.0634765625 0.5247395841346154 0.0849609375 0.5299479158653846 0.138671875 0.48958333413461536 0.1494140625 0.50390625 0.1455078125 0.43489583413461536
1219 0.2431640625 0.5338541658653846 0.255859375 0.5442708341346154 0.2685546875 0.53125 0.2705078125 0.40364583413461536 0.234375 0.40625 0.19921875 0.3984375 0.1455078125 0.40625 0.1455078125 0.47786458413461536 0.158203125 0.5078125 0.2021484375 0.48177083413461536 0.2294921875 0.53125 0.2431640625 0.5338541658653846
1219 0.7470703125 0.5247395841346154 0.85546875 0.5221354158653846 0.857421875 0.38932291586538464 0.734375 0.38932291586538464 0.734375 0.5130208341346154 0.7470703125 0.5247395841346154
1329 0.1279296875 0.7265625 0.1513671875 0.7096354158653846 0.181640625 0.6953125 0.212890625 0.6888020841346154 0.212890625 0.671875 0.197265625 0.6458333341346154 0.1708984375 0.5794270841346154 0.1513671875 0.5221354158653846 0.1259765625 0.49869791586538464 0.099609375 0.5182291658653846 0.0458984375 0.5390625 0.021484375 0.5481770841346154 0.099609375 0.75 0.1279296875 0.7265625
1329 0.1611328125 0.5416666658653846 0.2060546875 0.66015625 0.2255859375 0.6744791658653846 0.27734375 0.65234375 0.279296875 0.63671875 0.2119140625 0.49348958413461536 0.1904296875 0.49088541586538464 0.1669921875 0.50390625 0.1611328125 0.5416666658653846
1329 0 0.9322916658653846 0.095703125 0.9309895841346154 0.07421875 0.8515625 0.072265625 0.8098958341346154 0.0283203125 0.7408854158653846 0 0.6888020841346154 0 0.9322916658653846
527 0 0.9986979158653846 0.2880859375 0.9986979158653846 0.3212890625 0.8450520841346154 0.3251953125 0.8111979158653846 0.3251953125 0.7734375 0.3232421875 0.6861979158653846 0.3076171875 0.6653645841346154 0.3017578125 0.6171875 0.2666015625 0.6119791658653846 0.255859375 0.5963541658653846 0.2236328125 0.5182291658653846 0.2119140625 0.48177083413461536 0.173828125 0.49088541586538464 0.1513671875 0.49088541586538464 0.111328125 0.5078125 0.072265625 0.52734375 0.03125 0.5416666658653846 0 0.5794270841346154 0 0.9986979158653846
1376 0.337890625 0.6145833341346154 0.3447265625 0.55078125 0.333984375 0.50390625 0.3115234375 0.50390625 0.27734375 0.5247395841346154 0.27734375 0.59375 0.291015625 0.6145833341346154 0.3037109375 0.6549479158653846 0.31640625 0.671875 0.3291015625 0.703125 0.3310546875 0.7552083341346154 0.337890625 0.6809895841346154 0.337890625 0.6145833341346154
1499 0.431640625 0.7005208341346154 0.439453125 0.6484375 0.431640625 0.6197916658653846 0.4228515625 0.59375 0.4052734375 0.6510416658653846 0.4072265625 0.6770833341346154 0.4013671875 0.7096354158653846 0.392578125 0.7447916658653846 0.3857421875 0.7708333341346154 0.3818359375 0.79296875 0.3857421875 0.8190104158653846 0.4033203125 0.82421875 0.431640625 0.82421875 0.4501953125 0.8216145841346154 0.4501953125 0.7786458341346154 0.4462890625 0.7434895841346154 0.431640625 0.7005208341346154
126 0.875 0.7877604158653846 0.951171875 0.8971354158653846 0.9765625 0.90234375 0.998046875 0.91796875 0.998046875 0.5390625 0.958984375 0.53125 0.9658203125 0.5481770841346154 0.9375 0.58203125 0.892578125 0.625 0.8984375 0.6953125 0.873046875 0.7096354158653846 0.875 0.7877604158653846
495 0.833984375 0.71875 0.814453125 0.71875 0.4814453125 0.7174479158653846 0.48046875 0.9231770841346154 0.4833984375 0.9973958341346154 0.5087890625 0.9986979158653846 0.5068359375 0.9401041658653846 0.51953125 0.9348958341346154 0.5263671875 0.9114583341346154 0.5419921875 0.8919270841346154 0.560546875 0.8880208341346154 0.5810546875 0.90234375 0.59375 0.91796875 0.658203125 0.9231770841346154 0.658203125 0.90234375 0.8037109375 0.8854166658653846 0.87109375 0.8776041658653846 0.9306640625 0.8802083341346154 0.9443359375 0.8854166658653846 0.833984375 0.71875
126 0.5283203125 0.92578125 0.513671875 0.95703125 0.5224609375 0.9752604158653846 0.541015625 0.9986979158653846 0.99609375 0.9986979158653846 0.998046875 0.9348958341346154 0.9892578125 0.90625 0.9658203125 0.890625 0.953125 0.8854166658653846 0.931640625 0.9049479158653846 0.9306640625 0.9309895841346154 0.8876953125 0.9375 0.7626953125 0.9348958341346154 0.6669921875 0.92578125 0.6083984375 0.91796875 0.5693359375 0.8880208341346154 0.537109375 0.9088541658653846 0.5283203125 0.92578125
1329 0.8212890625 0.8828125 0.7646484375 0.8880208341346154 0.697265625 0.8919270841346154 0.6669921875 0.89453125 0.6796875 0.92578125 0.71875 0.9322916658653846 0.7900390625 0.9348958341346154 0.8486328125 0.9348958341346154 0.919921875 0.9322916658653846 0.939453125 0.9205729158653846 0.94140625 0.8997395841346154 0.919921875 0.8763020841346154 0.896484375 0.8776041658653846 0.8212890625 0.8828125
279 0.931640625 0.23828125 0.998046875 0.2421875 0.99609375 0.171875 0.9609375 0.171875 0.93359375 0.17578125 0.931640625 0.23828125
874 0.8701171875 0.5078125 0.8623046875 0.5416666658653846 0.8681640625 0.59375 0.892578125 0.5963541658653846 0.89453125 0.5651041658653846 0.892578125 0.5390625 0.8916015625 0.5078125 0.880859375 0.49609375 0.8701171875 0.5078125
874 0.853515625 0.59765625 0.8515625 0.5416666658653846 0.83984375 0.5052083341346154 0.8271484375 0.49609375 0.8115234375 0.5338541658653846 0.8056640625 0.5625 0.80078125 0.58203125 0.814453125 0.59765625 0.853515625 0.59765625
1708 0.8232421875 0.7122395841346154 0.841796875 0.7356770841346154 0.859375 0.7591145841346154 0.873046875 0.7552083341346154 0.873046875 0.7330729158653846 0.8837890625 0.703125 0.8984375 0.6809895841346154 0.89453125 0.65234375 0.9013671875 0.6145833341346154 0.9228515625 0.5794270841346154 0.8896484375 0.5533854158653846 0.77734375 0.5625 0.7685546875 0.5885416658653846 0.759765625 0.6171875 0.771484375 0.640625 0.7646484375 0.6666666658653846 0.7431640625 0.6744791658653846 0.740234375 0.6927083341346154 0.759765625 0.71484375 0.8232421875 0.7122395841346154
1349 0.560546875 0.5911458341346154 0.5419921875 0.6223958341346154 0.5654296875 0.6432291658653846 0.5849609375 0.6653645841346154 0.6259765625 0.6979166658653846 0.7578125 0.6927083341346154 0.7626953125 0.6549479158653846 0.759765625 0.63671875 0.77734375 0.6106770841346154 0.7880859375 0.5794270841346154 0.79296875 0.5338541658653846 0.78125 0.5104166658653846 0.7666015625 0.47786458413461536 0.740234375 0.45572916586538464 0.6416015625 0.43880208413461536 0.6220703125 0.45182291586538464 0.6044921875 0.453125 0.5830078125 0.4609375 0.5712890625 0.48958333413461536 0.5654296875 0.515625 0.5517578125 0.5455729158653846 0.560546875 0.5911458341346154
184 0.458984375 0.68359375 0.45703125 0.7044270841346154 0.45703125 0.7356770841346154 0.4677734375 0.76171875 0.4912109375 0.71875 0.552734375 0.71484375 0.5615234375 0.6861979158653846 0.560546875 0.6627604158653846 0.541015625 0.6575520841346154 0.5283203125 0.6575520841346154 0.521484375 0.6432291658653846 0.51953125 0.6145833341346154 0.5087890625 0.6028645841346154 0.498046875 0.6263020841346154 0.4892578125 0.65234375 0.474609375 0.6666666658653846 0.458984375 0.68359375
1469 0.47265625 0.9986979158653846 0.4853515625 0.984375 0.478515625 0.8307291658653846 0.3232421875 0.8255208341346154 0.2900390625 0.984375 0.296875 0.9973958341346154 0.47265625 0.9986979158653846
314 0.9345703125 0.09375 0.998046875 0.09114583413461538 0.9990234375 0.03125 0.931640625 0.03255208413461538 0.9345703125 0.09375
1362 0.748046875 0.7369791658653846 0.7578125 0.7447916658653846 0.7744140625 0.7447916658653846 0.7958984375 0.7447916658653846 0.794921875 0.7317708341346154 0.787109375 0.7174479158653846 0.767578125 0.7174479158653846 0.748046875 0.72265625 0.748046875 0.7369791658653846
299 0.5654296875 0.8723958341346154 0.58984375 0.8763020841346154 0.599609375 0.8671875 0.607421875 0.8541666658653846 0.5966796875 0.8463541658653846 0.580078125 0.8450520841346154 0.5615234375 0.8450520841346154 0.5458984375 0.85546875 0.552734375 0.86328125 0.5654296875 0.8723958341346154
279 0.9443359375 0.46614583413461536 0.9970703125 0.46614583413461536 1 0.3359375 0.9853515625 0.33723958413461536 0.9931640625 0.40755208413461536 0.974609375 0.41927083413461536 0.947265625 0.4375 0.9443359375 0.46614583413461536
881 0.7724609375 0.7630208341346154 0.7666015625 0.76171875 0.7568359375 0.8541666658653846 0.783203125 0.8541666658653846 0.7724609375 0.7630208341346154
763 0.6552734375 0.76953125 0.650390625 0.76171875 0.634765625 0.8463541658653846 0.6669921875 0.8515625 0.6552734375 0.76953125
1329 0.998046875 0.546875 0.966796875 0.5299479158653846 0.978515625 0.6940104158653846 0.9951171875 0.7005208341346154 0.998046875 0.546875
1885 0.904296875 0.55859375 0.9189453125 0.5299479158653846 0.9306640625 0 0.0009765625 0.0013020841346153846 0.0009765625 0.5520833341346154 0.0615234375 0.52734375 0.060546875 0.45052083413461536 0.07421875 0.41666666586538464 0.140625 0.41015625 0.189453125 0.39322916586538464 0.2724609375 0.3984375 0.271484375 0.5377604158653846 0.2392578125 0.5390625 0.2705078125 0.60546875 0.302734375 0.6080729158653846 0.30859375 0.66015625 0.32421875 0.6796875 0.3349609375 0.6888020841346154 0.33203125 0.44401041586538464 0.7158203125 0.43489583413461536 0.7216796875 0.5325520841346154 0.740234375 0.53515625 0.7578125 0.5546875 0.904296875 0.55859375
53 0.3173828125 0.6796875 0.2509765625 0.5885416658653846 0.208984375 0.55859375 0.1083984375 0.6263020841346154 0.0908203125 0.7552083341346154 0.171875 0.7669270841346154 0.27734375 0.734375 0.3173828125 0.6796875
53 0.607421875 0.0078125 0.3828125 0.016927084134615387 0.380859375 0.2942708341346154 0.609375 0.2916666658653846 0.607421875 0.0078125
21 0.48828125 0.016927084134615387 0.470703125 0.046875 0.4638671875 0.23307291586538462 0.529296875 0.16276041586538462 0.5263671875 0.12760416586538462 0.5283203125 0.06901041586538462 0.5205078125 0.01953125 0.48828125 0.016927084134615387