494 0.8642578125 0.7981770841346154 0.716796875 0.7252604158653846 0.6240234375 0.7786458341346154 0.6162109375 0.99609375 0.998046875 0.9986979158653846 0.9990234375 0.7421875 0.8642578125 0.7981770841346154
1861 0.8486328125 0.7486979158653846 0.865234375 0.69921875 0.859375 0.6471354158653846 0.859375 0.6197916658653846 0.8134765625 0.6197916658653846 0.8193359375 0.64453125 0.806640625 0.6744791658653846 0.814453125 0.7265625 0.8486328125 0.7486979158653846
364 0.904296875 0.48697916586538464 0.904296875 0.5091145841346154 0.9189453125 0.515625 0.9228515625 0.48046875 0.904296875 0.48697916586538464
364 0.9296875 0.5208333341346154 0.9453125 0.51953125 0.9482421875 0.5013020841346154 0.9287109375 0.5 0.9296875 0.5208333341346154
1861 0.966796875 0.5104166658653846 0.9765625 0.47265625 0.9697265625 0.45572916586538464 0.97265625 0.44010416586538464 0.9423828125 0.44010416586538464 0.947265625 0.45442708413461536 0.9375 0.46744791586538464 0.9423828125 0.5026041658653846 0.966796875 0.5104166658653846
1349 0.869140625 0.47916666586538464 0.81640625 0.546875 0.7373046875 0.5208333341346154 0.8203125 0.6067708341346154 0.853515625 0.6197916658653846 0.9140625 0.5598958341346154 0.869140625 0.47916666586538464
794 0.814453125 0.2721354158653846 0.77734375 0.2721354158653846 0.7392578125 0.34244791586538464 0.7890625 0.34895833413461536 0.7919921875 0.4921875 0.80859375 0.4921875 0.806640625 0.35416666586538464 0.8466796875 0.34765625 0.814453125 0.2721354158653846
1603 0.3154296875 0.8190104158653846 0.3310546875 0.8919270841346154 0.3232421875 0.9153645841346154 0.3369140625 0.953125 0.4453125 0.9596354158653846 0.62109375 0.8893229158653846 0.62109375 0.7981770841346154 0.6318359375 0.7630208341346154 0.8046875 0.6875 0.880859375 0.62109375 0.8857421875 0.5872395841346154 0.8291015625 0.5520833341346154 0.83984375 0.48567708413461536 0.7666015625 0.45442708413461536 0.5751953125 0.47526041586538464 0.3896484375 0.48307291586538464 0.2587890625 0.5221354158653846 0.244140625 0.6263020841346154 0.24609375 0.6341145841346154 0.2392578125 0.6705729158653846 0.2568359375 0.69921875 0.25390625 0.8125 0.3154296875 0.8190104158653846
1757 0.4755859375 0.6419270841346154 0.423828125 0.54296875 0.3759765625 0.5078125 0.3427734375 0.5520833341346154 0.3564453125 0.62890625 0.4404296875 0.703125 0.4482421875 0.7174479158653846 0.4755859375 0.6419270841346154
1757 0.5537109375 0.6419270841346154 0.529296875 0.5559895841346154 0.4853515625 0.48828125 0.4296875 0.5104166658653846 0.451171875 0.59765625 0.49609375 0.6875 0.5537109375 0.6419270841346154
1758 0.830078125 0.48567708413461536 0.724609375 0.48046875 0.67578125 0.47005208413461536 0.671875 0.5416666658653846 0.6455078125 0.61328125 0.7841796875 0.6315104158653846 0.82421875 0.6197916658653846 0.830078125 0.48567708413461536
1942 0.3740234375 0.15234375 0.283203125 0.14453125 0.2861328125 0.50390625 0.380859375 0.48307291586538464 0.3740234375 0.15234375
1942 0.53515625 0.16015625 0.4599609375 0.15364583413461538 0.46484375 0.47265625 0.5400390625 0.48046875 0.53515625 0.16015625
1946 0.5673828125 0.4765625 0.5966796875 0.46354166586538464 0.5830078125 0.10416666586538462 0.2490234375 0.06510416586538462 0.2666015625 0.53515625 0.3017578125 0.50390625 0.44140625 0.4765625 0.5673828125 0.4765625
569 0.265625 0.7122395841346154 0.234375 0.6510416658653846 0.2509765625 0.5690104158653846 0.265625 0.49609375 0.2490234375 0.006510415865384616 0.0791015625 0.002604165865384616 0.09375 0.8020833341346154 0.2021484375 0.7643229158653846 0.24609375 0.79296875 0.2626953125 0.7981770841346154 0.265625 0.7122395841346154
564 0.7763671875 0.46744791586538464 0.765625 0.06640625 0.666015625 0.07161458413461538 0.5888671875 0.05989583413461538 0.587890625 0.04166666586538462 0.58203125 0.078125 0.6064453125 0.46223958413461536 0.6884765625 0.45703125 0.7763671875 0.46744791586538464
364 0.9482421875 0.296875 0.9599609375 0.296875 0.962890625 0.16666666586538462 0.953125 0.15755208413461538 0.9482421875 0.296875
1093 0.998046875 0.2981770841346154 0.8955078125 0.2994791658653846 0.89453125 0.66015625 0.998046875 0.6783854158653846 0.998046875 0.2981770841346154
1559 0.9072265625 0.6380208341346154 0.904296875 0.6705729158653846 0.9638671875 0.6744791658653846 0.974609375 0.6588541658653846 0.9521484375 0.640625 0.953125 0.5598958341346154 0.978515625 0.54296875 0.9990234375 0.51953125 0.9365234375 0.49479166586538464 0.8935546875 0.5104166658653846 0.9072265625 0.546875 0.9345703125 0.5625 0.9287109375 0.6380208341346154 0.9072265625 0.6380208341346154
1603 0.580078125 0.9674479158653846 0.326171875 0.9466145841346154 0.3271484375 0.8489583341346154 0.30078125 0.80859375 0.2392578125 0.8216145841346154 0.2294921875 0.7708333341346154 0.193359375 0.7604166658653846 0.0791015625 0.8111979158653846 0.001953125 0.6966145841346154 0.0029296875 0.9947916658653846 0.599609375 0.9986979158653846 0.580078125 0.9674479158653846
1111 0.0537109375 0.36458333413461536 0.0048828125 0.36848958413461536 0.0009765625 0.68359375 0.0712890625 0.8020833341346154 0.0537109375 0.36458333413461536
1632 0.89453125 0.6783854158653846 0.8642578125 0.6848958341346154 0.8603515625 0.7265625 0.9365234375 0.7447916658653846 0.9912109375 0.7239583341346154 0.9794921875 0.6966145841346154 0.89453125 0.6783854158653846
806 0.1171875 0.8932291658653846 0.1005859375 0.8645833341346154 0.078125 0.8450520841346154 0.05078125 0.8346354158653846 0.01953125 0.8541666658653846 0.001953125 0.8619791658653846 0.0009765625 0.9348958341346154 0.0361328125 0.9192708341346154 0.0849609375 0.9231770841346154 0.12109375 0.9231770841346154 0.1171875 0.8932291658653846
1818 0.7255859375 0.72265625 0.8671875 0.7890625 0.998046875 0.7252604158653846 0.998046875 0.6966145841346154 0.8828125 0.6653645841346154 0.7255859375 0.72265625
1885 0.072265625 0.7955729158653846 0.080078125 0.80859375 0.091796875 0.7981770841346154 0.0771484375 0.002604165865384616 0.0009765625 0.0013020841346153846 0.001953125 0.36197916586538464 0.052734375 0.35807291586538464 0.072265625 0.7955729158653846
1885 0.8388671875 0.48567708413461536 0.8310546875 0.5494791658653846 0.8916015625 0.5703125 0.8779296875 0.6627604158653846 0.8916015625 0.6588541658653846 0.892578125 0.2955729158653846 0.9990234375 0.29296875 0.9990234375 0.0013020841346153846 0.759765625 0.002604165865384616 0.7802734375 0.47395833413461536 0.791015625 0.48697916586538464 0.8388671875 0.48567708413461536
1885 0.578125 0.07161458413461538 0.5830078125 0.05729166586538462 0.412109375 0.026041665865384613 0.25 0.002604165865384616 0.2529296875 0.06119791586538462 0.5810546875 0.10026041586538462 0.578125 0.07161458413461538
568 0.2568359375 0 0.578125 0.05598958413461538 0.6728515625 0.0703125 0.689453125 0.06770833413461538 0.7548828125 0.05859375 0.7578125 0.04817708413461538 0.75390625 0.0390625 0.74609375 0.03125 0.68359375 0.05208333413461538 0.35546875 0 0.2568359375 0
402 0.380859375 0 0.685546875 0.05078125 0.7578125 0.026041665865384613 0.755859375 0.0013020841346153846 0.6904296875 0 0.380859375 0