1891 0.2001953125 0.08723958413461538 0.201171875 0.05078125 0.2080078125 0.03385416586538462 0.171875 0.029947915865384613 0.1328125 0.029947915865384613 0.125 0.03255208413461538 0.1298828125 0.04296875 0.12890625 0.140625 0.140625 0.17447916586538462 0.150390625 0.19401041586538462 0.1806640625 0.19791666586538462 0.1953125 0.17838541586538462 0.2119140625 0.15625 0.20703125 0.11588541586538462 0.2001953125 0.08723958413461538
1889 0.287109375 0.2526041658653846 0.2900390625 0.21614583413461538 0.296875 0.18619791586538462 0.275390625 0.18880208413461538 0.25390625 0.18880208413461538 0.2294921875 0.18619791586538462 0.2353515625 0.19791666586538462 0.2431640625 0.23307291586538462 0.2431640625 0.2604166658653846 0.2294921875 0.28125 0.2412109375 0.3020833341346154 0.25 0.32942708413461536 0.2744140625 0.33333333413461536 0.2841796875 0.31640625 0.2939453125 0.29296875 0.298828125 0.2890625 0.2998046875 0.27734375 0.29296875 0.2721354158653846 0.287109375 0.2526041658653846
1427 0.3515625 0.61328125 0.34765625 0.6015625 0.3447265625 0.5208333341346154 0.3193359375 0.5169270841346154 0.2216796875 0.51171875 0.2001953125 0.5221354158653846 0.1982421875 0.5963541658653846 0.193359375 0.6002604158653846 0.1669921875 0.5963541658653846 0.1669921875 0.640625 0.1630859375 0.6809895841346154 0.1591796875 0.7057291658653846 0.2431640625 0.7252604158653846 0.318359375 0.7122395841346154 0.330078125 0.7135416658653846 0.3359375 0.7252604158653846 0.341796875 0.72265625 0.3466796875 0.6315104158653846 0.3515625 0.61328125
1093 0.1484375 0.45833333413461536 0.1494140625 0.42708333413461536 0.146484375 0.42578125 0.001953125 0.42838541586538464 0.001953125 0.5013020841346154 0.1171875 0.5 0.125 0.48307291586538464 0.1318359375 0.47135416586538464 0.1484375 0.45833333413461536
784 0.125 0.6705729158653846 0.1220703125 0.6653645841346154 0.1220703125 0.5286458341346154 0.0947265625 0.5078125 0.0673828125 0.5338541658653846 0.0673828125 0.7122395841346154 0.09765625 0.71875 0.0947265625 0.73828125 0.1279296875 0.7330729158653846 0.126953125 0.7200520841346154 0.125 0.6705729158653846
564 0.4501953125 0.15104166586538462 0.4609375 0 0.3427734375 0.006510415865384616 0.3505859375 0.37239583413461536 0.3505859375 0.71875 0.40625 0.7200520841346154 0.3896484375 0.45052083413461536 0.423828125 0.3203125 0.4501953125 0.15104166586538462
564 0.65625 0.5690104158653846 0.6484375 0.18229166586538462 0.6416015625 0.0013020841346153846 0.4833984375 0.00390625 0.501953125 0.16796875 0.5302734375 0.35416666586538464 0.5654296875 0.48567708413461536 0.5576171875 0.53125 0.5439453125 0.640625 0.5283203125 0.7942708341346154 0.587890625 0.82421875 0.6494140625 0.8645833341346154 0.6494140625 0.6927083341346154 0.65625 0.5690104158653846
1314 0.8037109375 0.35677083413461536 0.798828125 0 0.6669921875 0.00390625 0.6728515625 0.35416666586538464 0.8037109375 0.35677083413461536
1314 0.6953125 0.5481770841346154 0.783203125 0.56640625 0.7841796875 0.390625 0.6953125 0.38932291586538464 0.6953125 0.5481770841346154
1849 1 0 0.806640625 0.0013020841346153846 0.810546875 0.002604165865384616 0.8232421875 0.47916666586538464 0.82421875 0.5065104158653846 0.7919921875 0.7552083341346154 0.8720703125 0.78515625 0.884765625 0.74609375 0.90234375 0.71875 0.90234375 0.5286458341346154 0.9658203125 0.32942708413461536 1 0.17447916586538462 1 0
126 0.765625 0.9908854158653846 0.998046875 0.99609375 1 0.6901041658653846 0.951171875 0.7526041658653846 0.9462890625 0.7447916658653846 0.91015625 0.7122395841346154 0.890625 0.7356770841346154 0.875 0.7721354158653846 0.8701171875 0.7916666658653846 0.78515625 0.7578125 0.76171875 0.7682291658653846 0.751953125 0.7916666658653846 0.744140625 0.8229166658653846 0.705078125 0.8190104158653846 0.6923828125 0.8359375 0.681640625 0.8802083341346154 0.7451171875 0.9166666658653846 0.7607421875 0.9544270841346154 0.75390625 0.9739583341346154 0.765625 0.9908854158653846
1027 0.6181640625 0.6354166658653846 0.603515625 0.6536458341346154 0.6123046875 0.6666666658653846 0.6591796875 0.6627604158653846 0.64453125 0.63671875 0.6298828125 0.6328125 0.6279296875 0.57421875 0.638671875 0.5481770841346154 0.6376953125 0.5234375 0.6591796875 0.5182291658653846 0.6435546875 0.47916666586538464 0.623046875 0.47916666586538464 0.6162109375 0.48958333413461536 0.6015625 0.48958333413461536 0.58203125 0.5325520841346154 0.6005859375 0.5299479158653846 0.6083984375 0.55859375 0.619140625 0.5768229158653846 0.6181640625 0.6354166658653846
1559 0.654296875 0.8671875 0.662109375 0.8671875 0.6630859375 0.68359375 0.6806640625 0.67578125 0.681640625 0.671875 0.666015625 0.6575520841346154 0.640625 0.6549479158653846 0.61328125 0.6484375 0.5947265625 0.6471354158653846 0.556640625 0.6510416658653846 0.53125 0.66796875 0.548828125 0.6770833341346154 0.5517578125 0.6809895841346154 0.5546875 0.80859375 0.564453125 0.8098958341346154 0.5615234375 0.7825520841346154 0.587890625 0.7825520841346154 0.5986328125 0.8346354158653846 0.6123046875 0.8411458341346154 0.6123046875 0.796875 0.646484375 0.796875 0.654296875 0.8671875
494 0.7578125 0.9596354158653846 0.76171875 0.9388020841346154 0.7431640625 0.9309895841346154 0.6044921875 0.84765625 0.5166015625 0.7955729158653846 0.4111328125 0.8138020841346154 0.10546875 0.84375 0.0029296875 0.8489583341346154 0.005859375 0.9921875 0.76171875 0.99609375 0.75 0.98046875 0.7578125 0.9596354158653846
441 0.3779296875 0.8072916658653846 0.115234375 0.8359375 0.20703125 0.9375 0.5029296875 0.90234375 0.3779296875 0.8072916658653846
442 0.2353515625 0.8723958341346154 0.228515625 0.8854166658653846 0.234375 0.90234375 0.427734375 0.8828125 0.427734375 0.84375 0.4306640625 0.8177083341346154 0.419921875 0.8177083341346154 0.40625 0.8229166658653846 0.3955078125 0.8033854158653846 0.3837890625 0.82421875 0.37890625 0.8111979158653846 0.3681640625 0.7877604158653846 0.365234375 0.8190104158653846 0.3544921875 0.8307291658653846 0.3447265625 0.8203125 0.3369140625 0.8294270841346154 0.330078125 0.8216145841346154 0.318359375 0.8138020841346154 0.30859375 0.8294270841346154 0.3056640625 0.8098958341346154 0.296875 0.8020833341346154 0.2900390625 0.83984375 0.279296875 0.8359375 0.265625 0.8346354158653846 0.25390625 0.8307291658653846 0.2451171875 0.8307291658653846 0.234375 0.8489583341346154 0.2353515625 0.8723958341346154
442 0.228515625 0.8515625 0.3603515625 0.8229166658653846 0.3623046875 0.7916666658653846 0.353515625 0.80859375 0.3505859375 0.7721354158653846 0.3486328125 0.76171875 0.34375 0.79296875 0.337890625 0.74609375 0.3271484375 0.7916666658653846 0.30859375 0.7825520841346154 0.2958984375 0.7708333341346154 0.2890625 0.7903645841346154 0.287109375 0.7565104158653846 0.2802734375 0.79296875 0.259765625 0.7994791658653846 0.2568359375 0.7721354158653846 0.2490234375 0.8033854158653846 0.23828125 0.8033854158653846 0.23828125 0.7734375 0.2275390625 0.8033854158653846 0.21875 0.8046875 0.2177734375 0.7916666658653846 0.212890625 0.7838541658653846 0.19921875 0.7838541658653846 0.2041015625 0.7994791658653846 0.189453125 0.7994791658653846 0.1826171875 0.8177083341346154 0.1826171875 0.8411458341346154 0.1982421875 0.8580729158653846 0.228515625 0.8515625
1368 0.4619140625 0.8697916658653846 0.509765625 0.8802083341346154 0.5634765625 0.8841145841346154 0.6025390625 0.8736979158653846 0.607421875 0.8567708341346154 0.6025390625 0.83984375 0.5810546875 0.8268229158653846 0.5498046875 0.8125 0.50390625 0.8033854158653846 0.466796875 0.7981770841346154 0.4609375 0.7838541658653846 0.431640625 0.7864583341346154 0.4365234375 0.8138020841346154 0.42578125 0.8307291658653846 0.4345703125 0.8515625 0.4619140625 0.8697916658653846
1179 0.0498046875 0.9088541658653846 0.0419921875 0.9153645841346154 0.06640625 0.9309895841346154 0.1396484375 0.921875 0.1435546875 0.90625 0.1318359375 0.8919270841346154 0.0498046875 0.9088541658653846
1083 0.1015625 0.8450520841346154 0.001953125 0.8541666658653846 0.021484375 0.9010416658653846 0.140625 0.88671875 0.1015625 0.8450520841346154
566 0.80859375 0.44010416586538464 0.8095703125 0.42317708413461536 0.7998046875 0.41666666586538464 0.7939453125 0.3984375 0.77734375 0.40234375 0.76953125 0.42317708413461536 0.7724609375 0.44921875 0.7802734375 0.46223958413461536 0.7900390625 0.45703125 0.80078125 0.44270833413461536 0.80859375 0.44010416586538464
566 0.68359375 0.40885416586538464 0.671875 0.39322916586538464 0.6708984375 0.39713541586538464 0.6630859375 0.41015625 0.6533203125 0.41145833413461536 0.6416015625 0.39322916586538464 0.6328125 0.39973958413461536 0.62890625 0.41666666586538464 0.6318359375 0.4375 0.6455078125 0.44270833413461536 0.6533203125 0.43489583413461536 0.6640625 0.42578125 0.6728515625 0.43619791586538464 0.68359375 0.42708333413461536 0.68359375 0.40885416586538464
670 0.4931640625 0.1015625 0.484375 0.03515625 0.4833984375 0.016927084134615387 0.462890625 0.0234375 0.4462890625 0.18880208413461538 0.4384765625 0.24088541586538462 0.4326171875 0.7200520841346154 0.462890625 0.7096354158653846 0.4453125 0.7708333341346154 0.5244140625 0.7838541658653846 0.537109375 0.6796875 0.52734375 0.6640625 0.5390625 0.65625 0.548828125 0.5859375 0.5615234375 0.49479166586538464 0.552734375 0.4453125 0.5244140625 0.31380208413461536 0.501953125 0.19140625 0.4931640625 0.1015625
1942 0.4892578125 0.07161458413461538 0.4560546875 0.0859375 0.44921875 0.5859375 0.5166015625 0.59765625 0.5185546875 0.2838541658653846 0.5029296875 0.18489583413461538 0.4892578125 0.07161458413461538
660 0.4951171875 0.5455729158653846 0.498046875 0.5546875 0.5126953125 0.55078125 0.5224609375 0.55078125 0.525390625 0.5390625 0.5205078125 0.5390625 0.5087890625 0.54296875 0.4951171875 0.5455729158653846
529 0.0947265625 0.7213541658653846 0.0048828125 0.7239583341346154 0.0048828125 0.8333333341346154 0.4189453125 0.8098958341346154 0.4609375 0.7213541658653846 0.4521484375 0.7135416658653846 0.4130859375 0.72265625 0.3271484375 0.7278645841346154 0.23828125 0.72265625 0.1533203125 0.7174479158653846 0.1533203125 0.73828125 0.0859375 0.7421875 0.0947265625 0.7213541658653846
781 0.0048828125 0.5078125 0.0048828125 0.7122395841346154 0.0556640625 0.7122395841346154 0.0625 0.50390625 0.0048828125 0.5078125
1885 0.0029296875 0.7174479158653846 0.3486328125 0.7109375 0.33984375 0 0.001953125 0.0013020841346153846 0.0029296875 0.7174479158653846
1586 0.5625 0.6536458341346154 0.56640625 0.6666666658653846 0.591796875 0.66796875 0.59375 0.6614583341346154 0.5810546875 0.6458333341346154 0.5625 0.6536458341346154