494 0.0009765625 0.7421875 0.001953125 0.9986979158653846 0.3837890625 0.99609375 0.3759765625 0.7786458341346154 0.283203125 0.7252604158653846 0.1357421875 0.7981770841346154 0.0009765625 0.7421875
1861 0.185546875 0.7265625 0.193359375 0.6744791658653846 0.1806640625 0.64453125 0.1865234375 0.6197916658653846 0.140625 0.6197916658653846 0.140625 0.6471354158653846 0.134765625 0.69921875 0.1513671875 0.7486979158653846 0.185546875 0.7265625
364 0.0771484375 0.48046875 0.0810546875 0.515625 0.095703125 0.5091145841346154 0.095703125 0.48697916586538464 0.0771484375 0.48046875
364 0.0712890625 0.5 0.0517578125 0.5013020841346154 0.0546875 0.51953125 0.0703125 0.5208333341346154 0.0712890625 0.5
1861 0.0576171875 0.5026041658653846 0.0625 0.46744791586538464 0.052734375 0.45442708413461536 0.0576171875 0.44010416586538464 0.02734375 0.44010416586538464 0.0302734375 0.45572916586538464 0.0234375 0.47265625 0.033203125 0.5104166658653846 0.0576171875 0.5026041658653846
1349 0.0859375 0.5598958341346154 0.146484375 0.6197916658653846 0.1796875 0.6067708341346154 0.2626953125 0.5208333341346154 0.18359375 0.546875 0.130859375 0.47916666586538464 0.0859375 0.5598958341346154
794 0.1533203125 0.34765625 0.193359375 0.35416666586538464 0.19140625 0.4921875 0.2080078125 0.4921875 0.2109375 0.34895833413461536 0.2607421875 0.34244791586538464 0.22265625 0.2721354158653846 0.185546875 0.2721354158653846 0.1533203125 0.34765625
1603 0.74609375 0.8125 0.7431640625 0.69921875 0.7607421875 0.6705729158653846 0.75390625 0.6341145841346154 0.755859375 0.6263020841346154 0.7412109375 0.5221354158653846 0.6103515625 0.48307291586538464 0.4248046875 0.47526041586538464 0.2333984375 0.45442708413461536 0.16015625 0.48567708413461536 0.1708984375 0.5520833341346154 0.1142578125 0.5872395841346154 0.119140625 0.62109375 0.1953125 0.6875 0.3681640625 0.7630208341346154 0.37890625 0.7981770841346154 0.37890625 0.8893229158653846 0.5546875 0.9596354158653846 0.6630859375 0.953125 0.6767578125 0.9153645841346154 0.6689453125 0.8919270841346154 0.6845703125 0.8190104158653846 0.74609375 0.8125
1757 0.5517578125 0.7174479158653846 0.5595703125 0.703125 0.6435546875 0.62890625 0.6572265625 0.5520833341346154 0.6240234375 0.5078125 0.576171875 0.54296875 0.5244140625 0.6419270841346154 0.5517578125 0.7174479158653846
1757 0.50390625 0.6875 0.548828125 0.59765625 0.5703125 0.5104166658653846 0.5146484375 0.48828125 0.470703125 0.5559895841346154 0.4462890625 0.6419270841346154 0.50390625 0.6875
1758 0.17578125 0.6197916658653846 0.2158203125 0.6315104158653846 0.3544921875 0.61328125 0.328125 0.5416666658653846 0.32421875 0.47005208413461536 0.275390625 0.48046875 0.169921875 0.48567708413461536 0.17578125 0.6197916658653846
1942 0.619140625 0.48307291586538464 0.7138671875 0.50390625 0.716796875 0.14453125 0.6259765625 0.15234375 0.619140625 0.48307291586538464
1942 0.4599609375 0.48046875 0.53515625 0.47265625 0.5400390625 0.15364583413461538 0.46484375 0.16015625 0.4599609375 0.48046875
1946 0.55859375 0.4765625 0.6982421875 0.50390625 0.7333984375 0.53515625 0.7509765625 0.06510416586538462 0.4169921875 0.10416666586538462 0.4033203125 0.46354166586538464 0.4326171875 0.4765625 0.55859375 0.4765625
569 0.7373046875 0.7981770841346154 0.75390625 0.79296875 0.7978515625 0.7643229158653846 0.90625 0.8020833341346154 0.9208984375 0.002604165865384616 0.7509765625 0.006510415865384616 0.734375 0.49609375 0.7490234375 0.5690104158653846 0.765625 0.6510416658653846 0.734375 0.7122395841346154 0.7373046875 0.7981770841346154
564 0.3115234375 0.45703125 0.3935546875 0.46223958413461536 0.41796875 0.078125 0.412109375 0.04166666586538462 0.4111328125 0.05989583413461538 0.333984375 0.07161458413461538 0.234375 0.06640625 0.2236328125 0.46744791586538464 0.3115234375 0.45703125
364 0.046875 0.15755208413461538 0.037109375 0.16666666586538462 0.0400390625 0.296875 0.0517578125 0.296875 0.046875 0.15755208413461538
1093 0.001953125 0.6783854158653846 0.10546875 0.66015625 0.1044921875 0.2994791658653846 0.001953125 0.2981770841346154 0.001953125 0.6783854158653846
1559 0.0712890625 0.6380208341346154 0.0654296875 0.5625 0.0927734375 0.546875 0.1064453125 0.5104166658653846 0.0634765625 0.49479166586538464 0.0009765625 0.51953125 0.021484375 0.54296875 0.046875 0.5598958341346154 0.0478515625 0.640625 0.025390625 0.6588541658653846 0.0361328125 0.6744791658653846 0.095703125 0.6705729158653846 0.0927734375 0.6380208341346154 0.0712890625 0.6380208341346154
1603 0.400390625 0.9986979158653846 0.9970703125 0.9947916658653846 0.998046875 0.6966145841346154 0.9208984375 0.8111979158653846 0.806640625 0.7604166658653846 0.7705078125 0.7708333341346154 0.7607421875 0.8216145841346154 0.69921875 0.80859375 0.6728515625 0.8489583341346154 0.673828125 0.9466145841346154 0.419921875 0.9674479158653846 0.400390625 0.9986979158653846
1111 0.9287109375 0.8020833341346154 0.9990234375 0.68359375 0.9951171875 0.36848958413461536 0.9462890625 0.36458333413461536 0.9287109375 0.8020833341346154
1632 0.0205078125 0.6966145841346154 0.0087890625 0.7239583341346154 0.0634765625 0.7447916658653846 0.1396484375 0.7265625 0.1357421875 0.6848958341346154 0.10546875 0.6783854158653846 0.0205078125 0.6966145841346154
806 0.87890625 0.9231770841346154 0.9150390625 0.9231770841346154 0.9638671875 0.9192708341346154 0.9990234375 0.9348958341346154 0.998046875 0.8619791658653846 0.98046875 0.8541666658653846 0.94921875 0.8346354158653846 0.921875 0.8450520841346154 0.8994140625 0.8645833341346154 0.8828125 0.8932291658653846 0.87890625 0.9231770841346154
1818 0.1171875 0.6653645841346154 0.001953125 0.6966145841346154 0.001953125 0.7252604158653846 0.1328125 0.7890625 0.2744140625 0.72265625 0.1171875 0.6653645841346154
1885 0.947265625 0.35807291586538464 0.998046875 0.36197916586538464 0.9990234375 0.0013020841346153846 0.9228515625 0.002604165865384616 0.908203125 0.7981770841346154 0.919921875 0.80859375 0.927734375 0.7955729158653846 0.947265625 0.35807291586538464
1885 0.208984375 0.48697916586538464 0.2197265625 0.47395833413461536 0.240234375 0.002604165865384616 0.0009765625 0.0013020841346153846 0.0009765625 0.29296875 0.107421875 0.2955729158653846 0.1083984375 0.6588541658653846 0.1220703125 0.6627604158653846 0.1083984375 0.5703125 0.1689453125 0.5494791658653846 0.1611328125 0.48567708413461536 0.208984375 0.48697916586538464
1885 0.4189453125 0.10026041586538462 0.7470703125 0.06119791586538462 0.75 0.002604165865384616 0.587890625 0.026041665865384613 0.4169921875 0.05729166586538462 0.421875 0.07161458413461538 0.4189453125 0.10026041586538462
568 0.64453125 0 0.31640625 0.05208333413461538 0.25390625 0.03125 0.24609375 0.0390625 0.2421875 0.04817708413461538 0.2451171875 0.05859375 0.310546875 0.06770833413461538 0.3271484375 0.0703125 0.421875 0.05598958413461538 0.7431640625 0 0.64453125 0
402 0.3095703125 0 0.244140625 0.0013020841346153846 0.2421875 0.026041665865384613 0.314453125 0.05078125 0.619140625 0 0.3095703125 0