655 0.6953125 0.31640625 0.67578125 0.67578125 0.81640625 0.6953125 0.84375 0.32421875 0.6953125 0.31640625
655 0.6015625 0.31640625 0.58203125 0.66796875 0.67578125 0.67578125 0.6953125 0.32421875 0.6015625 0.31640625
127 0.76953125 0.85546875 0.78515625 0.84765625 0.80078125 0.85546875 0.82421875 0.86328125 0.86328125 0.87890625 0.91015625 0.8984375 0.91015625 0.91015625 0.921875 0.9296875 0.9140625 0.96875 0.9140625 0.99609375 0.9296875 0.98828125 0.9296875 0.9765625 0.9296875 0.95703125 0.9375 0.93359375 0.953125 0.92578125 0.95703125 0.90625 0.97265625 0.88671875 0.99609375 0.86328125 0.9921875 0.57421875 0.9375 0.58203125 0.9140625 0.58203125 0.875 0.5859375 0.859375 0.6171875 0.859375 0.64453125 0.86328125 0.6875 0.86328125 0.7109375 0.79296875 0.71875 0.78515625 0.734375 0.796875 0.75 0.78515625 0.765625 0.765625 0.76953125 0.76171875 0.78515625 0.765625 0.796875 0.76953125 0.8359375 0.75390625 0.84765625 0.75390625 0.875 0.76171875 0.890625 0.75 0.8984375 0.765625 0.91015625 0.7734375 0.8984375 0.76953125 0.875 0.76953125 0.85546875
605 0 0.755859375 0.00390625 0.953125 0.04296875 0.921875 0.14453125 0.859375 0.3203125 0.7734375 0.484375 0.6640625 0.4921875 0.484375 0.41796875 0.484375 0.3359375 0.49609375 0.33203125 0.5234375 0.26171875 0.5390625 0.20703125 0.515625 0 0.55779803125 0 0.755859375
1132 0.1796875 0.52734375 0.203125 0.51171875 0.20703125 0.4765625 0.1640625 0.43359375 0.11328125 0.4375 0.109375 0.4921875 0.1484375 0.51953125 0.16015625 0.5234375 0.1796875 0.52734375
1314 0.28125 0.25390625 0.27734375 0.37890625 0.34375 0.3828125 0.34375 0.26171875 0.28125 0.25390625
1469 0.5859375 0.8203125 0.6875 0.6953125 0.484375 0.66796875 0.32421875 0.77734375 0.5859375 0.8203125
1469 0 0.9960565480769231 0.40625 0.9921875 0.51171875 0.8671875 0.2265625 0.81640625 0 0.9546477764423076 0 0.9960565480769231
1562 0.31640625 0.5390625 0.3203125 0.48046875 0.26953125 0.484375 0.2734375 0.4921875 0.26953125 0.546875 0.31640625 0.5390625
1562 0.3125 0.47265625 0.328125 0.47265625 0.328125 0.4140625 0.30859375 0.4140625 0.3125 0.47265625
1753 0.140625 0.37890625 0.16796875 0.37890625 0.16796875 0.3359375 0.13671875 0.3359375 0.140625 0.37890625
1942 0 0.5577566947115384 0.21484375 0.51171875 0.2265625 0.28515625 0 0.25059586778846155 0 0.5577566947115384
1942 0.41796875 0.484375 0.47265625 0.484375 0.47265625 0.46875 0.46875 0.3203125 0.34375 0.30078125 0.3359375 0.48828125 0.41796875 0.484375
1885 0 0 0 0.24668961778846155 0.2265625 0.28125 0.2109375 0.5234375 0.265625 0.54296875 0.33984375 0.52734375 0.34375 0.296875 0.47265625 0.31640625 0.4765625 0.484375 0.4921875 0.484375 0.5 0.17578125 0.34375 0.18359375 0.31640625 0.16796875 0.3203125 0 0 0
1885 0.58203125 0.66796875 0.6015625 0.31640625 0.84375 0.32421875 0.84375 0.3125 0.8515625 0.16796875 0.50390625 0.17578125 0.48828125 0.65234375 0.58203125 0.66796875
1885 0.3203125 0 0.31640625 0.16796875 0.34375 0.18359375 0.8515625 0.1640625 0.8125 0.703125 0.81640625 0.72265625 0.99609375 0.73046875 0.9922082764423077 0 0.3203125 0
792 0 0.970703125 0.00390625 0.9921875 0.99609375 0.99609375 0.9921875 0.73046875 0.81640625 0.72265625 0.8125 0.69140625 0.5859375 0.6640625 0.58203125 0.66796875 0.48828125 0.65234375 0.48828125 0.6640625 0.28515625 0.7890625 0 0.9470544759615385 0 0.970703125