402 0.27734375 0.2421875 0.31640625 0.26953125 0.3125 0.36328125 0.34765625 0.34375 0.69140625 0.34765625 0.73046875 0.37109375 0.734375 0.234375 0.27734375 0.2421875
402 0.22888764903846154 0 0.32421875 0.16015625 0.71875 0.16015625 0.8140811009615384 0 0.22888764903846154 0
1885 0.375 0.54296875 0.67578125 0.55078125 0.73046875 0.546875 0.734375 0.37109375 0.6875 0.34765625 0.34765625 0.34765625 0.3125 0.3671875 0.3125 0.55078125 0.375 0.54296875
1885 0.81789434375 0 0.71875 0.16015625 0.32421875 0.16015625 0.3125 0.2421875 0.734375 0.23046875 0.7265625 0.5859375 0.7734375 0.6015625 0.7734375 0.23046875 0.98046875 0 0.81789434375 0
402 0.984375 0 0.77734375 0.2265625 0.9609375 0.21875 1 0.2009943173076923 1 0 0.984375 0
1885 1 0.2045454519230769 0.9609375 0.21875 0.77734375 0.2265625 0.77734375 0.6015625 0.99609375 0.6015625 1 0.40234375 1 0.2045454519230769
1885 0.1875 0.61328125 0.25390625 0.59765625 0.26171875 0.296875 0.1953125 0.23828125 0.1875 0.61328125
1885 0.007790050480769231 0 0.00390625 0.67578125 0.18359375 0.61328125 0.1953125 0.23828125 0.265625 0.296875 0.2578125 0.59765625 0.3125 0.56640625 0.31640625 0.265625 0.3203125 0.15625 0.22503811057692308 0 0.007790050480769231 0
1027 0.14453125 0.14453125 0.125 0.1328125 0.08984375 0.125 0.10546875 0.203125 0.15234375 0.15625 0.14453125 0.14453125
1027 0.390625 0.07421875 0.3984375 0.0625 0.3984375 0.046875 0.37890625 0.04296875 0.37109375 0.046875 0.3671875 0.05078125 0.3671875 0.0625 0.37109375 0.0703125 0.37890625 0.07421875 0.390625 0.07421875
1027 0.66015625 0.0703125 0.67578125 0.0703125 0.6875 0.0546875 0.6796875 0.04296875 0.66796875 0.03515625 0.65625 0.0390625 0.64453125 0.046875 0.6484375 0.06640625 0.66015625 0.0703125
1027 0.51953125 0.25390625 0.5078125 0.26171875 0.51171875 0.2734375 0.5234375 0.27734375 0.53515625 0.2734375 0.5390625 0.265625 0.53515625 0.25390625 0.51953125 0.25390625
1027 0.51953125 0.32421875 0.52734375 0.32421875 0.53125 0.3125 0.51953125 0.30859375 0.5078125 0.3125 0.51171875 0.31640625 0.51171875 0.32421875 0.51953125 0.32421875
1027 0.9375 0.16796875 0.92578125 0.16796875 0.9140625 0.16796875 0.9140625 0.18359375 0.9296875 0.18359375 0.93359375 0.18359375 0.94140625 0.17578125 0.9375 0.16796875
792 1 0.6015625 0.7734375 0.6015625 0.7265625 0.58984375 0.7265625 0.546875 0.6796875 0.55078125 0.37109375 0.54296875 0.3125 0.55078125 0.31640625 0.56640625 0.25390625 0.6015625 0.1875 0.61328125 0.0078125 0.67578125 0.00390625 0.9921875 1 0.99609375 1 0.6015625