655 0.15625 0.32421875 0.18359375 0.6953125 0.32421875 0.67578125 0.3046875 0.31640625 0.15625 0.32421875
655 0.3046875 0.32421875 0.32421875 0.67578125 0.41796875 0.66796875 0.3984375 0.31640625 0.3046875 0.32421875
127 0.23046875 0.875 0.2265625 0.8984375 0.234375 0.91015625 0.25 0.8984375 0.23828125 0.890625 0.24609375 0.875 0.24609375 0.84765625 0.23046875 0.8359375 0.234375 0.796875 0.23828125 0.78515625 0.234375 0.76953125 0.21484375 0.765625 0.203125 0.75 0.21484375 0.734375 0.20703125 0.71875 0.13671875 0.7109375 0.13671875 0.6875 0.140625 0.64453125 0.140625 0.6171875 0.125 0.5859375 0.0859375 0.58203125 0.0625 0.58203125 0.0078125 0.57421875 0.00390625 0.86328125 0.02734375 0.88671875 0.04296875 0.90625 0.046875 0.92578125 0.0625 0.93359375 0.0703125 0.95703125 0.0703125 0.9765625 0.0703125 0.98828125 0.0859375 0.99609375 0.0859375 0.96875 0.078125 0.9296875 0.08984375 0.91015625 0.08984375 0.8984375 0.13671875 0.87890625 0.17578125 0.86328125 0.19921875 0.85546875 0.21484375 0.84765625 0.23046875 0.85546875 0.23046875 0.875
605 1 0.55779803125 0.79296875 0.515625 0.73828125 0.5390625 0.66796875 0.5234375 0.6640625 0.49609375 0.58203125 0.484375 0.5078125 0.484375 0.515625 0.6640625 0.6796875 0.7734375 0.85546875 0.859375 0.95703125 0.921875 0.99609375 0.953125 1 0.755859375 1 0.55779803125
1132 0.83984375 0.5234375 0.8515625 0.51953125 0.890625 0.4921875 0.88671875 0.4375 0.8359375 0.43359375 0.79296875 0.4765625 0.796875 0.51171875 0.8203125 0.52734375 0.83984375 0.5234375
1314 0.65625 0.26171875 0.65625 0.3828125 0.72265625 0.37890625 0.71875 0.25390625 0.65625 0.26171875
1469 0.67578125 0.77734375 0.515625 0.66796875 0.3125 0.6953125 0.4140625 0.8203125 0.67578125 0.77734375
1469 1 0.9546477764423076 0.7734375 0.81640625 0.48828125 0.8671875 0.59375 0.9921875 1 0.9960565480769231 1 0.9546477764423076
1562 0.73046875 0.546875 0.7265625 0.4921875 0.73046875 0.484375 0.6796875 0.48046875 0.68359375 0.5390625 0.73046875 0.546875
1562 0.69140625 0.4140625 0.671875 0.4140625 0.671875 0.47265625 0.6875 0.47265625 0.69140625 0.4140625
1753 0.86328125 0.3359375 0.83203125 0.3359375 0.83203125 0.37890625 0.859375 0.37890625 0.86328125 0.3359375
1942 1 0.25059586778846155 0.7734375 0.28515625 0.78515625 0.51171875 1 0.5577566947115384 1 0.25059586778846155
1942 0.6640625 0.48828125 0.65625 0.30078125 0.53125 0.3203125 0.52734375 0.46875 0.52734375 0.484375 0.58203125 0.484375 0.6640625 0.48828125
1885 0.6796875 0 0.68359375 0.16796875 0.65625 0.18359375 0.5 0.17578125 0.5078125 0.484375 0.5234375 0.484375 0.52734375 0.31640625 0.65625 0.296875 0.66015625 0.52734375 0.734375 0.54296875 0.7890625 0.5234375 0.7734375 0.28125 1 0.24668961778846155 1 0 0.6796875 0
1885 0.51171875 0.65234375 0.49609375 0.17578125 0.1484375 0.16796875 0.15625 0.3125 0.15625 0.32421875 0.3984375 0.31640625 0.41796875 0.66796875 0.51171875 0.65234375
1885 0.007791723557692308 0 0.00390625 0.73046875 0.18359375 0.72265625 0.1875 0.703125 0.1484375 0.1640625 0.65625 0.18359375 0.68359375 0.16796875 0.6796875 0 0.007791723557692308 0
792 1 0.9470544759615385 0.71484375 0.7890625 0.51171875 0.6640625 0.51171875 0.65234375 0.41796875 0.66796875 0.4140625 0.6640625 0.1875 0.69140625 0.18359375 0.72265625 0.0078125 0.73046875 0.00390625 0.99609375 0.99609375 0.9921875 1 0.970703125 1 0.9470544759615385