663 0.1015625 0.4453125 0.109375 0.66015625 0.16015625 0.65625 0.16015625 0.4453125 0.1015625 0.4453125
605 0.6328125 0.671875 0.64453125 0.66796875 0.6484375 0.66015625 0.6640625 0.56640625 0.671875 0.546875 0.61328125 0.53515625 0.453125 0.54296875 0.41015625 0.54296875 0.4140625 0.67578125 0.46484375 0.6796875 0.6328125 0.671875
1314 0.21875 0.40234375 0.21875 0.49609375 0.29296875 0.4921875 0.2890625 0.3984375 0.21875 0.40234375
1714 0.90234375 0.57421875 0.8046875 0.5703125 0.8046875 0.58984375 0.80859375 0.65625 0.8125 0.609375 0.81640625 0.6015625 0.84375 0.58984375 0.91015625 0.5859375 0.90234375 0.57421875
1562 0.6015625 0.33203125 0.6015625 0.37109375 0.67578125 0.3515625 0.671875 0.30859375 0.6015625 0.33203125
501 0.359375 0.73828125 0.3984375 0.73828125 0.41796875 0.73046875 0.40625 0.078125 0.39453125 0.07421875 0.35546875 0.07421875 0.3125 0.07421875 0.31640625 0.7265625 0.33203125 0.73828125 0.359375 0.73828125
501 0.92578125 0.6875 0.96484375 0.69140625 0.98828125 0.6875 0.98046875 0.09375 0.96875 0.0859375 0.9296875 0.0859375 0.90234375 0.0859375 0.90234375 0.68359375 0.92578125 0.6875
1885 0.41015625 0.07421875 0.34765625 0.07421875 0.296875 0.078125 0.10546875 0.08984375 0.10546875 0.65625 0.16796875 0.6484375 0.29296875 0.6484375 0.41796875 0.65234375 0.55078125 0.64453125 0.66796875 0.63671875 0.76171875 0.62890625 0.86328125 0.6171875 0.8515625 0.171875 0.7890625 0.1640625 0.78515625 0.109375 0.76953125 0.10546875 0.765625 0.09765625 0.8046875 0.078125 0.73046875 0.078125 0.484375 0.07421875 0.41015625 0.07421875
1885 0.00390625 0 0.00390625 0.9375 0.1171875 0.93359375 0.10546875 0.65625 0.10546875 0.0859375 0.80078125 0.07421875 0.875 0.08203125 1 0.09718276442307693 1 0 0.00390625 0
1885 1 0.353515625 0.99609375 0.1015625 0.8046875 0.078125 0.76953125 0.09765625 0.76953125 0.10546875 0.7890625 0.10546875 0.796875 0.1640625 0.8515625 0.17578125 0.8671875 0.6171875 1 0.6058035697115385 1 0.353515625
792 1 0.6057477692307692 0.89453125 0.61328125 0.7578125 0.625 0.58203125 0.640625 0.47265625 0.64453125 0.390625 0.65234375 0.29296875 0.6484375 0.171875 0.6484375 0.109375 0.65625 0.1171875 0.93359375 0.0078125 0.93359375 0.0078125 0.9921875 1 0.9921875 1 0.6057477692307692