402 0.265625 0.234375 0.26953125 0.37109375 0.30859375 0.34765625 0.65234375 0.34375 0.6875 0.36328125 0.68359375 0.26953125 0.72265625 0.2421875 0.265625 0.234375
402 0.18591889903846154 0 0.28125 0.16015625 0.67578125 0.16015625 0.7711123509615384 0 0.18591889903846154 0
1885 0.6875 0.55078125 0.6875 0.3671875 0.65234375 0.34765625 0.3125 0.34765625 0.265625 0.37109375 0.26953125 0.546875 0.32421875 0.55078125 0.625 0.54296875 0.6875 0.55078125
1885 0.01953125 0 0.2265625 0.23046875 0.2265625 0.6015625 0.2734375 0.5859375 0.265625 0.23046875 0.6875 0.2421875 0.67578125 0.16015625 0.28125 0.16015625 0.18210565625000003 0 0.01953125 0
402 0 0 0 0.2009943173076923 0.0390625 0.21875 0.22265625 0.2265625 0.015625 0 0 0
1885 0 0.40234375 0.00390625 0.6015625 0.22265625 0.6015625 0.22265625 0.2265625 0.0390625 0.21875 0 0.2045454519230769 0 0.40234375
1885 0.8046875 0.23828125 0.73828125 0.296875 0.74609375 0.59765625 0.8125 0.61328125 0.8046875 0.23828125
1885 0.7749618894230769 0 0.6796875 0.15625 0.68359375 0.265625 0.6875 0.56640625 0.7421875 0.59765625 0.734375 0.296875 0.8046875 0.23828125 0.81640625 0.61328125 0.99609375 0.67578125 0.9922099495192308 0 0.7749618894230769 0
1027 0.84765625 0.15625 0.89453125 0.203125 0.91015625 0.125 0.875 0.1328125 0.85546875 0.14453125 0.84765625 0.15625
1027 0.62109375 0.07421875 0.62890625 0.0703125 0.6328125 0.0625 0.6328125 0.05078125 0.62890625 0.046875 0.62109375 0.04296875 0.6015625 0.046875 0.6015625 0.0625 0.609375 0.07421875 0.62109375 0.07421875
1027 0.3515625 0.06640625 0.35546875 0.046875 0.34375 0.0390625 0.33203125 0.03515625 0.3203125 0.04296875 0.3125 0.0546875 0.32421875 0.0703125 0.33984375 0.0703125 0.3515625 0.06640625
1027 0.46484375 0.25390625 0.4609375 0.265625 0.46484375 0.2734375 0.4765625 0.27734375 0.48828125 0.2734375 0.4921875 0.26171875 0.48046875 0.25390625 0.46484375 0.25390625
1027 0.48828125 0.32421875 0.48828125 0.31640625 0.4921875 0.3125 0.48046875 0.30859375 0.46875 0.3125 0.47265625 0.32421875 0.48046875 0.32421875 0.48828125 0.32421875
1027 0.05859375 0.17578125 0.06640625 0.18359375 0.0703125 0.18359375 0.0859375 0.18359375 0.0859375 0.16796875 0.07421875 0.16796875 0.0625 0.16796875 0.05859375 0.17578125
792 0 0.99609375 0.99609375 0.9921875 0.9921875 0.67578125 0.8125 0.61328125 0.74609375 0.6015625 0.68359375 0.56640625 0.6875 0.55078125 0.62890625 0.54296875 0.3203125 0.55078125 0.2734375 0.546875 0.2734375 0.58984375 0.2265625 0.6015625 0 0.6015625 0 0.99609375