402 0.0078125 0 0.0078125 0.0390625 1 0.21026348076923077 1 0 0.0078125 0
1885 1 0.212890625 0.99609375 0.21484375 0.00390625 0.0390625 0.00390625 0.2265625 0.0078125 0.60546875 1 0.6327052692307693 1 0.212890625
1523 0.00390625 0.63671875 0.3125 0.63671875 0.33984375 0.3828125 0.015625 0.3671875 0.00390625 0.63671875
1648 0.671875 0.66796875 0.73046875 0.66015625 0.75 0.40625 0.50390625 0.3984375 0.50390625 0.35546875 0.33984375 0.359375 0.3125 0.640625 0.40234375 0.65625 0.43359375 0.671875 0.44921875 0.68359375 0.44140625 0.80078125 0.47265625 0.80859375 0.47265625 0.82421875 0.484375 0.828125 0.4765625 0.8046875 0.5078125 0.80078125 0.52734375 0.79296875 0.5390625 0.74609375 0.625 0.7109375 0.640625 0.69921875 0.671875 0.66796875
1648 1 0.697265625 0.99609375 0.40234375 0.74609375 0.39453125 0.73046875 0.6640625 0.80859375 0.68359375 0.81640625 0.7421875 0.828125 0.7421875 0.82421875 0.79296875 0.82421875 0.83203125 0.92578125 0.87109375 0.95703125 0.86328125 0.98046875 0.88671875 0.96484375 0.99609375 1 0.9925781250000001 1 0.697265625
391 0.52734375 0.80859375 0.640625 0.85546875 0.671875 0.859375 0.79296875 0.84375 0.80078125 0.81640625 0.83203125 0.8125 0.828125 0.7421875 0.81640625 0.7421875 0.8125 0.6796875 0.73046875 0.66015625 0.671875 0.66015625 0.6328125 0.70703125 0.54296875 0.7421875 0.52734375 0.80859375
531 0.23046875 0.875 0.17578125 0.83984375 0.0078125 0.8125 0.00390625 0.9921875 0.9609375 0.9921875 0.984375 0.890625 0.97265625 0.87890625 0.9609375 0.85546875 0.92578125 0.87109375 0.828125 0.828125 0.828125 0.8125 0.8046875 0.81640625 0.796875 0.84765625 0.671875 0.86328125 0.640625 0.859375 0.5234375 0.80859375 0.52734375 0.79296875 0.4765625 0.80859375 0.48046875 0.88671875 0.43359375 0.890625 0.4140625 0.9140625 0.23046875 0.875
792 0.4375 0.8203125 0.42578125 0.8359375 0.39453125 0.84375 0.30078125 0.8671875 0.2265625 0.87109375 0.41796875 0.9140625 0.43359375 0.890625 0.48046875 0.88671875 0.4765625 0.80859375 0.4375 0.8046875 0.4375 0.8203125
531 0.265625 0.6328125 0.15625 0.6328125 0.0078125 0.6328125 0.00390625 0.71875 0.00390625 0.8125 0.17578125 0.83984375 0.22265625 0.87109375 0.41796875 0.8359375 0.4375 0.828125 0.44140625 0.80859375 0.44140625 0.6875 0.4375 0.67578125 0.4140625 0.6640625 0.375 0.65234375 0.33203125 0.64453125 0.3125 0.63671875 0.265625 0.6328125
1562 1 0.21875 0.984375 0.21875 0.703125 0.2421875 0.69921875 0.328125 0.73046875 0.33203125 0.99609375 0.3203125 1 0.26953125 1 0.21875
983 0.078125 0.421875 0.109375 0.4296875 0.13671875 0.42578125 0.19921875 0.4296875 0.20703125 0.39453125 0.1484375 0.39453125 0.0859375 0.390625 0.078125 0.421875