402 0.5883333341346154 0 0.965 0.1675 1 0.15318181730769231 1 0.075 0.9983870961538461 0 0.5883333341346154 0
1885 0.335 0 0.3383333341346154 0.8575 0.9466666658653846 0.74 0.965 0.16249999999999998 0.5940404038461539 0 0.335 0
1885 1 0.1925 0.9983333341346154 0.1475 0.9633333341346154 0.16249999999999998 0.9466666658653846 0.7424999999999999 0.9983333341346154 0.7424999999999999 1 0.7412500000000001 1 0.1925
792 0.335 0.8575 0.335 0.9924999999999999 0.9983333341346154 0.995 0.9983333341346154 0.7375 0.9466666658653846 0.735 0.335 0.8575
1702 0.7783333341346155 0.825 0.8516666658653846 0.8500000000000001 0.8483333341346154 0.87 0.8616666658653845 0.875 0.8616666658653845 0.8475 0.785 0.8099999999999999 0.8099999999999999 0.8099999999999999 0.8183333341346154 0.8200000000000001 0.8200000000000001 0.8175 0.8183333341346154 0.8049999999999999 0.7816666658653847 0.8 0.78 0.745 0.7983333341346154 0.7424999999999999 0.8316666658653846 0.7325 0.8383333341346154 0.7325 0.8516666658653846 0.7325 0.8616666658653845 0.715 0.855 0.6475000000000001 0.845 0.6475000000000001 0.845 0.605 0.8733333341346154 0.535 0.885 0.51 0.88 0.475 0.8666666658653847 0.46 0.8716666658653847 0.385 0.845 0.3725 0.8266666658653846 0.39 0.8183333341346154 0.43 0.8233333341346154 0.4475 0.8316666658653846 0.455 0.8183333341346154 0.46 0.7916666658653846 0.47250000000000003 0.78 0.485 0.7683333341346154 0.5425 0.7683333341346154 0.6275000000000001 0.7666666658653847 0.6525 0.7166666658653846 0.6525 0.7183333341346153 0.635 0.7366666658653845 0.63 0.75 0.625 0.7533333341346153 0.6075 0.7216666658653845 0.5875 0.705 0.59 0.6966666658653846 0.605 0.7100000000000001 0.6174999999999999 0.6966666658653846 0.6625000000000001 0.6900000000000001 0.7025 0.6983333341346154 0.7274999999999999 0.7283333341346154 0.7274999999999999 0.76 0.75 0.7633333341346155 0.8 0.72 0.795 0.7183333341346153 0.8075 0.7233333341346154 0.8150000000000001 0.7416666658653847 0.8125 0.6816666658653846 0.8350000000000001 0.6816666658653846 0.8625 0.6900000000000001 0.865 0.6900000000000001 0.8475 0.7616666658653847 0.8225 0.765 0.865 0.76 0.885 0.7633333341346155 0.9025 0.7733333341346154 0.8975000000000001 0.7733333341346154 0.875 0.7766666658653846 0.87 0.7783333341346155 0.825
605 0.3833333341346154 0.5525 0.5916666658653846 0.59 0.5850000000000001 0.8975000000000001 0.6 0.8975000000000001 0.6033333341346154 0.59 0.885 0.5825 0.88 0.8150000000000001 0.8866666658653847 0.8150000000000001 0.8999999999999999 0.5775 0.9349999999999999 0.5725 0.88 0.5425 0.3833333341346154 0.5525
992 0.4916666658653846 0.545 0.415 0.55 0.40499999999999997 0.9375 0.485 0.9400000000000001 0.4916666658653846 0.545
1075 0.33999999999999997 0.48000000000000004 0.3883333341346154 0.485 0.4433333341346154 0.4825 0.4533333341346154 0.28500000000000003 0.39499999999999996 0.26 0.3383333341346154 0.26 0.33999999999999997 0.48000000000000004
1075 0.865 0.375 0.8716666658653847 0.5025 0.9266666658653846 0.5025 0.9283333341346154 0.3675 0.8783333341346153 0.3675 0.865 0.375
1132 0.6166666658653847 0.535 0.6266666658653846 0.5375 0.7333333341346153 0.5375 0.735 0.52 0.7266666658653846 0.40750000000000003 0.72 0.4 0.615 0.38749999999999996 0.61 0.39499999999999996 0.6166666658653847 0.535
992 0.7266666658653846 0.5475 0.6433333341346154 0.55 0.6616666658653846 0.5725 0.75 0.565 0.7266666658653846 0.5475
291 0.4516666658653846 0.46749999999999997 0.44999999999999996 0.545 0.4766666658653846 0.5425 0.4833333341346154 0.47250000000000003 0.4766666658653846 0.44999999999999996 0.4766666658653846 0.4325 0.4633333341346154 0.4325 0.4633333341346154 0.445 0.4516666658653846 0.46749999999999997
1064 0.515 0.8875 0.5333333341346154 0.8775000000000001 0.5433333341346154 0.86 0.5516666658653846 0.72 0.5283333341346154 0.7175 0.5066666658653847 0.715 0.4933333341346154 0.715 0.4883333341346154 0.8875 0.515 0.8875
1648 0.16499581249999998 0 0.1633333341346154 0.9924999999999999 0.3383333341346154 0.995 0.335 0 0.16499581249999998 0
655 0.0049958125 0 0.0033333341346153847 0.9924999999999999 0.1633333341346154 0.9924999999999999 0.165 0 0.0049958125 0