402 0.0016129038461538462 0 0 0.075 0 0.15318181730769231 0.035 0.1675 0.4116666658653846 0 0.0016129038461538462 0
1885 0.40595959615384614 0 0.035 0.16249999999999998 0.053333334134615384 0.74 0.6616666658653846 0.8575 0.6649999999999999 0 0.40595959615384614 0
1885 0 0.7412500000000001 0.0016666658653846154 0.7424999999999999 0.053333334134615384 0.7424999999999999 0.03666666586538461 0.16249999999999998 0.0016666658653846154 0.1475 0 0.1925 0 0.7412500000000001
792 0.053333334134615384 0.735 0.0016666658653846154 0.7375 0.0016666658653846154 0.995 0.6649999999999999 0.9924999999999999 0.6649999999999999 0.8575 0.053333334134615384 0.735
1702 0.22333333413461537 0.87 0.22666666586538461 0.875 0.22666666586538461 0.8975000000000001 0.23666666586538462 0.9025 0.24000000000000002 0.885 0.23500000000000001 0.865 0.23833333413461538 0.8225 0.31 0.8475 0.31 0.865 0.3183333341346154 0.8625 0.3183333341346154 0.8350000000000001 0.2583333341346154 0.8125 0.27666666586538463 0.8150000000000001 0.28166666586538464 0.8075 0.28 0.795 0.23666666586538462 0.8 0.24000000000000002 0.75 0.2716666658653846 0.7274999999999999 0.30166666586538465 0.7274999999999999 0.31 0.7025 0.3033333341346154 0.6625000000000001 0.29 0.6174999999999999 0.3033333341346154 0.605 0.295 0.59 0.27833333413461536 0.5875 0.2466666658653846 0.6075 0.25 0.625 0.2633333341346154 0.63 0.28166666586538464 0.635 0.2833333341346154 0.6525 0.23333333413461538 0.6525 0.23166666586538462 0.6275000000000001 0.23166666586538462 0.5425 0.22 0.485 0.20833333413461538 0.47250000000000003 0.18166666586538463 0.46 0.1683333341346154 0.455 0.17666666586538463 0.4475 0.18166666586538463 0.43 0.17333333413461538 0.39 0.155 0.3725 0.1283333341346154 0.385 0.1333333341346154 0.46 0.12000000000000001 0.475 0.115 0.51 0.1266666658653846 0.535 0.155 0.605 0.155 0.6475000000000001 0.145 0.6475000000000001 0.13833333413461538 0.715 0.14833333413461539 0.7325 0.1616666658653846 0.7325 0.1683333341346154 0.7325 0.20166666586538462 0.7424999999999999 0.22 0.745 0.2183333341346154 0.8 0.18166666586538463 0.8049999999999999 0.18 0.8175 0.18166666586538463 0.8200000000000001 0.19 0.8099999999999999 0.215 0.8099999999999999 0.13833333413461538 0.8475 0.13833333413461538 0.875 0.15166666586538463 0.87 0.14833333413461539 0.8500000000000001 0.22166666586538464 0.825 0.22333333413461537 0.87
605 0.12000000000000001 0.5425 0.065 0.5725 0.1 0.5775 0.11333333413461538 0.8150000000000001 0.12000000000000001 0.8150000000000001 0.115 0.5825 0.39666666586538457 0.59 0.4 0.8975000000000001 0.415 0.8975000000000001 0.4083333341346154 0.59 0.6166666658653847 0.5525 0.12000000000000001 0.5425
992 0.515 0.9400000000000001 0.595 0.9375 0.5850000000000001 0.55 0.5083333341346153 0.545 0.515 0.9400000000000001
1075 0.6616666658653846 0.26 0.605 0.26 0.5466666658653846 0.28500000000000003 0.5566666658653846 0.4825 0.6116666658653845 0.485 0.66 0.48000000000000004 0.6616666658653846 0.26
1075 0.1216666658653846 0.3675 0.07166666586538462 0.3675 0.07333333413461539 0.5025 0.1283333341346154 0.5025 0.13499999999999998 0.375 0.1216666658653846 0.3675
1132 0.39 0.39499999999999996 0.385 0.38749999999999996 0.28 0.4 0.27333333413461536 0.40750000000000003 0.265 0.52 0.2666666658653846 0.5375 0.3733333341346154 0.5375 0.3833333341346154 0.535 0.39 0.39499999999999996
992 0.25 0.565 0.3383333341346154 0.5725 0.35666666586538465 0.55 0.27333333413461536 0.5475 0.25 0.565
291 0.5366666658653846 0.445 0.5366666658653846 0.4325 0.5233333341346154 0.4325 0.5233333341346154 0.44999999999999996 0.5166666658653847 0.47250000000000003 0.5233333341346154 0.5425 0.55 0.545 0.5483333341346154 0.46749999999999997 0.5366666658653846 0.445
1064 0.5116666658653846 0.8875 0.5066666658653847 0.715 0.4933333341346154 0.715 0.47166666586538464 0.7175 0.44833333413461535 0.72 0.4566666658653846 0.86 0.4666666658653846 0.8775000000000001 0.485 0.8875 0.5116666658653846 0.8875
1648 0.6649999999999999 0 0.6616666658653846 0.995 0.8366666658653846 0.9924999999999999 0.8350041874999999 0 0.6649999999999999 0
655 0.8350000000000001 0 0.8366666658653846 0.9924999999999999 0.9966666658653847 0.9924999999999999 0.9950041875 0 0.8350000000000001 0