1708 1 0.48828125 0.72265625 0.42578125 0.00390625 0.49609375 0.01171875 0.7265625 0.0234375 0.7265625 1 0.5234375 1 0.48828125
417 0.30078125 0.65234375 0.2578125 0.8515625 0.1875 0.8984375 0.296875 0.98046875 0.546875 0.921875 0.58984375 0.609375 0.30078125 0.65234375
426 0.41015625 0.4609375 0.40625 0.40625 0.26953125 0.421875 0.27734375 0.4609375 0.41015625 0.4609375
1972 0.328125 0.46484375 0.33203125 0.01953125 0.22265625 0.03125 0.23046875 0.48046875 0.328125 0.46484375
1942 0.91015625 0.4375 0.99609375 0.390625 0.99609375 0.00390625 0.73828125 0.0390625 0.73828125 0.3984375 0.91015625 0.4375
1972 0.7109375 0.421875 0.73828125 0.05078125 0.5078125 0.046875 0.5078125 0.43359375 0.7109375 0.421875
417 0.6015625 0.94140625 0.609375 0.83984375 0.66015625 0.87109375 0.671875 0.98828125 0.703125 0.87890625 0.82421875 0.8515625 0.890625 0.984375 0.91015625 0.5625 0.71875 0.5859375 0.65625 0.7421875 0.59765625 0.7734375 0.6015625 0.94140625
1349 0.453125 0.2578125 0.43359375 0.30078125 0.42578125 0.34765625 0.42578125 0.38671875 0.49609375 0.3671875 0.49609375 0.34375 0.49609375 0.30078125 0.4921875 0.25390625 0.4921875 0.1796875 0.48828125 0.19140625 0.4765625 0.21484375 0.453125 0.2578125
1942 0.5 0.328125 0.5078125 0.1171875 0.35546875 0.140625 0.359375 0.32421875 0.5 0.328125
126 0.15625 0.3984375 0.15625 0.3125 0.05859375 0.30859375 0.0625 0.40625 0.15625 0.3984375
426 0.6171875 0.4375 0.6015625 0.38671875 0.49609375 0.3984375 0.5078125 0.4453125 0.6171875 0.4375
426 0.015625 0.43359375 0.0234375 0.49609375 0.18359375 0.48046875 0.18359375 0.42578125 0.15234375 0.41796875 0.078125 0.42578125 0.015625 0.43359375
426 1 0.3984375 0.92578125 0.390625 0.9140625 0.45703125 1 0.4765625 1 0.3984375
297 0.1328125 0.31640625 0.1328125 0.328125 0.140625 0.33203125 0.140625 0.35546875 0.16796875 0.34375 0.19140625 0.34375 0.19921875 0.3359375 0.203125 0.328125 0.21875 0.328125 0.2109375 0.3203125 0.1953125 0.30859375 0.17578125 0.3046875 0.14453125 0.30859375 0.1328125 0.31640625
1603 0.4296875 0.39453125 0.4375 0.3515625 0.44140625 0.3125 0.37109375 0.30078125 0.359375 0.33203125 0.3359375 0.328125 0.3359375 0.34375 0.33984375 0.39453125 0.359375 0.3984375 0.37890625 0.40234375 0.40625 0.39453125 0.4140625 0.4140625 0.42578125 0.40625 0.4296875 0.39453125
126 0.19140625 0.46484375 0.22265625 0.4609375 0.23046875 0.33984375 0.16015625 0.3515625 0.1484375 0.3671875 0.140625 0.4140625 0.17578125 0.41796875 0.19140625 0.44140625 0.19140625 0.46484375
655 0.2421875 0.4765625 0.2734375 0.47265625 0.28125 0.01171875 0.2265625 0.0390625 0.22265625 0.46875 0.2421875 0.4765625
655 0.51171875 0.390625 0.58984375 0.38671875 0.578125 0.03125 0.50390625 0.05078125 0.51171875 0.390625
655 0.62109375 0.42578125 0.73828125 0.4296875 0.71875 0.04296875 0.6015625 0.03125 0.6015625 0.37109375 0.61328125 0.3984375 0.62109375 0.42578125