1219 0.79296875 0.1640625 0.80078125 0.265625 0.8359375 0.265625 0.83203125 0.15625 0.79296875 0.1640625
1219 0.796875 0.41015625 0.83203125 0.421875 0.828125 0.29296875 0.80078125 0.2890625 0.796875 0.41015625
1219 1 0.16015625 0.953125 0.16796875 0.953125 0.328125 1 0.33984375 1 0.16015625
124 0.72265625 0.49609375 0.765625 0.47265625 0.7734375 0.44140625 0.6484375 0.43359375 0.625 0.53125 0.546875 0.5390625 0.546875 0.58984375 0.50390625 0.609375 0.50390625 0.63671875 0.48828125 0.66015625 0.50390625 0.72265625 0.48828125 0.74609375 0.5 0.74609375 0.515625 0.73828125 0.515625 0.6640625 0.53125 0.65234375 0.6171875 0.68359375 0.625 0.79296875 0.62890625 0.80859375 0.6484375 0.8046875 0.6484375 0.7890625 0.6484375 0.72265625 0.66015625 0.68359375 0.6796875 0.73828125 0.6953125 0.734375 0.6875 0.67578125 0.72265625 0.66015625 0.72265625 0.49609375
672 0.625 0.51953125 0.64453125 0.4453125 0.6953125 0.42578125 0.69921875 0.0234375 0.3125 0.01953125 0.3046875 0.67578125 0.48828125 0.68359375 0.4921875 0.609375 0.53515625 0.58984375 0.5390625 0.54296875 0.625 0.51953125
1469 0.44921875 0.34765625 0.38671875 0.3515625 0.37890625 0.53125 0.546875 0.52734375 0.44921875 0.34765625
124 0.04296875 0.50390625 0.0625 0.4609375 0.05078125 0.44921875 0.00390625 0.44140625 0.0078125 0.69140625 0.015625 0.7265625 0.03125 0.71875 0.03515625 0.59765625 0.04296875 0.56640625 0.04296875 0.50390625
1219 0.00390625 0.39453125 0.13671875 0.39453125 0.13671875 0.0546875 0.00390625 0.0546875 0.00390625 0.39453125
763 1 0.51171875 0.96875 0.51171875 0.953125 0.52734375 0.90625 0.46875 0.9609375 0.38671875 0.91796875 0.421875 0.8984375 0.44921875 0.91015625 0.3828125 0.88671875 0.41796875 0.8828125 0.4453125 0.84765625 0.48828125 0.859375 0.50390625 0.8828125 0.4921875 0.890625 0.53125 0.8671875 0.53515625 0.90625 0.58984375 0.953125 0.59375 1 0.5859375 1 0.51171875
692 1 0.48209635576923077 0.95703125 0.45703125 0.7734375 0.45703125 0.7265625 0.50390625 0.72265625 0.7890625 0.72265625 0.8828125 0.73828125 0.87890625 0.73828125 0.81640625 0.7578125 0.85546875 0.765625 0.8828125 0.7734375 0.9765625 0.796875 0.87890625 0.8671875 0.9921875 1 0.9921875 1 0.48209635576923077
1219 0.41015625 0.25390625 0.40625 0.3046875 0.44921875 0.3046875 0.44921875 0.25390625 0.41015625 0.25390625