402 0.9056712956730769 0 0.4609375 0.20703125 0.42578125 0.21875 0.32421875 0.23046875 0.5078125 0.2578125 0.59765625 0.328125 0.98828125 0.23828125 0.9921244951923077 0 0.9056712956730769 0
1885 0.23901367307692306 0 0.19140625 0.05859375 0.1953125 0.0703125 0.22265625 0.078125 0.3046875 0.171875 0.3125 0.21875 0.31640625 0.2265625 0.4765625 0.1953125 0.8978247548076923 0 0.23901367307692306 0
1944 0.44140625 0 0.4453125 0.1171875 0.6721270144230769 0 0.44140625 0
1885 0 0 0 0.24206149278846154 0.23449706971153847 0 0 0
1885 0 0.664806545673077 0.078125 0.6796875 0.36328125 0.6640625 0.4375 0.66796875 0.4453125 0.453125 0.3203125 0.3203125 0.2734375 0.33984375 0.2734375 0.3125 0.17578125 0.30078125 0.1015625 0.21484375 0.09375 0.19921875 0.05078125 0.1953125 0 0.2533482139423077 0 0.664806545673077
1885 0.44140625 0.703125 0.58203125 0.72265625 0.640625 0.66015625 0.47265625 0.484375 0.453125 0.44921875 0.44140625 0.6640625 0.44140625 0.703125
605 0.44140625 0.67578125 0.42578125 0.76953125 0.47265625 0.78125 0.50390625 0.79296875 0.59375 0.69921875 0.44140625 0.67578125
605 0 0.8046875 0.00390625 0.9453125 0.03125 0.95703125 0.0859375 0.95703125 0.14453125 0.9453125 0.2734375 0.921875 0.38671875 0.90625 0.421875 0.88671875 0.43359375 0.66796875 0.078125 0.6796875 0 0.664806545673077 0 0.8046875
1885 0.92578125 0.6328125 0.9921875 0.6328125 0.9921875 0.23828125 0.59375 0.328125 0.9296875 0.58203125 0.92578125 0.6328125
1947 0.76953125 0.3671875 0.69140625 0.375 0.6875 0.390625 0.76953125 0.453125 0.76953125 0.3671875
1947 0.93359375 0.62890625 0.984375 0.625 0.98046875 0.3203125 0.796875 0.3515625 0.80859375 0.48046875 0.93359375 0.57421875 0.93359375 0.62890625
1643 0.5 0.25390625 0.3203125 0.23046875 0.3046875 0.17578125 0.21875 0.078125 0.19140625 0.07421875 0.1875 0.0546875 0.0546875 0.19921875 0.08984375 0.1953125 0.171875 0.30078125 0.27734375 0.3125 0.26953125 0.33984375 0.3203125 0.3203125 0.63671875 0.6640625 0.3203125 0.99609375 0.99609375 0.9921875 0.99609375 0.6328125 0.92578125 0.6328125 0.9296875 0.5703125 0.5 0.25390625
913 0.29296875 0 0.29296875 0.10546875 0.29296875 0.15234375 0.30859375 0.171875 0.3125 0.0234375 0.4375 0.109375 0.4375 0.359375 0.453125 0.375 0.45703125 0.1171875 0.64453125 0.23828125 0.64453125 0.30078125 0.25390625 0.6328125 0.22265625 0.66015625 0.203125 0.7109375 0.203125 0.75 0.22265625 0.78515625 0.26953125 0.80859375 0.296875 0.8046875 0.2890625 0.9921875 0.3046875 0.9921875 0.328125 0.984375 0.328125 0.62109375 0.30078125 0.6484375 0.29296875 0.76953125 0.2890625 0.7734375 0.265625 0.7734375 0.24609375 0.7421875 0.2421875 0.69921875 0.28125 0.65625 0.6640625 0.32421875 0.6640625 0.56640625 0.68359375 0.58203125 0.68359375 0.24609375 0.69140625 0.25 0.6953125 0.22265625 0.67578125 0.21484375 0.671875 0.19921875 0.65625 0.1953125 0.65234375 0.21484375 0.32624162980769233 0 0.29296875 0
792 0 0.9960472451923077 0.32421875 0.9921875 0.5078125 0.79296875 0.43359375 0.76953125 0.421875 0.87890625 0.390625 0.91015625 0.28125 0.92578125 0.08203125 0.953125 0.0234375 0.953125 0 0.9464285697115385 0 0.9960472451923077
913 0.7578125 0.9140625 0.73046875 0.921875 0.70703125 0.87109375 0.7109375 0.796875 0.7421875 0.74609375 0.90234375 0.54296875 0.98828125 0.453125 0.9921875 0.33203125 0.94921875 0.3359375 0.9453125 0.30078125 0.51171875 0.0703125 0.42578125 0.12109375 0.30859375 0.12109375 0.30859375 0.13671875 0.43359375 0.13671875 0.5 0.09375 0.4921875 0.25 0.515625 0.26171875 0.51171875 0.08984375 0.671875 0.17578125 0.90625 0.30078125 0.90625 0.45703125 0.9296875 0.4296875 0.9296875 0.35546875 0.98828125 0.34765625 0.9765625 0.3828125 0.7578125 0.625 0.6796875 0.71484375 0.65625 0.7734375 0.640625 0.828125 0.640625 0.87890625 0.67578125 0.94921875 0.734375 0.98046875 0.765625 0.9765625 0.76171875 0.98828125 0.81640625 0.98828125 0.81640625 0.9296875 0.82421875 0.65234375 0.76953125 0.72265625 0.7578125 0.9140625
1027 0.15625 0.46875 0.14453125 0.45703125 0.1484375 0.453125 0.15234375 0.44921875 0.15234375 0.44140625 0.12890625 0.4375 0.1015625 0.44921875 0.109375 0.45703125 0.10546875 0.46875 0.10546875 0.484375 0.12109375 0.48828125 0.12890625 0.49609375 0.12890625 0.515625 0.13671875 0.4921875 0.14453125 0.484375 0.15625 0.46875