402 0.007875504807692307 0 0.01171875 0.23828125 0.40234375 0.328125 0.4921875 0.2578125 0.67578125 0.23046875 0.57421875 0.21875 0.5390625 0.20703125 0.09432870432692307 0 0.007875504807692307 0
1885 0.1021752451923077 0 0.5234375 0.1953125 0.68359375 0.2265625 0.6875 0.21875 0.6953125 0.171875 0.77734375 0.078125 0.8046875 0.0703125 0.80859375 0.05859375 0.7609863269230769 0 0.1021752451923077 0
1944 0.32787298557692307 0 0.5546875 0.1171875 0.55859375 0 0.32787298557692307 0
1885 0.7655029302884616 0 1 0.24206149278846154 1 0 0.7655029302884616 0
1885 1 0.2533482139423077 0.94921875 0.1953125 0.90625 0.19921875 0.8984375 0.21484375 0.82421875 0.30078125 0.7265625 0.3125 0.7265625 0.33984375 0.6796875 0.3203125 0.5546875 0.453125 0.5625 0.66796875 0.63671875 0.6640625 0.921875 0.6796875 1 0.664806545673077 1 0.2533482139423077
1885 0.55859375 0.6640625 0.546875 0.44921875 0.52734375 0.484375 0.359375 0.66015625 0.41796875 0.72265625 0.55859375 0.703125 0.55859375 0.6640625
605 0.40625 0.69921875 0.49609375 0.79296875 0.52734375 0.78125 0.57421875 0.76953125 0.55859375 0.67578125 0.40625 0.69921875
605 1 0.664806545673077 0.921875 0.6796875 0.56640625 0.66796875 0.578125 0.88671875 0.61328125 0.90625 0.7265625 0.921875 0.85546875 0.9453125 0.9140625 0.95703125 0.96875 0.95703125 0.99609375 0.9453125 1 0.8046875 1 0.664806545673077
1885 0.0703125 0.58203125 0.40625 0.328125 0.0078125 0.23828125 0.0078125 0.6328125 0.07421875 0.6328125 0.0703125 0.58203125
1947 0.23046875 0.453125 0.3125 0.390625 0.30859375 0.375 0.23046875 0.3671875 0.23046875 0.453125
1947 0.06640625 0.57421875 0.19140625 0.48046875 0.203125 0.3515625 0.01953125 0.3203125 0.015625 0.625 0.06640625 0.62890625 0.06640625 0.57421875
1643 0.0703125 0.5703125 0.07421875 0.6328125 0.00390625 0.6328125 0.00390625 0.9921875 0.6796875 0.99609375 0.36328125 0.6640625 0.6796875 0.3203125 0.73046875 0.33984375 0.72265625 0.3125 0.828125 0.30078125 0.91015625 0.1953125 0.9453125 0.19921875 0.8125 0.0546875 0.80859375 0.07421875 0.78125 0.078125 0.6953125 0.17578125 0.6796875 0.23046875 0.5 0.25390625 0.0703125 0.5703125
913 0.6737583701923077 0 0.34765625 0.21484375 0.34375 0.1953125 0.328125 0.19921875 0.32421875 0.21484375 0.3046875 0.22265625 0.30859375 0.25 0.31640625 0.24609375 0.31640625 0.58203125 0.3359375 0.56640625 0.3359375 0.32421875 0.71875 0.65625 0.7578125 0.69921875 0.75390625 0.7421875 0.734375 0.7734375 0.7109375 0.7734375 0.70703125 0.76953125 0.69921875 0.6484375 0.671875 0.62109375 0.671875 0.984375 0.6953125 0.9921875 0.7109375 0.9921875 0.703125 0.8046875 0.73046875 0.80859375 0.77734375 0.78515625 0.796875 0.75 0.796875 0.7109375 0.77734375 0.66015625 0.74609375 0.6328125 0.35546875 0.30078125 0.35546875 0.23828125 0.54296875 0.1171875 0.546875 0.375 0.5625 0.359375 0.5625 0.109375 0.6875 0.0234375 0.69140625 0.171875 0.70703125 0.15234375 0.70703125 0.10546875 0.70703125 0 0.6737583701923077 0
792 1 0.9464285697115385 0.9765625 0.953125 0.91796875 0.953125 0.71875 0.92578125 0.609375 0.91015625 0.578125 0.87890625 0.56640625 0.76953125 0.4921875 0.79296875 0.67578125 0.9921875 1 0.9960472451923077 1 0.9464285697115385
913 0.23046875 0.72265625 0.17578125 0.65234375 0.18359375 0.9296875 0.18359375 0.98828125 0.23828125 0.98828125 0.234375 0.9765625 0.265625 0.98046875 0.32421875 0.94921875 0.359375 0.87890625 0.359375 0.828125 0.34375 0.7734375 0.3203125 0.71484375 0.2421875 0.625 0.0234375 0.3828125 0.01171875 0.34765625 0.0703125 0.35546875 0.0703125 0.4296875 0.09375 0.45703125 0.09375 0.30078125 0.328125 0.17578125 0.48828125 0.08984375 0.484375 0.26171875 0.5078125 0.25 0.5 0.09375 0.56640625 0.13671875 0.69140625 0.13671875 0.69140625 0.12109375 0.57421875 0.12109375 0.48828125 0.0703125 0.0546875 0.30078125 0.05078125 0.3359375 0.0078125 0.33203125 0.01171875 0.453125 0.09765625 0.54296875 0.2578125 0.74609375 0.2890625 0.796875 0.29296875 0.87109375 0.26953125 0.921875 0.2421875 0.9140625 0.23046875 0.72265625
1027 0.85546875 0.484375 0.86328125 0.4921875 0.87109375 0.515625 0.87109375 0.49609375 0.87890625 0.48828125 0.89453125 0.484375 0.89453125 0.46875 0.890625 0.45703125 0.8984375 0.44921875 0.87109375 0.4375 0.84765625 0.44140625 0.84765625 0.44921875 0.8515625 0.453125 0.85546875 0.45703125 0.84375 0.46875 0.85546875 0.484375