417 0.640625 0.48046875 0.640625 0.3984375 0.55859375 0.3984375 0.55078125 0.50390625 0.640625 0.48046875
417 0.53515625 0.5078125 0.515625 0.41796875 0.44921875 0.42578125 0.45703125 0.53125 0.53515625 0.5078125
417 0.4375 0.4296875 0.34375 0.44140625 0.359375 0.56640625 0.44921875 0.55078125 0.4375 0.4296875
417 0.32421875 0.44921875 0.2109375 0.47265625 0.2265625 0.59375 0.33984375 0.56640625 0.32421875 0.44921875
417 0.1875 0.61328125 0.16796875 0.47265625 0.01953125 0.49609375 0.03125 0.69140625 0.1875 0.61328125
1718 0.52734375 0.8125 0.63671875 0.765625 0.69921875 0.7265625 0.80078125 0.65625 0.8671875 0.55078125 0.875 0.51953125 0.875 0.49609375 0.7734375 0.46875 0.68359375 0.47265625 0.50390625 0.5078125 0.38671875 0.5546875 0.37109375 0.57421875 0.31640625 0.59375 0.265625 0.59765625 0.1640625 0.609375 0.12109375 0.63671875 0.09765625 0.64453125 0.0625 0.66796875 0.046875 0.6875 0.02734375 0.71875 0.0078125 0.74609375 0.0078125 0.7734375 0.0078125 0.8046875 0.09765625 0.8359375 0.171875 0.8515625 0.3828125 0.8515625 0.46484375 0.828125 0.52734375 0.8125
1120 0.87109375 0.1875 0.7265625 0.18359375 0.72265625 0.4609375 0.86328125 0.46875 0.87109375 0.1875
1576 0.96484375 0.48828125 0.9609375 0.19140625 0.90625 0.18359375 0.921875 0.5 0.96484375 0.48828125
1231 0.33203125 0.4765625 0.33203125 0.046875 0.27734375 0.04296875 0.28515625 0.5 0.33203125 0.4765625
919 0.80078125 0.14453125 0.80078125 0.12109375 0.77734375 0.07421875 0.7421875 0.0078125 0.69921875 0 0.6875 0.00390625 0.63671875 0.08984375 0.65234375 0.11328125 0.72265625 0.1484375 0.80078125 0.14453125
1232 0.1796875 0.5625 0.1953125 0 0.109375 0.0078125 0.109375 0.4765625 0.1796875 0.5625
417 0.81640625 0.625 0.7578125 0.796875 0.70703125 0.7890625 0.60546875 0.83203125 0.5859375 0.8671875 0.5859375 0.9140625 0.59375 0.92578125 0.625 0.9453125 0.703125 0.9765625 0.78515625 0.98046875 0.90625 0.8828125 0.94140625 0.94140625 0.91796875 0.56640625 0.81640625 0.625
1437 0.8203125 0.4140625 0.89453125 0.390625 0.890625 0.34375 0.83203125 0.3359375 0.80078125 0.3359375 0.77734375 0.34375 0.73828125 0.359375 0.734375 0.38671875 0.75 0.40625 0.78125 0.4140625 0.79296875 0.4140625 0.8203125 0.4140625