417 0.44921875 0.50390625 0.44140625 0.3984375 0.359375 0.3984375 0.359375 0.48046875 0.44921875 0.50390625
417 0.54296875 0.53125 0.55078125 0.42578125 0.484375 0.41796875 0.46484375 0.5078125 0.54296875 0.53125
417 0.55078125 0.55078125 0.640625 0.56640625 0.65625 0.44140625 0.5625 0.4296875 0.55078125 0.55078125
417 0.66015625 0.56640625 0.7734375 0.59375 0.7890625 0.47265625 0.67578125 0.44921875 0.66015625 0.56640625
417 0.96875 0.69140625 0.98046875 0.49609375 0.83203125 0.47265625 0.8125 0.61328125 0.96875 0.69140625
1718 0.53515625 0.828125 0.6171875 0.8515625 0.828125 0.8515625 0.90234375 0.8359375 0.9921875 0.8046875 0.9921875 0.7734375 0.9921875 0.74609375 0.97265625 0.71875 0.953125 0.6875 0.9375 0.66796875 0.90234375 0.64453125 0.87890625 0.63671875 0.8359375 0.609375 0.734375 0.59765625 0.68359375 0.59375 0.62890625 0.57421875 0.61328125 0.5546875 0.49609375 0.5078125 0.31640625 0.47265625 0.2265625 0.46875 0.125 0.49609375 0.125 0.51953125 0.1328125 0.55078125 0.19921875 0.65625 0.30078125 0.7265625 0.36328125 0.765625 0.47265625 0.8125 0.53515625 0.828125
1120 0.13671875 0.46875 0.27734375 0.4609375 0.2734375 0.18359375 0.12890625 0.1875 0.13671875 0.46875
1576 0.078125 0.5 0.09375 0.18359375 0.0390625 0.19140625 0.03515625 0.48828125 0.078125 0.5
1231 0.71484375 0.5 0.72265625 0.04296875 0.66796875 0.046875 0.66796875 0.4765625 0.71484375 0.5
919 0.27734375 0.1484375 0.34765625 0.11328125 0.36328125 0.08984375 0.3125 0.00390625 0.30078125 0 0.2578125 0.0078125 0.22265625 0.07421875 0.19921875 0.12109375 0.19921875 0.14453125 0.27734375 0.1484375
1232 0.890625 0.4765625 0.890625 0.0078125 0.8046875 0 0.8203125 0.5625 0.890625 0.4765625
417 0.08203125 0.56640625 0.05859375 0.94140625 0.09375 0.8828125 0.21484375 0.98046875 0.296875 0.9765625 0.375 0.9453125 0.40625 0.92578125 0.4140625 0.9140625 0.4140625 0.8671875 0.39453125 0.83203125 0.29296875 0.7890625 0.2421875 0.796875 0.18359375 0.625 0.08203125 0.56640625
1437 0.20703125 0.4140625 0.21875 0.4140625 0.25 0.40625 0.265625 0.38671875 0.26171875 0.359375 0.22265625 0.34375 0.19921875 0.3359375 0.16796875 0.3359375 0.109375 0.34375 0.10546875 0.390625 0.1796875 0.4140625 0.20703125 0.4140625