402 0.4315476201923077 0 0.5952380961538462 0.21739130528846154 0.9952380961538462 0.11067193750000001 0.9952380961538462 0 0.4315476201923077 0
1885 0.004743081730769231 0 0 0.9960474302884615 0.6 0.6877470360576923 0.6047619038461538 0.22134387259615387 0.4316624903846154 0 0.004743081730769231 0
1885 0.9952380961538462 0.7272727283653846 0.9904761899038461 0.1541501971153846 0.9904761899038461 0.10671936778846154 0.6 0.21739130528846154 0.6 0.6916996057692307 0.9952380961538462 0.7272727283653846
792 0.9904761899038461 0.9960474302884615 0.9904761899038461 0.7233201586538461 0.6 0.6916996057692307 0.004761903846153846 0.9960474302884615 0.9904761899038461 0.9960474302884615
1714 0.7952380961538462 0.9881422932692308 0.7142857139423077 0.8023715408653846 0.6571428581730768 0.7944664038461539 0.41904762019230773 0.9920948605769231 0.7952380961538462 0.9881422932692308
1819 0.004761903846153846 0.94466403125 0.004761903846153846 0.9920948605769231 0.41428571394230773 0.9960474302884615 0.6714285721153845 0.7826086947115385 0.6761904759615385 0.7312252956730769 0.6333333341346153 0.7272727283653846 0.6571428581730768 0.7391304350961538 0.3666666658653846 0.9762845841346154 0.3238095240384615 0.9881422932692308 0.23809523798076923 0.9881422932692308 0.004761903846153846 0.94466403125
848 0.004761903846153846 0.7944664038461539 0.004761903846153846 0.9407114615384615 0.2190476201923077 0.9762845841346154 0.30476190384615387 0.9841897235576924 0.3714285721153846 0.9644268774038461 0.6095238100961539 0.7628458509615386 0.6190476201923077 0.7549407115384615 0.6333333341346153 0.7312252956730769 0.5904761899038461 0.7272727283653846 0.5523809519230769 0.7272727283653846 0.5190476201923077 0.7351778653846155 0.4809523798076923 0.7628458509615386 0.44761904807692304 0.7667984182692307 0.40952381009615385 0.7786561274038462 0.3523809519230769 0.786561264423077 0.31904762019230765 0.7905138341346153 0.2666666658653846 0.7944664038461539 0.2190476201923077 0.8063241105769231 0.16190476201923076 0.8102766802884616 0.1333333341346154 0.786561264423077 0.14285714182692308 0.7628458509615386 0.12380952403846154 0.7509881418269231 0.09047618990384615 0.7391304350961538 0.05238095192307693 0.7430830048076923 0.04285714182692308 0.7628458509615386 0.009523810096153846 0.7707509879807692 0.004761903846153846 0.7944664038461539
827 0.4380952379807692 0.7667984182692307 0.44285714182692304 0.6916996057692307 0.44761904807692304 0.656126483173077 0.4666666658653846 0.6363636370192308 0.47619047596153846 0.600790514423077 0.3857142860576923 0.5731225288461539 0.3809523798076923 0.5138339927884615 0.40476190384615385 0.49802371634615383 0.40476190384615385 0.4584980240384615 0.41904762019230773 0.4505928846153846 0.41904762019230773 0.41106719471153846 0.3857142860576923 0.40316205528846155 0.34285714182692306 0.2094861658653846 0.3571428581730769 0.19762845913461538 0.3619047620192308 0.17786561298076925 0.34285714182692306 0.1541501971153846 0.33333333413461536 0.08695652163461538 0.3238095240384615 0.08695652163461538 0.3238095240384615 0.15019762740384615 0.2809523798076923 0.1581027668269231 0.2809523798076923 0.18972331971153847 0.29047618990384616 0.19762845913461538 0.23809523798076923 0.3952569158653846 0.19047618990384615 0.3992094855769231 0.19047618990384615 0.44664031730769227 0.2190476201923077 0.4584980240384615 0.1857142860576923 0.5849802379807693 0.11904762019230769 0.5968379447115384 0.0857142860576923 0.6324110673076924 0.14285714182692308 0.6877470360576923 0.1285714278846154 0.7430830048076923 0.14285714182692308 0.786561264423077 0.32857142788461535 0.7826086947115385 0.4380952379807692 0.7667984182692307
1286 0.5285714278846154 0.2964426875 0.5047619038461538 0.26086956490384616 0.4714285721153846 0.2529644278846154 0.44285714182692304 0.2648221346153846 0.42380952403846156 0.3083003942307692 0.41904762019230773 0.35177865625 0.4 0.3557312259615385 0.3809523798076923 0.32806324038461543 0.2857142860576923 0.21343873557692308 0.2666666658653846 0.13833992067307693 0.27619047596153845 0.12252964423076923 0.2476190480769231 0.12252964423076923 0.23333333413461538 0.12252964423076923 0.2190476201923077 0.12252964423076923 0.22380952403846152 0.1422924903846154 0.22380952403846152 0.18972331971153847 0.2190476201923077 0.22134387259615387 0.24285714182692308 0.2845849807692308 0.2571428581730769 0.3201581033653846 0.39523809615384614 0.5217391298076923 0.39523809615384614 0.5494071153846154 0.42380952403846156 0.5731225288461539 0.47619047596153846 0.600790514423077 0.47619047596153846 0.6324110673076924 0.5047619038461538 0.6403162067307692 0.557142858173077 0.6166007908653846 0.5714285721153846 0.5849802379807693 0.557142858173077 0.4743083004807692 0.5380952379807693 0.40316205528846155 0.5095238100961539 0.38339920913461534 0.5 0.37154150240384615 0.5142857139423077 0.343873516826923 0.5285714278846154 0.2964426875
291 0.3095238100961539 0.08695652163461538 0.32857142788461535 0.0711462451923077 0.3238095240384615 0.06324110576923077 0.29047618990384616 0.07905138221153847 0.2714285721153846 0.06324110576923077 0.24285714182692308 0.07509881490384615 0.1809523798076923 0.09881422836538462 0.1857142860576923 0.13043478365384614 0.2571428581730769 0.1264822139423077 0.30476190384615387 0.11067193750000001 0.3095238100961539 0.08695652163461538
1286 0.6285714278846153 0.21343873557692308 0.5809523798076923 0.21343873557692308 0.5666666658653846 0.24505928846153846 0.5619047620192308 0.27272727163461535 0.5952380961538462 0.3241106730769231 0.6095238100961539 0.3359683798076923 0.5714285721153846 0.36363636298076923 0.5523809519230769 0.3913043485576923 0.5333333341346154 0.4387351778846154 0.5190476201923077 0.48616600721153846 0.5 0.4940711466346154 0.4523809519230769 0.4901185769230769 0.40476190384615385 0.4901185769230769 0.40476190384615385 0.5177865600961539 0.41904762019230773 0.5335968389423077 0.4333333341346154 0.5415019759615385 0.47619047596153846 0.5415019759615385 0.5 0.5652173918269231 0.5428571418269231 0.5652173918269231 0.5904761899038461 0.5533596826923077 0.6095238100961539 0.5138339927884615 0.6285714278846153 0.4664031610576923 0.6571428581730768 0.3952569158653846 0.6761904759615385 0.37154150240384615 0.6952380961538461 0.34782608653846153 0.7142857139423077 0.3241106730769231 0.6761904759615385 0.3162055336538462 0.6619047620192308 0.28853755048076923 0.6619047620192308 0.27272727163461535 0.6285714278846153 0.21343873557692308
1286 0.7714285721153846 0.22134387259615387 0.747619048076923 0.17391304326923077 0.7095238100961538 0.1541501971153846 0.6857142860576922 0.1541501971153846 0.6380952379807692 0.17786561298076925 0.6333333341346153 0.21739130528846154 0.6571428581730768 0.26086956490384616 0.6619047620192308 0.3003952572115385 0.6952380961538461 0.3162055336538462 0.7095238100961538 0.3241106730769231 0.6619047620192308 0.3952569158653846 0.6285714278846153 0.47826087019230773 0.5952380961538462 0.5494071153846154 0.557142858173077 0.600790514423077 0.5285714278846154 0.6284584975961539 0.4952380961538462 0.6403162067307692 0.45714285817307687 0.656126483173077 0.46190476201923075 0.6837944663461539 0.5190476201923077 0.6640316201923077 0.642857141826923 0.600790514423077 0.7095238100961538 0.5217391298076923 0.7285714278846154 0.5691699615384616 0.7714285721153846 0.6284584975961539 0.747619048076923 0.7826086947115385 0.8 0.9881422932692308 0.9476190480769231 0.9920948605769231 0.9142857139423076 0.8023715408653846 0.9952380961538462 0.9407114615384615 0.9904761899038461 0.5573122524038461 0.9333333341346154 0.4901185769230769 0.8809523798076923 0.3913043485576923 0.8809523798076923 0.343873516826923 0.8619047620192308 0.31225296394230767 0.8380952379807692 0.2964426875 0.8190476201923077 0.28853755048076923 0.8 0.27667984134615387 0.7666666658653847 0.26086956490384616 0.7666666658653847 0.24110671874999998 0.7714285721153846 0.22134387259615387
1285 0.7904761899038462 0.18972331971153847 0.7952380961538462 0.2529644278846154 0.8 0.2924901177884615 0.8238095240384615 0.3083003942307692 0.8476190480769231 0.3399209495192308 0.8809523798076923 0.34782608653846153 0.8285714278846155 0.3754940721153846 0.8333333341346154 0.4150197620192308 0.8190476201923077 0.4545454543269231 0.7666666658653847 0.5217391298076923 0.6952380961538461 0.5691699615384616 0.6380952379807692 0.6086956514423076 0.5523809519230769 0.6600790504807693 0.4809523798076923 0.6719367596153846 0.42380952403846156 0.7075098822115385 0.3857142860576923 0.7233201586538461 0.39047618990384614 0.7509881418269231 0.39523809615384614 0.7667984182692307 0.40952381009615385 0.7628458509615386 0.44285714182692304 0.7747035576923077 0.4714285721153846 0.7707509879807692 0.49047618990384617 0.7549407115384615 0.5285714278846154 0.7312252956730769 0.5666666658653846 0.7114624495192309 0.5952380961538462 0.7035573125 0.647619048076923 0.7114624495192309 0.7714285721153846 0.6284584975961539 0.852380951923077 0.5494071153846154 0.9333333341346154 0.48221343990384613 0.9857142860576923 0.5533596826923077 0.9904761899038461 0.1581027668269231 0.9666666658653846 0.1422924903846154 0.9380952379807692 0.11857707451923077 0.8999999999999999 0.10276679807692307 0.8666666658653847 0.10671936778846154 0.8238095240384615 0.1146245048076923 0.7904761899038462 0.14624506009615384 0.7904761899038462 0.18972331971153847
865 0.42380952403846156 0.5098814230769231 0.45714285817307687 0.5177865600961539 0.4523809519230769 0.4743083004807692 0.41904762019230773 0.4743083004807692 0.42380952403846156 0.5098814230769231
865 0.39523809615384614 0.75889328125 0.42380952403846156 0.7549407115384615 0.42857142788461544 0.7193675889423077 0.3857142860576923 0.7193675889423077 0.39523809615384614 0.75889328125