402 0.001111110576923077 0 0.0033333341346153847 0.23 0.34222222115384615 0.26 0.33666666586538463 0.14666666586538463 0.3722222211538462 0.14166666586538462 0.42444444471153847 0.1533333341346154 0.42444444471153847 0.2516666658653846 0.9977777788461538 0.1566666658653846 0.998888889423077 0 0.001111110576923077 0
406 0.9477777788461539 0.025 0.9955555552884616 0.06666666586538461 0.9977777788461538 0.006666665865384615 0.9477777788461539 0.025
406 0.5877777788461539 0.165 0.64 0.1833333341346154 0.8011111105769231 0.14833333413461539 0.7444444447115385 0.1216666658653846 0.5877777788461539 0.165
406 0.44111111057692304 0.22833333413461537 0.5288888894230769 0.21 0.5277777788461538 0.20166666586538462 0.47333333413461537 0.18833333413461537 0.43 0.20500000000000002 0.42666666586538465 0.22833333413461537 0.44111111057692304 0.22833333413461537
406 0.3522222211538461 0.006666665865384615 0.13555555528846155 0 0.09444444471153846 0.045 0.23 0.08333333413461538 0.3522222211538461 0.006666665865384615
406 0.006666665865384615 0.165 0.09 0.17833333413461538 0.14777777884615384 0.13499999999999998 0.02888888942307692 0.11166666586538462 0.006666665865384615 0.13666666586538462 0.006666665865384615 0.165
406 0.33777777884615384 0.25 0.33999999999999997 0.23166666586538462 0.26111111057692304 0.2183333341346154 0.23444444471153847 0.23333333413461538 0.33777777884615384 0.25
406 0.006666665865384615 0.19 0.0044444447115384615 0.20833333413461538 0.10777777884615383 0.22333333413461537 0.1288888894230769 0.20833333413461538 0.006666665865384615 0.19
1873 0.701111110576923 0.013333334134615385 0.6755555552884616 0.025 0.6677777788461537 0.04 0.6788888894230769 0.06333333413461538 0.6900000000000001 0.060000000000000005 0.7155555552884615 0.060000000000000005 0.758888889423077 0.05166666586538461 0.7722222211538461 0.03666666586538461 0.77 0.016666665865384615 0.7577777788461538 0.01 0.7388888894230768 0.01 0.701111110576923 0.013333334134615385
1873 0.2511111105769231 0.21 0.24222222115384615 0.20166666586538462 0.22555555528846155 0.20166666586538462 0.2 0.20166666586538462 0.20888888942307693 0.22166666586538464 0.22333333413461537 0.22499999999999998 0.24222222115384615 0.2166666658653846 0.2511111105769231 0.21
1873 0.6499999999999999 0.19833333413461537 0.6422222211538462 0.19666666586538462 0.6244444447115385 0.19666666586538462 0.6066666658653846 0.19833333413461537 0.608888889423077 0.2133333341346154 0.6511111105769231 0.2116666658653846 0.6499999999999999 0.19833333413461537
1885 1 0.16203205048076924 0.42444444471153847 0.2566666658653846 0.42555555528846156 0.3066666658653846 0.5244444447115385 0.30166666586538465 0.52 0.6366666658653847 0.5744444447115384 0.66 0.5733333341346154 0.6166666658653847 0.611111110576923 0.59 0.7333333341346153 0.55 0.7366666658653845 0.5549999999999999 0.8244444447115384 0.5683333341346154 0.9066666658653847 0.5766666658653846 0.9944444447115385 0.5916666658653846 0.9955555552884616 0.605 0.998888889423077 0.6083333341346153 0.998888889423077 0.5616666658653846 0.9088888894230769 0.55 0.9088888894230769 0.5283333341346154 0.8744444447115385 0.5183333341346154 0.8844444447115385 0.26999999999999996 0.998888889423077 0.2633333341346154 1 0.22944444471153844 1 0.16203205048076924
1942 1 0.5125 0.998888889423077 0.46833333413461536 0.998888889423077 0.265 0.8877777788461538 0.27666666586538463 0.8766666658653846 0.5133333341346155 0.9055555552884615 0.5266666658653846 0.9055555552884615 0.5483333341346154 1 0.556569766826923 1 0.5125
1942 0.7522222211538462 0.52 0.7666666658653847 0.47166666586538464 0.7722222211538461 0.28166666586538464 0.5811111105769231 0.2983333341346154 0.5822222211538461 0.49 0.7522222211538462 0.52
1314 0.7888888894230769 0.47333333413461537 0.8544444447115385 0.48000000000000004 0.858888889423077 0.33666666586538463 0.7911111105769231 0.33666666586538463 0.7888888894230769 0.47333333413461537
1349 0.7 0.5016666658653846 0.722222221153846 0.5066666658653847 0.721111110576923 0.485 0.7133333341346154 0.4633333341346154 0.7022222211538461 0.4766666658653846 0.7 0.5016666658653846
1349 0.701111110576923 0.5033333341346153 0.7033333341346153 0.47166666586538464 0.6911111105769231 0.47000000000000003 0.6855555552884615 0.49 0.6877777788461539 0.5033333341346153 0.701111110576923 0.5033333341346153
1314 0.5788888894230769 0.4416666658653846 0.5788888894230769 0.3516666658653846 0.5533333341346154 0.3516666658653846 0.5277777788461538 0.3516666658653846 0.5266666658653846 0.4333333341346154 0.5788888894230769 0.4416666658653846
1349 0.7533333341346153 0.5116666658653846 0.7577777788461538 0.4866666658653846 0.7533333341346153 0.4666666658653846 0.7433333341346154 0.4833333341346154 0.741111110576923 0.5066666658653847 0.7533333341346153 0.5116666658653846
279 0.9055555552884615 0.5283333341346154 0.8722222211538462 0.5166666658653847 0.84 0.525 0.8355555552884616 0.5916666658653846 0.8788888894230769 0.605 0.8844444447115385 0.5866666658653846 0.9077777788461538 0.5633333341346154 0.9055555552884615 0.5283333341346154
462 0.15555555528846154 0.305 0.14555555528846154 0.2966666658653846 0.13555555528846155 0.2916666658653846 0.11888888942307692 0.3133333341346154 0.12000000000000001 0.33999999999999997 0.13 0.3616666658653846 0.15111111057692309 0.36 0.16222222115384616 0.34333333413461536 0.16222222115384616 0.3183333341346154 0.15555555528846154 0.305
1349 0.16 0.41333333413461537 0.15888888942307694 0.39666666586538457 0.15111111057692309 0.3833333341346154 0.13666666586538462 0.38 0.1311111105769231 0.38 0.12444444471153847 0.39333333413461535 0.12444444471153847 0.41000000000000003 0.13 0.4283333341346154 0.15888888942307694 0.4233333341346154 0.16 0.41333333413461537
1184 0.1633333341346154 0.39333333413461535 0.16444444471153846 0.4233333341346154 0.20111111057692307 0.4233333341346154 0.2 0.3983333341346154 0.1633333341346154 0.39333333413461535
1184 0.13555555528846155 0.415 0.12777777884615385 0.41000000000000003 0.09555555528846155 0.4116666658653846 0.09555555528846155 0.42500000000000004 0.13555555528846155 0.42500000000000004 0.13555555528846155 0.415
1885 0.005555555288461538 0.2833333341346154 0.015555555288461538 0.2833333341346154 0.06777777884615385 0.2866666658653846 0.0766666658653846 0.5383333341346154 0.09 0.5466666658653846 0.08555555528846154 0.4216666658653846 0.2166666658653846 0.4216666658653846 0.2133333341346154 0.2983333341346154 0.34333333413461536 0.3066666658653846 0.34222222115384615 0.2616666658653846 0.0044444447115384615 0.23166666586538462 0.0033333341346153847 0.27833333413461536 0.005555555288461538 0.2833333341346154
963 0.9144444447115384 0.5766666658653846 0.8944444447115385 0.5783333341346154 0.8855555552884616 0.6033333341346154 0.9255555552884616 0.6083333341346153 0.9288888894230769 0.595 0.9444444447115384 0.5783333341346154 0.9144444447115384 0.5766666658653846
963 0.95 0.58 0.9333333341346154 0.5916666658653846 0.9277777788461539 0.6116666658653845 0.9755555552884616 0.6233333341346154 0.9966666658653847 0.6066666658653846 0.9944444447115385 0.5916666658653846 0.95 0.58
1254 0.8333333341346154 0.5916666658653846 0.8200000000000001 0.5916666658653846 0.8200000000000001 0.6116666658653845 0.8622222211538462 0.6216666658653847 0.881111110576923 0.6066666658653846 0.8333333341346154 0.5916666658653846
989 0.8933333341346154 0.6183333341346154 0.8488888894230769 0.645 0.8822222211538461 0.6633333341346154 0.9233333341346154 0.635 0.8933333341346154 0.6183333341346154
1146 0.8333333341346154 0.655 0.8122222211538461 0.645 0.8 0.6516666658653846 0.8155555552884616 0.655 0.8355555552884616 0.6633333341346154 0.8544444447115385 0.6683333341346154 0.8655555552884615 0.6566666658653847 0.84 0.6483333341346154 0.8333333341346154 0.655
1147 0.8366666658653846 0.6366666658653847 0.8088888894230769 0.6583333341346154 0.8555555552884615 0.6766666658653846 0.8733333341346154 0.6683333341346154 0.8366666658653846 0.6366666658653847
1132 0.7422222211538462 0.5966666658653846 0.7477777788461538 0.5966666658653846 0.7444444447115385 0.6316666658653846 0.751111110576923 0.64 0.758888889423077 0.6516666658653846 0.77 0.6516666658653846 0.7833333341346154 0.6516666658653846 0.798888889423077 0.6516666658653846 0.8133333341346154 0.6366666658653847 0.8077777788461538 0.6266666658653846 0.8200000000000001 0.6283333341346153 0.8222222211538461 0.5083333341346153 0.8166666658653846 0.4983333341346154 0.8 0.495 0.7855555552884615 0.505 0.7733333341346154 0.5166666658653847 0.7444444447115385 0.5216666658653846 0.7444444447115385 0.5316666658653847 0.7422222211538462 0.5966666658653846
417 0.9877777788461538 0.9516666658653846 0.998888889423077 0.9516666658653846 0.998888889423077 0.7466666658653847 0.9866666658653845 0.7466666658653847 0.9466666658653846 0.7566666658653846 0.9466666658653846 0.7733333341346154 0.9811111105769231 0.8049999999999999 0.9666666658653846 0.8733333341346154 0.9355555552884615 0.8666666658653847 0.9255555552884616 0.8916666658653847 0.9366666658653846 0.9033333341346155 0.9455555552884616 0.8966666658653846 0.9777777788461539 0.8933333341346154 0.9888888894230768 0.9033333341346155 0.9888888894230768 0.9216666658653847 0.9833333341346153 0.9366666658653846 0.9877777788461538 0.9516666658653846
792 1 0.8662500000000001 0.9666666658653846 0.86 0.9188888894230769 0.84 0.8477777788461538 0.9349999999999999 0.62 0.8166666658653846 0.618888889423077 0.77 0.5866666658653846 0.7533333341346153 0.5766666658653846 0.6666666658653846 0.521111110576923 0.64 0.4366666658653846 0.6316666658653846 0.34777777884615385 0.63 0.3133333341346154 0.6133333341346154 0.048888889423076926 0.6849999999999999 0.05444444471153846 0.8016666658653846 0.07555555528846154 0.7966666658653847 0.08888888942307692 0.8216666658653846 0.34777777884615385 0.7083333341346154 0.5055555552884615 0.8166666658653846 0.5066666658653847 0.9966666658653847 0.998888889423077 0.995 1 0.9522222211538461 1 0.8662500000000001
511 0.86 0.9066666658653847 0.8644444447115384 0.875 0.758888889423077 0.8316666658653846 0.7555555552884615 0.8783333341346153 0.8500000000000001 0.925 0.86 0.9066666658653847
1917 0.6466666658653846 0.905 0.6633333341346154 0.9133333341346154 0.6799999999999999 0.9149999999999999 0.7 0.9083333341346154 0.7055555552884616 0.7666666658653847 0.7055555552884616 0.75 0.6955555552884616 0.7416666658653847 0.6755555552884616 0.73 0.6511111105769231 0.7283333341346154 0.6366666658653847 0.7366666658653845 0.64 0.8916666658653847 0.6466666658653846 0.905
605 1 0.6089393942307693 0.9766666658653846 0.6216666658653847 0.8333333341346154 0.5833333341346154 0.7066666658653846 0.645 0.7055555552884616 0.8816666658653846 0.7155555552884615 0.8816666658653846 0.7177777788461538 0.8133333341346154 0.8655555552884615 0.8666666658653847 0.858888889423077 0.9716666658653845 0.8666666658653847 0.9816666658653846 0.8766666658653846 0.965 0.8822222211538461 0.7116666658653846 0.9733333341346154 0.6499999999999999 0.9677777788461538 0.7416666658653847 0.998888889423077 0.74 1 0.6741666658653845 1 0.6089393942307693
1132 0.8244444447115384 0.5 0.8266666658653846 0.5516666658653846 0.8333333341346154 0.5466666658653846 0.8333333341346154 0.4916666658653846 0.8055555552884616 0.48166666586538465 0.7855555552884615 0.4666666658653846 0.7744444447115384 0.4666666658653846 0.7566666658653846 0.515 0.7722222211538461 0.515 0.7911111105769231 0.495 0.8244444447115384 0.5
989 0.7388888894230768 0.56 0.72 0.5549999999999999 0.7044444447115384 0.5766666658653846 0.7255555552884616 0.5783333341346154 0.7388888894230768 0.56
1254 0.6533333341346155 0.5783333341346154 0.6255555552884615 0.5833333341346154 0.62 0.5983333341346154 0.6433333341346154 0.6066666658653846 0.6766666658653846 0.6033333341346154 0.6755555552884616 0.5916666658653846 0.6533333341346155 0.5783333341346154
1349 0.6777777788461539 0.5883333341346154 0.6766666658653846 0.6116666658653845 0.6777777788461539 0.6216666658653847 0.6988888894230769 0.6216666658653847 0.7044444447115384 0.6033333341346154 0.721111110576923 0.595 0.7177777788461538 0.5833333341346154 0.7033333341346153 0.5666666658653846 0.6988888894230769 0.5483333341346154 0.6777777788461539 0.5483333341346154 0.6799999999999999 0.5616666658653846 0.66 0.5783333341346154 0.6633333341346154 0.5916666658653846 0.6777777788461539 0.5883333341346154
1184 0.7077777788461539 0.6066666658653846 0.7255555552884616 0.6116666658653845 0.73 0.6133333341346154 0.74 0.5966666658653846 0.7322222211538462 0.5833333341346154 0.7111111105769231 0.5816666658653846 0.7077777788461539 0.5916666658653846 0.7077777788461539 0.6066666658653846
149 0.6555555552884615 0.5666666658653846 0.6622222211538461 0.5616666658653846 0.6611111105769231 0.5316666658653847 0.618888889423077 0.5233333341346154 0.6155555552884615 0.53 0.6133333341346154 0.5516666658653846 0.6155555552884615 0.5866666658653846 0.6244444447115385 0.5783333341346154 0.6244444447115385 0.5616666658653846 0.6555555552884615 0.5666666658653846
149 0.6122222211538462 0.5566666658653846 0.6055555552884615 0.5416666658653846 0.5977777788461538 0.5316666658653847 0.5766666658653846 0.5383333341346154 0.5688888894230769 0.5516666658653846 0.5700000000000001 0.575 0.5755555552884615 0.6066666658653846 0.6144444447115385 0.58 0.6122222211538462 0.5566666658653846
605 0.7344444447115385 0.5483333341346154 0.5755555552884615 0.6066666658653846 0.5711111105769231 0.8166666658653846 0.5822222211538461 0.8166666658653846 0.5822222211538461 0.7466666658653847 0.6355555552884616 0.7733333341346154 0.638888889423077 0.7266666658653846 0.6655555552884616 0.7250000000000001 0.6855555552884615 0.7283333341346154 0.6977777788461539 0.735 0.7 0.6416666658653847 0.7377777788461538 0.62 0.8333333341346154 0.575 0.7344444447115385 0.5483333341346154
1917 0.5477777788461539 0.575 0.5311111105769231 0.58 0.5355555552884615 0.67 0.5522222211538461 0.675 0.5677777788461539 0.6683333341346154 0.5688888894230769 0.5833333341346154 0.56 0.575 0.5477777788461539 0.575
1942 0.4488888894230769 0.42666666586538465 0.46444444471153845 0.44999999999999996 0.4677777788461538 0.475 0.521111110576923 0.48000000000000004 0.5233333341346154 0.3033333341346154 0.4311111105769231 0.3066666658653846 0.4333333341346154 0.42666666586538465 0.4488888894230769 0.42666666586538465
417 0.4911111105769231 0.6583333341346154 0.4611111105769231 0.6649999999999999 0.46 0.6849999999999999 0.4944444447115384 0.6966666658653846 0.5055555552884615 0.6783333341346154 0.5266666658653846 0.6916666658653846 0.5333333341346154 0.6866666658653846 0.5244444447115385 0.6516666658653846 0.5055555552884615 0.6583333341346154 0.5055555552884615 0.6216666658653847 0.5288888894230769 0.605 0.5288888894230769 0.58 0.5488888894230769 0.5683333341346154 0.5466666658653846 0.5166666658653847 0.5288888894230769 0.5116666658653846 0.5155555552884615 0.5166666658653847 0.51 0.5316666658653847 0.5044444447115385 0.5666666658653846 0.5044444447115385 0.59 0.4911111105769231 0.5916666658653846 0.4677777788461538 0.5983333341346154 0.46555555528846154 0.6116666658653845 0.4944444447115384 0.62 0.4911111105769231 0.6583333341346154
1657 0.5222222211538461 0.51 0.5233333341346154 0.47833333413461543 0.47222222115384616 0.475 0.47222222115384616 0.5066666658653847 0.5133333341346155 0.5116666658653846 0.5222222211538461 0.51
1254 0.5077777788461538 0.5133333341346155 0.47000000000000003 0.505 0.46555555528846154 0.5166666658653847 0.4944444447115384 0.5233333341346154 0.5077777788461538 0.5133333341346155
773 0.14777777884615384 0.6516666658653846 0.17555555528846153 0.645 0.22888888942307692 0.6316666658653846 0.22555555528846155 0.4833333341346154 0.22 0.42666666586538465 0.09222222115384615 0.42 0.09444444471153846 0.5483333341346154 0.10444444471153846 0.56 0.10555555528846153 0.5866666658653846 0.11666666586538461 0.5916666658653846 0.12000000000000001 0.6133333341346154 0.14777777884615384 0.6516666658653846
269 0.3288888894230769 0.44 0.34111111057692306 0.4366666658653846 0.33888888942307693 0.3666666658653846 0.33999999999999997 0.3066666658653846 0.21555555528846154 0.2966666658653846 0.22333333413461537 0.4216666658653846 0.23222222115384616 0.6233333341346154 0.24111111057692308 0.625 0.2866666658653846 0.605 0.28555555528846155 0.51 0.32555555528846153 0.5033333341346153 0.3288888894230769 0.44
511 0.49 0.58 0.4588888894230769 0.5716666658653846 0.44222222115384613 0.5733333341346154 0.44222222115384613 0.6516666658653846 0.4666666658653846 0.6566666658653847 0.4866666658653846 0.6499999999999999 0.49 0.58
279 0.0033333341346153847 0.3616666658653846 0.05888888942307692 0.3616666658653846 0.056666665865384616 0.315 0.0033333341346153847 0.3116666658653846 0.0033333341346153847 0.3616666658653846
279 0.0044444447115384615 0.37 0.002222221153846154 0.41666666586538464 0.0033333341346153847 0.4183333341346154 0.02555555528846154 0.42 0.06111111057692308 0.42 0.060000000000000005 0.37 0.0044444447115384615 0.37
279 0.06444444471153846 0.42666666586538465 0.0044444447115384615 0.4283333341346154 0.002222221153846154 0.48000000000000004 0.030000000000000002 0.4766666658653846 0.06555555528846155 0.47333333413461537 0.06444444471153846 0.42666666586538465
279 0.06555555528846155 0.48000000000000004 0.0033333341346153847 0.48166666586538465 0.002222221153846154 0.535 0.034444444711538465 0.53 0.06555555528846155 0.53 0.06555555528846155 0.48000000000000004
269 0.0033333341346153847 0.2866666658653846 0.0033333341346153847 0.5399999999999999 0.07111111057692308 0.535 0.06111111057692308 0.29 0.0033333341346153847 0.2866666658653846
1349 0.3444444447115385 0.4416666658653846 0.33222222115384614 0.4416666658653846 0.33111111057692305 0.4916666658653846 0.3288888894230769 0.5166666658653847 0.34666666586538464 0.52 0.34666666586538464 0.49 0.3444444447115385 0.4416666658653846
989 0.4488888894230769 0.5133333341346155 0.4311111105769231 0.5166666658653847 0.4311111105769231 0.5316666658653847 0.4611111105769231 0.525 0.4488888894230769 0.5133333341346155
1132 0.46555555528846154 0.5033333341346153 0.47000000000000003 0.4983333341346154 0.46555555528846154 0.4833333341346154 0.46555555528846154 0.4466666658653846 0.4533333341346154 0.4416666658653846 0.4511111105769231 0.4333333341346154 0.4322222211538461 0.4283333341346154 0.4311111105769231 0.42666666586538465 0.4333333341346154 0.485 0.4322222211538461 0.5066666658653847 0.45444444471153844 0.51 0.46555555528846154 0.5033333341346153
279 0.33111111057692305 0.36 0.3288888894230769 0.32 0.2666666658653846 0.32499999999999996 0.2688888894230769 0.3583333341346154 0.33111111057692305 0.36
279 0.33222222115384614 0.40666666586538464 0.33333333413461536 0.37 0.23888888942307693 0.37166666586538466 0.23666666586538462 0.41000000000000003 0.33222222115384614 0.40666666586538464
279 0.33444444471153845 0.4283333341346154 0.33444444471153845 0.41333333413461537 0.2511111105769231 0.41666666586538464 0.24777777884615387 0.4516666658653846 0.3266666658653846 0.4516666658653846 0.3266666658653846 0.4366666658653846 0.33444444471153845 0.4283333341346154
279 0.32222222115384613 0.49666666586538466 0.3277777788461539 0.4566666658653846 0.2433333341346154 0.4633333341346154 0.23888888942307693 0.5016666658653846 0.32222222115384613 0.49666666586538466
615 0.30888888942307696 0.6066666658653846 0.3266666658653846 0.6116666658653845 0.33 0.6616666658653846 0.33888888942307693 0.6716666658653847 0.34111111057692306 0.6216666658653847 0.35 0.625 0.34888888942307694 0.52 0.33 0.5166666658653847 0.3266666658653846 0.515 0.3266666658653846 0.5033333341346153 0.29 0.51 0.29 0.5850000000000001 0.3055555552884615 0.5866666658653846 0.30888888942307696 0.6066666658653846
417 0.28777777884615385 0.5766666658653846 0.28111111057692306 0.5766666658653846 0.27666666586538463 0.5283333341346154 0.2533333341346154 0.5166666658653847 0.23444444471153847 0.525 0.24000000000000002 0.6 0.23888888942307693 0.6683333341346154 0.24777777884615387 0.6683333341346154 0.2511111105769231 0.6066666658653846 0.27333333413461536 0.6066666658653846 0.27333333413461536 0.6516666658653846 0.27777777884615384 0.6683333341346154 0.28555555528846155 0.6683333341346154 0.28555555528846155 0.6649999999999999 0.28444444471153846 0.6083333341346153 0.2966666658653846 0.6083333341346153 0.3055555552884615 0.6516666658653846 0.3155555552884615 0.6516666658653846 0.3044444447115385 0.5916666658653846 0.28777777884615385 0.5766666658653846
605 0.5166666658653847 0.5166666658653847 0.46555555528846154 0.505 0.42666666586538465 0.5233333341346154 0.42555555528846156 0.5466666658653846 0.42666666586538465 0.61 0.4388888894230769 0.6166666658653847 0.44111111057692304 0.5716666658653846 0.4633333341346154 0.565 0.4922222211538462 0.575 0.4955555552884615 0.5866666658653846 0.5033333341346153 0.5850000000000001 0.5033333341346153 0.5566666658653846 0.5166666658653847 0.5166666658653847
501 0.3822222211538462 0.7383333341346153 0.42777777884615387 0.7616666658653847 0.42666666586538465 0.6833333341346154 0.4233333341346154 0.155 0.3766666658653846 0.14166666586538462 0.34222222115384615 0.14666666586538463 0.3522222211538461 0.7116666658653846 0.3822222211538462 0.7383333341346153
605 0.10555555528846153 0.56 0.07555555528846154 0.5333333341346154 0.0044444447115384615 0.5433333341346154 0.0044444447115384615 0.5766666658653846 0.002222221153846154 0.63 0.018888889423076923 0.625 0.042222221153846155 0.6266666658653846 0.045555555288461544 0.6866666658653846 0.10333333413461537 0.6716666658653847 0.10333333413461537 0.73 0.11333333413461538 0.7316666658653846 0.10555555528846153 0.56
1132 0.01444444471153846 0.6266666658653846 0.002222221153846154 0.63 0.001111110576923077 0.8733333341346154 0.05 0.8266666658653846 0.04 0.63 0.01444444471153846 0.6266666658653846
1027 0.11 0.8166666658653846 0.09111111057692309 0.83 0.10888888942307692 0.8566666658653846 0.1333333341346154 0.8516666658653846 0.14555555528846154 0.8316666658653846 0.14777777884615384 0.8166666658653846 0.13666666586538462 0.8099999999999999 0.12555555528846155 0.8133333341346154 0.12222222115384616 0.67 0.14555555528846154 0.655 0.14555555528846154 0.6466666658653846 0.11666666586538461 0.6116666658653845 0.11444444471153846 0.5883333341346154 0.10555555528846153 0.5883333341346154 0.1 0.6166666658653847 0.08111111057692308 0.6499999999999999 0.07555555528846154 0.6649999999999999 0.08444444471153846 0.67 0.10666666586538462 0.6683333341346154 0.11 0.8166666658653846
417 0.3044444447115385 0.6766666658653846 0.29777777884615386 0.6683333341346154 0.19666666586538462 0.67 0.19555555528846155 0.72 0.27555555528846154 0.6966666658653846 0.30222222115384617 0.7166666658653846 0.3044444447115385 0.715 0.3044444447115385 0.6766666658653846
1396 0.2622222211538462 0.8366666658653846 0.28888888942307694 0.8216666658653846 0.28111111057692306 0.8033333341346154 0.3188888894230769 0.7866666658653846 0.3188888894230769 0.7366666658653845 0.27555555528846154 0.6966666658653846 0.14444444471153847 0.735 0.14222222115384617 0.8016666658653846 0.14777777884615384 0.8066666658653846 0.18 0.8033333341346154 0.18222222115384618 0.8466666658653845 0.23222222115384616 0.825 0.2622222211538462 0.8366666658653846
1305 0.38444444471153844 0.7616666658653847 0.35555555528846156 0.7716666658653846 0.35111111057692307 0.7983333341346154 0.3755555552884615 0.8416666658653846 0.4222222211538461 0.8283333341346153 0.4222222211538461 0.8500000000000001 0.42555555528846156 0.8616666658653845 0.4433333341346154 0.8716666658653847 0.4511111105769231 0.84 0.4455555552884615 0.83 0.43555555528846157 0.8150000000000001 0.4344444447115385 0.8099999999999999 0.39888888942307693 0.7533333341346153 0.38444444471153844 0.7616666658653847
967 0.32 0.7266666658653846 0.32222222115384613 0.7683333341346154 0.32444444471153844 0.7716666658653846 0.34222222115384615 0.7716666658653846 0.3522222211538461 0.7783333341346155 0.35555555528846156 0.7666666658653847 0.3711111105769231 0.7583333341346153 0.3711111105769231 0.7266666658653846 0.3588888894230769 0.7133333341346154 0.32 0.7266666658653846
1083 0.24777777884615387 0.8316666658653846 0.24555555528846154 0.91 0.33333333413461536 0.8916666658653847 0.32555555528846153 0.8166666658653846 0.24777777884615387 0.8316666658653846
552 0.17222222115384614 0.7966666658653847 0.15888888942307694 0.7983333341346154 0.14666666586538463 0.8049999999999999 0.14666666586538463 0.8766666658653846 0.1533333341346154 0.8816666658653846 0.1633333341346154 0.88 0.17555555528846153 0.8766666658653846 0.18 0.8666666658653847 0.18111111057692308 0.8099999999999999 0.17888888942307693 0.7983333341346154 0.17222222115384614 0.7966666658653847
989 0.002222221153846154 0.9966666658653847 0.08 0.9966666658653847 0.23111111057692307 0.9166666658653846 0.20555555528846153 0.8716666658653847 0.0044444447115384615 0.965 0.002222221153846154 0.9966666658653847
1818 0.005555555288461538 0.8716666658653847 0.002222221153846154 0.91 0.006666665865384615 0.9333333341346154 0.11111111057692308 0.8883333341346155 0.10777777884615383 0.8583333341346153 0.07555555528846154 0.8 0.05555555528846154 0.8 0.05555555528846154 0.8233333341346154 0.005555555288461538 0.8716666658653847
771 0.01 0.895 0.017777778846153846 0.91 0.09555555528846155 0.8733333341346154 0.07111111057692308 0.8200000000000001 0.05888888942307692 0.825 0.008888889423076923 0.875 0.01 0.895
605 0.0033333341346153847 0.9966666658653847 0.0044444447115384615 0.995 0.22111111057692306 0.9966666658653847 0.508888889423077 0.995 0.5033333341346153 0.8183333341346154 0.35444444471153846 0.7116666658653846 0.0033333341346153847 0.8733333341346154 0.0033333341346153847 0.9966666658653847