1132 0.69140625 0.49609375 0.66796875 0.48046875 0.703125 0.47265625 0.6953125 0.3828125 0.58203125 0.3828125 0.5859375 0.47265625 0.62109375 0.48046875 0.6015625 0.49609375 0.69140625 0.49609375
586 0.30859375 0.41015625 0.3359375 0.40234375 0.359375 0.38671875 0.37890625 0.359375 0.3515625 0.35546875 0.328125 0.36328125 0.296875 0.3671875 0.265625 0.38671875 0.2890625 0.40234375 0.30859375 0.41015625
605 1 0.52734375 0.71875 0.46484375 0.66796875 0.453125 0.578125 0.47265625 0.51953125 0.48828125 0.34375 0.53515625 0.234375 0.5625 0.23828125 0.5859375 0.2421875 0.83203125 0.26953125 0.828125 0.26953125 0.62109375 0.2890625 0.62109375 0.390625 0.83203125 0.3828125 0.91015625 0.41796875 0.90625 0.4140625 0.83203125 0.37109375 0.73828125 0.3203125 0.61328125 0.390625 0.62890625 0.4140625 0.62109375 0.453125 0.59375 0.515625 0.57421875 0.5703125 0.5625 0.6328125 0.58203125 0.9375 0.66796875 1 0.6385569831730769 1 0.52734375
768 1 0.6500651057692307 0.95703125 0.66796875 0.80859375 0.640625 0.79296875 0.84375 0.94921875 0.90625 1 0.8515625 1 0.6500651057692307
417 0.640625 0.68359375 0.6015625 0.66015625 0.55078125 0.63671875 0.50390625 0.62109375 0.4921875 0.6171875 0.5 0.65625 0.50390625 0.71875 0.4921875 0.78515625 0.53515625 0.83203125 0.59765625 0.859375 0.6015625 0.91796875 0.5703125 0.90625 0.52734375 0.90625 0.50390625 0.91796875 0.484375 0.98828125 0.62890625 0.9921875 0.76953125 0.9921875 0.76171875 0.97265625 0.69140625 0.91796875 0.671875 0.89453125 0.63671875 0.90625 0.640625 0.8515625 0.6796875 0.859375 0.703125 0.83203125 0.7421875 0.8125 0.76953125 0.8125 0.75 0.7421875 0.72265625 0.72265625 0.671875 0.73046875 0.64453125 0.72265625 0.640625 0.68359375
345 0.27734375 0.546875 0.44921875 0.5 0.453125 0.390625 0.3828125 0.37109375 0.35546875 0.3671875 0.0546875 0.43359375 0.06640625 0.67578125 0.2421875 0.6171875 0.2421875 0.59375 0.23046875 0.57421875 0.27734375 0.546875
992 0.52734375 0.52734375 0.6875 0.5234375 0.67578125 0.49609375 0.5234375 0.5 0.52734375 0.52734375
506 0.625 0.56640625 0.59765625 0.5625 0.546875 0.56640625 0.49609375 0.578125 0.48828125 0.5859375 0.4921875 0.62890625 0.5078125 0.62890625 0.53125 0.6328125 0.578125 0.65234375 0.62890625 0.6796875 0.63671875 0.66796875 0.63671875 0.59375 0.625 0.56640625
1942 1 0.00020559375000000002 0.9296875 0.00390625 0.9140625 0.40234375 1 0.4140625 1 0.00020559375000000002
1942 0.6445732548076923 0 0.6484375 0.359375 0.84375 0.390625 0.86328125 0 0.6445732548076923 0
1942 0.4296875 0 0.42578125 0.328125 0.57421875 0.34765625 0.5819444447115385 0 0.4296875 0
320 0.453125 0.5625 0.4921875 0.55078125 0.48828125 0.5 0.4296875 0.48046875 0.3515625 0.5 0.34765625 0.5546875 0.4140625 0.578125 0.453125 0.5625
1027 0.26953125 0.15625 0.28515625 0.171875 0.3125 0.16796875 0.328125 0.14453125 0.26953125 0.14453125 0.26953125 0.15625
1027 0.11328125 0.16796875 0.1328125 0.17578125 0.16015625 0.16015625 0.16796875 0.14453125 0.10546875 0.1484375 0.11328125 0.16796875
320 0.1484375 0.37109375 0.14453125 0.33984375 0.0859375 0.32421875 0.0546875 0.3359375 0.05078125 0.3515625 0.0546875 0.44140625 0.0859375 0.44140625 0.2109375 0.42578125 0.2109375 0.39453125 0.1875 0.37890625 0.1484375 0.37109375
268 0.7734375 0.57421875 0.81640625 0.5625 0.81640625 0.54296875 0.77734375 0.52734375 0.73828125 0.5390625 0.73046875 0.5625 0.7734375 0.57421875
1027 0.546875 0.4453125 0.6171875 0.43359375 0.609375 0.42578125 0.51953125 0.43359375 0.53125 0.4453125 0.5 0.4921875 0.4921875 0.51171875 0.515625 0.51171875 0.53515625 0.484375 0.546875 0.4453125
345 0.00390625 0.69921875 0.0625 0.68359375 0.046875 0.0234375 0.0078125 0.0234375 0.00390625 0.69921875
973 0.24609375 0.40625 0.28125 0.40234375 0.28515625 0.32421875 0.26953125 0.3203125 0.25390625 0.32421875 0.234375 0.32421875 0.234375 0.40625 0.24609375 0.40625
404 0.7264322932692308 0 0.72265625 0.11328125 0.7109375 0.140625 0.7109375 0.16796875 0.70703125 0.19921875 0.72265625 0.2109375 0.73828125 0.2109375 0.75 0.19140625 0.7578125 0.16796875 0.7578125 0.1484375 0.74609375 0.1328125 0.73828125 0.1171875 0.7420614927884616 0 0.7264322932692308 0
404 0.828125 0 0.81640625 0.21484375 0.8046875 0.23046875 0.796875 0.2578125 0.796875 0.28125 0.80078125 0.30078125 0.81640625 0.30859375 0.83203125 0.30078125 0.84765625 0.29296875 0.8515625 0.26171875 0.8515625 0.23828125 0.84375 0.22265625 0.8359375 0.20703125 0.8436053245192308 0 0.828125 0
1651 0.94921875 0.5546875 0.96484375 0.5546875 0.9765625 0.5546875 0.9765625 0.5234375 0.94921875 0.5078125 0.93359375 0.4921875 0.91796875 0.5 0.90625 0.5234375 0.91015625 0.546875 0.93359375 0.55078125 0.94921875 0.5546875
611 0.84765625 0.609375 0.94140625 0.56640625 0.734375 0.51171875 0.640625 0.546875 0.84765625 0.609375