297 0.76171875 0.46484375 0.78125 0.43359375 0.78515625 0.453125 0.79296875 0.5078125 0.8203125 0.51953125 0.828125 0.5 0.83203125 0.47265625 0.84375 0.4453125 0.85546875 0.4453125 0.84765625 0.4140625 0.8515625 0.3984375 0.8515625 0.38671875 0.8671875 0.35546875 0.86328125 0.33203125 0.8203125 0.32421875 0.796875 0.3203125 0.78125 0.3359375 0.78125 0.3828125 0.76171875 0.33984375 0.74609375 0.34375 0.77734375 0.41015625 0.76171875 0.46484375
1132 0.31640625 0.40234375 0.32421875 0.4921875 0.421875 0.48046875 0.40625 0.39453125 0.31640625 0.40234375
1942 0.48046875 0.109375 0.20703125 0.1015625 0.19921875 0.33203125 0.484375 0.33984375 0.48046875 0.109375
417 0.56640625 0.765625 0.58984375 0.71484375 0.60546875 0.65234375 0.58984375 0.54296875 0.55859375 0.5078125 0.51953125 0.56640625 0.51953125 0.59375 0.453125 0.59765625 0.421875 0.6171875 0.40234375 0.6640625 0.39453125 0.69921875 0.39453125 0.74609375 0.41015625 0.765625 0.45703125 0.765625 0.4609375 0.8046875 0.41015625 0.80859375 0.37890625 0.8203125 0.37890625 0.83203125 0.37890625 0.84765625 0.43359375 0.8359375 0.40234375 0.88671875 0.40234375 0.90234375 0.42578125 0.8984375 0.46484375 0.84765625 0.48828125 0.85546875 0.52734375 0.890625 0.51953125 0.90625 0.5546875 0.90625 0.54296875 0.859375 0.5625 0.83984375 0.5859375 0.859375 0.60546875 0.859375 0.609375 0.82421875 0.57421875 0.81640625 0.53125 0.81640625 0.515625 0.80859375 0.5078125 0.78125 0.5390625 0.765625 0.56640625 0.765625
345 0.61328125 0.5546875 0.61328125 0.75390625 0.7578125 0.765625 0.7578125 0.5625 0.70703125 0.55078125 0.671875 0.546875 0.61328125 0.5546875
1942 1 0.1055230048076923 0.72265625 0.109375 0.71484375 0.39453125 0.99609375 0.3984375 1 0.251953125 1 0.1055230048076923
1132 0.15625 0.4453125 0.1640625 0.42578125 0.1796875 0.39453125 0.1015625 0.39453125 0.08203125 0.4765625 0.140625 0.48046875 0.15625 0.4453125
992 0.0859375 0.5546875 0.140625 0.5546875 0.140625 0.52734375 0.09375 0.49609375 0.0625 0.5 0.02734375 0.51171875 0.0859375 0.5546875
605 0.87109375 0.546875 0.91015625 0.515625 0.88671875 0.49609375 0.84375 0.48046875 0.8046875 0.46484375 0.7265625 0.46484375 0.55859375 0.46875 0.27734375 0.47265625 0.18359375 0.60546875 0.1875 0.88671875 0.375 0.890625 0.32421875 0.7265625 0.34765625 0.67578125 0.3828125 0.62109375 0.39453125 0.62109375 0.41015625 0.58984375 0.39453125 0.56640625 0.41796875 0.5546875 0.46875 0.54296875 0.51953125 0.546875 0.6328125 0.55078125 0.6875 0.55078125 0.73828125 0.55078125 0.82421875 0.55859375 0.82421875 0.73046875 0.87109375 0.73046875 0.87109375 0.546875
1248 0.48828125 0.53125 0.57421875 0.52734375 0.57421875 0.4921875 0.5 0.49609375 0.484375 0.5078125 0.48828125 0.53125
992 0.30078125 0.5625 0.390625 0.5234375 0.37890625 0.5078125 0.33984375 0.49609375 0.25390625 0.52734375 0.26171875 0.546875 0.30078125 0.5625
605 0.00390625 0.5859375 0.0078125 0.8828125 0.16015625 0.87890625 0.1640625 0.6171875 0.17578125 0.48046875 0.0703125 0.47265625 0.00390625 0.484375 0.01171875 0.53515625 0.02734375 0.5390625 0.03125 0.56640625 0.00390625 0.5859375
1520 0.0078125 0.3828125 0.74609375 0.39453125 0.73828125 0.34765625 0.0078125 0.34375 0.0078125 0.3828125
1305 0.16796875 0.6015625 0.16796875 0.5703125 0.1015625 0.5703125 0.0859375 0.6015625 0.16796875 0.6015625
404 0.53515625 0 0.5390625 0.02734375 0.5390625 0.05078125 0.5390625 0.08203125 0.53515625 0.11328125 0.53125 0.1484375 0.53515625 0.17578125 0.53515625 0.2109375 0.50390625 0.28125 0.51171875 0.296875 0.5390625 0.296875 0.55859375 0.296875 0.5703125 0.2890625 0.58203125 0.28125 0.55078125 0.20703125 0.546875 0.1796875 0.54296875 0.1484375 0.54296875 0.12890625 0.55078125 0.109375 0.55078125 0.0859375 0.55078125 0.0625 0.55078125 0.0390625 0.5546875 0.015625 0.5484375 0 0.53515625 0
552 0.6484375 0.48046875 0.6796875 0.48046875 0.6796875 0.44140625 0.6640625 0.44140625 0.65234375 0.44140625 0.6484375 0.48046875
552 0.703125 0.48046875 0.71875 0.484375 0.71875 0.44140625 0.69921875 0.4375 0.69140625 0.44921875 0.69140625 0.48046875 0.703125 0.48046875
1520 0.21484375 0.484375 0.265625 0.4296875 0.26953125 0.41015625 0.18359375 0.41015625 0.12890625 0.46875 0.13671875 0.48828125 0.21484375 0.484375
1520 0.5703125 0.390625 0.57421875 0.42578125 0.67578125 0.421875 0.67578125 0.38671875 0.5703125 0.390625
1305 0.50390625 0.48046875 0.51953125 0.48828125 0.59765625 0.484375 0.58203125 0.453125 0.5 0.45703125 0.50390625 0.48046875