1942 0.0069156298076923075 0.6291666658653846 0.25034578125 0.56875 0.24757952884615383 0.09166666586538462 0.004149377403846154 0.029166665865384616 0.0069156298076923075 0.6291666658653846
527 0.7966804975961538 0.9937499999999999 0.8105117572115385 0.9916666658653847 0.8174273870192308 0.9937499999999999 0.8215767644230769 0.8229166658653846 0.8091286298076923 0.8 0.8077455048076924 0.79375 0.8810511754807693 0.7375 0.8699861682692307 0.7124999999999999 0.8658367908653847 0.6895833341346154 0.6970954350961538 0.6458333341346154 0.4661134158653846 0.7479166658653846 0.4177040120192308 0.73125 0.25311203365384616 0.8 0.25449515865384614 0.8187500000000001 0.2586445360576923 0.825 0.2420470264423077 0.8374999999999999 0.23651452163461537 0.8812500000000001 0.23789764903846156 0.9083333341346154 0.2558782860576923 0.9333333341346154 0.33886583653846153 0.9875 0.37206085817307694 0.9979166658653846 0.5878284927884615 0.9958333341346154 0.64868603125 0.9520833341346153 0.7634854783653846 0.8541666658653846 0.8035961274038462 0.8187500000000001 0.7966804975961538 0.9937499999999999
530 0.10511756490384615 0.7604166658653846 0.09681881009615385 0.7708333341346154 0.0982019375 0.7895833341346153 0.17289073317307693 0.8354166658653847 0.18118948798076923 0.83125 0.199170125 0.8208333341346153 0.25449515865384614 0.8062499999999999 0.2558782860576923 0.7958333341346153 0.42738589182692305 0.7250000000000001 0.4661134158653846 0.7437499999999999 0.6957123100961538 0.6395833341346153 0.7012448125 0.625 0.5670816033653846 0.5958333341346154 0.2710926682692308 0.675 0.22821576682692307 0.65625 0.11894882451923078 0.6833333341346154 0.1355463341346154 0.7124999999999999 0.10373443990384615 0.7354166658653847 0.1009681875 0.75 0.10511756490384615 0.7604166658653846
1708 0.01798063701923077 0.58125 0.05255878365384615 0.5916666658653846 0.05809128605769231 0.9437500000000001 0.07330567067307693 0.9437500000000001 0.07607192307692308 0.5875 0.26970954326923074 0.5541666658653847 0.26970954326923074 0.6708333341346153 0.27939142548076923 0.66875 0.27939142548076923 0.55 0.2863070528846154 0.54375 0.21300138221153847 0.5229166658653847 0.004149377403846154 0.5541666658653847 0.0069156298076923075 0.9020833341346154 0.012448132211538463 0.9020833341346154 0.01798063701923077 0.58125
852 0.5822959879807692 0.5979166658653846 0.6071922548076923 0.58125 0.6141078846153847 0.2458333341346154 0.571230983173077 0.25 0.4439834014423077 0.2458333341346154 0.4439834014423077 0.4770833341346154 0.42047026201923077 0.4854166658653846 0.42323651442307697 0.6458333341346154 0.5822959879807692 0.5979166658653846
1027 0.5034578149038461 0 0.4730290456730769 0.029166665865384616 0.4578146610576923 0.0625 0.4619640384615385 0.09583333413461538 0.4757952980769231 0.11666666586538461 0.4716459206730769 0.15625 0.4827109278846154 0.15625 0.4840940528846154 0.125 0.5034578149038461 0.1333333341346154 0.5311203317307692 0.14375 0.54910096875 0.14583333413461538 0.571230983173077 0.14583333413461538 0.5975103725961538 0.13125 0.60165975 0.10416666586538462 0.60165975 0.09166666586538462 0.6071922548076923 0.08333333413461538 0.5892116177884615 0.06458333413461538 0.5739972331730769 0.008333334134615384 0.5640387283653846 0 0.5034578149038461 0
531 0.7786998605769231 0.8416666658653846 0.922544951923077 0.89375 0.9446749663461538 0.84375 0.9543568461538462 0.5833333341346154 0.6417704014423078 0.5270833341346154 0.6085753798076923 0.5479166658653847 0.5988935 0.6041666658653846 0.7012448125 0.625 0.7012448125 0.64375 0.8644536658653846 0.6895833341346154 0.8741355456730768 0.7166666658653846 0.8796680504807692 0.7437499999999999 0.8105117572115385 0.7916666658653846 0.7786998605769231 0.8416666658653846
291 0.774550483173077 0.51875 0.773167358173077 0.56875 0.8035961274038462 0.5666666658653846 0.8008298749999999 0.5229166658653847 0.7939142451923077 0.5229166658653847 0.7939142451923077 0.5083333341346153 0.7828492403846153 0.5083333341346153 0.7828492403846153 0.51875 0.774550483173077 0.51875
1207 0.39004149278846156 0.4916666658653846 0.39557399759615386 0.5020833341346154 0.39280774519230766 0.53125 0.3886583677884615 0.5541666658653847 0.3886583677884615 0.6520833341346154 0.41078838221153846 0.6479166658653847 0.41078838221153846 0.5520833341346154 0.40110650000000003 0.5395833341346153 0.40110650000000003 0.5125 0.4024896274038462 0.4854166658653846 0.40940525480769235 0.48124999999999996 0.40525587740384617 0.4666666658653846 0.39834025 0.4666666658653846 0.39004149278846156 0.4916666658653846
1942 0.7883817427884616 0.5395833341346153 0.9294605817307692 0.5625 0.9474412163461537 0.11458333413461538 0.8008298749999999 0.1291666658653846 0.7883817427884616 0.5395833341346153
1942 0.6528354086538461 0.50625 0.7690179807692308 0.5270833341346154 0.7828492403846153 0.1291666658653846 0.6625172884615385 0.14375 0.6528354086538461 0.50625
1885 0.4605495793269231 0 0.45089903124999997 0.6416666658653847 1 0.8785699326923078 1 0 0.4605495793269231 0
1885 0.004146098557692308 0 0.002766252403846154 0.8770833341346154 0.44813278125 0.64375 0.4591977860576923 0 0.004146098557692308 0
1419 0.14661134134615386 0.8229166658653846 0.2337482716346154 0.7895833341346153 0.2337482716346154 0.6104166658653847 0.21161825721153849 0.5979166658653846 0.015214384615384614 0.6416666658653847 0.022130014423076924 0.8666666658653847 0.04979253125 0.85625 0.14661134134615386 0.8229166658653846
1818 0.8727524206730769 0.5520833341346154 0.84923928125 0.5645833341346154 0.8464730288461539 0.58125 0.8796680504807692 0.5875 0.9073305673076923 0.5583333341346154 0.8727524206730769 0.5520833341346154
564 0.0912863076923077 0.07916666586538461 0.0982019375 0.18125000000000002 0.1009681875 0.29375 0.0982019375 0.33333333413461536 0.2337482716346154 0.3291666658653846 0.2337482716346154 0.2458333341346154 0.23236514423076923 0.11458333413461538 0.23789764903846156 0.11458333413461538 0.23789764903846156 0.10833333413461539 0.0912863076923077 0.07916666586538461
564 0.0069156298076923075 0.05833333413461539 0.008298754807692307 0.3291666658653846 0.07607192307692308 0.33125000000000004 0.07607192307692308 0.0875 0.08160442548076922 0.08541666586538461 0.08160442548076922 0.07291666586538462 0.0069156298076923075 0.05833333413461539
792 1 0.8764918341346154 0.45089903124999997 0.6416666658653847 0.002766252403846154 0.8770833341346154 0.002766252403846154 0.9958333341346154 0.998616875 0.9958333341346154 1 0.9364583341346153 1 0.8764918341346154
1329 0.15076071875 0.7250000000000001 0.20193637740384615 0.75 0.24619640384615385 0.78125 0.36929460576923073 0.7291666658653846 0.34578146634615387 0.7124999999999999 0.31811894951923075 0.6895833341346154 0.28492392788461535 0.6791666658653847 0.22821576682692307 0.6541666658653846 0.11894882451923078 0.6854166658653846 0.11894882451923078 0.7020833341346153 0.1258644543269231 0.7124999999999999 0.15076071875 0.7250000000000001
1329 0.4757952980769231 0.925 0.5311203317307692 0.9020833341346154 0.5905947451923077 0.8645833341346154 0.6293222692307693 0.8145833341346154 0.5822959879807692 0.7916666658653846 0.4937759326923077 0.7562500000000001 0.42047026201923077 0.7250000000000001 0.3347164591346154 0.7625 0.25449515865384614 0.8041666658653847 0.28907330528846154 0.8354166658653847 0.35131396875000004 0.85625 0.4757952980769231 0.925