655 0.17013888942307692 0.6504629639423077 0.16145833413461538 0.2638888894230769 0.03298611057692308 0.26157407451923076 0.05555555528846154 0.6712962956730769 0.17013888942307692 0.6504629639423077
852 0.623263889423077 0.34259259375 0.625 0.17129629567307691 0.31597222115384616 0.14351851923076925 0.32291666586538464 0.388888889423077 0.33854166586538464 0.3912037043269231 0.5277777788461538 0.388888889423077 0.5347222211538462 0.34259259375 0.623263889423077 0.34259259375
1199 0.644097221153846 0.6759259254807692 0.6458333341346154 0.5185185192307692 0.546875 0.5231481490384615 0.5503472211538462 0.6898148149038461 0.644097221153846 0.6759259254807692
852 0.545138889423077 0.5254629639423076 0.45833333413461536 0.53240740625 0.43229166586538464 0.5393518509615385 0.43402777884615384 0.6805555552884616 0.467013889423077 0.6990740745192308 0.548611110576923 0.6921296298076923 0.545138889423077 0.5254629639423076
551 0.673611110576923 0.16898148076923075 0.6302083341346154 0.1875 0.628472221153846 0.3587962956730769 0.6649305552884616 0.375 0.675347221153846 0.3587962956730769 0.6805555552884616 0.1782407403846154 0.673611110576923 0.16898148076923075
1564 0.36979166586538464 0.5162037043269231 0.39409722115384616 0.5347222211538462 0.5381944447115384 0.5162037043269231 0.4930555552884615 0.5046296298076923 0.4305555552884615 0.5023148149038461 0.36979166586538464 0.5162037043269231
1371 0.8802083341346154 0.6805555552884616 0.8802083341346154 0.7245370360576923 0.9131944447115384 0.7407407403846153 0.9166666658653846 0.6921296298076923 0.8802083341346154 0.6805555552884616
1885 0.967013889423077 0 0.796875 0.07870370432692307 0.784722221153846 0.7453703701923077 0.998263889423077 0.8495370360576923 0.998263889423077 0 0.967013889423077 0
402 0.38541666586538464 0 0.796875 0.07870370432692307 0.965277778846154 0 0.38541666586538464 0
402 0.746527778846154 0.11342592548076923 0.001736110576923077 0.004629629807692308 0.001736110576923077 0.20138888942307692 0.18402777884615384 0.21064814903846155 0.1961805552884615 0.1365740745192308 0.31597222115384616 0.15046296394230768 0.328125 0.13425925961538462 0.626736110576923 0.16666666586538462 0.6770833341346154 0.16898148076923075 0.6788194447115384 0.14120370432692309 0.746527778846154 0.11342592548076923
1885 0.737847221153846 0.7615740745192308 0.748263889423077 0.11342592548076923 0.6788194447115384 0.1365740745192308 0.673611110576923 0.7268518509615384 0.737847221153846 0.7615740745192308
1885 0.003472221153846154 0 0.001736110576923077 0.004629629807692308 0.746527778846154 0.11342592548076923 0.736111110576923 0.763888889423077 0.769097221153846 0.75 0.784722221153846 0.7453703701923077 0.795138889423077 0.07870370432692307 0.390625 0 0.003472221153846154 0
792 0.03645833413461538 0.8495370360576923 0.029513889423076922 0.9050925937500001 0.001736110576923077 0.9120370360576923 0.001736110576923077 0.9976851850961539 0.998263889423077 0.9976851850961539 0.998263889423077 0.8518518509615384 0.784722221153846 0.7453703701923077 0.737847221153846 0.7662037043269231 0.673611110576923 0.7268518509615384 0.673611110576923 0.7199074062499999 0.6493055552884616 0.7037037043269231 0.467013889423077 0.736111110576923 0.44097222115384616 0.7060185192307693 0.2118055552884615 0.7407407403846153 0.20486111057692308 0.6574074062499999 0.024305555288461535 0.673611110576923 0.03645833413461538 0.8495370360576923
721 0.33854166586538464 0.4259259254807692 0.342013889423077 0.44675925961538465 0.361111110576923 0.44675925961538465 0.36458333413461536 0.42824074038461535 0.33854166586538464 0.4259259254807692
1763 0.44270833413461536 0.701388889423077 0.21527777884615384 0.7430555552884616 0.23611111057692308 0.8680555552884616 0.7118055552884616 0.7569444447115384 0.673611110576923 0.7245370360576923 0.6510416658653846 0.7060185192307693 0.640625 0.7060185192307693 0.470486110576923 0.736111110576923 0.44270833413461536 0.701388889423077
660 0.05381944471153846 0.4490740745192308 0.05555555528846154 0.49074074038461535 0.05555555528846154 0.5023148149038461 0.06944444471153846 0.5046296298076923 0.07638888942307692 0.4884259254807692 0.07638888942307692 0.4606481490384615 0.07291666586538462 0.4421296298076923 0.0625 0.4375 0.05381944471153846 0.4490740745192308
1370 0.26909722115384616 0.6365740745192308 0.26909722115384616 0.6574074062499999 0.28472222115384616 0.659722221153846 0.28472222115384616 0.6365740745192308 0.26909722115384616 0.6365740745192308
1370 0.376736110576923 0.6087962956730769 0.375 0.6273148149038461 0.392361110576923 0.6273148149038461 0.390625 0.6087962956730769 0.376736110576923 0.6087962956730769
1370 0.873263889423077 0.7129629639423077 0.873263889423077 0.7037037043269231 0.875 0.6851851850961539 0.859375 0.6828703701923077 0.859375 0.7083333341346154 0.873263889423077 0.7129629639423077