1885 0.62109375 0.55078125 0.64453125 0.55859375 0.6484375 0.2734375 0.3984375 0.2734375 0.3984375 0.56640625 0.42578125 0.55078125 0.62109375 0.55078125
801 0.421875 0.5546875 0.16796875 0.9921875 0.89453125 1 0.625 0.5546875 0.421875 0.5546875
402 0.39453125 0.26953125 0.640625 0.26953125 0.80078125 0.00390625 0.24609375 0 0.390625 0.20703125 0.39453125 0.26953125
1922 0.58203125 0.4296875 0.46484375 0.42578125 0.4609375 0.546875 0.58203125 0.546875 0.58203125 0.4296875
1884 0.00390625 0 0.00390625 0.99609375 0.00390625 1 0.16015625 1 0.39453125 0.58203125 0.3828125 0.2109375 0.23828125 0 0.00390625 0
1885 1 0 0.80859375 0.00390625 0.6484375 0.265625 0.64453125 0.56640625 0.64453125 0.57421875 0.90625 1 1 1 1 0
1873 0.609375 0.0390625 0.73828125 0.0390625 0.75 0.00390625 0.609375 0 0.609375 0.0390625
748 0.49609375 0.234375 0.5546875 0.234375 0.55078125 0.1953125 0.5 0.19921875 0.49609375 0.234375
1047 0.54296875 0.0390625 0.51953125 0.0390625 0.5 0.0390625 0.48046875 0.046875 0.4765625 0.0625 0.51953125 0.0703125 0.5546875 0.06640625 0.5625 0.05078125 0.54296875 0.0390625
1047 0.53125 0.18359375 0.5546875 0.1796875 0.5625 0.16015625 0.5390625 0.15234375 0.5078125 0.15234375 0.4921875 0.16796875 0.50390625 0.18359375 0.53125 0.18359375
1562 0.86328125 0.1171875 0.8203125 0.11328125 0.82421875 0.3515625 0.87109375 0.35546875 0.86328125 0.1171875