720 0.4984375 0.73125 0.5234375 0.73125 0.5234375 0.675 0.4984375 0.675 0.4984375 0.73125
331 0.221875 0.6958333341346153 0.2578125 0.6979166658653846 0.253125 0.35624999999999996 0.2265625 0.35624999999999996 0.221875 0.6958333341346153
291 0.7171875000000001 0.42708333413461536 0.7171875000000001 0.4208333341346154 0.7203124999999999 0.4020833341346154 0.70625 0.4041666658653846 0.703125 0.40625 0.703125 0.4333333341346154 0.6984375 0.4625 0.703125 0.4645833341346154 0.715625 0.4645833341346154 0.7171875000000001 0.45625000000000004 0.7203124999999999 0.4354166658653846 0.7171875000000001 0.42708333413461536
836 0.484375 0.4708333341346154 0.684375 0.48124999999999996 0.6812499999999999 0.25 0.47187500000000004 0.2520833341346154 0.484375 0.4708333341346154
356 0.1875 0.3041666658653846 0.2671875 0.3083333341346154 0.2578125 0.1520833341346154 0.190625 0.1541666658653846 0.1875 0.3041666658653846
1802 0.3203125 0.5625 0.33125000000000004 0.5833333341346154 0.37187499999999996 0.59375 0.396875 0.5708333341346153 0.4046875 0.5395833341346153 0.4 0.525 0.38749999999999996 0.5020833341346154 0.3578125 0.4979166658653846 0.3421875 0.475 0.31718749999999996 0.4854166658653846 0.31875 0.5270833341346154 0.3203125 0.5625
1912 0.4359375 0.55 0.44218749999999996 0.5145833341346153 0.4296875 0.4729166658653846 0.4125 0.4354166658653846 0.39531249999999996 0.4916666658653846 0.40156250000000004 0.56875 0.40312499999999996 0.5729166658653846 0.415625 0.5770833341346153 0.4296875 0.56875 0.4359375 0.55
389 0.5765625 0.4916666658653846 0.578125 0.58125 0.66875 0.575 0.6796875 0.49375 0.5765625 0.4916666658653846
205 0.8484375 0.48750000000000004 0.8578125000000001 0.4520833341346154 0.8500000000000001 0.39583333413461536 0.8296874999999999 0.3770833341346154 0.8140624999999999 0.39375000000000004 0.809375 0.4083333341346154 0.809375 0.42708333413461536 0.809375 0.4458333341346154 0.815625 0.4729166658653846 0.825 0.4770833341346154 0.8484375 0.48750000000000004
147 0.9265625 0.4979166658653846 0.95625 0.5083333341346153 0.9359375000000001 0.42500000000000004 0.9203125000000001 0.4625 0.9265625 0.4979166658653846
1027 0.128125 0 0.175 0.0875 0.48750000000000004 0.06875 0.478125 0.016666665865384615 0.128125 0
34 0.1375 0.3 0.134375 0.2895833341346154 0.115625 0.2791666658653846 0.115625 0.25 0.04375 0.23541666586538462 0.0421875 0.3 0.1375 0.3
1888 0.6375 0.35 0.90625 0.35 0.9203125000000001 0.16249999999999998 0.6453125 0.1479166658653846 0.6375 0.35
1567 0.909375 0.54375 0.9734375 0.5375 0.8968750000000001 0.4770833341346154 0.8140624999999999 0.4833333341346154 0.909375 0.54375
1027 0.559375 0.05833333413461539 0.8453124999999999 0.07916666586538461 0.903125 0.03541666586538462 0.909375 0 0.559375 0.00625 0.565625 0.029166665865384616 0.559375 0.05833333413461539
969 0.30625 0.56875 0.30781250000000004 0.9624999999999999 0.6578124999999999 0.9666666658653846 0.6859375000000001 0.5895833341346154 0.30625 0.56875
1131 0.9484375 0.9666666658653846 0.96875 0.9979166658653846 0.9953125 0.9833333341346153 0.9593750000000001 0.9416666658653846 0.9484375 0.9666666658653846
679 0.084375 0.6125 0.1296875 0.5875 0.1296875 0.5375 0.078125 0.5583333341346154 0.084375 0.6125
679 0.0234375 0.6520833341346154 0.08124999999999999 0.6208333341346154 0.0703125 0.5666666658653846 0.014062499999999999 0.59375 0.0234375 0.6520833341346154
679 0.9046875000000001 0.6083333341346153 0.90625 0.5625 0.8656250000000001 0.5395833341346153 0.8609374999999999 0.5770833341346153 0.9046875000000001 0.6083333341346153
679 0.6781250000000001 0.5041666658653846 0.6781250000000001 0.5416666658653846 0.7906249999999999 0.5458333341346153 0.7890625 0.5083333341346153 0.6781250000000001 0.5041666658653846