1329 0.9234374999999999 0.7145833341346154 0.9859374999999999 0.6312500000000001 0.8578125000000001 0.5708333341346153 0.7875000000000001 0.6499999999999999 0.9234374999999999 0.7145833341346154
1120 0.428125 0.2645833341346154 0.4390625 0.5208333341346154 0.58125 0.50625 0.571875 0.2604166658653846 0.428125 0.2645833341346154
1743 0.190625 0.2916666658653846 0.15781250000000002 0.29375 0.15625 0.31875 0.115625 0.3166666658653846 0.08124999999999999 0.33333333413461536 0.0015625 0.3895833341346154 0.0015625 0.49375 0.0625 0.5645833341346154 0.0640625 0.5875 0.18593749999999998 0.5791666658653847 0.1796875 0.5666666658653846 0.21875 0.5625 0.20937499999999998 0.31875 0.19374999999999998 0.3145833341346154 0.190625 0.2916666658653846
445 0.5421875 0.6791666658653847 0.64375 0.6645833341346153 0.6453125 0.5229166658653847 0.6109375 0.4958333341346154 0.3921875 0.5229166658653847 0.3921875 0.7083333341346154 0.415625 0.7458333341346154 0.48906249999999996 0.7333333341346153 0.5046875 0.6979166658653846 0.5421875 0.6791666658653847
1027 0.8343750000000001 0.54375 0.8343750000000001 0.5354166658653846 0.85625 0.5354166658653846 0.8515625 0.48750000000000004 0.8218749999999999 0.4833333341346154 0.8125 0.53125 0.828125 0.54375 0.8203125 0.55625 0.8203125 0.5791666658653847 0.84375 0.58125 0.84375 0.55625 0.8343750000000001 0.54375
464 0.7828124999999999 0.5833333341346154 0.8265625000000001 0.5875 0.8296874999999999 0.5645833341346154 0.784375 0.5625 0.7828124999999999 0.5833333341346154
104 0.2625 0.2708333341346154 0.40312499999999996 0.2791666658653846 0.41093749999999996 0.16249999999999998 0.2609375 0.15 0.2625 0.2708333341346154
402 0.0015625 0 0.0015625 0.010416665865384615 0.056249999999999994 0.1479166658653846 0.7093750000000001 0.17083333413461538 0.9984375000000001 0.09791666586538463 0.9984375000000001 0 0.0015625 0
1047 0.534375 0.09791666586538463 0.6953125 0.0020833341346153844 0.48124999999999996 0 0.3890625 0.08958333413461537 0.534375 0.09791666586538463
207 0.5203125 0.95625 0.534375 0.96875 0.553125 0.96875 0.565625 0.9958333341346154 0.9984375000000001 0.9979166658653846 0.996875 0.60625 0.9906250000000001 0.60625 0.9906250000000001 0.5875 0.9140625 0.5416666658653846 0.878125 0.5791666658653847 0.8578125000000001 0.56875 0.79375 0.6395833341346153 0.78125 0.6479166658653847 0.6499999999999999 0.66875 0.546875 0.6854166658653846 0.50625 0.7104166658653847 0.490625 0.7395833341346154 0.478125 0.8187500000000001 0.503125 0.8374999999999999 0.49375 0.91875 0.51875 0.91875 0.5265625 0.9312499999999999 0.5203125 0.95625
1885 0.703125 0.6791666658653847 0.7078125 0.17708333413461538 0.059375 0.15625 0.0546875 0.7479166658653846 0.703125 0.6791666658653847
679 0.53125 0.5875 0.428125 0.5979166658653846 0.428125 0.6520833341346154 0.53125 0.6375 0.53125 0.5875
679 0.6421874999999999 0.5729166658653846 0.5390625 0.5875 0.5359375 0.6395833341346153 0.6421874999999999 0.6291666658653846 0.6421874999999999 0.5729166658653846
679 0.5328125 0.55 0.490625 0.55 0.490625 0.5895833341346154 0.534375 0.5895833341346154 0.5328125 0.55