720 0.5015625 0.675 0.4765625 0.675 0.4765625 0.73125 0.5015625 0.73125 0.5015625 0.675
331 0.7734375 0.35624999999999996 0.746875 0.35624999999999996 0.7421875 0.6979166658653846 0.778125 0.6958333341346153 0.7734375 0.35624999999999996
291 0.2796875 0.4354166658653846 0.2828125 0.45625000000000004 0.284375 0.4645833341346154 0.296875 0.4645833341346154 0.3015625 0.4625 0.296875 0.4333333341346154 0.296875 0.40625 0.29375 0.4041666658653846 0.2796875 0.4020833341346154 0.2828125 0.4208333341346154 0.2828125 0.42708333413461536 0.2796875 0.4354166658653846
836 0.528125 0.2520833341346154 0.31875 0.25 0.31562500000000004 0.48124999999999996 0.515625 0.4708333341346154 0.528125 0.2520833341346154
356 0.809375 0.1541666658653846 0.7421875 0.1520833341346154 0.7328125000000001 0.3083333341346154 0.8125 0.3041666658653846 0.809375 0.1541666658653846
1802 0.6812499999999999 0.5270833341346154 0.6828125 0.4854166658653846 0.6578124999999999 0.475 0.6421874999999999 0.4979166658653846 0.6125 0.5020833341346154 0.6 0.525 0.5953125 0.5395833341346153 0.603125 0.5708333341346153 0.628125 0.59375 0.66875 0.5833333341346154 0.6796875 0.5625 0.6812499999999999 0.5270833341346154
1912 0.5703125 0.56875 0.584375 0.5770833341346153 0.596875 0.5729166658653846 0.5984375 0.56875 0.6046875 0.4916666658653846 0.5875 0.4354166658653846 0.5703125 0.4729166658653846 0.5578125 0.5145833341346153 0.5640625 0.55 0.5703125 0.56875
389 0.3203125 0.49375 0.33125000000000004 0.575 0.421875 0.58125 0.4234375 0.4916666658653846 0.3203125 0.49375
205 0.175 0.4770833341346154 0.184375 0.4729166658653846 0.190625 0.4458333341346154 0.190625 0.42708333413461536 0.190625 0.4083333341346154 0.18593749999999998 0.39375000000000004 0.17031249999999998 0.3770833341346154 0.15 0.39583333413461536 0.1421875 0.4520833341346154 0.1515625 0.48750000000000004 0.175 0.4770833341346154
147 0.0796875 0.4625 0.0640625 0.42500000000000004 0.04375 0.5083333341346153 0.0734375 0.4979166658653846 0.0796875 0.4625
1027 0.521875 0.016666665865384615 0.5125 0.06875 0.825 0.0875 0.871875 0 0.521875 0.016666665865384615
34 0.9578125 0.3 0.95625 0.23541666586538462 0.8843749999999999 0.25 0.8843749999999999 0.2791666658653846 0.8656250000000001 0.2895833341346154 0.8625 0.3 0.9578125 0.3
1888 0.35468750000000004 0.1479166658653846 0.0796875 0.16249999999999998 0.09375 0.35 0.36250000000000004 0.35 0.35468750000000004 0.1479166658653846
1567 0.18593749999999998 0.4833333341346154 0.103125 0.4770833341346154 0.026562500000000003 0.5375 0.09062500000000001 0.54375 0.18593749999999998 0.4833333341346154
1027 0.43437499999999996 0.029166665865384616 0.44062500000000004 0.00625 0.09062500000000001 0 0.09687499999999999 0.03541666586538462 0.15468749999999998 0.07916666586538461 0.44062500000000004 0.05833333413461539 0.43437499999999996 0.029166665865384616
969 0.3140625 0.5895833341346154 0.3421875 0.9666666658653846 0.6921875 0.9624999999999999 0.6937500000000001 0.56875 0.3140625 0.5895833341346154
1131 0.040624999999999994 0.9416666658653846 0.0046875 0.9833333341346153 0.03125 0.9979166658653846 0.0515625 0.9666666658653846 0.040624999999999994 0.9416666658653846
679 0.921875 0.5583333341346154 0.8703125 0.5375 0.8703125 0.5875 0.9156249999999999 0.6125 0.921875 0.5583333341346154
679 0.9859374999999999 0.59375 0.9296875 0.5666666658653846 0.91875 0.6208333341346154 0.9765625 0.6520833341346154 0.9859374999999999 0.59375
679 0.1390625 0.5770833341346153 0.134375 0.5395833341346153 0.09375 0.5625 0.0953125 0.6083333341346153 0.1390625 0.5770833341346153
679 0.2109375 0.5083333341346153 0.20937499999999998 0.5458333341346153 0.321875 0.5416666658653846 0.321875 0.5041666658653846 0.2109375 0.5083333341346153