1885 0.48046875 0.46875 0.5390625 0.47265625 0.54296875 0.39453125 0.48046875 0.3984375 0.48046875 0.46875
792 0.484375 0.47265625 0.1640625 0.99609375 0.8828125 0.99609375 0.5390625 0.48046875 0.484375 0.47265625
1885 0.9140625 0 0.546875 0.39453125 0.54296875 0.47265625 0.890625 1 0.99609375 1 0.99609375 0 0.9140625 0
1885 0.15625 1 0.4765625 0.4765625 0.46875 0.39453125 0.1796875 0.00390625 0.046875 0 0.2421875 0.1640625 0.25 0.80078125 0.109375 0.99609375 0.15625 1
1110 0 0.99609375 0.1015625 1 0.2421875 0.80078125 0.234375 0.17578125 0.0390625 0 0 0.00390625 0 0.99609375
655 0.65234375 0.296875 0.640625 0.61328125 0.68359375 0.671875 0.6875 0.40625 0.6875 0.26953125 0.68359375 0.265625 0.65234375 0.296875
1239 0.11328125 0.265625 0.16015625 0.2890625 0.1640625 0.1875 0.12109375 0.15234375 0.11328125 0.265625
1047 0.2578125 0.125 0.83203125 0.12890625 0.83203125 0.0859375 0.4453125 0.08984375 0.25 0.0859375 0.2578125 0.125
1239 0.22265625 0.46875 0.21875 0.35546875 0.2109375 0.33984375 0.16796875 0.328125 0.1640625 0.453125 0.22265625 0.46875
1239 0.0078125 0.12109375 0.0078125 0.29296875 0.03515625 0.29296875 0.11328125 0.31640625 0.10546875 0.16015625 0.0625 0.1328125 0.0078125 0.12109375
1239 0.20703125 0.5625 0.19921875 0.47265625 0.171875 0.484375 0.17578125 0.58203125 0.20703125 0.5625
1239 0.03515625 0.609375 0.0625 0.59765625 0.0859375 0.59765625 0.1015625 0.5625 0.10546875 0.4375 0.09375 0.4375 0.0234375 0.44140625 0.03515625 0.609375
1239 0.0859375 0.41796875 0.078125 0.31640625 0.03125 0.30078125 0.0234375 0.38671875 0.02734375 0.4296875 0.0859375 0.41796875
1239 0.1484375 0.390625 0.16796875 0.3046875 0.12890625 0.28125 0.125 0.37109375 0.1484375 0.390625
1239 0.0859375 0.31640625 0.08984375 0.3984375 0.10546875 0.42578125 0.12890625 0.421875 0.1328125 0.3984375 0.12109375 0.3203125 0.0859375 0.31640625
1239 0.109375 0.4453125 0.12109375 0.4765625 0.12109375 0.51171875 0.140625 0.5234375 0.1640625 0.4296875 0.140625 0.41015625 0.12109375 0.4296875 0.109375 0.4453125
402 0.17866353124999998 0 0.47265625 0.3984375 0.55078125 0.39453125 0.9105009182692307 0 0.17866353124999998 0