402 0.26171875 0 0.515625 0.40625 0.63671875 0.40625 0.96875 0 0.26171875 0
792 0.62890625 0.59375 0.62109375 0.59375 0.51171875 0.59765625 0.3359375 0.99609375 0.875 0.99609375 0.87109375 0.98046875 0.81640625 0.98046875 0.62890625 0.59375
1885 0.6328125 0.58984375 0.6484375 0.41796875 0.65234375 0.40625 0.5078125 0.40625 0.5078125 0.59375 0.6328125 0.58984375
1885 0.00390625 0 0.00390625 0.99609375 0.33203125 0.99609375 0.5078125 0.59375 0.5078125 0.3984375 0.2578125 0 0.00390625 0
1885 0.9765625 0 0.64453125 0.40234375 0.63671875 0.59375 0.8203125 0.97265625 0.875 0.9765625 0.87890625 0.99609375 0.99609375 0.99609375 0.99609375 0 0.9765625 0
1047 0.4609375 0.23046875 0.59765625 0.2265625 0.6015625 0.15625 0.4296875 0.15625 0.4609375 0.23046875
1047 0.55078125 0.35546875 0.62890625 0.35546875 0.62890625 0.33984375 0.55078125 0.34375 0.55078125 0.35546875
1379 0.00390625 0.9921875 0.01953125 0.9921875 0.1953125 0.84375 0.1875 0.234375 0.0078125 0.1328125 0.00390625 0.9921875
1379 0.35546875 0.6640625 0.35546875 0.32421875 0.21484375 0.23046875 0.21484375 0.77734375 0.35546875 0.6640625
1379 0.4296875 0.61328125 0.4375 0.390625 0.375 0.34765625 0.3828125 0.6484375 0.4296875 0.61328125
1379 0.9921875 0.796875 0.9921875 0.1796875 0.9375 0.22265625 0.9375 0.765625 0.9921875 0.796875
1379 0.80859375 0.6796875 0.8125 0.3359375 0.76171875 0.35546875 0.765625 0.6484375 0.80859375 0.6796875
1379 0.7578125 0.36328125 0.72265625 0.38671875 0.7109375 0.58984375 0.75390625 0.625 0.7578125 0.36328125
655 0.82421875 0.96484375 0.875 0.98828125 0.87890625 0.26953125 0.8203125 0.31640625 0.82421875 0.96484375
605 0.61328125 0.55859375 0.5546875 0.55859375 0.5546875 0.5390625 0.51953125 0.54296875 0.5078125 0.59375 0.61328125 0.5859375 0.61328125 0.55859375