792 0.203125 1 0.93359375 0.99609375 0.546875 0.50390625 0.4296875 0.5078125 0.203125 1
402 0.51953125 0.3671875 0.90625 0.0078125 0.19921875 0 0.4296875 0.37109375 0.51953125 0.3671875
1885 0.1953125 1 0.42578125 0.50390625 0.421875 0.375 0.19140625 0.00390625 0.0078125 0.00390625 0 1 0.1953125 1
1562 0.94140625 0.08203125 0.85546875 0.08203125 0.8515625 0.17578125 0.93359375 0.1796875 0.94140625 0.08203125
867 0.4296875 0.375 0.43359375 0.5 0.53515625 0.5 0.53125 0.40625 0.53515625 0.375 0.4296875 0.375
347 0.62890625 0.59375 0.6640625 0.64453125 0.66015625 0.32421875 0.62890625 0.33984375 0.62890625 0.59375
1885 0.54296875 0.4921875 0.62109375 0.5859375 0.62890625 0.3125 0.625 0.27734375 0.53515625 0.359375 0.54296875 0.4921875
402 0.9140625 0.078125 0.9140625 0.0078125 0.734375 0.171875 0.80859375 0.1640625 0.8515625 0.171875 0.85546875 0.08203125 0.9140625 0.078125
1885 0.73046875 0.72265625 0.734375 0.2890625 0.85546875 0.22265625 0.85546875 0.171875 0.73046875 0.171875 0.66015625 0.23828125 0.671875 0.64453125 0.73046875 0.72265625
347 0.7421875 0.28515625 0.73828125 0.73046875 0.8984375 0.92578125 0.9140625 0.1953125 0.7421875 0.28515625
1885 0.921875 0 0.921875 0.078125 0.921875 0.1875 0.8984375 0.9375 0.9375 0.99609375 0.99609375 0.99609375 0.99609375 0 0.921875 0
1184 0.9140625 0.75390625 0.9453125 0.78515625 0.94921875 0.59765625 0.9140625 0.58984375 0.9140625 0.75390625
1184 0.375 0.3203125 0.3359375 0.30859375 0.34375 0.5 0.3828125 0.4765625 0.375 0.3203125
1184 0.5859375 0.359375 0.5625 0.36328125 0.55859375 0.4765625 0.58203125 0.46484375 0.5859375 0.359375
1047 0.73828125 0.171875 0.734375 0.13671875 0.625 0.1328125 0.234375 0.14453125 0.23828125 0.1875 0.73828125 0.171875
1047 0.609375 0.2890625 0.609375 0.26953125 0.5546875 0.26171875 0.34765625 0.26953125 0.34375 0.28515625 0.609375 0.2890625