792 0.84375 0.99609375 0.53515625 0.5234375 0.44140625 0.5234375 0.12109375 0.99609375 0.84375 0.99609375
402 0.1015625 0 0.43359375 0.3984375 0.5390625 0.40234375 0.87109375 0 0.1015625 0
1885 0.00390625 0 0.00390625 0.99609375 0.11328125 0.99609375 0.4375 0.51953125 0.43359375 0.3984375 0.09765625 0 0.00390625 0
1885 0.875 0 0.5390625 0.40625 0.5390625 0.51953125 0.87109375 0.99609375 0.99609375 0.99609375 0.99609375 0 0.875 0
1942 0.71484375 0.2109375 0.69921875 0.22265625 0.6953125 0.3125 0.9921875 0.125 0.99609375 0 0.91796875 0.0078125 0.71484375 0.2109375
748 0.609375 0.2890625 0.609375 0.328125 0.67578125 0.32421875 0.67578125 0.2890625 0.609375 0.2890625
340 0.6171875 0.33984375 0.6171875 0.625 0.66796875 0.6875 0.671875 0.30859375 0.6171875 0.33984375
1458 0.078125 0.453125 0.09765625 0.453125 0.1015625 0.39453125 0.07421875 0.39453125 0.078125 0.453125
655 0.19140625 0.86328125 0.1953125 0.125 0.1171875 0.03515625 0.125 0.96875 0.19140625 0.86328125
1942 0.1953125 0.859375 0.2421875 0.79296875 0.2421875 0.78515625 0.23828125 0.19140625 0.203125 0.13671875 0.1953125 0.859375
655 0.34765625 0.640625 0.34765625 0.296875 0.30859375 0.26171875 0.3125 0.69140625 0.34765625 0.640625
1379 0.453125 0.50390625 0.50390625 0.50390625 0.50390625 0.42578125 0.45703125 0.42578125 0.453125 0.50390625
655 0.5625 0.41015625 0.5546875 0.5390625 0.5703125 0.546875 0.5703125 0.40234375 0.5625 0.41015625