1885 0.57421875 0.55078125 0.6015625 0.56640625 0.6015625 0.2734375 0.3515625 0.2734375 0.35546875 0.55859375 0.37890625 0.55078125 0.57421875 0.55078125
801 0.375 0.5546875 0.10546875 1 0.83203125 0.9921875 0.578125 0.5546875 0.375 0.5546875
402 0.609375 0.20703125 0.75390625 0 0.19921875 0.00390625 0.359375 0.26953125 0.60546875 0.26953125 0.609375 0.20703125
1922 0.41796875 0.546875 0.5390625 0.546875 0.53515625 0.42578125 0.41796875 0.4296875 0.41796875 0.546875
1884 0.76171875 0 0.6171875 0.2109375 0.60546875 0.58203125 0.83984375 1 0.99609375 1 0.99609375 0.99609375 0.99609375 0 0.76171875 0
1885 0.09375 1 0.35546875 0.57421875 0.35546875 0.56640625 0.3515625 0.265625 0.19140625 0.00390625 0 0 0 1 0.09375 1
1873 0.390625 0 0.25 0.00390625 0.26171875 0.0390625 0.390625 0.0390625 0.390625 0
748 0.5 0.19921875 0.44921875 0.1953125 0.4453125 0.234375 0.50390625 0.234375 0.5 0.19921875
1047 0.4375 0.05078125 0.4453125 0.06640625 0.48046875 0.0703125 0.5234375 0.0625 0.51953125 0.046875 0.5 0.0390625 0.48046875 0.0390625 0.45703125 0.0390625 0.4375 0.05078125
1047 0.49609375 0.18359375 0.5078125 0.16796875 0.4921875 0.15234375 0.4609375 0.15234375 0.4375 0.16015625 0.4453125 0.1796875 0.46875 0.18359375 0.49609375 0.18359375
1562 0.12890625 0.35546875 0.17578125 0.3515625 0.1796875 0.11328125 0.13671875 0.1171875 0.12890625 0.35546875