402 0.03125 0 0.36328125 0.40625 0.484375 0.40625 0.73828125 0 0.03125 0
792 0.18359375 0.98046875 0.12890625 0.98046875 0.125 0.99609375 0.6640625 0.99609375 0.48828125 0.59765625 0.37890625 0.59375 0.37109375 0.59375 0.18359375 0.98046875
1885 0.4921875 0.59375 0.4921875 0.40625 0.34765625 0.40625 0.3515625 0.41796875 0.3671875 0.58984375 0.4921875 0.59375
1885 0.7421875 0 0.4921875 0.3984375 0.4921875 0.59375 0.66796875 0.99609375 0.99609375 0.99609375 0.99609375 0 0.7421875 0
1885 0.00390625 0 0.00390625 0.99609375 0.12109375 0.99609375 0.125 0.9765625 0.1796875 0.97265625 0.36328125 0.59375 0.35546875 0.40234375 0.0234375 0 0.00390625 0
1047 0.5703125 0.15625 0.3984375 0.15625 0.40234375 0.2265625 0.5390625 0.23046875 0.5703125 0.15625
1047 0.44921875 0.34375 0.37109375 0.33984375 0.37109375 0.35546875 0.44921875 0.35546875 0.44921875 0.34375
1379 0.9921875 0.1328125 0.8125 0.234375 0.8046875 0.84375 0.98046875 0.9921875 0.99609375 0.9921875 0.9921875 0.1328125
1379 0.78515625 0.77734375 0.78515625 0.23046875 0.64453125 0.32421875 0.64453125 0.6640625 0.78515625 0.77734375
1379 0.6171875 0.6484375 0.625 0.34765625 0.5625 0.390625 0.5703125 0.61328125 0.6171875 0.6484375
1379 0.0625 0.765625 0.0625 0.22265625 0.0078125 0.1796875 0.0078125 0.796875 0.0625 0.765625
1379 0.234375 0.6484375 0.23828125 0.35546875 0.1875 0.3359375 0.19140625 0.6796875 0.234375 0.6484375
1379 0.24609375 0.625 0.2890625 0.58984375 0.27734375 0.38671875 0.2421875 0.36328125 0.24609375 0.625
655 0.1796875 0.31640625 0.12109375 0.26953125 0.125 0.98828125 0.17578125 0.96484375 0.1796875 0.31640625
605 0.38671875 0.5859375 0.4921875 0.59375 0.48046875 0.54296875 0.4453125 0.5390625 0.4453125 0.55859375 0.38671875 0.55859375 0.38671875 0.5859375