792 0.1796875 1 0.91015625 0.99609375 0.5546875 0.51953125 0.46875 0.51953125 0.1796875 1
402 0.9296875 0.00390625 0.20703125 0.00390625 0.4453125 0.37890625 0.5546875 0.37890625 0.9296875 0.00390625
1942 0.88671875 0.6015625 0.99609375 0.66015625 0.99609375 0.00390625 0.94140625 0.00390625 0.890625 0.05859375 0.88671875 0.6015625
1942 0.99609375 1 0.98828125 0.6640625 0.88671875 0.6015625 0.8828125 0.66015625 0.86328125 0.91796875 0.91796875 1 0.99609375 1
1885 0.8828125 0.05859375 0.74609375 0.1953125 0.75390625 0.296875 0.7421875 0.7578125 0.859375 0.90625 0.8828125 0.05859375
655 0.5 0.37890625 0.49609375 0.51171875 0.546875 0.515625 0.54296875 0.4375 0.55078125 0.37890625 0.5 0.37890625
655 0.4921875 0.515625 0.49609375 0.3828125 0.45703125 0.37890625 0.453125 0.4609375 0.453125 0.515625 0.4921875 0.515625
1885 0.45703125 0.5234375 0.453125 0.38671875 0.203125 0.00390625 0.0078125 0.00390625 0 0.99609375 0.171875 0.99609375 0.45703125 0.5234375
260 0.1484375 0.98828125 0.28515625 0.76171875 0.29296875 0.19140625 0.125 0.03125 0.0234375 0.0234375 0.0390625 0.98828125 0.1484375 0.98828125
1239 0.05078125 0.4765625 0.109375 0.4765625 0.109375 0.2265625 0.0546875 0.20703125 0.05078125 0.4765625
1239 0.171875 0.50390625 0.15625 0.484375 0.12109375 0.4921875 0.1171875 0.70703125 0.140625 0.6953125 0.15234375 0.625 0.18359375 0.59765625 0.171875 0.50390625
1239 0.14453125 0.3984375 0.16796875 0.375 0.1796875 0.265625 0.13671875 0.24609375 0.14453125 0.3984375
1239 0.203125 0.27734375 0.18359375 0.2734375 0.171875 0.3984375 0.203125 0.3984375 0.203125 0.27734375
1239 0.20703125 0.50390625 0.19921875 0.40625 0.16796875 0.40625 0.16796875 0.45703125 0.1796875 0.50390625 0.20703125 0.50390625
1885 0.73046875 0.7421875 0.7421875 0.203125 0.55859375 0.37890625 0.5546875 0.4453125 0.55859375 0.51953125 0.73046875 0.7421875
655 0.4375 0.54296875 0.44921875 0.390625 0.41796875 0.34765625 0.4140625 0.4453125 0.4140625 0.5703125 0.4375 0.54296875
1239 0.26953125 0.55859375 0.2734375 0.49609375 0.234375 0.4921875 0.2265625 0.609375 0.2421875 0.62109375 0.234375 0.65625 0.265625 0.65625 0.265625 0.59765625 0.2890625 0.578125 0.26953125 0.55859375
1239 0.2578125 0.34375 0.28515625 0.34375 0.28515625 0.2578125 0.26171875 0.24609375 0.2578125 0.2578125 0.2578125 0.34375
1239 0.234375 0.2578125 0.21875 0.28515625 0.21484375 0.390625 0.23046875 0.40234375 0.24609375 0.39453125 0.2578125 0.37890625 0.2578125 0.265625 0.234375 0.2578125
1239 0.171875 0.6171875 0.171875 0.640625 0.18359375 0.66015625 0.203125 0.65625 0.203125 0.5546875 0.18359375 0.5546875 0.1875 0.6015625 0.171875 0.6171875
1239 0.24609375 0.484375 0.25 0.44140625 0.234375 0.4375 0.2109375 0.44140625 0.20703125 0.5234375 0.21875 0.53125 0.2265625 0.5234375 0.24609375 0.484375