747 0.6354166658653846 0.32499999999999996 0.6354166658653846 0.303125 0.48958333413461536 0.2421875 0.4916666658653846 0.1953125 0.4958333341346154 0.17812499999999998 0.3708333341346154 0.1765625 0.3583333341346154 0.20625 0.36875 0.2421875 0.2729166658653846 0.3046875 0.2791666658653846 0.34687500000000004 0.5729166658653846 0.34843749999999996 0.6354166658653846 0.32499999999999996
757 0.9333333341346154 0.528125 0.9375 0.484375 0.9479166658653846 0.459375 0.9104166658653846 0.47187500000000004 0.9083333341346154 0.53125 0.9104166658653846 0.553125 0.9375 0.5578125 0.9624999999999999 0.515625 0.9458333341346153 0.5078125 0.9333333341346154 0.528125
519 0.5604166658653846 0.9937499999999999 0.7375 0.9734375 0.7354166658653847 0.6578124999999999 0.6125 0.5953125 0.11875 0.6125 0.07708333413461539 0.6625000000000001 0.07708333413461539 0.9734375 0.075 0.9859374999999999 0.5604166658653846 0.9937499999999999
1202 0.2645833341346154 0.9046875000000001 0.4979166658653846 0.8859375 0.47916666586538464 0.70625 0.35 0.6984375 0.25625 0.7109375 0.2541666658653846 0.7953125000000001 0.2645833341346154 0.8812500000000001 0.2645833341346154 0.9046875000000001
905 0.175 0.4140625 0.1520833341346154 0.38749999999999996 0.12291666586538462 0.353125 0.11458333413461538 0.38749999999999996 0.08124999999999999 0.4125 0.08958333413461537 0.43281250000000004 0.11458333413461538 0.459375 0.11875 0.484375 0.13958333413461538 0.528125 0.1520833341346154 0.484375 0.1645833341346154 0.4625 0.17291666586538462 0.4375 0.175 0.4140625
520 0.6104166658653847 0.6203125 0.575 0.625 0.5395833341346153 0.6203125 0.4916666658653846 0.621875 0.5020833341346154 0.6265624999999999 0.5020833341346154 0.6359375 0.525 0.6359375 0.5604166658653846 0.6375 0.6041666658653846 0.6359375 0.6104166658653847 0.6203125
999 0.6729166658653847 0.1984375 0.6812499999999999 0.3921875 0.7375 0.38125 0.9958333341346154 0.384375 0.9895833341346154 0.171875 0.7354166658653847 0.175 0.6729166658653847 0.1984375
1102 0.5854166658653847 0.4 0.6604166658653846 0.4 0.6666666658653846 0.34375 0.5854166658653847 0.34843749999999996 0.5854166658653847 0.4
910 0.8833333341346153 0.365625 0.9666666658653846 0.37812500000000004 0.9624999999999999 0.3046875 0.8770833341346154 0.30781250000000004 0.8833333341346153 0.365625
1737 0.13958333413461538 0.778125 0.18125000000000002 0.7765625 0.22499999999999998 0.734375 0.14166666586538462 0.6656249999999999 0.08124999999999999 0.6734374999999999 0.025 0.6921875 0.008333334134615384 0.7765625 0.12083333413461537 0.8031250000000001 0.13958333413461538 0.778125
1457 0.1645833341346154 0 0.2229166658653846 0.1328125 0.275 0.12187500000000001 0.2479166658653846 0.0046875 0.1645833341346154 0
1457 0.4666666658653846 0.11875 0.4666666658653846 0.134375 0.53125 0.1390625 0.6291666658653846 0.0046875 0.525 0.003125 0.4666666658653846 0.11875
1457 0.9958333341346154 0.048437499999999994 0.9958333341346154 0 0.9520833341346153 0.0046875 0.7625 0.1265625 0.7645833341346153 0.146875 0.8416666658653846 0.1515625 0.9958333341346154 0.048437499999999994
1339 0.7166666658653846 0.4078125 0.71875 0.54375 0.7645833341346153 0.5375 0.7625 0.40625 0.7166666658653846 0.4078125
1338 0.8270833341346153 0.5453125 0.8479166658653846 0.5484375 0.8520833341346153 0.5296875 0.8520833341346153 0.40312499999999996 0.825 0.40625 0.8270833341346153 0.5453125
1760 0.13125 0.2734375 0.1895833341346154 0.2734375 0.1916666658653846 0.22812500000000002 0.13541666586538462 0.2296875 0.13125 0.2734375
1564 0.9875 0.590625 0.9854166658653847 0.5515625 0.8083333341346154 0.5671875 0.9145833341346153 0.59375 0.9875 0.590625