747 0.42708333413461536 0.34843749999999996 0.7208333341346154 0.34687500000000004 0.7270833341346153 0.3046875 0.6312500000000001 0.2421875 0.6416666658653847 0.20625 0.6291666658653846 0.1765625 0.5041666658653846 0.17812499999999998 0.5083333341346153 0.1953125 0.5104166658653846 0.2421875 0.36458333413461536 0.303125 0.36458333413461536 0.32499999999999996 0.42708333413461536 0.34843749999999996
757 0.054166665865384614 0.5078125 0.0375 0.515625 0.0625 0.5578125 0.08958333413461537 0.553125 0.09166666586538462 0.53125 0.08958333413461537 0.47187500000000004 0.05208333413461538 0.459375 0.0625 0.484375 0.06666666586538461 0.528125 0.054166665865384614 0.5078125
519 0.925 0.9859374999999999 0.9229166658653847 0.9734375 0.9229166658653847 0.6625000000000001 0.8812500000000001 0.6125 0.38749999999999996 0.5953125 0.2645833341346154 0.6578124999999999 0.2625 0.9734375 0.4395833341346154 0.9937499999999999 0.925 0.9859374999999999
1202 0.7354166658653847 0.8812500000000001 0.7458333341346154 0.7953125000000001 0.7437499999999999 0.7109375 0.6499999999999999 0.6984375 0.5208333341346154 0.70625 0.5020833341346154 0.8859375 0.7354166658653847 0.9046875000000001 0.7354166658653847 0.8812500000000001
905 0.8270833341346153 0.4375 0.8354166658653847 0.4625 0.8479166658653846 0.484375 0.8604166658653847 0.528125 0.8812500000000001 0.484375 0.8854166658653846 0.459375 0.9104166658653846 0.43281250000000004 0.91875 0.4125 0.8854166658653846 0.38749999999999996 0.8770833341346154 0.353125 0.8479166658653846 0.38749999999999996 0.825 0.4140625 0.8270833341346153 0.4375
520 0.39583333413461536 0.6359375 0.4395833341346154 0.6375 0.475 0.6359375 0.4979166658653846 0.6359375 0.4979166658653846 0.6265624999999999 0.5083333341346153 0.621875 0.4604166658653846 0.6203125 0.42500000000000004 0.625 0.3895833341346154 0.6203125 0.39583333413461536 0.6359375
999 0.2645833341346154 0.175 0.010416665865384615 0.171875 0.0041666658653846155 0.384375 0.2625 0.38125 0.31875 0.3921875 0.3270833341346154 0.1984375 0.2645833341346154 0.175
1102 0.4145833341346154 0.34843749999999996 0.33333333413461536 0.34375 0.3395833341346154 0.4 0.4145833341346154 0.4 0.4145833341346154 0.34843749999999996
910 0.12291666586538462 0.30781250000000004 0.0375 0.3046875 0.03333333413461538 0.37812500000000004 0.11666666586538461 0.365625 0.12291666586538462 0.30781250000000004
1737 0.8791666658653846 0.8031250000000001 0.9916666658653847 0.7765625 0.9750000000000001 0.6921875 0.91875 0.6734374999999999 0.8583333341346153 0.6656249999999999 0.7749999999999999 0.734375 0.8187500000000001 0.7765625 0.8604166658653847 0.778125 0.8791666658653846 0.8031250000000001
1457 0.7520833341346154 0.0046875 0.7250000000000001 0.12187500000000001 0.7770833341346154 0.1328125 0.8354166658653847 0 0.7520833341346154 0.0046875
1457 0.475 0.003125 0.3708333341346154 0.0046875 0.46875 0.1390625 0.5333333341346154 0.134375 0.5333333341346154 0.11875 0.475 0.003125
1457 0.1583333341346154 0.1515625 0.23541666586538462 0.146875 0.2375 0.1265625 0.047916665865384615 0.0046875 0.0041666658653846155 0 0.0041666658653846155 0.048437499999999994 0.1583333341346154 0.1515625
1339 0.2375 0.40625 0.23541666586538462 0.5375 0.28125 0.54375 0.2833333341346154 0.4078125 0.2375 0.40625
1338 0.175 0.40625 0.1479166658653846 0.40312499999999996 0.1479166658653846 0.5296875 0.1520833341346154 0.5484375 0.17291666586538462 0.5453125 0.175 0.40625
1760 0.8645833341346154 0.2296875 0.8083333341346154 0.22812500000000002 0.8104166658653846 0.2734375 0.8687499999999999 0.2734375 0.8645833341346154 0.2296875
1564 0.08541666586538461 0.59375 0.1916666658653846 0.5671875 0.014583334134615385 0.5515625 0.0125 0.590625 0.08541666586538461 0.59375