1294 0.785 0.6563573894230769 0.785 0.7697594495192307 0.795 0.862542954326923 0.8025 0.8865979375 0.7749999999999999 0.9072164951923077 0.7725000000000001 0.9347079038461538 0.8 0.938144329326923 0.8200000000000001 0.9312714783653846 0.84 0.9312714783653846 0.8575 0.924398625 0.8575 0.7422680408653846 0.865 0.7285223365384615 0.87 0.9347079038461538 0.8524999999999999 0.9759450168269231 0.87 0.9896907211538462 0.905 0.986254295673077 0.9225 0.9621993125 0.9349999999999999 0.9415807572115384 0.9349999999999999 0.7010309278846154 0.9400000000000001 0.6632302403846153 0.9400000000000001 0.5463917524038462 0.955 0.5154639182692308 0.9525 0.4673539519230769 0.9600000000000001 0.39175257692307697 0.9675 0.3573883173076923 0.9725 0.3024054975961538 0.9624999999999999 0.23367697596153844 0.9475 0.1821305841346154 0.9175 0.17182130528846157 0.89 0.16494845432692307 0.875 0.15120275 0.88 0.11683848798076922 0.88 0.08591065384615384 0.875 0.07216494951923078 0.87 0.05841924278846154 0.87 0.04123711298076923 0.865 0.030927834134615383 0.8475 0.024054983173076923 0.825 0.024054983173076923 0.8075 0.027491408653846156 0.795 0.044673538461538466 0.7875000000000001 0.06872852163461539 0.7899999999999999 0.09965635817307693 0.8075 0.12714776682692308 0.8099999999999999 0.15120275 0.8150000000000001 0.1683848798076923 0.8200000000000001 0.17869415865384616 0.8099999999999999 0.19587628846153848 0.8 0.2199312716346154 0.7875000000000001 0.23367697596153844 0.7825 0.26804123798076923 0.7825 0.3367697596153846 0.7725000000000001 0.3470790384615385 0.7625 0.3573883173076923 0.75 0.3642611682692308 0.755 0.37800687259615384 0.7625 0.39175257692307697 0.7825 0.40549828125 0.7975 0.40549828125 0.7975 0.42268041346153845 0.7899999999999999 0.4982817860576923 0.785 0.5257731947115385 0.7825 0.5704467355769232 0.785 0.6563573894230769
1286 0.21250000000000002 0.5395189014423077 0.20500000000000002 0.4982817860576923 0.17750000000000002 0.45017182211538465 0.1475 0.45017182211538465 0.1275 0.4673539519230769 0.12000000000000001 0.48797250961538463 0.11750000000000001 0.5189003437499999 0.1225 0.5463917524038462 0.13 0.5704467355769232 0.1325 0.5876288653846153 0.1225 0.6013745697115385 0.1475 0.6494845360576923 0.14250000000000002 0.6804123701923076 0.1475 0.7250859110576923 0.13 0.7353951899038461 0.12000000000000001 0.7491408942307692 0.18 0.7525773197115384 0.1825 0.6838487980769231 0.2475 0.6804123701923076 0.2825 0.6804123701923076 0.255 0.618556701923077 0.23249999999999998 0.5773195865384616 0.22 0.5463917524038462 0.21250000000000002 0.5395189014423077
1643 0.0025 0.1305841923076923 0.0025 0.32646048076923073 0.045 0.31615120192307694 0.11750000000000001 0.17869415865384616 0.12000000000000001 0.075601375 0.030000000000000002 0.075601375 0.0025 0.1305841923076923
1826 0.19749999999999998 0.9931271466346154 0.1925 0.8316151201923077 0.6525 0.8522336778846153 0.6525 0.9965635745192307 0.7250000000000001 0.9965635745192307 0.7225 0.8591065288461538 0.865 0.872852233173077 0.8575 0.7766323028846155 0.0725 0.7422680408653846 0.055 0.7457044663461538 0.055 0.8213058413461538 0.16249999999999998 0.8316151201923077 0.1475 0.9931271466346154 0.19749999999999998 0.9931271466346154
1827 0.6649999999999999 0.7491408942307692 0.6649999999999999 0.7697594495192307 0.72 0.7731958774038462 0.72 0.7525773197115384 0.825 0.7560137451923077 0.8200000000000001 0.6872852235576924 0.185 0.6838487980769231 0.18 0.7457044663461538 0.6649999999999999 0.7491408942307692
1523 0.6799999999999999 0.32646048076923073 0.4525 0.32646048076923073 0.375 0.32989690625 0.3825 0.6769759447115384 0.6825 0.6838487980769231 0.6799999999999999 0.32646048076923073
792 0 0.9931271466346154 0.995 0.9931271466346154 0.995 0.5704467355769232 0.735 0.5601374567307692 0.3375 0.5326460480769231 0 0.6554477451923078 0 0.9931271466346154
402 0.34750000000000003 0.20274914182692308 0.995 0.1615120264423077 0.995 0 0.14 0.075601375 0.15 0.15120275 0.34750000000000003 0.20274914182692308
1070 0.0025 0 0.0025 0.12371134134615384 0.0375 0.07216494951923078 0.12000000000000001 0.06872852163461539 0.99 0 0.0025 0
1885 0 0.6554293028846154 0.33999999999999997 0.5292096225961539 0.34249999999999997 0.2405498293269231 0.34249999999999997 0.1993127139423077 0.0025 0.12371134134615384 0 0.3900343653846154 0 0.6554293028846154
1885 0.995 0.5704467355769232 0.995 0.37800687259615384 0.995 0.15807560096153847 0.34249999999999997 0.1993127139423077 0.33999999999999997 0.5326460480769231 0.995 0.5704467355769232
852 0.6775 0.32646048076923073 0.6825 0.6838487980769231 0.7124999999999999 0.6872852235576924 0.735 0.6426116826923077 0.7175 0.3195876298076923 0.6425 0.30584192548076927 0.6 0.3230240552884615 0.6775 0.32646048076923073
423 0.295 0.6597938149038461 0.35500000000000004 0.6563573894230769 0.35500000000000004 0.6804123701923076 0.37 0.6804123701923076 0.37 0.6563573894230769 0.38 0.6529209615384615 0.3825 0.6219931274038462 0.33999999999999997 0.6151202740384616 0.34249999999999997 0.55670103125 0.3775 0.5635738822115385 0.38 0.4982817860576923 0.3275 0.5017182139423076 0.3225 0.5498281778846154 0.33 0.5498281778846154 0.33249999999999996 0.618556701923077 0.2825 0.6391752572115385 0.2825 0.6804123701923076 0.29250000000000004 0.6804123701923076 0.295 0.6597938149038461