1542 0.5700000000000001 0 0.572 0.4826666658653846 0.994 0.8133333341346154 0.9920065360576923 0 0.5700000000000001 0
1542 0 0 0 0.7510582740384616 0.5700000000000001 0.4826666658653846 0.5700000000000001 0 0 0
522 0.748 0.3146666658653846 0.76 0.3066666658653846 0.764 0.2933333341346154 0.764 0.2826666658653846 0.748 0.272 0.738 0.2613333341346154 0.716 0.2666666658653846 0.6940000000000001 0.28533333413461537 0.6839999999999999 0.2826666658653846 0.6679999999999999 0.296 0.6479999999999999 0.304 0.6340000000000001 0.3173333341346154 0.63 0.33866666586538463 0.6319999999999999 0.34666666586538464 0.646 0.352 0.654 0.352 0.6659999999999999 0.352 0.6900000000000001 0.33333333413461536 0.712 0.328 0.728 0.32533333413461535 0.748 0.3146666658653846
522 0.8099999999999999 0.392 0.8360000000000001 0.368 0.862 0.35466666586538464 0.864 0.328 0.8140000000000001 0.3013333341346154 0.798 0.3093333341346154 0.7759999999999999 0.32 0.748 0.33333333413461536 0.73 0.34933333413461537 0.704 0.3733333341346154 0.704 0.3946666658653846 0.734 0.41333333413461537 0.7420000000000001 0.41066666586538464 0.7579999999999999 0.3893333341346154 0.772 0.3973333341346154 0.784 0.4 0.8099999999999999 0.392
522 0.8999999999999999 0.47200000000000003 0.92 0.448 0.922 0.42666666586538465 0.912 0.40800000000000003 0.924 0.40266666586538463 0.948 0.384 0.954 0.3706666658653846 0.9339999999999999 0.36266666586538465 0.906 0.34933333413461537 0.858 0.35466666586538464 0.83 0.3786666658653846 0.778 0.40266666586538463 0.762 0.4293333341346154 0.77 0.44266666586538467 0.7899999999999999 0.456 0.8059999999999999 0.45866666586538457 0.8140000000000001 0.4693333341346154 0.8360000000000001 0.4826666658653846 0.8500000000000001 0.47200000000000003 0.8520000000000001 0.45066666586538456 0.842 0.432 0.856 0.42666666586538465 0.874 0.43466666586538466 0.89 0.456 0.8999999999999999 0.47200000000000003
327 0.88 0.09866666586538461 0.874 0.09866666586538461 0.848 0.08533333413461539 0.804 0.08 0.778 0.07733333413461539 0.766 0.088 0.748 0.096 0.732 0.09866666586538461 0.7240000000000001 0.1013333341346154 0.712 0.10666666586538462 0.704 0.12266666586538462 0.702 0.1306666658653846 0.6859999999999999 0.1306666658653846 0.674 0.14400000000000002 0.672 0.16 0.66 0.16 0.646 0.184 0.8659999999999999 0.2933333341346154 0.886 0.09866666586538461 0.88 0.09866666586538461
626 0.584 0.48000000000000004 0.5559999999999999 0.48800000000000004 0.532 0.504 0.5 0.5333333341346154 0.484 0.56 0.476 0.5946666658653846 0.484 0.6293333341346153 0.494 0.6533333341346155 0.516 0.6826666658653846 0.5479999999999999 0.6986666658653846 0.5860000000000001 0.704 0.628 0.712 0.6479999999999999 0.7013333341346153 0.6799999999999999 0.6933333341346154 0.696 0.6826666658653846 0.736 0.6426666658653846 0.752 0.608 0.752 0.5653333341346154 0.744 0.5386666658653846 0.7240000000000001 0.512 0.6819999999999999 0.4853333341346154 0.638 0.4746666658653846 0.628 0.4773333341346154 0.61 0.4773333341346154 0.584 0.48000000000000004
352 0.6340000000000001 0.552 0.642 0.5866666658653846 0.652 0.592 0.72 0.5733333341346154 0.716 0.5493333341346154 0.704 0.5066666658653847 0.6340000000000001 0.528 0.6340000000000001 0.552
352 0.606 0.5573333341346154 0.628 0.5493333341346154 0.64 0.52 0.638 0.5066666658653847 0.6180000000000001 0.4906666658653846 0.6 0.4826666658653846 0.58 0.4826666658653846 0.564 0.4933333341346154 0.546 0.512 0.5479999999999999 0.5386666658653846 0.562 0.5546666658653846 0.574 0.5573333341346154 0.5860000000000001 0.5573333341346154 0.606 0.5573333341346154
352 0.506 0.5333333341346154 0.526 0.6453333341346154 0.546 0.6479999999999999 0.566 0.656 0.562 0.6426666658653846 0.538 0.5226666658653847 0.524 0.5253333341346154 0.516 0.5253333341346154 0.506 0.5333333341346154
325 0.608 0.6746666658653846 0.642 0.6880000000000001 0.6659999999999999 0.6799999999999999 0.676 0.6586666658653846 0.6799999999999999 0.6346666658653847 0.6639999999999999 0.6106666658653845 0.644 0.5866666658653846 0.622 0.5706666658653846 0.602 0.5653333341346154 0.584 0.5680000000000001 0.572 0.584 0.5680000000000001 0.6106666658653845 0.572 0.6346666658653847 0.5780000000000001 0.6453333341346154 0.59 0.6613333341346154 0.608 0.6746666658653846
1283 0.07200000000000001 0.3946666658653846 0.064 0.432 0.068 0.4613333341346154 0.076 0.4826666658653846 0.088 0.5173333341346154 0.10400000000000001 0.5466666658653846 0.116 0.5653333341346154 0.136 0.5866666658653846 0.15 0.5866666658653846 0.15799999999999997 0.6 0.17200000000000001 0.6106666658653845 0.186 0.6106666658653845 0.20199999999999999 0.6293333341346153 0.22 0.6373333341346155 0.24800000000000003 0.6586666658653846 0.268 0.6799999999999999 0.26 0.7093333341346154 0.26 0.7333333341346153 0.268 0.752 0.27799999999999997 0.768 0.272 0.7733333341346154 0.262 0.8053333341346154 0.252 0.8053333341346154 0.246 0.8160000000000001 0.24000000000000002 0.8373333341346154 0.24000000000000002 0.864 0.238 0.8826666658653846 0.246 0.9066666658653847 0.254 0.9333333341346154 0.268 0.9706666658653845 0.28400000000000003 0.9946666658653847 0.35 0.9973333341346154 0.348 0.9786666658653846 0.336 0.9359999999999999 0.32 0.8826666658653846 0.31599999999999995 0.864 0.312 0.8346666658653846 0.33 0.8186666658653846 0.36 0.7946666658653846 0.376 0.7866666658653846 0.40599999999999997 0.7626666658653847 0.41800000000000004 0.7493333341346153 0.424 0.7413333341346154 0.444 0.728 0.454 0.712 0.44999999999999996 0.6986666658653846 0.43400000000000005 0.6906666658653846 0.40399999999999997 0.6799999999999999 0.398 0.6479999999999999 0.44200000000000006 0.672 0.482 0.696 0.498 0.704 0.508 0.728 0.52 0.7333333341346153 0.53 0.7386666658653845 0.538 0.7386666658653845 0.55 0.7386666658653845 0.5579999999999999 0.736 0.566 0.7306666658653846 0.574 0.72 0.588 0.72 0.592 0.7093333341346154 0.59 0.6986666658653846 0.602 0.6880000000000001 0.5940000000000001 0.6773333341346154 0.564 0.6586666658653846 0.5399999999999999 0.6506666658653846 0.506 0.64 0.464 0.6186666658653847 0.43400000000000005 0.5946666658653846 0.42 0.5813333341346154 0.436 0.5546666658653846 0.462 0.52 0.494 0.4826666658653846 0.512 0.48800000000000004 0.524 0.5013333341346153 0.5579999999999999 0.4853333341346154 0.588 0.4773333341346154 0.62 0.47200000000000003 0.62 0.45866666586538457 0.604 0.4613333341346154 0.584 0.45866666586538457 0.5760000000000001 0.4533333341346154 0.5700000000000001 0.456 0.552 0.45866666586538457 0.544 0.456 0.516 0.43466666586538466 0.484 0.40800000000000003 0.462 0.368 0.47200000000000003 0.36 0.482 0.336 0.48800000000000004 0.336 0.502 0.33333333413461536 0.508 0.336 0.518 0.34933333413461537 0.53 0.34933333413461537 0.542 0.34400000000000003 0.554 0.328 0.5680000000000001 0.3066666658653846 0.582 0.28800000000000003 0.59 0.2506666658653846 0.6 0.24000000000000002 0.604 0.2213333341346154 0.612 0.192 0.614 0.16533333413461537 0.61 0.14133333413461538 0.596 0.10933333413461538 0.58 0.09066666586538462 0.566 0.07466666586538462 0.542 0.06933333413461538 0.516 0.07466666586538462 0.494 0.09066666586538462 0.484 0.11466666586538461 0.474 0.14666666586538463 0.47200000000000003 0.16533333413461537 0.464 0.168 0.44999999999999996 0.16533333413461537 0.41600000000000004 0.17333333413461538 0.378 0.176 0.33199999999999996 0.17866666586538463 0.286 0.18933333413461537 0.246 0.2026666658653846 0.216 0.2133333341346154 0.178 0.22933333413461537 0.156 0.256 0.138 0.28800000000000003 0.108 0.336 0.098 0.34933333413461537 0.08600000000000001 0.3653333341346154 0.07200000000000001 0.3946666658653846
353 0.272 0.18933333413461537 0.33999999999999997 0.17333333413461538 0.37 0.1626666658653846 0.376 0.17066666586538462 0.4 0.17066666586538462 0.43400000000000005 0.16 0.446 0.14666666586538463 0.44 0.13866666586538462 0.428 0.1306666658653846 0.41600000000000004 0.12000000000000001 0.398 0.11733333413461539 0.386 0.10666666586538462 0.37 0.1013333341346154 0.356 0.09066666586538462 0.20199999999999999 0.14400000000000002 0.218 0.168 0.24800000000000003 0.192 0.272 0.18933333413461537
353 0 0.27056410096153843 0.024 0.3173333341346154 0.098 0.2906666658653846 0.108 0.2826666658653846 0.16199999999999998 0.2453333341346154 0.106 0.168 0.042 0.18933333413461537 0.044 0.192 0.002 0.20533333413461538 0 0.23600000000000002 0 0.27056410096153843
353 0.066 0.424 0.07200000000000001 0.384 0.09 0.352 0.006 0.392 0.01 0.4 0.016 0.41600000000000004 0.026000000000000002 0.4293333341346154 0.030000000000000002 0.448 0.04 0.464 0.05 0.4853333341346154 0.064 0.52 0.08600000000000001 0.52 0.076 0.4826666658653846 0.066 0.424
792 0 0.997328 0.998 0.9946666658653847 0.994 0.8106666658653846 0.5700000000000001 0.48000000000000004 0 0.7483916081730769 0 0.997328