1542 0.9139999999999999 0.9946666658653847 0.922 0.7759999999999999 0.904 0.7333333341346153 0.6799999999999999 0.7253333341346154 0.14200000000000002 0.6906666658653846 0.112 0.6906666658653846 0.056 0.6933333341346154 0.042 0.6826666658653846 0.078 0.6506666658653846 0.12400000000000001 0.6133333341346154 0.002 0.6026666658653845 0.002 0.9946666658653847 0.9139999999999999 0.9946666658653847
1819 0.744 0.696 0.7420000000000001 0.7226666658653845 0.9380000000000001 0.7333333341346153 0.9440000000000001 0.704 0.9380000000000001 0.6933333341346154 0.9339999999999999 0.704 0.744 0.696
522 0.75 0.6266666658653846 0.75 0.64 0.744 0.6586666658653846 0.748 0.6826666658653846 0.754 0.6933333341346154 0.76 0.696 0.788 0.7013333341346153 0.876 0.6986666658653846 0.908 0.7013333341346153 0.9359999999999999 0.6986666658653846 0.9359999999999999 0.6906666658653846 0.9359999999999999 0.6693333341346153 0.926 0.6426666658653846 0.9159999999999999 0.6159999999999999 0.904 0.6293333341346153 0.8979999999999999 0.6053333341346154 0.88 0.5893333341346154 0.87 0.5973333341346154 0.858 0.5893333341346154 0.844 0.5973333341346154 0.83 0.5973333341346154 0.8099999999999999 0.584 0.8 0.5893333341346154 0.786 0.592 0.772 0.6 0.76 0.6133333341346154 0.75 0.6266666658653846
1819 0.74 0.7226666658653845 0.74 0.6906666658653846 0.7260000000000001 0.6933333341346154 0.5479999999999999 0.6853333341346153 0.546 0.712 0.74 0.7226666658653845
522 0.5940000000000001 0.6133333341346154 0.592 0.6319999999999999 0.574 0.6479999999999999 0.562 0.6639999999999999 0.554 0.6746666658653846 0.5579999999999999 0.6826666658653846 0.5700000000000001 0.6826666658653846 0.592 0.6826666658653846 0.638 0.6853333341346153 0.7 0.6906666658653846 0.732 0.6826666658653846 0.7420000000000001 0.6853333341346153 0.746 0.6773333341346154 0.738 0.6613333341346154 0.748 0.6346666658653847 0.7420000000000001 0.6186666658653847 0.736 0.6159999999999999 0.7260000000000001 0.608 0.714 0.6026666658653845 0.696 0.6026666658653845 0.672 0.608 0.658 0.6053333341346154 0.644 0.5946666658653846 0.628 0.5893333341346154 0.62 0.5973333341346154 0.62 0.608 0.61 0.6133333341346154 0.5940000000000001 0.6133333341346154
1819 0.364 0.704 0.544 0.7146666658653846 0.546 0.6853333341346153 0.364 0.6773333341346154 0.364 0.696 0.364 0.704
522 0.422 0.6293333341346153 0.414 0.6346666658653847 0.4 0.6479999999999999 0.386 0.6639999999999999 0.39 0.6746666658653846 0.402 0.6773333341346154 0.424 0.6799999999999999 0.454 0.6799999999999999 0.492 0.6826666658653846 0.53 0.6826666658653846 0.552 0.6853333341346153 0.5579999999999999 0.6613333341346154 0.5700000000000001 0.6506666658653846 0.582 0.64 0.582 0.624 0.574 0.6186666658653847 0.56 0.6186666658653847 0.538 0.6133333341346154 0.506 0.6159999999999999 0.486 0.6106666658653845 0.462 0.6159999999999999 0.44999999999999996 0.6159999999999999 0.422 0.6293333341346153
1819 0.256 0.696 0.36200000000000004 0.704 0.36200000000000004 0.6906666658653846 0.258 0.6826666658653846 0.256 0.696
522 0.3 0.6373333341346155 0.286 0.6479999999999999 0.27399999999999997 0.6586666658653846 0.266 0.6746666658653846 0.27799999999999997 0.6853333341346153 0.294 0.6826666658653846 0.322 0.6853333341346153 0.36 0.6880000000000001 0.366 0.6746666658653846 0.378 0.6746666658653846 0.38799999999999996 0.656 0.394 0.6453333341346154 0.39599999999999996 0.6373333341346155 0.38799999999999996 0.6266666658653846 0.378 0.624 0.368 0.6213333341346154 0.35400000000000004 0.6133333341346154 0.34199999999999997 0.6159999999999999 0.318 0.6293333341346153 0.3 0.6373333341346155
183 0.4 0.6426666658653846 0.414 0.6346666658653847 0.43400000000000005 0.6159999999999999 0.428 0.6 0.41600000000000004 0.5893333341346154 0.4 0.5893333341346154 0.4 0.5786666658653846 0.39599999999999996 0.5813333341346154 0.39599999999999996 0.592 0.364 0.6 0.358 0.6133333341346154 0.382 0.6186666658653847 0.394 0.6293333341346153 0.4 0.6426666658653846
1819 0.056 0.6880000000000001 0.076 0.6880000000000001 0.126 0.6880000000000001 0.14400000000000002 0.6799999999999999 0.12000000000000001 0.6773333341346154 0.10400000000000001 0.6666666658653846 0.076 0.656 0.060000000000000005 0.6639999999999999 0.042 0.6746666658653846 0.044 0.6799999999999999 0.056 0.6880000000000001
1065 0.14400000000000002 0.6746666658653846 0.15399999999999997 0.6693333341346153 0.164 0.6586666658653846 0.156 0.6426666658653846 0.148 0.6293333341346153 0.12400000000000001 0.624 0.116 0.6213333341346154 0.098 0.6213333341346154 0.08 0.6293333341346153 0.076 0.6453333341346154 0.078 0.6586666658653846 0.096 0.6613333341346154 0.11 0.672 0.126 0.6773333341346154 0.14400000000000002 0.6746666658653846
1819 0.254 0.696 0.254 0.6853333341346153 0.24400000000000002 0.6853333341346153 0.146 0.6799999999999999 0.14400000000000002 0.6853333341346153 0.254 0.696
1068 0.26999999999999996 0.6426666658653846 0.24000000000000002 0.64 0.216 0.64 0.196 0.6533333341346155 0.178 0.6693333341346153 0.16599999999999998 0.6773333341346154 0.24000000000000002 0.6826666658653846 0.262 0.6799999999999999 0.282 0.6479999999999999 0.26999999999999996 0.6426666658653846
522 0.16999999999999998 0.584 0.15799999999999997 0.584 0.14200000000000002 0.592 0.138 0.6106666658653845 0.132 0.6213333341346154 0.14200000000000002 0.6266666658653846 0.152 0.624 0.15799999999999997 0.6346666658653847 0.17200000000000001 0.6453333341346154 0.19399999999999998 0.6453333341346154 0.216 0.6346666658653847 0.232 0.6213333341346154 0.24800000000000003 0.6133333341346154 0.24000000000000002 0.6 0.226 0.5946666658653846 0.216 0.592 0.19 0.5733333341346154 0.178 0.584 0.16999999999999998 0.584
1523 1 0.4746666658653846 0.998 0.216 0.88 0.22666666586538461 0.6499999999999999 0.23733333413461538 0.28400000000000003 0.24800000000000003 0.268 0.256 0.276 0.5733333341346154 0.252 0.5786666658653846 0.254 0.6106666658653845 0.92 0.6213333341346154 0.9440000000000001 0.7306666658653846 1 0.7332413798076923 1 0.4746666658653846
1490 0.212 0.536 0.19 0.5573333341346154 0.176 0.5786666658653846 0.24800000000000003 0.5786666658653846 0.27399999999999997 0.5706666658653846 0.272 0.544 0.24000000000000002 0.544 0.238 0.512 0.246 0.5066666658653847 0.24400000000000002 0.44266666586538467 0.22 0.44 0.218 0.504 0.218 0.5386666658653846 0.212 0.536
392 0.060000000000000005 0.5626666658653846 0.060000000000000005 0.5493333341346154 0.016 0.5413333341346154 0.002 0.5226666658653847 0.002 0.6293333341346153 0.076 0.6026666658653845 0.076 0.5680000000000001 0.060000000000000005 0.5626666658653846
1286 0.55 0.6106666658653845 0.5579999999999999 0.6106666658653845 0.55 0.5706666658653846 0.55 0.5493333341346154 0.5479999999999999 0.52 0.542 0.5066666658653847 0.528 0.4933333341346154 0.51 0.4773333341346154 0.502 0.4666666658653846 0.502 0.456 0.504 0.44 0.51 0.41333333413461537 0.49600000000000005 0.384 0.484 0.376 0.46599999999999997 0.384 0.46 0.40266666586538463 0.45799999999999996 0.41866666586538465 0.462 0.4373333341346154 0.464 0.4533333341346154 0.46599999999999997 0.47200000000000003 0.464 0.4826666658653846 0.444 0.4826666658653846 0.432 0.4986666658653846 0.42600000000000005 0.5253333341346154 0.424 0.5413333341346154 0.424 0.552 0.422 0.5893333341346154 0.428 0.6026666658653845 0.44 0.6106666658653845 0.47200000000000003 0.6106666658653845 0.49600000000000005 0.6106666658653845 0.51 0.6186666658653847 0.524 0.6186666658653847 0.536 0.6106666658653845 0.55 0.6106666658653845
291 0.714 0.2 0.714 0.22933333413461537 0.734 0.22933333413461537 0.734 0.2 0.728 0.192 0.728 0.17866666586538463 0.722 0.17866666586538463 0.722 0.19466666586538464 0.714 0.2
291 0.748 0.22666666586538461 0.768 0.22933333413461537 0.77 0.2 0.76 0.192 0.76 0.17866666586538463 0.752 0.17866666586538463 0.752 0.192 0.746 0.2 0.748 0.22666666586538461
296 0.782 0.22666666586538461 0.7919999999999999 0.224 0.8119999999999999 0.224 0.8140000000000001 0.19733333413461537 0.8059999999999999 0.192 0.8059999999999999 0.176 0.8 0.176 0.8 0.192 0.7919999999999999 0.19466666586538464 0.7919999999999999 0.1813333341346154 0.788 0.1813333341346154 0.788 0.19466666586538464 0.782 0.20533333413461538 0.782 0.22666666586538461
291 0.606 0.19466666586538464 0.604 0.232 0.626 0.232 0.626 0.19733333413461537 0.6180000000000001 0.18666666586538463 0.62 0.16 0.614 0.16 0.614 0.1813333341346154 0.606 0.19466666586538464
291 0.574 0.2 0.5760000000000001 0.232 0.5940000000000001 0.232 0.5940000000000001 0.2 0.5860000000000001 0.184 0.5860000000000001 0.16 0.58 0.16 0.58 0.18666666586538463 0.574 0.2
291 0.538 0.20533333413461538 0.538 0.232 0.5579999999999999 0.232 0.56 0.2 0.55 0.184 0.55 0.16 0.546 0.16 0.544 0.18666666586538463 0.538 0.20533333413461538
291 0.506 0.19733333413461537 0.506 0.23466666586538462 0.528 0.23466666586538462 0.53 0.2 0.522 0.18666666586538463 0.52 0.16 0.516 0.16 0.514 0.18933333413461537 0.506 0.19733333413461537
291 0.40399999999999997 0.20533333413461538 0.40399999999999997 0.24000000000000002 0.422 0.24000000000000002 0.424 0.20533333413461538 0.41600000000000004 0.192 0.41600000000000004 0.17066666586538462 0.41000000000000003 0.17066666586538462 0.41000000000000003 0.19466666586538464 0.40399999999999997 0.20533333413461538
291 0.364 0.2026666658653846 0.36200000000000004 0.24000000000000002 0.38799999999999996 0.24000000000000002 0.38799999999999996 0.20533333413461538 0.378 0.192 0.378 0.168 0.372 0.168 0.372 0.192 0.364 0.2026666658653846
291 0.33199999999999996 0.2133333341346154 0.33199999999999996 0.24000000000000002 0.352 0.2426666658653846 0.356 0.20533333413461538 0.348 0.19733333413461537 0.348 0.17333333413461538 0.34199999999999997 0.17066666586538462 0.33999999999999997 0.19466666586538464 0.33199999999999996 0.2133333341346154
291 0.314 0.19733333413461537 0.312 0.2026666658653846 0.306 0.20533333413461538 0.304 0.2426666658653846 0.328 0.2426666658653846 0.326 0.2106666658653846 0.32 0.2 0.32 0.176 0.31599999999999995 0.176 0.314 0.19733333413461537
321 0.66 0.3146666658653846 0.658 0.392 0.698 0.3893333341346154 0.7 0.3173333341346154 0.66 0.3146666658653846
321 0.744 0.33866666586538463 0.738 0.33866666586538463 0.74 0.3893333341346154 0.7739999999999999 0.3893333341346154 0.782 0.384 0.778 0.312 0.748 0.3093333341346154 0.744 0.33866666586538463
321 0.644 0.41866666586538465 0.6 0.41866666586538465 0.596 0.4826666658653846 0.642 0.4826666658653846 0.644 0.41866666586538465
1211 0.428 0.41066666586538464 0.394 0.41600000000000004 0.39 0.4826666658653846 0.428 0.4826666658653846 0.428 0.41066666586538464
1211 0.392 0.41866666586538465 0.35400000000000004 0.4213333341346154 0.35400000000000004 0.4773333341346154 0.39 0.48000000000000004 0.392 0.41866666586538465
1764 0.566 0.34133333413461536 0.546 0.34133333413461536 0.544 0.384 0.562 0.384 0.566 0.34133333413461536
1764 0.51 0.33866666586538463 0.514 0.3893333341346154 0.528 0.3893333341346154 0.526 0.34133333413461536 0.51 0.33866666586538463
1542 1 0.7331428557692308 0.946 0.728 0.91 0.736 0.92 0.7759999999999999 0.9179999999999999 0.9893333341346153 1 0.9945396826923076 1 0.7331428557692308
1029 0.14200000000000002 0 0.004 0.024 0.008 0.053333334134615384 0.4460952379807692 0 0.14200000000000002 0
1027 0.322 0.12000000000000001 0.32399999999999995 0.14666666586538463 0.474 0.14400000000000002 0.476 0.11466666586538461 0.322 0.12000000000000001
1885 0.004 0 0.004 0.6026666658653845 0.19 0.6133333341346154 0.18601731490384615 0 0.004 0
1885 0.18601731490384615 0 0.19 0.6133333341346154 0.28400000000000003 0.6106666658653845 0.28400000000000003 0.053333334134615384 0.28590476201923076 0 0.18601731490384615 0
1885 0.286 0 0.286 0.6106666658653845 0.92 0.6186666658653847 0.998 0.6159999999999999 1 0.3066666658653846 1 0 0.286 0