1542 0.007993463942307693 0 0.006 0.8133333341346154 0.428 0.4826666658653846 0.43 0 0.007993463942307693 0
1542 0.43 0 0.43 0.4826666658653846 1 0.7510582740384616 1 0 0.43 0
522 0.272 0.32533333413461535 0.28800000000000003 0.328 0.31 0.33333333413461536 0.33399999999999996 0.352 0.34600000000000003 0.352 0.35400000000000004 0.352 0.368 0.34666666586538464 0.37 0.33866666586538463 0.366 0.3173333341346154 0.352 0.304 0.33199999999999996 0.296 0.31599999999999995 0.2826666658653846 0.306 0.28533333413461537 0.28400000000000003 0.2666666658653846 0.262 0.2613333341346154 0.252 0.272 0.23600000000000002 0.2826666658653846 0.23600000000000002 0.2933333341346154 0.24000000000000002 0.3066666658653846 0.252 0.3146666658653846 0.272 0.32533333413461535
522 0.216 0.4 0.228 0.3973333341346154 0.242 0.3893333341346154 0.258 0.41066666586538464 0.266 0.41333333413461537 0.296 0.3946666658653846 0.296 0.3733333341346154 0.26999999999999996 0.34933333413461537 0.252 0.33333333413461536 0.224 0.32 0.20199999999999999 0.3093333341346154 0.186 0.3013333341346154 0.136 0.328 0.138 0.35466666586538464 0.164 0.368 0.19 0.392 0.216 0.4
522 0.11 0.456 0.126 0.43466666586538466 0.14400000000000002 0.42666666586538465 0.15799999999999997 0.432 0.148 0.45066666586538456 0.15 0.47200000000000003 0.164 0.4826666658653846 0.186 0.4693333341346154 0.19399999999999998 0.45866666586538457 0.21 0.456 0.23 0.44266666586538467 0.238 0.4293333341346154 0.222 0.40266666586538463 0.16999999999999998 0.3786666658653846 0.14200000000000002 0.35466666586538464 0.094 0.34933333413461537 0.066 0.36266666586538465 0.046 0.3706666658653846 0.052000000000000005 0.384 0.076 0.40266666586538463 0.088 0.40800000000000003 0.078 0.42666666586538465 0.08 0.448 0.1 0.47200000000000003 0.11 0.456
327 0.114 0.09866666586538461 0.134 0.2933333341346154 0.35400000000000004 0.184 0.33999999999999997 0.16 0.328 0.16 0.326 0.14400000000000002 0.314 0.1306666658653846 0.298 0.1306666658653846 0.296 0.12266666586538462 0.28800000000000003 0.10666666586538462 0.276 0.1013333341346154 0.268 0.09866666586538461 0.252 0.096 0.23399999999999999 0.088 0.222 0.07733333413461539 0.196 0.08 0.152 0.08533333413461539 0.126 0.09866666586538461 0.12000000000000001 0.09866666586538461 0.114 0.09866666586538461
626 0.39 0.4773333341346154 0.372 0.4773333341346154 0.36200000000000004 0.4746666658653846 0.318 0.4853333341346154 0.276 0.512 0.256 0.5386666658653846 0.24800000000000003 0.5653333341346154 0.24800000000000003 0.608 0.264 0.6426666658653846 0.304 0.6826666658653846 0.32 0.6933333341346154 0.352 0.7013333341346153 0.372 0.712 0.414 0.704 0.452 0.6986666658653846 0.484 0.6826666658653846 0.506 0.6533333341346155 0.516 0.6293333341346153 0.524 0.5946666658653846 0.516 0.56 0.5 0.5333333341346154 0.46799999999999997 0.504 0.444 0.48800000000000004 0.41600000000000004 0.48000000000000004 0.39 0.4773333341346154
352 0.366 0.528 0.296 0.5066666658653847 0.28400000000000003 0.5493333341346154 0.28 0.5733333341346154 0.348 0.592 0.358 0.5866666658653846 0.366 0.552 0.366 0.528
352 0.414 0.5573333341346154 0.42600000000000005 0.5573333341346154 0.438 0.5546666658653846 0.452 0.5386666658653846 0.454 0.512 0.436 0.4933333341346154 0.42 0.4826666658653846 0.4 0.4826666658653846 0.382 0.4906666658653846 0.36200000000000004 0.5066666658653847 0.36 0.52 0.372 0.5493333341346154 0.394 0.5573333341346154 0.414 0.5573333341346154
352 0.484 0.5253333341346154 0.476 0.5253333341346154 0.462 0.5226666658653847 0.438 0.6426666658653846 0.43400000000000005 0.656 0.454 0.6479999999999999 0.474 0.6453333341346154 0.494 0.5333333341346154 0.484 0.5253333341346154
325 0.41000000000000003 0.6613333341346154 0.422 0.6453333341346154 0.428 0.6346666658653847 0.432 0.6106666658653845 0.428 0.584 0.41600000000000004 0.5680000000000001 0.398 0.5653333341346154 0.378 0.5706666658653846 0.356 0.5866666658653846 0.336 0.6106666658653845 0.32 0.6346666658653847 0.32399999999999995 0.6586666658653846 0.33399999999999996 0.6799999999999999 0.358 0.6880000000000001 0.392 0.6746666658653846 0.41000000000000003 0.6613333341346154
1283 0.9139999999999999 0.3653333341346154 0.902 0.34933333413461537 0.892 0.336 0.862 0.28800000000000003 0.844 0.256 0.822 0.22933333413461537 0.784 0.2133333341346154 0.754 0.2026666658653846 0.714 0.18933333413461537 0.6679999999999999 0.17866666586538463 0.622 0.176 0.584 0.17333333413461538 0.55 0.16533333413461537 0.536 0.168 0.528 0.16533333413461537 0.526 0.14666666586538463 0.516 0.11466666586538461 0.506 0.09066666586538462 0.484 0.07466666586538462 0.45799999999999996 0.06933333413461538 0.43400000000000005 0.07466666586538462 0.42 0.09066666586538462 0.40399999999999997 0.10933333413461538 0.39 0.14133333413461538 0.386 0.16533333413461537 0.38799999999999996 0.192 0.39599999999999996 0.2213333341346154 0.4 0.24000000000000002 0.41000000000000003 0.2506666658653846 0.41800000000000004 0.28800000000000003 0.432 0.3066666658653846 0.446 0.328 0.45799999999999996 0.34400000000000003 0.47000000000000003 0.34933333413461537 0.482 0.34933333413461537 0.492 0.336 0.498 0.33333333413461536 0.512 0.336 0.518 0.336 0.528 0.36 0.538 0.368 0.516 0.40800000000000003 0.484 0.43466666586538466 0.456 0.456 0.448 0.45866666586538457 0.43 0.456 0.424 0.4533333341346154 0.41600000000000004 0.45866666586538457 0.39599999999999996 0.4613333341346154 0.38 0.45866666586538457 0.38 0.47200000000000003 0.412 0.4773333341346154 0.44200000000000006 0.4853333341346154 0.476 0.5013333341346153 0.48800000000000004 0.48800000000000004 0.506 0.4826666658653846 0.538 0.52 0.564 0.5546666658653846 0.58 0.5813333341346154 0.566 0.5946666658653846 0.536 0.6186666658653847 0.494 0.64 0.46 0.6506666658653846 0.436 0.6586666658653846 0.40599999999999997 0.6773333341346154 0.398 0.6880000000000001 0.41000000000000003 0.6986666658653846 0.40800000000000003 0.7093333341346154 0.412 0.72 0.42600000000000005 0.72 0.43400000000000005 0.7306666658653846 0.44200000000000006 0.736 0.44999999999999996 0.7386666658653845 0.462 0.7386666658653845 0.47000000000000003 0.7386666658653845 0.48000000000000004 0.7333333341346153 0.492 0.728 0.502 0.704 0.518 0.696 0.5579999999999999 0.672 0.602 0.6479999999999999 0.596 0.6799999999999999 0.566 0.6906666658653846 0.55 0.6986666658653846 0.546 0.712 0.5559999999999999 0.728 0.5760000000000001 0.7413333341346154 0.582 0.7493333341346153 0.5940000000000001 0.7626666658653847 0.624 0.7866666658653846 0.64 0.7946666658653846 0.67 0.8186666658653846 0.6880000000000001 0.8346666658653846 0.6839999999999999 0.864 0.6799999999999999 0.8826666658653846 0.6639999999999999 0.9359999999999999 0.652 0.9786666658653846 0.6499999999999999 0.9973333341346154 0.716 0.9946666658653847 0.732 0.9706666658653845 0.746 0.9333333341346154 0.754 0.9066666658653847 0.762 0.8826666658653846 0.76 0.864 0.76 0.8373333341346154 0.754 0.8160000000000001 0.748 0.8053333341346154 0.738 0.8053333341346154 0.728 0.7733333341346154 0.722 0.768 0.732 0.752 0.74 0.7333333341346153 0.74 0.7093333341346154 0.732 0.6799999999999999 0.752 0.6586666658653846 0.78 0.6373333341346155 0.798 0.6293333341346153 0.8140000000000001 0.6106666658653845 0.828 0.6106666658653845 0.842 0.6 0.8500000000000001 0.5866666658653846 0.864 0.5866666658653846 0.8840000000000001 0.5653333341346154 0.896 0.5466666658653846 0.912 0.5173333341346154 0.924 0.4826666658653846 0.9319999999999999 0.4613333341346154 0.9359999999999999 0.432 0.928 0.3946666658653846 0.9139999999999999 0.3653333341346154
353 0.752 0.192 0.782 0.168 0.798 0.14400000000000002 0.644 0.09066666586538462 0.63 0.1013333341346154 0.614 0.10666666586538462 0.602 0.11733333413461539 0.584 0.12000000000000001 0.572 0.1306666658653846 0.56 0.13866666586538462 0.554 0.14666666586538463 0.566 0.16 0.6 0.17066666586538462 0.624 0.17066666586538462 0.63 0.1626666658653846 0.66 0.17333333413461538 0.728 0.18933333413461537 0.752 0.192
353 1 0.23600000000000002 0.998 0.20533333413461538 0.9560000000000001 0.192 0.9580000000000001 0.18933333413461537 0.894 0.168 0.838 0.2453333341346154 0.892 0.2826666658653846 0.902 0.2906666658653846 0.9760000000000001 0.3173333341346154 1 0.27056410096153843 1 0.23600000000000002
353 0.924 0.4826666658653846 0.9139999999999999 0.52 0.9359999999999999 0.52 0.95 0.4853333341346154 0.9600000000000001 0.464 0.97 0.448 0.9740000000000001 0.4293333341346154 0.984 0.41600000000000004 0.99 0.4 0.994 0.392 0.91 0.352 0.928 0.384 0.9339999999999999 0.424 0.924 0.4826666658653846
792 1 0.7483916081730769 0.43 0.48000000000000004 0.006 0.8106666658653846 0.002 0.9946666658653847 1 0.997328 1 0.7483916081730769