1542 0.998 0.9946666658653847 0.998 0.6026666658653845 0.876 0.6133333341346154 0.922 0.6506666658653846 0.9580000000000001 0.6826666658653846 0.9440000000000001 0.6933333341346154 0.888 0.6906666658653846 0.858 0.6906666658653846 0.32 0.7253333341346154 0.096 0.7333333341346153 0.078 0.7759999999999999 0.08600000000000001 0.9946666658653847 0.998 0.9946666658653847
1819 0.066 0.704 0.062000000000000006 0.6933333341346154 0.056 0.704 0.062000000000000006 0.7333333341346153 0.258 0.7226666658653845 0.256 0.696 0.066 0.704
522 0.24000000000000002 0.6133333341346154 0.228 0.6 0.214 0.592 0.2 0.5893333341346154 0.19 0.584 0.16999999999999998 0.5973333341346154 0.156 0.5973333341346154 0.14200000000000002 0.5893333341346154 0.13 0.5973333341346154 0.12000000000000001 0.5893333341346154 0.10200000000000001 0.6053333341346154 0.096 0.6293333341346153 0.084 0.6159999999999999 0.074 0.6426666658653846 0.064 0.6693333341346153 0.064 0.6906666658653846 0.064 0.6986666658653846 0.092 0.7013333341346153 0.12400000000000001 0.6986666658653846 0.212 0.7013333341346153 0.24000000000000002 0.696 0.246 0.6933333341346154 0.252 0.6826666658653846 0.256 0.6586666658653846 0.25 0.64 0.25 0.6266666658653846 0.24000000000000002 0.6133333341346154
1819 0.454 0.712 0.452 0.6853333341346153 0.27399999999999997 0.6933333341346154 0.26 0.6906666658653846 0.26 0.7226666658653845 0.454 0.712
522 0.39 0.6133333341346154 0.38 0.608 0.38 0.5973333341346154 0.372 0.5893333341346154 0.356 0.5946666658653846 0.34199999999999997 0.6053333341346154 0.328 0.608 0.304 0.6026666658653845 0.286 0.6026666658653845 0.27399999999999997 0.608 0.264 0.6159999999999999 0.258 0.6186666658653847 0.252 0.6346666658653847 0.262 0.6613333341346154 0.254 0.6773333341346154 0.258 0.6853333341346153 0.268 0.6826666658653846 0.3 0.6906666658653846 0.36200000000000004 0.6853333341346153 0.40800000000000003 0.6826666658653846 0.43 0.6826666658653846 0.44200000000000006 0.6826666658653846 0.446 0.6746666658653846 0.438 0.6639999999999999 0.42600000000000005 0.6479999999999999 0.40800000000000003 0.6319999999999999 0.40599999999999997 0.6133333341346154 0.39 0.6133333341346154
1819 0.636 0.696 0.636 0.6773333341346154 0.454 0.6853333341346153 0.456 0.7146666658653846 0.636 0.704 0.636 0.696
522 0.55 0.6159999999999999 0.538 0.6159999999999999 0.514 0.6106666658653845 0.494 0.6159999999999999 0.462 0.6133333341346154 0.44 0.6186666658653847 0.42600000000000005 0.6186666658653847 0.41800000000000004 0.624 0.41800000000000004 0.64 0.43 0.6506666658653846 0.44200000000000006 0.6613333341346154 0.448 0.6853333341346153 0.47000000000000003 0.6826666658653846 0.508 0.6826666658653846 0.546 0.6799999999999999 0.5760000000000001 0.6799999999999999 0.598 0.6773333341346154 0.61 0.6746666658653846 0.614 0.6639999999999999 0.6 0.6479999999999999 0.5860000000000001 0.6346666658653847 0.5780000000000001 0.6293333341346153 0.55 0.6159999999999999
1819 0.7420000000000001 0.6826666658653846 0.638 0.6906666658653846 0.638 0.704 0.744 0.696 0.7420000000000001 0.6826666658653846
522 0.6819999999999999 0.6293333341346153 0.658 0.6159999999999999 0.646 0.6133333341346154 0.6319999999999999 0.6213333341346154 0.622 0.624 0.612 0.6266666658653846 0.604 0.6373333341346155 0.606 0.6453333341346154 0.612 0.656 0.622 0.6746666658653846 0.6340000000000001 0.6746666658653846 0.64 0.6880000000000001 0.678 0.6853333341346153 0.7060000000000001 0.6826666658653846 0.722 0.6853333341346153 0.734 0.6746666658653846 0.7260000000000001 0.6586666658653846 0.714 0.6479999999999999 0.7 0.6373333341346155 0.6819999999999999 0.6293333341346153
183 0.606 0.6293333341346153 0.6180000000000001 0.6186666658653847 0.642 0.6133333341346154 0.636 0.6 0.604 0.592 0.604 0.5813333341346154 0.6 0.5786666658653846 0.6 0.5893333341346154 0.584 0.5893333341346154 0.572 0.6 0.566 0.6159999999999999 0.5860000000000001 0.6346666658653847 0.6 0.6426666658653846 0.606 0.6293333341346153
1819 0.9560000000000001 0.6799999999999999 0.9580000000000001 0.6746666658653846 0.9400000000000001 0.6639999999999999 0.924 0.656 0.896 0.6666666658653846 0.88 0.6773333341346154 0.856 0.6799999999999999 0.874 0.6880000000000001 0.924 0.6880000000000001 0.9440000000000001 0.6880000000000001 0.9560000000000001 0.6799999999999999
1065 0.874 0.6773333341346154 0.89 0.672 0.904 0.6613333341346154 0.922 0.6586666658653846 0.924 0.6453333341346154 0.92 0.6293333341346153 0.902 0.6213333341346154 0.8840000000000001 0.6213333341346154 0.876 0.624 0.8520000000000001 0.6293333341346153 0.844 0.6426666658653846 0.8360000000000001 0.6586666658653846 0.846 0.6693333341346153 0.856 0.6746666658653846 0.874 0.6773333341346154
1819 0.856 0.6853333341346153 0.854 0.6799999999999999 0.756 0.6853333341346153 0.746 0.6853333341346153 0.746 0.696 0.856 0.6853333341346153
1068 0.718 0.6479999999999999 0.738 0.6799999999999999 0.76 0.6826666658653846 0.8340000000000001 0.6773333341346154 0.822 0.6693333341346153 0.804 0.6533333341346155 0.784 0.64 0.76 0.64 0.73 0.6426666658653846 0.718 0.6479999999999999
522 0.822 0.584 0.8099999999999999 0.5733333341346154 0.784 0.592 0.7739999999999999 0.5946666658653846 0.76 0.6 0.752 0.6133333341346154 0.768 0.6213333341346154 0.784 0.6346666658653847 0.8059999999999999 0.6453333341346154 0.828 0.6453333341346154 0.842 0.6346666658653847 0.848 0.624 0.858 0.6266666658653846 0.8680000000000001 0.6213333341346154 0.862 0.6106666658653845 0.858 0.592 0.842 0.584 0.83 0.584 0.822 0.584
1523 0 0.7332413798076923 0.056 0.7306666658653846 0.08 0.6213333341346154 0.746 0.6106666658653845 0.748 0.5786666658653846 0.7240000000000001 0.5733333341346154 0.732 0.256 0.716 0.24800000000000003 0.35 0.23733333413461538 0.12000000000000001 0.22666666586538461 0.002 0.216 0 0.4746666658653846 0 0.7332413798076923
1490 0.782 0.5386666658653846 0.782 0.504 0.78 0.44 0.756 0.44266666586538467 0.754 0.5066666658653847 0.762 0.512 0.76 0.544 0.728 0.544 0.7260000000000001 0.5706666658653846 0.752 0.5786666658653846 0.824 0.5786666658653846 0.8099999999999999 0.5573333341346154 0.788 0.536 0.782 0.5386666658653846
392 0.924 0.5680000000000001 0.924 0.6026666658653845 0.998 0.6293333341346153 0.998 0.5226666658653847 0.984 0.5413333341346154 0.9400000000000001 0.5493333341346154 0.9400000000000001 0.5626666658653846 0.924 0.5680000000000001
1286 0.464 0.6106666658653845 0.476 0.6186666658653847 0.49 0.6186666658653847 0.504 0.6106666658653845 0.528 0.6106666658653845 0.56 0.6106666658653845 0.572 0.6026666658653845 0.5780000000000001 0.5893333341346154 0.5760000000000001 0.552 0.5760000000000001 0.5413333341346154 0.574 0.5253333341346154 0.5680000000000001 0.4986666658653846 0.5559999999999999 0.4826666658653846 0.536 0.4826666658653846 0.534 0.47200000000000003 0.536 0.4533333341346154 0.538 0.4373333341346154 0.542 0.41866666586538465 0.5399999999999999 0.40266666586538463 0.534 0.384 0.516 0.376 0.504 0.384 0.49 0.41333333413461537 0.49600000000000005 0.44 0.498 0.456 0.498 0.4666666658653846 0.49 0.4773333341346154 0.47200000000000003 0.4933333341346154 0.45799999999999996 0.5066666658653847 0.452 0.52 0.44999999999999996 0.5493333341346154 0.44999999999999996 0.5706666658653846 0.44200000000000006 0.6106666658653845 0.44999999999999996 0.6106666658653845 0.464 0.6106666658653845
291 0.27799999999999997 0.19466666586538464 0.27799999999999997 0.17866666586538463 0.272 0.17866666586538463 0.272 0.192 0.266 0.2 0.266 0.22933333413461537 0.286 0.22933333413461537 0.286 0.2 0.27799999999999997 0.19466666586538464
291 0.254 0.2 0.24800000000000003 0.192 0.24800000000000003 0.17866666586538463 0.24000000000000002 0.17866666586538463 0.24000000000000002 0.192 0.23 0.2 0.232 0.22933333413461537 0.252 0.22666666586538461 0.254 0.2
296 0.218 0.20533333413461538 0.212 0.19466666586538464 0.212 0.1813333341346154 0.20800000000000002 0.1813333341346154 0.20800000000000002 0.19466666586538464 0.2 0.192 0.2 0.176 0.19399999999999998 0.176 0.19399999999999998 0.192 0.186 0.19733333413461537 0.188 0.224 0.20800000000000002 0.224 0.218 0.22666666586538461 0.218 0.20533333413461538
291 0.386 0.1813333341346154 0.386 0.16 0.38 0.16 0.382 0.18666666586538463 0.374 0.19733333413461537 0.374 0.232 0.39599999999999996 0.232 0.394 0.19466666586538464 0.386 0.1813333341346154
291 0.42 0.18666666586538463 0.42 0.16 0.414 0.16 0.414 0.184 0.40599999999999997 0.2 0.40599999999999997 0.232 0.424 0.232 0.42600000000000005 0.2 0.42 0.18666666586538463
291 0.456 0.18666666586538463 0.454 0.16 0.44999999999999996 0.16 0.44999999999999996 0.184 0.44 0.2 0.44200000000000006 0.232 0.462 0.232 0.462 0.20533333413461538 0.456 0.18666666586538463
291 0.486 0.18933333413461537 0.484 0.16 0.48000000000000004 0.16 0.47800000000000004 0.18666666586538463 0.47000000000000003 0.2 0.47200000000000003 0.23466666586538462 0.494 0.23466666586538462 0.494 0.19733333413461537 0.486 0.18933333413461537
291 0.59 0.19466666586538464 0.59 0.17066666586538462 0.584 0.17066666586538462 0.584 0.192 0.5760000000000001 0.20533333413461538 0.5780000000000001 0.24000000000000002 0.596 0.24000000000000002 0.596 0.20533333413461538 0.59 0.19466666586538464
291 0.628 0.192 0.628 0.168 0.622 0.168 0.622 0.192 0.612 0.20533333413461538 0.612 0.24000000000000002 0.638 0.24000000000000002 0.636 0.2026666658653846 0.628 0.192
291 0.66 0.19466666586538464 0.658 0.17066666586538462 0.652 0.17333333413461538 0.652 0.19733333413461537 0.644 0.20533333413461538 0.6479999999999999 0.2426666658653846 0.6679999999999999 0.24000000000000002 0.6679999999999999 0.2133333341346154 0.66 0.19466666586538464
291 0.6839999999999999 0.176 0.6799999999999999 0.176 0.6799999999999999 0.2 0.674 0.2106666658653846 0.672 0.2426666658653846 0.696 0.2426666658653846 0.6940000000000001 0.20533333413461538 0.6880000000000001 0.2026666658653846 0.6859999999999999 0.19733333413461537 0.6839999999999999 0.176
321 0.3 0.3173333341346154 0.302 0.3893333341346154 0.34199999999999997 0.392 0.33999999999999997 0.3146666658653846 0.3 0.3173333341346154
321 0.252 0.3093333341346154 0.222 0.312 0.218 0.384 0.226 0.3893333341346154 0.26 0.3893333341346154 0.262 0.33866666586538463 0.256 0.33866666586538463 0.252 0.3093333341346154
321 0.358 0.4826666658653846 0.40399999999999997 0.4826666658653846 0.4 0.41866666586538465 0.356 0.41866666586538465 0.358 0.4826666658653846
1211 0.572 0.4826666658653846 0.61 0.4826666658653846 0.606 0.41600000000000004 0.572 0.41066666586538464 0.572 0.4826666658653846
1211 0.61 0.48000000000000004 0.646 0.4773333341346154 0.646 0.4213333341346154 0.608 0.41866666586538465 0.61 0.48000000000000004
1764 0.438 0.384 0.456 0.384 0.454 0.34133333413461536 0.43400000000000005 0.34133333413461536 0.438 0.384
1764 0.474 0.34133333413461536 0.47200000000000003 0.3893333341346154 0.486 0.3893333341346154 0.49 0.33866666586538463 0.474 0.34133333413461536
1542 0 0.9945396826923076 0.082 0.9893333341346153 0.08 0.7759999999999999 0.09 0.736 0.054 0.728 0 0.7331428557692308 0 0.9945396826923076
1029 0.5539047620192308 0 0.9920000000000001 0.053333334134615384 0.996 0.024 0.858 0 0.5539047620192308 0
1027 0.524 0.11466666586538461 0.526 0.14400000000000002 0.676 0.14666666586538463 0.678 0.12000000000000001 0.524 0.11466666586538461
1885 0.8139826850961539 0 0.8099999999999999 0.6133333341346154 0.996 0.6026666658653845 0.996 0 0.8139826850961539 0
1885 0.7140952379807692 0 0.716 0.053333334134615384 0.716 0.6106666658653845 0.8099999999999999 0.6133333341346154 0.8139826850961539 0 0.7140952379807692 0
1885 0 0 0 0.3066666658653846 0.002 0.6159999999999999 0.08 0.6186666658653847 0.714 0.6106666658653845 0.714 0 0 0