1542 0 0.9973063966346154 0.394 0.9920000000000001 0.34600000000000003 0.5093333341346153 0.16599999999999998 0.4826666658653846 0 0.5090158725961539 0 0.9973063966346154
1542 0.754 0.5146666658653847 0.76 0.512 0.76 0.504 0.766 0.49600000000000005 0.77 0.2986666658653846 0.476 0.28800000000000003 0.46 0.4933333341346154 0.46799999999999997 0.4826666658653846 0.752 0.504 0.754 0.5146666658653847
1542 0.994 0.9920000000000001 0.996 0.56 0.35 0.5093333341346153 0.394 0.952 0.602 0.9973333341346154 0.994 0.9920000000000001
531 0.374 0.48000000000000004 0.32399999999999995 0.49600000000000005 0.998 0.5573333341346154 0.998 0.52 0.374 0.48000000000000004
840 0.436 0.184 0.276 0.17333333413461538 0.28400000000000003 0.6799999999999999 0.42600000000000005 0.6880000000000001 0.436 0.184
1648 0.242 0.48800000000000004 0.242 0.2026666658653846 0.252 0.16 0.23399999999999999 0.14666666586538463 0.222 0.152 0.2 0.1493333341346154 0.186 0.14400000000000002 0.178 0.14666666586538463 0.148 0.1306666658653846 0.12000000000000001 0.1306666658653846 0.10400000000000001 0.1306666658653846 0.09 0.1306666658653846 0.058 0.1306666658653846 0.056 0.15733333413461537 0.046 0.1626666658653846 0.044 0.18933333413461537 0.05 0.49600000000000005 0.164 0.48000000000000004 0.242 0.48800000000000004
1648 0.606 0.2453333341346154 0.602 0.2906666658653846 0.734 0.296 0.736 0.256 0.73 0.24800000000000003 0.73 0.2213333341346154 0.718 0.136 0.6940000000000001 0.13866666586538462 0.676 0.13866666586538462 0.6479999999999999 0.128 0.6340000000000001 0.128 0.622 0.13866666586538462 0.61 0.17333333413461538 0.61 0.2 0.606 0.2453333341346154
1286 0.796 0.4666666658653846 0.804 0.448 0.83 0.40533333413461536 0.86 0.41066666586538464 0.886 0.4 0.8819999999999999 0.384 0.88 0.3573333341346154 0.888 0.336 0.896 0.3146666658653846 0.886 0.2986666658653846 0.8659999999999999 0.2906666658653846 0.8520000000000001 0.296 0.838 0.32 0.8360000000000001 0.34666666586538464 0.844 0.36 0.842 0.3786666658653846 0.822 0.3866666658653846 0.8079999999999999 0.3973333341346154 0.7919999999999999 0.424 0.786 0.4453333341346154 0.786 0.47200000000000003 0.784 0.4906666658653846 0.784 0.4986666658653846 0.796 0.4666666658653846
1295 0.8180000000000001 0.6880000000000001 0.8180000000000001 0.7013333341346153 0.8140000000000001 0.7759999999999999 0.8059999999999999 0.8453333341346153 0.802 0.8906666658653847 0.8119999999999999 0.9093333341346154 0.8119999999999999 0.9573333341346154 0.8140000000000001 0.9920000000000001 0.8520000000000001 0.9920000000000001 0.8520000000000001 0.9760000000000001 0.8520000000000001 0.9386666658653847 0.862 0.928 0.88 0.8586666658653846 0.88 0.9146666658653846 0.878 0.9546666658653845 0.874 0.9920000000000001 0.9299999999999999 0.9893333341346153 0.9319999999999999 0.9306666658653846 0.9740000000000001 0.9093333341346154 0.9740000000000001 0.888 0.966 0.7813333341346154 0.9560000000000001 0.6880000000000001 0.948 0.6026666658653845 0.954 0.5973333341346154 0.9580000000000001 0.552 0.968 0.5386666658653846 0.984 0.528 0.988 0.4986666658653846 0.978 0.464 0.964 0.4533333341346154 0.9400000000000001 0.432 0.946 0.40800000000000003 0.9580000000000001 0.3653333341346154 0.9560000000000001 0.3173333341346154 0.946 0.3013333341346154 0.9179999999999999 0.2933333341346154 0.902 0.3093333341346154 0.888 0.33333333413461536 0.874 0.36266666586538465 0.88 0.3866666658653846 0.876 0.40533333413461536 0.84 0.40533333413461536 0.826 0.40800000000000003 0.804 0.448 0.788 0.4933333341346154 0.788 0.5226666658653847 0.804 0.5333333341346154 0.8160000000000001 0.5333333341346154 0.8180000000000001 0.5973333341346154 0.8160000000000001 0.64 0.8079999999999999 0.6773333341346154 0.8180000000000001 0.6880000000000001
1885 0.002 0 0.002 0.008 0 0.4306666658653846 0 0.8523154134615385 0.37 0.6639999999999999 0.385936 0 0.002 0
1885 0.6920000000000001 0 0.386 0.002666665865384615 0.37 0.6666666658653846 0.996 0.7653333341346154 0.9979930552884616 0 0.6920000000000001 0
390 0.76 0.09866666586538461 0.756 0.07466666586538462 0.7100000000000001 0.08266666586538461 0.7100000000000001 0.096 0.698 0.096 0.6880000000000001 0.136 0.714 0.1333333341346154 0.72 0.14400000000000002 0.8140000000000001 0.14400000000000002 0.8180000000000001 0.128 0.8160000000000001 0.10933333413461538 0.804 0.09333333413461539 0.76 0.09866666586538461
250 0.6839999999999999 0.7786666658653847 0.6920000000000001 0.7333333341346153 0.642 0.7253333341346154 0.642 0.7706666658653846 0.6839999999999999 0.7786666658653847
250 0.764 0.7413333341346154 0.762 0.7919999999999999 0.8099999999999999 0.7973333341346154 0.8119999999999999 0.7466666658653847 0.764 0.7413333341346154
291 0.184 0.384 0.184 0.376 0.178 0.376 0.178 0.384 0.16999999999999998 0.384 0.16999999999999998 0.3946666658653846 0.164 0.3946666658653846 0.16599999999999998 0.5013333341346153 0.174 0.5066666658653847 0.184 0.5066666658653847 0.196 0.5066666658653847 0.196 0.3946666658653846 0.19399999999999998 0.392 0.192 0.384 0.184 0.384
1562 0.148 0.064 0.058 0.026666665865384614 0.062000000000000006 0.112 0.148 0.1306666658653846 0.148 0.064