402 0.003951221153846154 0 0.002 0.10666666586538462 0.12297561057692308 0 0.003951221153846154 0
1885 0.12309523798076924 0 0.004 0.10933333413461538 0.004 0.368 0.9153956850961538 0 0.12309523798076924 0
1523 0.9134244591346155 0 0.006 0.368 0.006 0.9946666658653847 1 0.9946666658653847 1 0 0.9134244591346155 0
353 0.46799999999999997 0.8213333341346154 0.448 0.8266666658653846 0.438 0.848 0.622 0.9093333341346154 0.646 0.9066666658653847 0.66 0.8906666658653847 0.678 0.88 0.704 0.8613333341346153 0.72 0.8613333341346153 0.73 0.848 0.7579999999999999 0.8320000000000001 0.7739999999999999 0.8293333341346153 0.8099999999999999 0.8186666658653846 0.6499999999999999 0.7786666658653847 0.606 0.7759999999999999 0.602 0.7866666658653846 0.582 0.7813333341346154 0.5559999999999999 0.784 0.55 0.7946666658653846 0.536 0.7973333341346154 0.52 0.8106666658653846 0.502 0.8160000000000001 0.492 0.8266666658653846 0.46799999999999997 0.8213333341346154
1818 0.602 0.76 0.606 0.7733333341346154 0.926 0.8373333341346154 0.998 0.7866666658653846 0.996 0.6986666658653846 0.842 0.6826666658653846 0.602 0.76
353 0.8200000000000001 0.736 0.838 0.7386666658653845 0.8520000000000001 0.736 0.8680000000000001 0.7386666658653845 0.886 0.7333333341346153 0.888 0.7226666658653845 0.8979999999999999 0.7253333341346154 0.912 0.72 0.924 0.7146666658653846 0.924 0.7093333341346154 0.9380000000000001 0.712 0.9560000000000001 0.7066666658653846 0.966 0.6933333341346154 0.966 0.6853333341346153 0.952 0.6746666658653846 0.9299999999999999 0.6746666658653846 0.9159999999999999 0.6746666658653846 0.902 0.6853333341346153 0.8979999999999999 0.6746666658653846 0.876 0.6746666658653846 0.862 0.6746666658653846 0.848 0.6826666658653846 0.8340000000000001 0.6826666658653846 0.824 0.6880000000000001 0.8059999999999999 0.6853333341346153 0.788 0.6880000000000001 0.7759999999999999 0.696 0.7579999999999999 0.704 0.734 0.704 0.716 0.7146666658653846 0.716 0.7253333341346154 0.73 0.7386666658653845 0.76 0.7466666658653847 0.778 0.744 0.782 0.7253333341346154 0.798 0.728 0.8119999999999999 0.7253333341346154 0.8200000000000001 0.736
1819 0.6679999999999999 0.5786666658653846 0.6839999999999999 0.6053333341346154 0.946 0.6133333341346154 0.986 0.6026666658653845 0.994 0.5813333341346154 0.946 0.5786666658653846 0.9400000000000001 0.5653333341346154 0.9159999999999999 0.5813333341346154 0.8999999999999999 0.5760000000000001 0.874 0.584 0.7759999999999999 0.5733333341346154 0.77 0.5573333341346154 0.6679999999999999 0.5786666658653846
1618 0.9380000000000001 0.5706666658653846 0.984 0.5813333341346154 0.982 0.536 0.972 0.5253333341346154 0.962 0.5226666658653847 0.948 0.5093333341346153 0.922 0.504 0.906 0.5013333341346153 0.892 0.512 0.872 0.5066666658653847 0.856 0.5146666658653847 0.8500000000000001 0.5173333341346154 0.8360000000000001 0.5146666658653847 0.822 0.5173333341346154 0.796 0.536 0.788 0.5413333341346154 0.7739999999999999 0.5493333341346154 0.778 0.5786666658653846 0.874 0.584 0.8999999999999999 0.5733333341346154 0.9159999999999999 0.5813333341346154 0.9380000000000001 0.5706666658653846
1819 0.42 0.5866666658653846 0.41800000000000004 0.5973333341346154 0.606 0.6106666658653845 0.672 0.5973333341346154 0.672 0.584 0.604 0.5946666658653846 0.42 0.5866666658653846
1618 0.772 0.5546666658653846 0.7739999999999999 0.544 0.762 0.5413333341346154 0.722 0.5413333341346154 0.6940000000000001 0.5466666658653846 0.6679999999999999 0.544 0.66 0.544 0.6499999999999999 0.5466666658653846 0.636 0.5333333341346154 0.612 0.536 0.596 0.536 0.5760000000000001 0.536 0.55 0.5386666658653846 0.538 0.536 0.528 0.5386666658653846 0.512 0.536 0.49 0.5333333341346154 0.47000000000000003 0.5333333341346154 0.456 0.544 0.446 0.5626666658653846 0.43400000000000005 0.5733333341346154 0.42600000000000005 0.584 0.606 0.5973333341346154 0.67 0.584 0.6679999999999999 0.5760000000000001 0.772 0.5546666658653846
1819 0.638 0.7333333341346153 0.622 0.7413333341346154 0.598 0.744 0.412 0.7146666658653846 0.41000000000000003 0.7093333341346154 0.39599999999999996 0.712 0.39599999999999996 0.7226666658653845 0.596 0.76 0.656 0.7413333341346154 0.6499999999999999 0.7306666658653846 0.638 0.7333333341346153
1618 0.84 0.6799999999999999 0.838 0.672 0.826 0.6639999999999999 0.78 0.6586666658653846 0.74 0.6533333341346155 0.696 0.6533333341346155 0.6639999999999999 0.6533333341346155 0.642 0.6506666658653846 0.614 0.6586666658653846 0.5760000000000001 0.6693333341346153 0.546 0.6773333341346154 0.528 0.6746666658653846 0.49600000000000005 0.6799999999999999 0.484 0.6853333341346153 0.46599999999999997 0.6880000000000001 0.436 0.6906666658653846 0.422 0.696 0.414 0.704 0.592 0.7413333341346154 0.6340000000000001 0.7333333341346153 0.652 0.7333333341346153 0.676 0.7333333341346153 0.712 0.72 0.73 0.704 0.768 0.6986666658653846 0.788 0.6826666658653846 0.8059999999999999 0.6826666658653846 0.826 0.6853333341346153 0.84 0.6799999999999999
1819 0.314 0.7893333341346154 0.31599999999999995 0.768 0.254 0.7893333341346154 0.382 0.8453333341346153 0.598 0.7759999999999999 0.5940000000000001 0.7706666658653846 0.38799999999999996 0.8346666658653846 0.32399999999999995 0.8106666658653846 0.314 0.7893333341346154
325 0.5 0.7466666658653847 0.47200000000000003 0.7386666658653845 0.448 0.736 0.432 0.736 0.41800000000000004 0.728 0.41000000000000003 0.728 0.39599999999999996 0.7386666658653845 0.384 0.7306666658653846 0.374 0.744 0.34400000000000003 0.7466666658653847 0.30799999999999994 0.76 0.272 0.7759999999999999 0.266 0.7813333341346154 0.28800000000000003 0.7813333341346154 0.302 0.7813333341346154 0.314 0.7813333341346154 0.32 0.8 0.336 0.8106666658653846 0.36200000000000004 0.8213333341346154 0.39 0.8293333341346153 0.41800000000000004 0.824 0.584 0.768 0.582 0.7626666658653847 0.5479999999999999 0.752 0.5 0.7466666658653847
327 0.3 0.7013333341346153 0.318 0.7066666658653846 0.34600000000000003 0.7146666658653846 0.376 0.712 0.394 0.7093333341346154 0.40800000000000003 0.704 0.42 0.6906666658653846 0.44 0.6880000000000001 0.474 0.6826666658653846 0.5 0.6693333341346153 0.544 0.6746666658653846 0.608 0.6533333341346155 0.598 0.6453333341346154 0.574 0.6453333341346154 0.55 0.64 0.524 0.6319999999999999 0.506 0.624 0.482 0.6213333341346154 0.46 0.6293333341346153 0.424 0.6293333341346153 0.378 0.6213333341346154 0.338 0.6186666658653847 0.296 0.6319999999999999 0.252 0.64 0.206 0.6506666658653846 0.16599999999999998 0.6479999999999999 0.164 0.6586666658653846 0.17200000000000001 0.6693333341346153 0.186 0.6693333341346153 0.20400000000000001 0.6773333341346154 0.226 0.6799999999999999 0.246 0.6799999999999999 0.272 0.672 0.29 0.672 0.28 0.6933333341346154 0.28800000000000003 0.6986666658653846 0.3 0.7013333341346153
327 0.18 0.7493333341346153 0.188 0.7573333341346153 0.21 0.7706666658653846 0.24400000000000002 0.784 0.26 0.7866666658653846 0.266 0.784 0.29 0.768 0.338 0.7466666658653847 0.374 0.736 0.384 0.7226666658653845 0.368 0.72 0.33999999999999997 0.7146666658653846 0.30799999999999994 0.7066666658653846 0.294 0.712 0.27399999999999997 0.7093333341346154 0.252 0.7173333341346153 0.24000000000000002 0.72 0.22 0.72 0.196 0.7306666658653846 0.184 0.7253333341346154 0.16999999999999998 0.7466666658653847 0.18 0.7493333341346153
1618 0.096 0.9386666658653847 0.098 0.952 0.114 0.9626666658653846 0.164 0.984 0.174 0.9946666658653847 0.192 0.9893333341346153 0.20199999999999999 0.9786666658653846 0.19799999999999998 0.9653333341346154 0.186 0.952 0.14200000000000002 0.9333333341346154 0.11 0.9226666658653847 0.096 0.9386666658653847
1618 0.116 0.8586666658653846 0.11 0.8693333341346154 0.126 0.8826666658653846 0.16999999999999998 0.9013333341346154 0.19 0.896 0.19799999999999998 0.888 0.192 0.8666666658653847 0.16599999999999998 0.864 0.146 0.8506666658653846 0.136 0.8453333341346153 0.116 0.8586666658653846
1819 0.38 0.9733333341346154 0.43 0.9546666658653845 0.42600000000000005 0.9466666658653846 0.414 0.9333333341346154 0.4 0.92 0.38 0.9306666658653846 0.35400000000000004 0.928 0.34199999999999997 0.9173333341346154 0.322 0.9226666658653847 0.302 0.9066666658653847 0.282 0.8933333341346154 0.26 0.8906666658653847 0.26 0.872 0.25 0.88 0.25 0.9013333341346154 0.38 0.9733333341346154
327 0.46 0.8746666658653847 0.436 0.864 0.422 0.856 0.41000000000000003 0.848 0.376 0.848 0.35400000000000004 0.8320000000000001 0.32399999999999995 0.8266666658653846 0.31599999999999995 0.8133333341346154 0.302 0.8186666658653846 0.282 0.8346666658653846 0.272 0.8506666658653846 0.266 0.8666666658653847 0.262 0.8826666658653846 0.28800000000000003 0.8986666658653846 0.32399999999999995 0.9173333341346154 0.352 0.92 0.376 0.9253333341346154 0.39599999999999996 0.9226666658653847 0.424 0.9333333341346154 0.454 0.9386666658653847 0.48000000000000004 0.92 0.502 0.9093333341346154 0.51 0.896 0.498 0.8826666658653846 0.46 0.8746666658653847
1618 0.752 0.9866666658653845 0.764 0.9760000000000001 0.768 0.9600000000000001 0.722 0.9386666658653847 0.658 0.912 0.62 0.9306666658653846 0.516 0.8933333341346154 0.494 0.9146666658653846 0.454 0.9413333341346154 0.436 0.952 0.42 0.968 0.40599999999999997 0.9813333341346154 0.41000000000000003 0.9946666658653847 0.7420000000000001 0.9920000000000001 0.752 0.9866666658653845
1819 0.40399999999999997 0.464 0.606 0.448 0.656 0.44266666586538467 0.656 0.4293333341346154 0.606 0.43466666586538466 0.40399999999999997 0.45066666586538456 0.40399999999999997 0.464
327 0.6479999999999999 0.42666666586538465 0.644 0.41866666586538465 0.628 0.41866666586538465 0.622 0.40800000000000003 0.608 0.40533333413461536 0.5940000000000001 0.40800000000000003 0.584 0.3973333341346154 0.572 0.3946666658653846 0.554 0.40800000000000003 0.5399999999999999 0.40266666586538463 0.534 0.41066666586538464 0.514 0.41066666586538464 0.492 0.41600000000000004 0.474 0.424 0.462 0.41866666586538465 0.446 0.42666666586538465 0.436 0.4373333341346154 0.456 0.4453333341346154 0.592 0.4293333341346154 0.612 0.432 0.6479999999999999 0.42666666586538465
1819 0.07 0.7893333341346154 0.012 0.7626666658653847 0.01 0.7626666658653847 0.068 0.8026666658653846 0.19 0.768 0.188 0.7626666658653847 0.07 0.7893333341346154
1618 0.174 0.7493333341346153 0.164 0.7386666658653845 0.148 0.7306666658653846 0.12200000000000001 0.7226666658653845 0.10400000000000001 0.7173333341346153 0.088 0.72 0.078 0.728 0.07200000000000001 0.7466666658653847 0.046 0.7466666658653847 0.028 0.7466666658653847 0.018000000000000002 0.7493333341346153 0.018000000000000002 0.7573333341346153 0.07 0.7893333341346154 0.14200000000000002 0.7733333341346154 0.18 0.76 0.174 0.7493333341346153
1819 0.382 0.32533333413461535 0.41000000000000003 0.34400000000000003 0.64 0.2906666658653846 0.574 0.27733333413461536 0.574 0.26933333413461535 0.384 0.3146666658653846 0.382 0.32533333413461535
1819 0.5760000000000001 0.2613333341346154 0.5760000000000001 0.2746666658653846 0.658 0.2906666658653846 0.972 0.224 0.9760000000000001 0.2 0.908 0.176 0.5760000000000001 0.2613333341346154
327 0.33399999999999996 0.584 0.35400000000000004 0.584 0.37 0.584 0.39 0.5866666658653846 0.402 0.5866666658653846 0.422 0.584 0.424 0.5786666658653846 0.448 0.5573333341346154 0.44999999999999996 0.5413333341346154 0.438 0.5413333341346154 0.41600000000000004 0.5386666658653846 0.398 0.5413333341346154 0.386 0.528 0.364 0.536 0.34600000000000003 0.5466666658653846 0.326 0.5386666658653846 0.304 0.5306666658653846 0.26999999999999996 0.528 0.256 0.5466666658653846 0.23600000000000002 0.5573333341346154 0.20400000000000001 0.5546666658653846 0.20800000000000002 0.5626666658653846 0.214 0.5706666658653846 0.23600000000000002 0.5733333341346154 0.238 0.5760000000000001 0.246 0.5760000000000001 0.26 0.5786666658653846 0.28 0.5786666658653846 0.304 0.5786666658653846 0.32 0.584 0.33399999999999996 0.584
1942 0.004 0.12000000000000001 0.008 0.27733333413461536 0.066 0.24000000000000002 0.062000000000000006 0.07200000000000001 0.004 0.12000000000000001
1942 0.15799999999999997 0 0.126 0.024 0.13 0.2026666658653846 0.214 0.15733333413461537 0.214 0 0.15799999999999997 0