1542 1 0.5090158725961539 0.8340000000000001 0.4826666658653846 0.654 0.5093333341346153 0.606 0.9920000000000001 1 0.9973063966346154 1 0.5090158725961539
1542 0.24800000000000003 0.504 0.532 0.4826666658653846 0.5399999999999999 0.4933333341346154 0.524 0.28800000000000003 0.23 0.2986666658653846 0.23399999999999999 0.49600000000000005 0.24000000000000002 0.504 0.24000000000000002 0.512 0.246 0.5146666658653847 0.24800000000000003 0.504
1542 0.398 0.9973333341346154 0.606 0.952 0.6499999999999999 0.5093333341346153 0.004 0.56 0.006 0.9920000000000001 0.398 0.9973333341346154
531 0.002 0.52 0.002 0.5573333341346154 0.676 0.49600000000000005 0.626 0.48000000000000004 0.002 0.52
840 0.574 0.6880000000000001 0.716 0.6799999999999999 0.7240000000000001 0.17333333413461538 0.564 0.184 0.574 0.6880000000000001
1648 0.8360000000000001 0.48000000000000004 0.95 0.49600000000000005 0.9560000000000001 0.18933333413461537 0.954 0.1626666658653846 0.9440000000000001 0.15733333413461537 0.9420000000000001 0.1306666658653846 0.91 0.1306666658653846 0.896 0.1306666658653846 0.88 0.1306666658653846 0.8520000000000001 0.1306666658653846 0.822 0.14666666586538463 0.8140000000000001 0.14400000000000002 0.8 0.1493333341346154 0.778 0.152 0.766 0.14666666586538463 0.748 0.16 0.7579999999999999 0.2026666658653846 0.7579999999999999 0.48800000000000004 0.8360000000000001 0.48000000000000004
1648 0.39 0.2 0.39 0.17333333413461538 0.378 0.13866666586538462 0.366 0.128 0.352 0.128 0.32399999999999995 0.13866666586538462 0.306 0.13866666586538462 0.282 0.136 0.26999999999999996 0.2213333341346154 0.26999999999999996 0.24800000000000003 0.264 0.256 0.266 0.296 0.398 0.2906666658653846 0.394 0.2453333341346154 0.39 0.2
1286 0.216 0.4986666658653846 0.216 0.4906666658653846 0.214 0.47200000000000003 0.214 0.4453333341346154 0.20800000000000002 0.424 0.192 0.3973333341346154 0.178 0.3866666658653846 0.15799999999999997 0.3786666658653846 0.156 0.36 0.164 0.34666666586538464 0.16199999999999998 0.32 0.148 0.296 0.134 0.2906666658653846 0.114 0.2986666658653846 0.10400000000000001 0.3146666658653846 0.112 0.336 0.12000000000000001 0.3573333341346154 0.11800000000000001 0.384 0.114 0.4 0.14 0.41066666586538464 0.16999999999999998 0.40533333413461536 0.196 0.448 0.20400000000000001 0.4666666658653846 0.216 0.4986666658653846
1295 0.192 0.6773333341346154 0.184 0.64 0.182 0.5973333341346154 0.184 0.5333333341346154 0.196 0.5333333341346154 0.212 0.5226666658653847 0.212 0.4933333341346154 0.196 0.448 0.174 0.40800000000000003 0.16 0.40533333413461536 0.12400000000000001 0.40533333413461536 0.12000000000000001 0.3866666658653846 0.126 0.36266666586538465 0.112 0.33333333413461536 0.098 0.3093333341346154 0.082 0.2933333341346154 0.054 0.3013333341346154 0.044 0.3173333341346154 0.042 0.3653333341346154 0.054 0.40800000000000003 0.060000000000000005 0.432 0.036000000000000004 0.4533333341346154 0.022 0.464 0.012 0.4986666658653846 0.016 0.528 0.032 0.5386666658653846 0.042 0.552 0.046 0.5973333341346154 0.052000000000000005 0.6026666658653845 0.044 0.6880000000000001 0.034 0.7813333341346154 0.026000000000000002 0.888 0.026000000000000002 0.9093333341346154 0.068 0.9306666658653846 0.07 0.9893333341346153 0.126 0.9920000000000001 0.12200000000000001 0.9546666658653845 0.12000000000000001 0.9146666658653846 0.12000000000000001 0.8586666658653846 0.138 0.928 0.148 0.9386666658653847 0.148 0.9760000000000001 0.148 0.9920000000000001 0.186 0.9920000000000001 0.188 0.9573333341346154 0.188 0.9093333341346154 0.19799999999999998 0.8906666658653847 0.19399999999999998 0.8453333341346153 0.186 0.7759999999999999 0.182 0.7013333341346153 0.182 0.6880000000000001 0.192 0.6773333341346154
1885 0.614064 0 0.63 0.6639999999999999 1 0.8523154134615385 1 0.4306666658653846 0.998 0.008 0.998 0 0.614064 0
1885 0.0020069447115384615 0 0.004 0.7653333341346154 0.63 0.6666666658653846 0.614 0.002666665865384615 0.30799999999999994 0 0.0020069447115384615 0
390 0.196 0.09333333413461539 0.184 0.10933333413461538 0.182 0.128 0.186 0.14400000000000002 0.28 0.14400000000000002 0.286 0.1333333341346154 0.312 0.136 0.302 0.096 0.29 0.096 0.29 0.08266666586538461 0.24400000000000002 0.07466666586538462 0.24000000000000002 0.09866666586538461 0.196 0.09333333413461539
250 0.358 0.7706666658653846 0.358 0.7253333341346154 0.30799999999999994 0.7333333341346153 0.31599999999999995 0.7786666658653847 0.358 0.7706666658653846
250 0.188 0.7466666658653847 0.19 0.7973333341346154 0.238 0.7919999999999999 0.23600000000000002 0.7413333341346154 0.188 0.7466666658653847
291 0.8079999999999999 0.384 0.8059999999999999 0.392 0.804 0.3946666658653846 0.804 0.5066666658653847 0.8160000000000001 0.5066666658653847 0.826 0.5066666658653847 0.8340000000000001 0.5013333341346153 0.8360000000000001 0.3946666658653846 0.83 0.3946666658653846 0.83 0.384 0.822 0.384 0.822 0.376 0.8160000000000001 0.376 0.8160000000000001 0.384 0.8079999999999999 0.384
1562 0.8520000000000001 0.1306666658653846 0.9380000000000001 0.112 0.9420000000000001 0.026666665865384614 0.8520000000000001 0.064 0.8520000000000001 0.1306666658653846