1536 0.66 0.798543689903846 0.8909090913461538 0.8082524278846154 0.8927272716346154 0.2766990288461538 0.6563636370192308 0.28155339903846155 0.5072727283653846 0.31067961057692306 0.514545454326923 0.7402912620192308 0.66 0.798543689903846
1536 0.16909090865384616 0.7597087379807692 0.2836363629807692 0.7475728149038462 0.3418181826923077 0.711165048076923 0.34363636298076927 0.33737864182692306 0.2890909086538462 0.3082524278846154 0.1618181826923077 0.29854368990384617 0.07272727163461538 0.30582524278846157 0.07636363701923077 0.75 0.16909090865384616 0.7597087379807692
1027 0.5109090913461538 0.3616504855769231 0.5109090913461538 0.3422330096153846 0.3927272716346154 0.34951456249999996 0.42181818269230764 0.3616504855769231 0.5109090913461538 0.3616504855769231
402 0.5109090913461538 0.3325242716346154 0.3654545456730769 0.33980582451923075 0.3654545456730769 0.34951456249999996 0.41636363701923074 0.37378640865384616 0.5109090913461538 0.37378640865384616 0.5109090913461538 0.3325242716346154
1542 0.5090909086538461 0.5849514567307692 0.5109090913461538 0.3956310673076923 0.49636363701923075 0.3980582524038461 0.36363636298076923 0.40291262019230767 0.36363636298076923 0.6601941754807693 0.3927272716346154 0.6577669903846155 0.38909090865384616 0.6456310673076923 0.4690909086538462 0.6456310673076923 0.4745454543269231 0.5873786418269231 0.5090909086538461 0.5849514567307692
531 0.5090909086538461 0.5849514567307692 0.4745454543269231 0.5873786418269231 0.47090909134615383 0.6626213581730769 0.5109090913461538 0.6601941754807693 0.5090909086538461 0.5849514567307692
1885 0.5090909086538461 0.37621359134615384 0.4145454543269231 0.37621359134615384 0.3618181826923077 0.34951456249999996 0.3618181826923077 0.38592232932692305 0.36 0.40291262019230767 0.5090909086538461 0.3956310673076923 0.5090909086538461 0.37621359134615384
1562 0.7690909086538462 0.20145631009615383 0.84 0.20145631009615383 0.8381818173076923 0.10194174759615385 0.7672727283653846 0.1043689326923077 0.7690909086538462 0.20145631009615383
338 0.005442891826923077 0 0.0018181826923076923 0.7548543677884615 0.045454545673076927 0.7597087379807692 0.06727272836538462 0.7572815528846154 0.07818181730769232 0.7524271850961538 0.1672727283653846 0.7597087379807692 0.2836363629807692 0.7475728149038462 0.34363636298076927 0.711165048076923 0.3618181826923077 0.711165048076923 0.5127272716346154 0.711165048076923 0.5127272716346154 0.7402912620192308 0.66 0.798543689903846 0.894545454326923 0.8058252427884616 0.9036363629807693 0.8155339807692308 0.9981818173076923 0.8203883485576923 0.9981818173076923 0 0.005442891826923077 0
792 0.3927272716346154 0.6480582524038462 0.3927272716346154 0.6601941754807693 0.3618181826923077 0.6577669903846155 0.3618181826923077 0.6844660192307692 0.36 0.7087378629807692 0.5127272716346154 0.711165048076923 0.5109090913461538 0.6577669903846155 0.4690909086538462 0.6626213581730769 0.4690909086538462 0.6456310673076923 0.3927272716346154 0.6480582524038462
655 0.35818181730769233 0.33495145673076926 0.35818181730769233 0.711165048076923 0.4909090913461539 0.713592233173077 0.5109090913461538 0.713592233173077 0.5072727283653846 0.3325242716346154 0.35818181730769233 0.33495145673076926
792 1 0.9065533990384615 0.9981818173076923 0.8179611658653846 0.9036363629807693 0.813106795673077 0.8927272716346154 0.8058252427884616 0.6618181826923077 0.7961165048076922 0.5127272716346154 0.737864076923077 0.5127272716346154 0.713592233173077 0.3418181826923077 0.7087378629807692 0.28545454567307693 0.7451456322115385 0.16545454567307694 0.762135923076923 0.07636363701923077 0.7524271850961538 0.06363636298076923 0.7597087379807692 0.049090908653846146 0.7597087379807692 0.0036363629807692308 0.7524271850961538 0.0036363629807692308 0.9927184471153846 1 0.9951412115384616 1 0.9065533990384615
1027 0.9545454543269231 0.32524271875 0.9690909086538462 0.33009708653846154 0.9818181826923078 0.32281553365384613 0.9818181826923078 0.26456310576923076 0.9672727283653846 0.26456310576923076 0.9509090913461539 0.2669902908653846 0.9545454543269231 0.32524271875
1027 0.5381818173076923 0.016990290865384616 0.5454545456730769 0.01941747596153846 0.5563636370192308 0.021844661057692307 0.5709090913461539 0.016990290865384616 0.5727272716346155 0.0072815528846153854 0.565454545673077 0 0.5436363629807692 0.004854367788461538 0.5381818173076923 0.016990290865384616
1027 0.29636363701923074 0.05097087259615385 0.3018181826923077 0.03883495192307692 0.29090909134615384 0.031553399038461535 0.27272727163461535 0.031553399038461535 0.2654545456730769 0.031553399038461535 0.2636363629807692 0.04611650480769231 0.26909090865384616 0.05339805769230769 0.2836363629807692 0.055825242788461536 0.29636363701923074 0.05097087259615385
1753 0.7236363629807693 0.10679611538461538 0.10727272836538462 0.1529126201923077 0.10181818269230769 0.23543689423076924 0.7218181826923077 0.1966019423076923 0.7236363629807693 0.10679611538461538