1536 0.48545454567307694 0.7402912620192308 0.4927272716346154 0.31067961057692306 0.34363636298076927 0.28155339903846155 0.10727272836538462 0.2766990288461538 0.10909090865384616 0.8082524278846154 0.33999999999999997 0.798543689903846 0.48545454567307694 0.7402912620192308
1536 0.9236363629807692 0.75 0.9272727283653845 0.30582524278846157 0.8381818173076923 0.29854368990384617 0.7109090913461539 0.3082524278846154 0.6563636370192308 0.33737864182692306 0.6581818173076923 0.711165048076923 0.7163636370192308 0.7475728149038462 0.8309090913461539 0.7597087379807692 0.9236363629807692 0.75
1027 0.5781818173076924 0.3616504855769231 0.6072727283653846 0.34951456249999996 0.48909090865384613 0.3422330096153846 0.48909090865384613 0.3616504855769231 0.5781818173076924 0.3616504855769231
402 0.48909090865384613 0.37378640865384616 0.5836363629807693 0.37378640865384616 0.6345454543269231 0.34951456249999996 0.6345454543269231 0.33980582451923075 0.48909090865384613 0.3325242716346154 0.48909090865384613 0.37378640865384616
1542 0.5254545456730769 0.5873786418269231 0.5309090913461538 0.6456310673076923 0.6109090913461539 0.6456310673076923 0.6072727283653846 0.6577669903846155 0.6363636370192308 0.6601941754807693 0.6363636370192308 0.40291262019230767 0.5036363629807693 0.3980582524038461 0.48909090865384613 0.3956310673076923 0.4909090913461539 0.5849514567307692 0.5254545456730769 0.5873786418269231
531 0.48909090865384613 0.6601941754807693 0.5290909086538462 0.6626213581730769 0.5254545456730769 0.5873786418269231 0.4909090913461539 0.5849514567307692 0.48909090865384613 0.6601941754807693
1885 0.4909090913461539 0.3956310673076923 0.64 0.40291262019230767 0.6381818173076923 0.38592232932692305 0.6381818173076923 0.34951456249999996 0.585454545673077 0.37621359134615384 0.4909090913461539 0.37621359134615384 0.4909090913461539 0.3956310673076923
1562 0.23272727163461537 0.1043689326923077 0.1618181826923077 0.10194174759615385 0.16 0.20145631009615383 0.23090909134615384 0.20145631009615383 0.23272727163461537 0.1043689326923077
338 0.0018181826923076923 0 0.0018181826923076923 0.8203883485576923 0.09636363701923077 0.8155339807692308 0.10545454567307691 0.8058252427884616 0.33999999999999997 0.798543689903846 0.4872727283653846 0.7402912620192308 0.4872727283653846 0.711165048076923 0.6381818173076923 0.711165048076923 0.6563636370192308 0.711165048076923 0.7163636370192308 0.7475728149038462 0.8327272716346154 0.7597087379807692 0.9218181826923076 0.7524271850961538 0.9327272716346153 0.7572815528846154 0.9545454543269231 0.7597087379807692 0.9981818173076923 0.7548543677884615 0.9945571081730769 0 0.0018181826923076923 0
792 0.5309090913461538 0.6456310673076923 0.5309090913461538 0.6626213581730769 0.48909090865384613 0.6577669903846155 0.4872727283653846 0.711165048076923 0.64 0.7087378629807692 0.6381818173076923 0.6844660192307692 0.6381818173076923 0.6577669903846155 0.6072727283653846 0.6601941754807693 0.6072727283653846 0.6480582524038462 0.5309090913461538 0.6456310673076923
655 0.4927272716346154 0.3325242716346154 0.48909090865384613 0.713592233173077 0.5090909086538461 0.713592233173077 0.6418181826923077 0.711165048076923 0.6418181826923077 0.33495145673076926 0.4927272716346154 0.3325242716346154
792 0 0.9951412115384616 0.9963636370192308 0.9927184471153846 0.9963636370192308 0.7524271850961538 0.9509090913461539 0.7597087379807692 0.9363636370192308 0.7597087379807692 0.9236363629807692 0.7524271850961538 0.8345454543269231 0.762135923076923 0.7145454543269231 0.7451456322115385 0.6581818173076923 0.7087378629807692 0.4872727283653846 0.713592233173077 0.4872727283653846 0.737864076923077 0.3381818173076923 0.7961165048076922 0.10727272836538462 0.8058252427884616 0.09636363701923077 0.813106795673077 0.0018181826923076923 0.8179611658653846 0 0.9065533990384615 0 0.9951412115384616
1027 0.049090908653846146 0.2669902908653846 0.03272727163461538 0.26456310576923076 0.01818181730769231 0.26456310576923076 0.01818181730769231 0.32281553365384613 0.030909091346153845 0.33009708653846154 0.045454545673076927 0.32524271875 0.049090908653846146 0.2669902908653846
1027 0.4563636370192308 0.004854367788461538 0.43454545432692304 0 0.4272727283653846 0.0072815528846153854 0.42909090865384614 0.016990290865384616 0.44363636298076925 0.021844661057692307 0.4545454543269231 0.01941747596153846 0.4618181826923077 0.016990290865384616 0.4563636370192308 0.004854367788461538
1027 0.7163636370192308 0.055825242788461536 0.7309090913461538 0.05339805769230769 0.7363636370192308 0.04611650480769231 0.734545454326923 0.031553399038461535 0.7272727283653846 0.031553399038461535 0.709090908653846 0.031553399038461535 0.6981818173076924 0.03883495192307692 0.7036363629807691 0.05097087259615385 0.7163636370192308 0.055825242788461536
1753 0.2781818173076923 0.1966019423076923 0.8981818173076923 0.23543689423076924 0.8927272716346154 0.1529126201923077 0.2763636370192308 0.10679611538461538 0.2781818173076923 0.1966019423076923