207 0.64208984375 0.9973958341346154 0.80078125 0.767578125 0.7783203125 0.5625 0.37060546875 0.482421875 0.2744140625 0.439453125 0.00341796875 0.5358072908653846 0.00341796875 0.8658854158653846 0.23583984375 0.99609375 0.64208984375 0.9973958341346154
207 0.78076171875 0.5611979158653846 0.8046875 0.6295572908653846 0.87939453125 0.6529947908653846 0.98974609375 0.5110677091346154 0.97216796875 0.37434895913461536 0.70849609375 0.34765625 0.6845703125 0.345703125 0.66943359375 0.32942708413461536 0.61083984375 0.314453125 0.47705078125 0.37630208413461536 0.46826171875 0.41080729086538464 0.515625 0.41927083413461536 0.515625 0.5045572908653846 0.78076171875 0.5611979158653846
1027 0.4072265625 0.34765625 0.4072265625 0.3059895841346154 0.45068359375 0.2845052091346154 0.41845703125 0.19596354086538462 0.3857421875 0.1875 0.36181640625 0.19791666586538462 0.33935546875 0.2942708341346154 0.3896484375 0.302734375 0.3896484375 0.345703125 0.38330078125 0.34765625 0.38427734375 0.42578125 0.41845703125 0.43098958413461536 0.4169921875 0.39908854086538464 0.4072265625 0.34765625
345 0.51220703125 0.42447916586538464 0.4208984375 0.38606770913461536 0.33056640625 0.4375 0.32958984375 0.462890625 0.5146484375 0.5091145841346154 0.51220703125 0.42447916586538464
1468 0.26953125 0.494140625 0.21826171875 0.5208333341346154 0.2119140625 0.5494791658653846 0.1982421875 0.564453125 0.19580078125 0.6178385408653846 0.20703125 0.6510416658653846 0.234375 0.6725260408653846 0.24462890625 0.689453125 0.341796875 0.65625 0.3583984375 0.630859375 0.3544921875 0.611328125 0.3271484375 0.51953125 0.279296875 0.5026041658653846 0.26953125 0.494140625
1468 0.74462890625 0.5208333341346154 0.7509765625 0.45442708413461536 0.7919921875 0.43424479086538464 0.8046875 0.39908854086538464 0.7919921875 0.3125 0.7607421875 0.291015625 0.74560546875 0.291015625 0.72216796875 0.2845052091346154 0.70947265625 0.30794270913461536 0.7197265625 0.43424479086538464 0.74560546875 0.45247395913461536 0.734375 0.51953125 0.74462890625 0.5208333341346154
1942 0.6708984375 0.002604165865384616 0.6669921875 0.28125 0.87060546875 0.2962239591346154 0.88427734375 0.0013020841346153846 0.6708984375 0.002604165865384616
937 0.2734375 0.2760416658653846 0.001953125 0.328125 0.00390625 0.53515625 0.28271484375 0.44401041586538464 0.2734375 0.2760416658653846
937 0.41748046875 0.30989583413461536 0.421875 0.37369791586538464 0.421875 0.38932291586538464 0.4697265625 0.40104166586538464 0.4765625 0.37955729086538464 0.58642578125 0.322265625 0.583984375 0.20963541586538462 0.4423828125 0.24283854086538462 0.44921875 0.2858072908653846 0.41748046875 0.30989583413461536
1885 0.65234375 0.002604165865384616 0.00390625 0.005208334134615384 0.001953125 0.8580729158653846 0.65478515625 0.41341145913461536 0.65234375 0.002604165865384616
1885 0.9951171875 0.002604165865384616 0.65478515625 0.002604165865384616 0.65478515625 0.41341145913461536 0.9951171875 0.49869791586538464 0.9951171875 0.002604165865384616
792 0.25024413942307694 1 0.9951171875 0.998046875 0.9951171875 0.501953125 0.65478515625 0.41666666586538464 0.00390625 0.8606770841346154 0.0019622091346153847 1 0.25024413942307694 1