207 0.76416015625 0.99609375 0.99658203125 0.8658854158653846 0.99658203125 0.5358072908653846 0.7255859375 0.439453125 0.62939453125 0.482421875 0.2216796875 0.5625 0.19921875 0.767578125 0.35791015625 0.9973958341346154 0.76416015625 0.99609375
207 0.484375 0.5045572908653846 0.484375 0.41927083413461536 0.53173828125 0.41080729086538464 0.52294921875 0.37630208413461536 0.38916015625 0.314453125 0.33056640625 0.32942708413461536 0.3154296875 0.345703125 0.29150390625 0.34765625 0.02783203125 0.37434895913461536 0.01025390625 0.5110677091346154 0.12060546875 0.6529947908653846 0.1953125 0.6295572908653846 0.21923828125 0.5611979158653846 0.484375 0.5045572908653846
1027 0.5830078125 0.39908854086538464 0.58154296875 0.43098958413461536 0.61572265625 0.42578125 0.61669921875 0.34765625 0.6103515625 0.345703125 0.6103515625 0.302734375 0.66064453125 0.2942708341346154 0.63818359375 0.19791666586538462 0.6142578125 0.1875 0.58154296875 0.19596354086538462 0.54931640625 0.2845052091346154 0.5927734375 0.3059895841346154 0.5927734375 0.34765625 0.5830078125 0.39908854086538464
345 0.4853515625 0.5091145841346154 0.67041015625 0.462890625 0.66943359375 0.4375 0.5791015625 0.38606770913461536 0.48779296875 0.42447916586538464 0.4853515625 0.5091145841346154
1468 0.720703125 0.5026041658653846 0.6728515625 0.51953125 0.6455078125 0.611328125 0.6416015625 0.630859375 0.658203125 0.65625 0.75537109375 0.689453125 0.765625 0.6725260408653846 0.79296875 0.6510416658653846 0.80419921875 0.6178385408653846 0.8017578125 0.564453125 0.7880859375 0.5494791658653846 0.78173828125 0.5208333341346154 0.73046875 0.494140625 0.720703125 0.5026041658653846
1468 0.265625 0.51953125 0.25439453125 0.45247395913461536 0.2802734375 0.43424479086538464 0.29052734375 0.30794270913461536 0.27783203125 0.2845052091346154 0.25439453125 0.291015625 0.2392578125 0.291015625 0.2080078125 0.3125 0.1953125 0.39908854086538464 0.2080078125 0.43424479086538464 0.2490234375 0.45442708413461536 0.25537109375 0.5208333341346154 0.265625 0.51953125
1942 0.11572265625 0.0013020841346153846 0.12939453125 0.2962239591346154 0.3330078125 0.28125 0.3291015625 0.002604165865384616 0.11572265625 0.0013020841346153846
937 0.71728515625 0.44401041586538464 0.99609375 0.53515625 0.998046875 0.328125 0.7265625 0.2760416658653846 0.71728515625 0.44401041586538464
937 0.55078125 0.2858072908653846 0.5576171875 0.24283854086538462 0.416015625 0.20963541586538462 0.41357421875 0.322265625 0.5234375 0.37955729086538464 0.5302734375 0.40104166586538464 0.578125 0.38932291586538464 0.578125 0.37369791586538464 0.58251953125 0.30989583413461536 0.55078125 0.2858072908653846
1885 0.34521484375 0.41341145913461536 0.998046875 0.8580729158653846 0.99609375 0.005208334134615384 0.34765625 0.002604165865384616 0.34521484375 0.41341145913461536
1885 0.0048828125 0.49869791586538464 0.34521484375 0.41341145913461536 0.34521484375 0.002604165865384616 0.0048828125 0.002604165865384616 0.0048828125 0.49869791586538464
792 0.9980377908653846 1 0.99609375 0.8606770841346154 0.34521484375 0.41666666586538464 0.0048828125 0.501953125 0.0048828125 0.998046875 0.7497558605769231 1 0.9980377908653846 1