402 0.1181818173076923 0 0.20363636298076923 0.1383495144230769 0.27272727163461535 0.13592232932692308 0.37090909134615385 0 0.1181818173076923 0
792 0.27272727163461535 0.2378640769230769 0.20545454567307694 0.2378640769230769 0.0018181826923076923 0.6189320384615384 0.4636363629807692 0.6189320384615384 0.4636363629807692 0.5606796105769231 0.27272727163461535 0.2378640769230769
1885 0.3745454543269231 0 0.27272727163461535 0.13592232932692308 0.27272727163461535 0.23300970913461538 0.4636363629807692 0.5097087379807692 0.4636363629807692 0 0.3745454543269231 0
1885 0.0018181826923076923 0 0.0018181826923076923 0.6189320384615384 0.20545454567307694 0.23543689423076924 0.20363636298076923 0.14077669951923077 0.11636363701923078 0 0.0018181826923076923 0
1885 0.24000000000000002 0.23300970913461538 0.24000000000000002 0.13592232932692308 0.20363636298076923 0.1383495144230769 0.2072727283653846 0.23300970913461538 0.24000000000000002 0.23300970913461538
655 0.2472727283653846 0.17718446634615384 0.2472727283653846 0.23300970913461538 0.27272727163461535 0.23543689423076924 0.2709090913461539 0.17718446634615384 0.2472727283653846 0.17718446634615384
1314 0.4618181826923077 0.0703883485576923 0.44 0.08009708653846154 0.4418181826923077 0.13592232932692308 0.4618181826923077 0.13106796153846154 0.4618181826923077 0.0703883485576923
1314 0.4327272716346154 0.1504854375 0.42909090865384614 0.08737864182692306 0.4127272716346154 0.09466019471153847 0.4127272716346154 0.1529126201923077 0.4327272716346154 0.1504854375
1314 0.4054545456730769 0.14320388461538464 0.4036363629807692 0.10194174759615385 0.3927272716346154 0.10679611538461538 0.3927272716346154 0.1529126201923077 0.4054545456730769 0.14320388461538464
1314 0.3745454543269231 0.16504854326923077 0.3854545456730769 0.16504854326923077 0.3854545456730769 0.10922330048076923 0.3818181826923077 0.11165048557692307 0.3727272716346154 0.11650485336538462 0.3745454543269231 0.16504854326923077
1322 0.3381818173076923 0.16504854326923077 0.3363636370192308 0.13349514663461537 0.3072727283653846 0.14805825240384615 0.3072727283653846 0.16990291346153846 0.33454545432692306 0.16990291346153846 0.3381818173076923 0.16504854326923077
1322 0.29636363701923074 0.17475728124999998 0.29636363701923074 0.1529126201923077 0.2818181826923077 0.1577669903846154 0.2836363629807692 0.17961165144230767 0.29636363701923074 0.17475728124999998
1314 0.02363636298076923 0.05339805769230769 0.02363636298076923 0.1286407764423077 0.045454545673076927 0.13349514663461537 0.045454545673076927 0.06796116586538462 0.02363636298076923 0.05339805769230769
1314 0.07636363701923077 0.08980582451923078 0.060000000000000005 0.07766990384615384 0.060000000000000005 0.14320388461538464 0.07636363701923077 0.14320388461538464 0.07636363701923077 0.08980582451923078
1314 0.1 0.0995145625 0.08545454567307692 0.09466019471153847 0.08363636298076924 0.14805825240384615 0.09818181730769229 0.14805825240384615 0.1 0.0995145625
1314 0.11454545432692308 0.11407767067307692 0.10545454567307691 0.10679611538461538 0.10363636298076923 0.1529126201923077 0.11272727163461539 0.15533980528846153 0.11454545432692308 0.11407767067307692
1314 0.14727272836538463 0.13106796153846154 0.14909090865384617 0.13592232932692308 0.14909090865384617 0.16747572836538463 0.15272727163461539 0.16504854326923077 0.15454545432692307 0.1383495144230769 0.14727272836538463 0.13106796153846154
1322 0.1672727283653846 0.14563106730769232 0.1672727283653846 0.16990291346153846 0.17272727163461538 0.16990291346153846 0.17272727163461538 0.14805825240384615 0.1672727283653846 0.14563106730769232
1314 0.18 0.1577669903846154 0.18 0.16990291346153846 0.18545454567307693 0.16990291346153846 0.18545454567307693 0.1577669903846154 0.18 0.1577669903846154
1322 0.1963636370192308 0.16747572836538463 0.1963636370192308 0.17718446634615384 0.20363636298076923 0.17718446634615384 0.20363636298076923 0.16990291346153846 0.1963636370192308 0.16747572836538463
655 0.1381818173076923 0.13592232932692308 0.1218181826923077 0.11893203846153845 0.12545454567307693 0.37621359134615384 0.1418181826923077 0.34951456249999996 0.1381818173076923 0.13592232932692308
655 0.15636363701923078 0.14320388461538464 0.1581818173076923 0.31067961057692306 0.1672727283653846 0.30582524278846157 0.1618181826923077 0.14320388461538464 0.15636363701923078 0.14320388461538464
655 0.17636363701923077 0.15533980528846153 0.17636363701923077 0.2791262139423077 0.18 0.27427184375 0.1781818173076923 0.15533980528846153 0.17636363701923077 0.15533980528846153
655 0.18545454567307693 0.16747572836538463 0.18545454567307693 0.26213592307692307 0.1872727283653846 0.2427184471153846 0.1872727283653846 0.16747572836538463 0.18545454567307693 0.16747572836538463
1814 0.14909090865384617 0.23543689423076924 0.15090909134615385 0.29854368990384617 0.1672727283653846 0.2961165048076923 0.16363636298076922 0.23300970913461538 0.14909090865384617 0.23543689423076924
697 0.22727272836538462 0.20145631009615383 0.21818181730769232 0.20145631009615383 0.22 0.22330097115384615 0.22909090865384615 0.22330097115384615 0.22727272836538462 0.20145631009615383
1314 0.23090909134615384 0.1529126201923077 0.21272727163461538 0.15533980528846153 0.21272727163461538 0.16990291346153846 0.23090909134615384 0.17233009615384615 0.23090909134615384 0.1529126201923077
224 0.3727272716346154 0.3543689326923077 0.36363636298076923 0.34951456249999996 0.3272727283653846 0.34951456249999996 0.32909090865384616 0.3616504855769231 0.3236363629807692 0.3980582524038461 0.33090909134615387 0.41019417548076925 0.34545454567307693 0.4077669903846154 0.3418181826923077 0.42718446634615387 0.34363636298076927 0.43932038942307694 0.35090909134615383 0.4441747572115385 0.3654545456730769 0.4441747572115385 0.3618181826923077 0.4708737860576923 0.36363636298076923 0.4854368942307692 0.3818181826923077 0.49514563221153846 0.4054545456730769 0.49514563221153846 0.4381818173076923 0.4854368942307692 0.44909090865384615 0.4781553389423077 0.4327272716346154 0.43203883413461536 0.44727272836538456 0.3689320384615385 0.3781818173076923 0.31067961057692306 0.3727272716346154 0.33737864182692306 0.37636363701923076 0.3422330096153846 0.3727272716346154 0.3543689326923077
224 0.31818181730769235 0.28640776682692304 0.32181818269230766 0.25970873798076927 0.30909090865384614 0.24757281490384614 0.30545454567307695 0.2718446610576923 0.2818181826923077 0.2718446610576923 0.2781818173076923 0.29126213701923076 0.29090909134615384 0.3155339807692308 0.32181818269230766 0.31796116586538464 0.31818181730769235 0.28640776682692304
224 0.27272727163461535 0.2669902908653846 0.29090909134615384 0.2669902908653846 0.2945454543269231 0.23543689423076924 0.2818181826923077 0.24757281490384614 0.2672727283653846 0.24757281490384614 0.27272727163461535 0.2669902908653846
103 0.36727272836538466 0.2766990288461538 0.34363636298076927 0.26456310576923076 0.3418181826923077 0.31796116586538464 0.3654545456730769 0.34708737980769233 0.36727272836538466 0.2766990288461538
103 0.3072727283653846 0.23543689423076924 0.29818181730769233 0.23300970913461538 0.29818181730769233 0.26456310576923076 0.30363636298076924 0.2669902908653846 0.3072727283653846 0.23543689423076924
103 0.2836363629807692 0.2427184471153846 0.2836363629807692 0.2208737860576923 0.28 0.2208737860576923 0.2781818173076923 0.2378640769230769 0.2836363629807692 0.2427184471153846
1942 0.3745454543269231 0.26456310576923076 0.3727272716346154 0.0024271850961538463 0.34363636298076927 0.04854368990384616 0.3363636370192308 0.2427184471153846 0.3745454543269231 0.26456310576923076
1942 0.30909090865384614 0.22572815625 0.3127272716346154 0.08495145673076923 0.29636363701923074 0.10679611538461538 0.29636363701923074 0.21844660096153845 0.30909090865384614 0.22572815625
1942 0.2781818173076923 0.20873786298076924 0.2781818173076923 0.2111650480769231 0.28545454567307693 0.2111650480769231 0.2836363629807692 0.1286407764423077 0.2836363629807692 0.12378640865384614 0.27454545432692307 0.13592232932692308 0.2781818173076923 0.20873786298076924