792 0.8671875 1 0.83984375 0.8828125 0.7578125 0.87890625 0.7578125 0.43359375 0.73046875 0.44140625 0.7265625 0.4140625 0.68359375 0.4140625 0.6640625 0.47265625 0.58984375 0.46875 0.5703125 0.47265625 0.5625 0.5078125 0.51171875 0.50390625 0.5078125 0.5625 0.4140625 0.66015625 0.33203125 0.65625 0.2421875 0.70703125 0.2421875 0.796875 0.01953125 1 0.8671875 1
1885 0 0 0 0.99609375 0.0625 0.953125 0.046875 0 0 0
655 0.0625 0.94140625 0.19921875 0.83203125 0.1875 0.0546875 0.08203125 0.00390625 0.05859375 0 0.0625 0.94140625
1314 0.94921875 0 0.92578125 0.47265625 0.99609375 0.53125 1 0.263671875 1 0 0.94921875 0
655 0.8997395817307693 0 0.87890625 0.03125 0.84375 0.87890625 0.87109375 0.9765625 0.88671875 0.70703125 0.9255666201923076 0 0.8997395817307693 0
1314 0.328125 0.30859375 0.33203125 0.1484375 0.2890625 0.13671875 0.28515625 0.30859375 0.328125 0.30859375
655 0.23828125 0.70703125 0.26953125 0.6875 0.26953125 0.12109375 0.23046875 0.09765625 0.23828125 0.70703125
132 0.68359375 0.265625 0.6640625 0.25390625 0.59765625 0.25 0.58984375 0.46484375 0.66796875 0.46875 0.68359375 0.41015625 0.68359375 0.265625
1349 0.4375 0.4921875 0.37109375 0.5 0.359375 0.47265625 0.3359375 0.46875 0.3203125 0.4921875 0.296875 0.4921875 0.30859375 0.53125 0.33203125 0.55078125 0.3359375 0.58203125 0.38671875 0.578125 0.390625 0.56640625 0.40625 0.5703125 0.4140625 0.54296875 0.390625 0.51953125 0.4375 0.4921875
1382 0.33203125 0.6484375 0.37109375 0.6484375 0.37109375 0.6171875 0.3359375 0.6171875 0.33203125 0.6484375
417 0.40625 0.67578125 0.3984375 0.62109375 0.40234375 0.61328125 0.40625 0.58984375 0.3359375 0.58984375 0.32421875 0.55078125 0.30078125 0.53125 0.28515625 0.54296875 0.29296875 0.57421875 0.3046875 0.56640625 0.3203125 0.61328125 0.296875 0.671875 0.3125 0.671875 0.3359375 0.61328125 0.37890625 0.609375 0.3828125 0.67578125 0.40625 0.67578125
1885 0.08203125 0 0.1953125 0.05078125 0.20703125 0.828125 0.2421875 0.79296875 0.23046875 0.0859375 0.2734375 0.1171875 0.27734375 0.6875 0.3359375 0.625 0.40234375 0.640625 0.42578125 0.62109375 0.421875 0.1953125 0.5078125 0.22265625 0.50390625 0.51171875 0.51953125 0.49609375 0.5546875 0.5 0.57421875 0.46484375 0.5859375 0.4609375 0.59375 0.12109375 0.5703125 0.09765625 0.4375 0 0.08203125 0
1885 0.9333496105769231 0 0.87109375 0.99609375 1 0.99609375 1 0.853515625 0.99609375 0.7109375 0.99609375 0.54296875 0.92578125 0.4765625 0.9490282019230769 0 0.9333496105769231 0
402 0.44921875 0 0.60546875 0.12890625 0.765625 0.12890625 0.7890625 0 0.44921875 0
1885 0.66796875 0.24609375 0.69140625 0.2734375 0.70703125 0.2734375 0.7421875 0.2734375 0.734375 0.4296875 0.76171875 0.43359375 0.765625 0.1328125 0.6015625 0.12890625 0.59765625 0.25 0.66796875 0.24609375
960 0.50390625 0.22265625 0.4296875 0.203125 0.4296875 0.625 0.4921875 0.55859375 0.5 0.55859375 0.50390625 0.22265625
1885 0.80078125 0 0.76953125 0.125 0.76953125 0.5078125 0.765625 0.875 0.83984375 0.875 0.875 0.0234375 0.8850446442307691 0 0.80078125 0