792 0.23735408653846155 0.578125 0.24124513701923078 0.63671875 0.21011673076923076 0.6484375 0.19844357932692308 0.65625 0.0038910504807692305 0.89453125 0.0038910504807692305 1 0.9961089495192308 0.99609375 0.9961089495192308 0.73046875 0.4708171201923077 0.45703125 0.3735408557692308 0.45703125 0.2801556418269231 0.57421875 0.23735408653846155 0.578125
1807 0.6770428004807693 0.00390625 0.42023346394230765 0.375 0.43968871634615386 0.3828125 0.719844358173077 0.0078125 0.6770428004807693 0.00390625
1807 0.30739299519230767 0 0.37743190625 0.37890625 0.4046692596153846 0.375 0.3385214014423077 0 0.30739299519230767 0
402 0.48249027163461544 0.3828125 0.9961089495192308 0.203125 0.9961089495192308 0 0.07782101201923078 0.00390625 0.35797665384615385 0.37890625 0.48249027163461544 0.3828125
224 0.6964980552884616 0.578125 0.7003891057692309 0.6171875 0.7120622572115385 0.6171875 0.7159533076923077 0.58984375 0.7276264591346154 0.58984375 0.7276264591346154 0.61328125 0.7237354086538462 0.61328125 0.7237354086538462 0.62890625 0.7587548629807692 0.62890625 0.7587548629807692 0.62109375 0.7509727620192308 0.61328125 0.7509727620192308 0.58984375 0.770428014423077 0.5859375 0.7821011682692307 0.53125 0.7276264591346154 0.515625 0.7237354086538462 0.5546875 0.688715954326923 0.55859375 0.6964980552884616 0.578125
1813 0.6420233461538462 0.4921875 0.6186770432692307 0.4921875 0.6186770432692307 0.5625 0.6420233461538462 0.5625 0.6420233461538462 0.4921875
224 0.5603112836538462 0.5234375 0.5797665360576923 0.53515625 0.5953307403846154 0.53515625 0.5953307403846154 0.515625 0.607003891826923 0.515625 0.6108949423076923 0.48046875 0.5875486370192308 0.47265625 0.5836575865384616 0.4921875 0.575875485576923 0.5 0.5603112836538462 0.5234375
1558 0.1867704278846154 0.65625 0.18287937740384616 0.484375 0.0038910504807692305 0.48828125 0.0038910504807692305 0.49609375 0.0038910504807692305 0.5 0.14785992307692308 0.5 0.0038910504807692305 0.55859375 0.0038910504807692305 0.8203125 0.05058365865384615 0.81640625 0.1867704278846154 0.65625
203 0.21400778125 0.21875 0.2023346298076923 0.62890625 0.2295719855769231 0.62890625 0.23735408653846155 0.234375 0.21400778125 0.21875
203 0.2723735408653846 0.5703125 0.27626459134615383 0.52734375 0.2801556418269231 0.28125 0.26459143990384615 0.26953125 0.25291828846153847 0.56640625 0.2723735408653846 0.5703125
1942 0.9961089495192308 0.31640625 0.9922178990384616 0.21875 0.9377431899038461 0.23046875 0.9416342403846154 0.328125 0.9961089495192308 0.31640625
1942 0.8754863822115385 0.3359375 0.9377431899038461 0.33203125 0.9299610889423077 0.2421875 0.8793774326923077 0.25 0.8754863822115385 0.3359375
1942 0.8210116730769231 0.34375 0.8715953317307693 0.34375 0.8677042812500001 0.2578125 0.8054474711538462 0.28515625 0.8210116730769231 0.34375
178 0.9922178990384616 0.68359375 0.6498054471153847 0.51953125 0.6459143966346154 0.54296875 0.9922178990384616 0.72265625 0.9922178990384616 0.68359375
1942 0.027237353365384614 0.23046875 0.027237353365384614 0.3203125 0.1867704278846154 0.36328125 0.2023346298076923 0.359375 0.19844357932692308 0.31640625 0.027237353365384614 0.23046875
655 0.0038910504807692305 0.3125 0.0038910504807692305 0.55078125 0.05058365865384615 0.52734375 0.046692608173076924 0.4453125 0.046692608173076924 0.3359375 0.046692608173076924 0.328125 0.015564201923076922 0.3125 0.0038910504807692305 0.3125
1558 0.05836575961538462 0.5546875 0.23735408653846155 0.5625 0.2801556418269231 0.55859375 0.2801556418269231 0.55078125 0.30350194471153846 0.5234375 0.30350194471153846 0.4375 0.1673151754807692 0.43359375 0.1673151754807692 0.44921875 0.08560311298076922 0.44921875 0.05058365865384615 0.4453125 0.054474709134615384 0.55078125 0.05836575961538462 0.5546875
1885 0.12451361778846154 0.484375 0.12840466826923078 0.4765625 0.12840466826923078 0.375 0.12840466826923078 0.35546875 0.05058365865384615 0.33203125 0.05836575961538462 0.50390625 0.12451361778846154 0.484375
655 0.15953307451923077 0.4921875 0.15564202403846156 0.37890625 0.15564202403846156 0.36328125 0.13229571874999999 0.35546875 0.13229571874999999 0.4921875 0.15953307451923077 0.4921875
733 0.4046692596153846 0.40234375 0.3735408557692308 0.40234375 0.3735408557692308 0.44921875 0.4085603100961538 0.44921875 0.4046692596153846 0.40234375
1885 0.3657587548076923 0.453125 0.48249027163461544 0.453125 0.4785992211538461 0.42578125 0.4785992211538461 0.38671875 0.3618677043269231 0.38671875 0.3657587548076923 0.4453125 0.3657587548076923 0.453125
1885 0.163424125 0.4765625 0.19455252884615384 0.47265625 0.19455252884615384 0.37890625 0.19455252884615384 0.3671875 0.15953307451923077 0.359375 0.15953307451923077 0.4453125 0.163424125 0.4765625
1942 0.9961089495192308 0.671875 0.9922178990384616 0.3203125 0.9416342403846154 0.33203125 0.9299610889423077 0.640625 0.9961089495192308 0.671875
1942 0.8599221778846153 0.60546875 0.9221789879807692 0.640625 0.9377431899038461 0.3359375 0.8754863822115385 0.34375 0.8599221778846153 0.60546875
1942 0.8677042812500001 0.34375 0.801556420673077 0.34765625 0.8054474711538462 0.359375 0.801556420673077 0.5859375 0.8599221778846153 0.61328125 0.8677042812500001 0.35546875 0.8677042812500001 0.34375
1558 0.35408560336538464 0.46484375 0.35797665384615385 0.453125 0.35408560336538464 0.421875 0.30739299519230767 0.4453125 0.30739299519230767 0.51953125 0.35408560336538464 0.46484375
1259 0.41245136298076923 0.4296875 0.43968871634615386 0.4296875 0.4708171201923077 0.4296875 0.4708171201923077 0.40234375 0.41245136298076923 0.40234375 0.41245136298076923 0.4296875
1953 0.48638132211538465 0.4453125 0.49027237259615386 0.44921875 0.7782101177884615 0.57421875 0.7859922187499999 0.2890625 0.7782101177884615 0.29296875 0.48249027163461544 0.390625 0.48638132211538465 0.4453125
1792 0 0 0 0.08984375 0.0038910504807692305 0.18359375 0.30739299519230767 0.35546875 0.30739299519230767 0.3203125 0.05836575961538462 0 0 0