402 0.6290909086538462 0 0.7272727283653846 0.13592232932692308 0.7963636370192309 0.1383495144230769 0.8818181826923077 0 0.6290909086538462 0
792 0.5363636370192307 0.5606796105769231 0.5363636370192307 0.6189320384615384 0.9981818173076923 0.6189320384615384 0.7945454543269231 0.2378640769230769 0.7272727283653846 0.2378640769230769 0.5363636370192307 0.5606796105769231
1885 0.5363636370192307 0 0.5363636370192307 0.5097087379807692 0.7272727283653846 0.23300970913461538 0.7272727283653846 0.13592232932692308 0.625454545673077 0 0.5363636370192307 0
1885 0.8836363629807693 0 0.7963636370192309 0.14077669951923077 0.7945454543269231 0.23543689423076924 0.9981818173076923 0.6189320384615384 0.9981818173076923 0 0.8836363629807693 0
1885 0.7927272716346153 0.23300970913461538 0.7963636370192309 0.1383495144230769 0.76 0.13592232932692308 0.76 0.23300970913461538 0.7927272716346153 0.23300970913461538
655 0.7290909086538462 0.17718446634615384 0.7272727283653846 0.23543689423076924 0.7527272716346154 0.23300970913461538 0.7527272716346154 0.17718446634615384 0.7290909086538462 0.17718446634615384
1314 0.5381818173076923 0.13106796153846154 0.5581818173076922 0.13592232932692308 0.56 0.08009708653846154 0.5381818173076923 0.0703883485576923 0.5381818173076923 0.13106796153846154
1314 0.5872727283653846 0.1529126201923077 0.5872727283653846 0.09466019471153847 0.5709090913461539 0.08737864182692306 0.5672727283653847 0.1504854375 0.5872727283653846 0.1529126201923077
1314 0.6072727283653846 0.1529126201923077 0.6072727283653846 0.10679611538461538 0.5963636370192308 0.10194174759615385 0.5945454543269231 0.14320388461538464 0.6072727283653846 0.1529126201923077
1314 0.6272727283653846 0.11650485336538462 0.6181818173076923 0.11165048557692307 0.6145454543269231 0.10922330048076923 0.6145454543269231 0.16504854326923077 0.625454545673077 0.16504854326923077 0.6272727283653846 0.11650485336538462
1322 0.6654545456730769 0.16990291346153846 0.6927272716346154 0.16990291346153846 0.6927272716346154 0.14805825240384615 0.6636363629807692 0.13349514663461537 0.6618181826923077 0.16504854326923077 0.6654545456730769 0.16990291346153846
1322 0.7163636370192308 0.17961165144230767 0.7181818173076924 0.1577669903846154 0.7036363629807691 0.1529126201923077 0.7036363629807691 0.17475728124999998 0.7163636370192308 0.17961165144230767
1314 0.9545454543269231 0.06796116586538462 0.9545454543269231 0.13349514663461537 0.9763636370192308 0.1286407764423077 0.9763636370192308 0.05339805769230769 0.9545454543269231 0.06796116586538462
1314 0.9236363629807692 0.14320388461538464 0.9400000000000001 0.14320388461538464 0.9400000000000001 0.07766990384615384 0.9236363629807692 0.08980582451923078 0.9236363629807692 0.14320388461538464
1314 0.9018181826923077 0.14805825240384615 0.9163636370192307 0.14805825240384615 0.9145454543269231 0.09466019471153847 0.8999999999999999 0.0995145625 0.9018181826923077 0.14805825240384615
1314 0.8872727283653846 0.15533980528846153 0.8963636370192307 0.1529126201923077 0.894545454326923 0.10679611538461538 0.8854545456730769 0.11407767067307692 0.8872727283653846 0.15533980528846153
1314 0.8454545456730769 0.1383495144230769 0.8472727283653847 0.16504854326923077 0.8509090913461539 0.16747572836538463 0.8509090913461539 0.13592232932692308 0.8527272716346155 0.13106796153846154 0.8454545456730769 0.1383495144230769
1322 0.8272727283653847 0.14805825240384615 0.8272727283653847 0.16990291346153846 0.8327272716346154 0.16990291346153846 0.8327272716346154 0.14563106730769232 0.8272727283653847 0.14805825240384615
1314 0.814545454326923 0.1577669903846154 0.814545454326923 0.16990291346153846 0.8200000000000001 0.16990291346153846 0.8200000000000001 0.1577669903846154 0.814545454326923 0.1577669903846154
1322 0.7963636370192309 0.16990291346153846 0.7963636370192309 0.17718446634615384 0.8036363629807692 0.17718446634615384 0.8036363629807692 0.16747572836538463 0.7963636370192309 0.16990291346153846
655 0.8581818173076923 0.34951456249999996 0.874545454326923 0.37621359134615384 0.8781818173076924 0.11893203846153845 0.8618181826923077 0.13592232932692308 0.8581818173076923 0.34951456249999996
655 0.8381818173076923 0.14320388461538464 0.8327272716346154 0.30582524278846157 0.8418181826923077 0.31067961057692306 0.8436363629807692 0.14320388461538464 0.8381818173076923 0.14320388461538464
655 0.8218181826923078 0.15533980528846153 0.8200000000000001 0.27427184375 0.8236363629807693 0.2791262139423077 0.8236363629807693 0.15533980528846153 0.8218181826923078 0.15533980528846153
655 0.8127272716346153 0.16747572836538463 0.8127272716346153 0.2427184471153846 0.814545454326923 0.26213592307692307 0.814545454326923 0.16747572836538463 0.8127272716346153 0.16747572836538463
1814 0.8363636370192308 0.23300970913461538 0.8327272716346154 0.2961165048076923 0.8490909086538461 0.29854368990384617 0.8509090913461539 0.23543689423076924 0.8363636370192308 0.23300970913461538
697 0.7709090913461538 0.22330097115384615 0.78 0.22330097115384615 0.7818181826923076 0.20145631009615383 0.7727272716346154 0.20145631009615383 0.7709090913461538 0.22330097115384615
1314 0.7690909086538462 0.17233009615384615 0.7872727283653845 0.16990291346153846 0.7872727283653845 0.15533980528846153 0.7690909086538462 0.1529126201923077 0.7690909086538462 0.17233009615384615
224 0.6236363629807692 0.3422330096153846 0.6272727283653846 0.33737864182692306 0.6218181826923076 0.31067961057692306 0.5527272716346154 0.3689320384615385 0.5672727283653847 0.43203883413461536 0.5509090913461538 0.4781553389423077 0.5618181826923077 0.4854368942307692 0.5945454543269231 0.49514563221153846 0.6181818173076923 0.49514563221153846 0.6363636370192308 0.4854368942307692 0.6381818173076923 0.4708737860576923 0.6345454543269231 0.4441747572115385 0.6490909086538461 0.4441747572115385 0.6563636370192308 0.43932038942307694 0.6581818173076923 0.42718446634615387 0.6545454543269231 0.4077669903846154 0.6690909086538461 0.41019417548076925 0.6763636370192307 0.3980582524038461 0.6709090913461538 0.3616504855769231 0.6727272716346153 0.34951456249999996 0.6363636370192308 0.34951456249999996 0.6272727283653846 0.3543689326923077 0.6236363629807692 0.3422330096153846
224 0.6781818173076922 0.31796116586538464 0.709090908653846 0.3155339807692308 0.7218181826923077 0.29126213701923076 0.7181818173076924 0.2718446610576923 0.694545454326923 0.2718446610576923 0.6909090913461539 0.24757281490384614 0.6781818173076922 0.25970873798076927 0.6818181826923078 0.28640776682692304 0.6781818173076922 0.31796116586538464
224 0.7327272716346154 0.24757281490384614 0.7181818173076924 0.24757281490384614 0.7054545456730769 0.23543689423076924 0.709090908653846 0.2669902908653846 0.7272727283653846 0.2669902908653846 0.7327272716346154 0.24757281490384614
103 0.6345454543269231 0.34708737980769233 0.6581818173076923 0.31796116586538464 0.6563636370192308 0.26456310576923076 0.6327272716346154 0.2766990288461538 0.6345454543269231 0.34708737980769233
103 0.6963636370192308 0.2669902908653846 0.7018181826923077 0.26456310576923076 0.7018181826923077 0.23300970913461538 0.6927272716346154 0.23543689423076924 0.6963636370192308 0.2669902908653846
103 0.7218181826923077 0.2378640769230769 0.72 0.2208737860576923 0.7163636370192308 0.2208737860576923 0.7163636370192308 0.2427184471153846 0.7218181826923077 0.2378640769230769
1942 0.6636363629807692 0.2427184471153846 0.6563636370192308 0.04854368990384616 0.6272727283653846 0.0024271850961538463 0.625454545673077 0.26456310576923076 0.6636363629807692 0.2427184471153846
1942 0.7036363629807691 0.21844660096153845 0.7036363629807691 0.10679611538461538 0.6872727283653847 0.08495145673076923 0.6909090913461539 0.22572815625 0.7036363629807691 0.21844660096153845
1942 0.7254545456730769 0.13592232932692308 0.7163636370192308 0.12378640865384614 0.7163636370192308 0.1286407764423077 0.7145454543269231 0.2111650480769231 0.7218181826923077 0.2111650480769231 0.7218181826923077 0.20873786298076924 0.7254545456730769 0.13592232932692308