1027 0.0879629639423077 0.39726027403846154 0.12808642067307693 0.3913894326923077 0.12808642067307693 0.37964774999999995 0.10493827163461539 0.35225049038461537 0.1033950625 0.30332681009615386 0.06172839423076923 0.2994129158653846 0.050925925480769234 0.3385518581730769 0.02469135817307692 0.37964774999999995 0.026234567307692306 0.3913894326923077 0.07098765384615385 0.39726027403846154 0.057098764423076924 0.40704500961538465 0.06944444471153846 0.45401174278846157 0.07716049278846154 0.4716242668269231 0.06481481490384615 0.48923679086538463 0.10493827163461539 0.48923679086538463 0.09104938221153845 0.47553816105769225 0.09104938221153845 0.46183953125 0.10648148076923077 0.4246575336538462 0.1033950625 0.40117416826923075 0.0879629639423077 0.39726027403846154
1027 0.48765432211538456 0.4109589038461538 0.48765432211538456 0.40117416826923075 0.5154320985576922 0.39726027403846154 0.503086420673077 0.37964774999999995 0.49845679086538464 0.3385518581730769 0.4706790120192308 0.3365949110576923 0.4629629639423077 0.3718199615384616 0.4506172836538462 0.3894324855769231 0.4475308653846154 0.40704500961538465 0.46604938221153847 0.4050880625 0.46450617307692305 0.41487279807692307 0.46604938221153847 0.4383561634615385 0.4753086418269231 0.46183953125 0.46604938221153847 0.4716242668269231 0.46759259375 0.47749510817307694 0.49074074038461535 0.4794520552884615 0.48302469230769235 0.46966731971153847 0.48765432211538456 0.45596868990384615 0.4969135793269231 0.42857142788461544 0.4938271610576923 0.41487279807692307 0.48765432211538456 0.4109589038461538
1219 0.17746913461538463 0.3679060673076923 0.3518518509615385 0.37377690865384616 0.3549382716346154 0.18199608653846155 0.18518518509615384 0.14481408894230768 0.17746913461538463 0.3679060673076923
207 0.4938271610576923 0.72798434375 0.7006172836538462 0.6653620360576924 0.6990740745192308 0.7162426610576923 0.7145061730769231 0.7142857139423077 0.7129629639423077 0.686888454326923 0.7145061730769231 0.6536203533653846 0.7160493822115386 0.5890410961538461 0.6975308653846154 0.5812133076923077 0.6959876538461539 0.5479452043269231 0.6697530865384616 0.5342465745192307 0.6327160504807693 0.5264187860576923 0.5910493822115385 0.5205479447115384 0.5570987644230769 0.51272015625 0.53240740625 0.5048923677884616 0.5015432091346154 0.502935420673077 0.4737654326923077 0.5009784735576923 0.4537037043269231 0.4598825841346154 0.4228395072115385 0.4598825841346154 0.4120370360576923 0.4598825841346154 0.3935185192307692 0.3953033269230769 0.14814814903846155 0.37964774999999995 0.14814814903846155 0.4050880625 0.15740740625 0.43639921634615386 0.15740740625 0.4579256370192307 0.1820987644230769 0.46966731971153847 0.18364197596153845 0.4853228966346154 0.20987654326923078 0.4911937379807692 0.20833333413461538 0.528375733173077 0.20679012259615387 0.65166340625 0.46604938221153847 0.7181996081730768 0.4768518509615385 0.7847358125 0.486111110576923 0.7866927596153845 0.4938271610576923 0.72798434375
1902 0.9089506177884614 0.6066536201923077 0.9274691346153846 0.6007827788461538 0.9320987644230769 0.4403131105769231 0.777777778846154 0.43639921634615386 0.7793209879807693 0.5890410961538461 0.9089506177884614 0.6066536201923077
564 0.5447530865384616 0.46771037259615383 0.5756172836538462 0.4951076322115385 0.5864197524038461 0.14090019471153845 0.5493827163461538 0.12915851201923076 0.5447530865384616 0.46771037259615383
564 0.43981481490384616 0.45205479567307694 0.45833333413461536 0.42857142788461544 0.46913580288461537 0.11545988221153847 0.4259259254807692 0.09980430528846154 0.4120370360576923 0.4383561634615385 0.43981481490384616 0.45205479567307694
564 0.043151800480769234 0 0.03240740625 0.3620352259615384 0.06635802403846154 0.28180039182692307 0.10802469230769231 0.28962818028846155 0.11882716105769231 0.35225049038461537 0.13888888942307692 0.3620352259615384 0.12660958413461537 0 0.043151800480769234 0
1661 0.9598765432692308 0.8962818004807692 0.9876543221153846 0.8962818004807692 0.9876543221153846 0.8669275937500001 0.98919753125 0.7084148725961538 0.9876543221153846 0.6966731899038462 0.8796296298076923 0.6536203533653846 0.7731481490384616 0.7045009783653846 0.7854938269230769 0.8806262235576923 0.7916666658653846 0.9099804302884615 0.8179012355769231 0.9119373774038462 0.8271604927884616 0.8864970649038462 0.8950617283653847 0.9178082187500001 0.9012345673076924 0.9491193725961539 0.9429012355769231 0.9354207427884614 0.9429012355769231 0.9119373774038462 0.9598765432692308 0.8962818004807692
1314 0.6404320985576923 0.2759295504807692 0.6450617283653847 0.34833659375 0.6712962956730769 0.34442269951923077 0.6712962956730769 0.27788649759615386 0.6404320985576923 0.2759295504807692
1152 0.49228394951923077 0.45205479567307694 0.486111110576923 0.48140900240384615 0.5092592596153847 0.48336594951923073 0.5123456778846154 0.45205479567307694 0.49228394951923077 0.45205479567307694
1219 0.6419753076923077 0.36007827884615384 0.6450617283653847 0.4324853221153846 0.6712962956730769 0.4324853221153846 0.6728395072115384 0.3639921730769231 0.6419753076923077 0.36007827884615384