1027 0.8966049375 0.40117416826923075 0.8935185192307693 0.4246575336538462 0.9089506177884614 0.46183953125 0.9089506177884614 0.47553816105769225 0.8950617283653847 0.48923679086538463 0.9351851850961539 0.48923679086538463 0.9228395072115384 0.4716242668269231 0.9305555552884616 0.45401174278846157 0.9429012355769231 0.40704500961538465 0.9290123461538461 0.39726027403846154 0.9737654326923076 0.3913894326923077 0.975308641826923 0.37964774999999995 0.9490740745192308 0.3385518581730769 0.9382716057692307 0.2994129158653846 0.8966049375 0.30332681009615386 0.8950617283653847 0.35225049038461537 0.871913579326923 0.37964774999999995 0.871913579326923 0.3913894326923077 0.9120370360576923 0.39726027403846154 0.8966049375 0.40117416826923075
1027 0.5061728389423077 0.41487279807692307 0.503086420673077 0.42857142788461544 0.5123456778846154 0.45596868990384615 0.5169753076923077 0.46966731971153847 0.5092592596153847 0.4794520552884615 0.53240740625 0.47749510817307694 0.5339506177884615 0.4716242668269231 0.5246913581730769 0.46183953125 0.5339506177884615 0.4383561634615385 0.5354938269230769 0.41487279807692307 0.5339506177884615 0.4050880625 0.5524691346153846 0.40704500961538465 0.5493827163461538 0.3894324855769231 0.5370370360576924 0.3718199615384616 0.5293209879807692 0.3365949110576923 0.5015432091346154 0.3385518581730769 0.4969135793269231 0.37964774999999995 0.4845679014423077 0.39726027403846154 0.5123456778846154 0.40117416826923075 0.5123456778846154 0.4109589038461538 0.5061728389423077 0.41487279807692307
1219 0.8148148149038461 0.14481408894230768 0.6450617283653847 0.18199608653846155 0.6481481490384616 0.37377690865384616 0.8225308653846154 0.3679060673076923 0.8148148149038461 0.14481408894230768
207 0.513888889423077 0.7866927596153845 0.5231481490384615 0.7847358125 0.5339506177884615 0.7181996081730768 0.7932098774038461 0.65166340625 0.7916666658653846 0.528375733173077 0.7901234567307692 0.4911937379807692 0.8163580240384616 0.4853228966346154 0.8179012355769231 0.46966731971153847 0.8425925937500001 0.4579256370192307 0.8425925937500001 0.43639921634615386 0.8518518509615384 0.4050880625 0.8518518509615384 0.37964774999999995 0.6064814807692308 0.3953033269230769 0.5879629639423076 0.4598825841346154 0.5771604927884615 0.4598825841346154 0.5462962956730769 0.4598825841346154 0.5262345673076922 0.5009784735576923 0.49845679086538464 0.502935420673077 0.46759259375 0.5048923677884616 0.44290123557692307 0.51272015625 0.40895061778846153 0.5205479447115384 0.36728394951923077 0.5264187860576923 0.33024691346153845 0.5342465745192307 0.30401234615384615 0.5479452043269231 0.3024691346153846 0.5812133076923077 0.28395061778846153 0.5890410961538461 0.28549382692307695 0.6536203533653846 0.2870370360576923 0.686888454326923 0.28549382692307695 0.7142857139423077 0.30092592548076924 0.7162426610576923 0.2993827163461539 0.6653620360576924 0.5061728389423077 0.72798434375 0.513888889423077 0.7866927596153845
1902 0.22067901201923076 0.5890410961538461 0.22222222115384616 0.43639921634615386 0.06790123557692308 0.4403131105769231 0.07253086538461538 0.6007827788461538 0.09104938221153845 0.6066536201923077 0.22067901201923076 0.5890410961538461
564 0.4506172836538462 0.12915851201923076 0.41358024759615386 0.14090019471153845 0.4243827163461538 0.4951076322115385 0.45524691346153845 0.46771037259615383 0.4506172836538462 0.12915851201923076
564 0.5879629639423076 0.4383561634615385 0.5740740745192308 0.09980430528846154 0.5308641971153846 0.11545988221153847 0.5416666658653846 0.42857142788461544 0.5601851850961539 0.45205479567307694 0.5879629639423076 0.4383561634615385
564 0.8733904158653847 0 0.861111110576923 0.3620352259615384 0.8811728389423077 0.35225049038461537 0.8919753076923077 0.28962818028846155 0.9336419759615384 0.28180039182692307 0.9675925937500001 0.3620352259615384 0.9568481995192308 0 0.8733904158653847 0
1661 0.057098764423076924 0.9119373774038462 0.057098764423076924 0.9354207427884614 0.09876543269230768 0.9491193725961539 0.10493827163461539 0.9178082187500001 0.17283950721153846 0.8864970649038462 0.1820987644230769 0.9119373774038462 0.20833333413461538 0.9099804302884615 0.21450617307692307 0.8806262235576923 0.22685185096153845 0.7045009783653846 0.1203703701923077 0.6536203533653846 0.012345677884615384 0.6966731899038462 0.010802468749999999 0.7084148725961538 0.012345677884615384 0.8669275937500001 0.012345677884615384 0.8962818004807692 0.04012345673076923 0.8962818004807692 0.057098764423076924 0.9119373774038462
1314 0.3287037043269231 0.27788649759615386 0.3287037043269231 0.34442269951923077 0.3549382716346154 0.34833659375 0.3595679014423077 0.2759295504807692 0.3287037043269231 0.27788649759615386
1152 0.48765432211538456 0.45205479567307694 0.49074074038461535 0.48336594951923073 0.513888889423077 0.48140900240384615 0.5077160504807693 0.45205479567307694 0.48765432211538456 0.45205479567307694
1219 0.3271604927884615 0.3639921730769231 0.3287037043269231 0.4324853221153846 0.3549382716346154 0.4324853221153846 0.35802469230769235 0.36007827884615384 0.3271604927884615 0.3639921730769231