402 0.01875 0 0.0625 0.015625 0.0546875 0.02734375 0.05078125 0.11328125 0.58984375 0.15625 1 0.07112323076923077 1 0 0.01875 0
1947 0.1875 0.52734375 0.40625 0.53125 0.40625 0.15234375 0.10546875 0.1328125 0.109375 0.32421875 0.17578125 0.3203125 0.1875 0.52734375
1648 0.18359375 0.52734375 0.1796875 0.32421875 0.0078125 0.32421875 0.03125 0.828125 0.078125 0.8828125 0.32421875 0.83984375 0.3125 0.625 0.75390625 0.5859375 0.75 0.51171875 0.6484375 0.46875 0.47265625 0.484375 0.47265625 0.53515625 0.1875 0.5390625 0.18359375 0.52734375
1648 0.83203125 0.609375 0.75 0.578125 0.3125 0.625 0.33203125 0.9921875 0.75390625 0.9921875 0.828125 0.96875 0.83203125 0.609375
501 0.8359375 0 0.83203125 0.96484375 0.875 0.9765625 0.8984375 0.98046875 0.91796875 0.96875 0.92578125 0.9609375 0.953125 0.02734375 0.94970703125 0 0.8359375 0
1027 0.63671875 0.0703125 0.83203125 0.00390625 0.73046875 0 0.59765625 0.04296875 0.6015625 0.06640625 0.63671875 0.0703125
1027 0.4296875 0.1328125 0.5390625 0.09375 0.54296875 0.078125 0.50390625 0.0703125 0.390625 0.1171875 0.39453125 0.12890625 0.4296875 0.1328125
1027 0.05078125 0.09765625 0.08203125 0.1015625 0.15625 0.04296875 0.11328125 0.03125 0.05078125 0.08203125 0.05078125 0.09765625
1029 0.1640625 0 0.1640625 0.01171875 0.21484375 0.01953125 0.24609375 0 0.1640625 0
1885 0.0546875 0.0234375 0.0625 0.01171875 0.0078125 0 0.0078125 0.71875 0.5859375 0.63671875 0.5859375 0.15625 0.05078125 0.11328125 0.0546875 0.0234375
1885 1 0.0672459110576923 0.5859375 0.15625 0.58203125 0.63671875 1 0.7528211802884616 1 0.0672459110576923
1178 0.6796875 0.80859375 0.6171875 0.82421875 0.6171875 0.8515625 0.6875 0.88671875 0.75 0.87109375 0.75 0.8359375 0.6796875 0.80859375
1178 0.68359375 0.7109375 0.68359375 0.73046875 0.76171875 0.7578125 0.8203125 0.74609375 0.8203125 0.71875 0.74609375 0.6953125 0.68359375 0.7109375
279 0.12109375 0.73828125 0.14453125 0.765625 0.1953125 0.7578125 0.19140625 0.71484375 0.171875 0.6953125 0.125 0.703125 0.12109375 0.73828125
268 0.421875 0.53515625 0.359375 0.62890625 0.3984375 0.64453125 0.4140625 0.640625 0.46484375 0.5546875 0.45703125 0.546875 0.421875 0.53515625
1178 0.4375 0.88671875 0.4453125 0.94921875 0.52734375 0.93359375 0.52734375 0.890625 0.4921875 0.87109375 0.4375 0.88671875
1178 0.08203125 0.8203125 0.0859375 0.8671875 0.19140625 0.8515625 0.1875 0.8359375 0.16015625 0.8046875 0.08203125 0.8203125
1178 0.55859375 0.6875 0.609375 0.70703125 0.61328125 0.73828125 0.6796875 0.7265625 0.6796875 0.68359375 0.625 0.6640625 0.5625 0.671875 0.55859375 0.6875
1178 0.49609375 0.6953125 0.5390625 0.71875 0.54296875 0.7578125 0.609375 0.74609375 0.609375 0.70703125 0.55859375 0.6875 0.49609375 0.6953125
1178 0.43359375 0.703125 0.43359375 0.73046875 0.5078125 0.76171875 0.54296875 0.7578125 0.5390625 0.71875 0.4921875 0.69140625 0.43359375 0.703125
792 1 0.873046875 0.99609375 0.75390625 0.5859375 0.63671875 0.00390625 0.71875 0.00390625 0.9921875 1 0.9921875 1 0.873046875