402 0 0 0 0.07112323076923077 0.41015625 0.15625 0.94921875 0.11328125 0.9453125 0.02734375 0.9375 0.015625 0.98125 0 0 0
1947 0.82421875 0.3203125 0.890625 0.32421875 0.89453125 0.1328125 0.59375 0.15234375 0.59375 0.53125 0.8125 0.52734375 0.82421875 0.3203125
1648 0.8125 0.5390625 0.52734375 0.53515625 0.52734375 0.484375 0.3515625 0.46875 0.25 0.51171875 0.24609375 0.5859375 0.6875 0.625 0.67578125 0.83984375 0.921875 0.8828125 0.96875 0.828125 0.9921875 0.32421875 0.8203125 0.32421875 0.81640625 0.52734375 0.8125 0.5390625
1648 0.171875 0.96875 0.24609375 0.9921875 0.66796875 0.9921875 0.6875 0.625 0.25 0.578125 0.16796875 0.609375 0.171875 0.96875
501 0.05029296875 0 0.046875 0.02734375 0.07421875 0.9609375 0.08203125 0.96875 0.1015625 0.98046875 0.125 0.9765625 0.16796875 0.96484375 0.1640625 0 0.05029296875 0
1027 0.3984375 0.06640625 0.40234375 0.04296875 0.26953125 0 0.16796875 0.00390625 0.36328125 0.0703125 0.3984375 0.06640625
1027 0.60546875 0.12890625 0.609375 0.1171875 0.49609375 0.0703125 0.45703125 0.078125 0.4609375 0.09375 0.5703125 0.1328125 0.60546875 0.12890625
1027 0.94921875 0.08203125 0.88671875 0.03125 0.84375 0.04296875 0.91796875 0.1015625 0.94921875 0.09765625 0.94921875 0.08203125
1029 0.75390625 0 0.78515625 0.01953125 0.8359375 0.01171875 0.8359375 0 0.75390625 0
1885 0.94921875 0.11328125 0.4140625 0.15625 0.4140625 0.63671875 0.9921875 0.71875 0.9921875 0 0.9375 0.01171875 0.9453125 0.0234375 0.94921875 0.11328125
1885 0 0.7528211802884616 0.41796875 0.63671875 0.4140625 0.15625 0 0.0672459110576923 0 0.7528211802884616
1178 0.25 0.8359375 0.25 0.87109375 0.3125 0.88671875 0.3828125 0.8515625 0.3828125 0.82421875 0.3203125 0.80859375 0.25 0.8359375
1178 0.25390625 0.6953125 0.1796875 0.71875 0.1796875 0.74609375 0.23828125 0.7578125 0.31640625 0.73046875 0.31640625 0.7109375 0.25390625 0.6953125
279 0.875 0.703125 0.828125 0.6953125 0.80859375 0.71484375 0.8046875 0.7578125 0.85546875 0.765625 0.87890625 0.73828125 0.875 0.703125
268 0.54296875 0.546875 0.53515625 0.5546875 0.5859375 0.640625 0.6015625 0.64453125 0.640625 0.62890625 0.578125 0.53515625 0.54296875 0.546875
1178 0.5078125 0.87109375 0.47265625 0.890625 0.47265625 0.93359375 0.5546875 0.94921875 0.5625 0.88671875 0.5078125 0.87109375
1178 0.83984375 0.8046875 0.8125 0.8359375 0.80859375 0.8515625 0.9140625 0.8671875 0.91796875 0.8203125 0.83984375 0.8046875
1178 0.4375 0.671875 0.375 0.6640625 0.3203125 0.68359375 0.3203125 0.7265625 0.38671875 0.73828125 0.390625 0.70703125 0.44140625 0.6875 0.4375 0.671875
1178 0.44140625 0.6875 0.390625 0.70703125 0.390625 0.74609375 0.45703125 0.7578125 0.4609375 0.71875 0.50390625 0.6953125 0.44140625 0.6875
1178 0.5078125 0.69140625 0.4609375 0.71875 0.45703125 0.7578125 0.4921875 0.76171875 0.56640625 0.73046875 0.56640625 0.703125 0.5078125 0.69140625
792 0 0.9921875 0.99609375 0.9921875 0.99609375 0.71875 0.4140625 0.63671875 0.00390625 0.75390625 0 0.873046875 0 0.9921875