1942 0.04002747355769231 0 0.0475 0.22666666586538461 0.2875 0.2 0.290625 0.013333334134615385 0.05474264663461538 0 0.04002747355769231 0
605 0 0.38125 0.000625 0.415 0.35375 0.3125 0.63875 0.3908333341346154 0.63875 0.33416666586538457 0.3175 0.275 0 0.3473575649038461 0 0.38125
1132 0 0.34625 0.0018750000000000001 0.35500000000000004 0.016874999999999998 0.35666666586538465 0.026875 0.3675 0.07 0.3591666658653846 0.065 0.35 0.074375 0.3416666658653846 0.084375 0.33333333413461536 0.07625 0.2591666658653846 0.016874999999999998 0.2708333341346154 0.00875 0.2758333341346154 0.009375 0.2866666658653846 0.000625 0.29250000000000004 0 0.3179166658653846 0 0.34625
1132 0.1925 0.3283333341346154 0.1875 0.3241666658653846 0.191875 0.3175 0.206875 0.3116666658653846 0.19875 0.2433333341346154 0.155 0.2525 0.15875 0.3375 0.168125 0.34083333413461536 0.16875 0.3375 0.1925 0.3283333341346154
1132 0.294375 0.2983333341346154 0.299375 0.295 0.313125 0.28583333413461537 0.31 0.2616666658653846 0.305 0.23333333413461538 0.2625 0.2416666658653846 0.2625 0.245 0.26937500000000003 0.2483333341346154 0.270625 0.26833333413461535 0.26937500000000003 0.3058333341346154 0.283125 0.3116666658653846 0.29250000000000004 0.3033333341346154 0.299375 0.3 0.294375 0.2983333341346154
1132 0.525 0.3216666658653846 0.528125 0.2875 0.5075000000000001 0.2825 0.51 0.27416666586538463 0.5225000000000001 0.2633333341346154 0.525 0.2191666658653846 0.513125 0.2191666658653846 0.5125 0.21583333413461536 0.45437500000000003 0.20916666586538463 0.4525 0.275 0.4625 0.27833333413461536 0.44187499999999996 0.2866666658653846 0.44187499999999996 0.3141666658653846 0.450625 0.3108333341346154 0.505625 0.3275 0.525 0.3216666658653846
1132 0.6 0.3491666658653846 0.636875 0.3608333341346154 0.6381249999999999 0.2716666658653846 0.593125 0.2616666658653846 0.5856250000000001 0.3358333341346154 0.59875 0.3375 0.60375 0.34249999999999997 0.6 0.3491666658653846
17 0.590625 0.2433333341346154 0.565625 0.23333333413461538 0.531875 0.2508333341346154 0.5237499999999999 0.35 0.550625 0.3558333341346154 0.580625 0.3383333341346154 0.590625 0.2433333341346154
17 0.26875 0.27749999999999997 0.268125 0.24916666586538463 0.226875 0.2375 0.21125 0.2433333341346154 0.20937499999999998 0.3108333341346154 0.246875 0.3208333341346154 0.2625 0.32 0.2675 0.3166666658653846 0.26875 0.27749999999999997
17 0.08499999999999999 0.2433333341346154 0.08312499999999999 0.33916666586538463 0.13062500000000002 0.35500000000000004 0.15562499999999999 0.34833333413461537 0.15562499999999999 0.25 0.11812500000000001 0.23666666586538462 0.08499999999999999 0.2433333341346154
992 0.04375 0.3683333341346154 0.058750000000000004 0.38749999999999996 0.136875 0.36416666586538465 0.12375 0.35083333413461537 0.04375 0.3683333341346154
992 0.16999999999999998 0.33916666586538463 0.18187499999999998 0.35416666586538464 0.24812499999999998 0.33666666586538463 0.23875 0.3241666658653846 0.16999999999999998 0.33916666586538463
992 0.335625 0.295 0.28875 0.3066666658653846 0.30062500000000003 0.3191666658653846 0.349375 0.3083333341346154 0.335625 0.295
992 0.491875 0.34249999999999997 0.509375 0.3291666658653846 0.44999999999999996 0.31 0.438125 0.3175 0.491875 0.34249999999999997
992 0.628125 0.3766666658653846 0.6381249999999999 0.3633333341346154 0.575625 0.34083333413461536 0.55625 0.35333333413461543 0.628125 0.3766666658653846
423 0 0.5345238100961539 0.0037500000000000003 0.5416666658653846 0.025625000000000002 0.6366666658653847 0.0325 0.6366666658653847 0.033125 0.6308333341346154 0.013125 0.55 0.053125000000000006 0.5125 0.075625 0.5916666658653846 0.079375 0.5891666658653846 0.051875 0.4933333341346154 0.0575 0.47916666586538464 0.055625 0.4416666658653846 0.064375 0.4008333341346154 0.058124999999999996 0.39916666586538463 0.04875 0.40750000000000003 0.03625 0.415 0.021875 0.415 0.015625 0.4258333341346154 0.009375 0.45916666586538457 0.01375 0.4666666658653846 0.01375 0.48166666586538465 0.000625 0.4775 0 0.5054166658653846 0 0.5345238100961539
423 0.109375 0.5183333341346154 0.11125 0.52 0.113125 0.47583333413461537 0.143125 0.4633333341346154 0.1575 0.5475 0.16 0.5433333341346154 0.146875 0.455 0.15 0.44083333413461534 0.148125 0.40499999999999997 0.15375 0.3666666658653846 0.153125 0.3608333341346154 0.133125 0.3708333341346154 0.120625 0.3775 0.09687499999999999 0.38 0.09625 0.40166666586538463 0.094375 0.4283333341346154 0.07125000000000001 0.4366666658653846 0.055625 0.4475 0.06125 0.4525 0.08312499999999999 0.4666666658653846 0.08499999999999999 0.4916666658653846 0.0975 0.575 0.10062499999999999 0.5725 0.089375 0.4858333341346154 0.109375 0.47833333413461543 0.109375 0.5183333341346154
417 0.198125 0.47000000000000003 0.20124999999999998 0.46916666586538464 0.203125 0.4416666658653846 0.234375 0.43416666586538466 0.239375 0.4933333341346154 0.243125 0.4925 0.231875 0.41666666586538464 0.234375 0.415 0.234375 0.39333333413461535 0.24125 0.3525 0.23875 0.34500000000000003 0.22625 0.35333333413461543 0.205625 0.3575 0.19312500000000002 0.3608333341346154 0.18937500000000002 0.38749999999999996 0.1925 0.39333333413461535 0.190625 0.40249999999999997 0.15812500000000002 0.4125 0.16187500000000002 0.42 0.15375 0.4741666658653846 0.15562499999999999 0.47833333413461543 0.164375 0.4283333341346154 0.171875 0.4283333341346154 0.1825 0.4291666658653846 0.18687499999999999 0.44083333413461534 0.191875 0.5125 0.19749999999999998 0.5108333341346154 0.19125 0.4433333341346154 0.2 0.4425 0.198125 0.47000000000000003
417 0.29 0.39 0.290625 0.40249999999999997 0.299375 0.46916666586538464 0.30124999999999996 0.46833333413461536 0.29125 0.39916666586538463 0.328125 0.3916666658653846 0.3375 0.44999999999999996 0.33999999999999997 0.44999999999999996 0.3275 0.37833333413461534 0.33249999999999996 0.3658333341346154 0.33125000000000004 0.33666666586538463 0.33625 0.3075 0.32687499999999997 0.3116666658653846 0.31375000000000003 0.3133333341346154 0.30124999999999996 0.3133333341346154 0.30062500000000003 0.3183333341346154 0.298125 0.33666666586538463 0.29875 0.3608333341346154 0.29125 0.3608333341346154 0.26125000000000004 0.3733333341346154 0.263125 0.37833333413461534 0.25125 0.43416666586538466 0.263125 0.3833333341346154 0.279375 0.3833333341346154 0.29 0.39
417 0.393125 0.42500000000000004 0.393125 0.37833333413461534 0.40875 0.385 0.3975 0.4625 0.399375 0.4608333341346154 0.413125 0.3841666658653846 0.4325 0.375 0.44 0.44 0.435 0.37166666586538466 0.43374999999999997 0.3666666658653846 0.421875 0.36250000000000004 0.408125 0.36 0.408125 0.3491666658653846 0.408125 0.33416666586538457 0.406875 0.3133333341346154 0.40249999999999997 0.3108333341346154 0.3925 0.31 0.38125 0.30916666586538466 0.36875 0.3025 0.365 0.305 0.365625 0.31583333413461534 0.36875 0.33666666586538463 0.365 0.38 0.35125 0.4433333341346154 0.37 0.37 0.390625 0.3766666658653846 0.393125 0.42500000000000004
417 0.459375 0.40249999999999997 0.45749999999999996 0.4533333341346154 0.459375 0.455 0.46125 0.40249999999999997 0.48625 0.4083333341346154 0.47875 0.4916666658653846 0.48124999999999996 0.4916666658653846 0.49375 0.40583333413461536 0.51 0.40166666586538463 0.51 0.4708333341346154 0.51125 0.3983333341346154 0.510625 0.3841666658653846 0.489375 0.3775 0.491875 0.36416666586538465 0.49 0.34416666586538464 0.49 0.33083333413461535 0.478125 0.33083333413461535 0.45687500000000003 0.3258333341346154 0.44375 0.3191666658653846 0.439375 0.3225 0.439375 0.3358333341346154 0.438125 0.35 0.438125 0.38 0.439375 0.3941666658653846 0.42562500000000003 0.47166666586538464 0.429375 0.46166666586538463 0.439375 0.4 0.459375 0.40249999999999997
423 0.535 0.44083333413461534 0.5475 0.44999999999999996 0.541875 0.5033333341346153 0.54625 0.5025 0.551875 0.4508333341346154 0.60375 0.4666666658653846 0.599375 0.4983333341346154 0.605625 0.5041666658653846 0.610625 0.46916666586538464 0.6381249999999999 0.4508333341346154 0.6375 0.44 0.62625 0.4283333341346154 0.61375 0.4283333341346154 0.606875 0.3883333341346154 0.604375 0.37166666586538466 0.5875 0.36250000000000004 0.56625 0.36 0.545625 0.35 0.525 0.3491666658653846 0.51875 0.35333333413461543 0.51875 0.365 0.516875 0.365 0.52125 0.4358333341346154 0.514375 0.4708333341346154 0.5087499999999999 0.5208333341346154 0.513125 0.5133333341346155 0.525 0.4358333341346154 0.535 0.44083333413461534
423 0.598125 0.48750000000000004 0.529375 0.5358333341346154 0.5381250000000001 0.6375 0.629375 0.6383333341346155 0.6174999999999999 0.5925 0.598125 0.48750000000000004
1701 0.345625 0.2375 0.328125 0.23583333413461538 0.32687499999999997 0.2575 0.345625 0.26083333413461535 0.345625 0.2375
1885 0 0.49312118269230765 0.30625 0.3891666658653846 0.32125 0.0008333341346153846 0 0.0000016177884615384616 0 0.49312118269230765
1885 0.32125 0 0.306875 0.3891666658653846 0.6381249999999999 0.49 0.6387489399038462 0 0.32125 0
792 0 0.5654166658653846 0.000625 0.6383333341346155 0.63875 0.6375 0.6375 0.4908333341346154 0.305625 0.3883333341346154 0 0.4922874158653846 0 0.5654166658653846