1942 0.9452573533653846 0 0.7093750000000001 0.013333334134615385 0.7124999999999999 0.2 0.9525 0.22666666586538461 0.9599725264423077 0 0.9452573533653846 0
605 1 0.3473575649038461 0.6825 0.275 0.36125 0.33416666586538457 0.36125 0.3908333341346154 0.64625 0.3125 0.999375 0.415 1 0.38125 1 0.3473575649038461
1132 1 0.3179166658653846 0.999375 0.29250000000000004 0.9906250000000001 0.2866666658653846 0.9912500000000001 0.2758333341346154 0.983125 0.2708333341346154 0.92375 0.2591666658653846 0.9156249999999999 0.33333333413461536 0.925625 0.3416666658653846 0.9349999999999999 0.35 0.9299999999999999 0.3591666658653846 0.973125 0.3675 0.983125 0.35666666586538465 0.998125 0.35500000000000004 1 0.34625 1 0.3179166658653846
1132 0.83125 0.3375 0.831875 0.34083333413461536 0.8412499999999999 0.3375 0.845 0.2525 0.80125 0.2433333341346154 0.793125 0.3116666658653846 0.808125 0.3175 0.8125 0.3241666658653846 0.8075 0.3283333341346154 0.83125 0.3375
1132 0.7006249999999999 0.3 0.7075 0.3033333341346154 0.716875 0.3116666658653846 0.730625 0.3058333341346154 0.729375 0.26833333413461535 0.730625 0.2483333341346154 0.7375 0.245 0.7375 0.2416666658653846 0.6950000000000001 0.23333333413461538 0.6900000000000001 0.2616666658653846 0.686875 0.28583333413461537 0.7006249999999999 0.295 0.7056250000000001 0.2983333341346154 0.7006249999999999 0.3
1132 0.494375 0.3275 0.549375 0.3108333341346154 0.558125 0.3141666658653846 0.558125 0.2866666658653846 0.5375 0.27833333413461536 0.5475 0.275 0.545625 0.20916666586538463 0.48750000000000004 0.21583333413461536 0.486875 0.2191666658653846 0.475 0.2191666658653846 0.4775 0.2633333341346154 0.49 0.27416666586538463 0.4925 0.2825 0.47187500000000004 0.2875 0.475 0.3216666658653846 0.494375 0.3275
1132 0.39625 0.34249999999999997 0.40125 0.3375 0.414375 0.3358333341346154 0.406875 0.2616666658653846 0.361875 0.2716666658653846 0.36312500000000003 0.3608333341346154 0.4 0.3491666658653846 0.39625 0.34249999999999997
17 0.419375 0.3383333341346154 0.44937499999999997 0.3558333341346154 0.47625 0.35 0.468125 0.2508333341346154 0.43437499999999996 0.23333333413461538 0.40937500000000004 0.2433333341346154 0.419375 0.3383333341346154
17 0.7325 0.3166666658653846 0.7375 0.32 0.753125 0.3208333341346154 0.7906249999999999 0.3108333341346154 0.7887500000000001 0.2433333341346154 0.7731250000000001 0.2375 0.7318749999999999 0.24916666586538463 0.73125 0.27749999999999997 0.7325 0.3166666658653846
17 0.8818750000000001 0.23666666586538462 0.844375 0.25 0.844375 0.34833333413461537 0.869375 0.35500000000000004 0.916875 0.33916666586538463 0.9149999999999999 0.2433333341346154 0.8818750000000001 0.23666666586538462
992 0.87625 0.35083333413461537 0.863125 0.36416666586538465 0.94125 0.38749999999999996 0.95625 0.3683333341346154 0.87625 0.35083333413461537
992 0.76125 0.3241666658653846 0.751875 0.33666666586538463 0.818125 0.35416666586538464 0.83 0.33916666586538463 0.76125 0.3241666658653846
992 0.650625 0.3083333341346154 0.699375 0.3191666658653846 0.7112499999999999 0.3066666658653846 0.6643749999999999 0.295 0.650625 0.3083333341346154
992 0.561875 0.3175 0.55 0.31 0.490625 0.3291666658653846 0.5081249999999999 0.34249999999999997 0.561875 0.3175
992 0.44375 0.35333333413461543 0.424375 0.34083333413461536 0.361875 0.3633333341346154 0.37187499999999996 0.3766666658653846 0.44375 0.35333333413461543
423 1 0.5054166658653846 0.999375 0.4775 0.98625 0.48166666586538465 0.98625 0.4666666658653846 0.9906250000000001 0.45916666586538457 0.984375 0.4258333341346154 0.9781249999999999 0.415 0.96375 0.415 0.95125 0.40750000000000003 0.941875 0.39916666586538463 0.935625 0.4008333341346154 0.9443750000000001 0.4416666658653846 0.9425 0.47916666586538464 0.948125 0.4933333341346154 0.920625 0.5891666658653846 0.9243750000000001 0.5916666658653846 0.9468749999999999 0.5125 0.9868750000000001 0.55 0.966875 0.6308333341346154 0.9675 0.6366666658653847 0.974375 0.6366666658653847 0.99625 0.5416666658653846 1 0.5345238100961539 1 0.5054166658653846
423 0.890625 0.47833333413461543 0.910625 0.4858333341346154 0.8993749999999999 0.5725 0.9025 0.575 0.9149999999999999 0.4916666658653846 0.916875 0.4666666658653846 0.93875 0.4525 0.9443750000000001 0.4475 0.9287500000000001 0.4366666658653846 0.905625 0.4283333341346154 0.9037499999999999 0.40166666586538463 0.903125 0.38 0.879375 0.3775 0.8668750000000001 0.3708333341346154 0.846875 0.3608333341346154 0.8462500000000001 0.3666666658653846 0.8518749999999999 0.40499999999999997 0.8500000000000001 0.44083333413461534 0.8531249999999999 0.455 0.84 0.5433333341346154 0.8425 0.5475 0.8568749999999999 0.4633333341346154 0.886875 0.47583333413461537 0.88875 0.52 0.890625 0.5183333341346154 0.890625 0.47833333413461543
417 0.8 0.4425 0.80875 0.4433333341346154 0.8025 0.5108333341346154 0.808125 0.5125 0.813125 0.44083333413461534 0.8175 0.4291666658653846 0.828125 0.4283333341346154 0.8356250000000001 0.4283333341346154 0.844375 0.47833333413461543 0.8462500000000001 0.4741666658653846 0.838125 0.42 0.841875 0.4125 0.809375 0.40249999999999997 0.8075 0.39333333413461535 0.810625 0.38749999999999996 0.806875 0.3608333341346154 0.7943749999999999 0.3575 0.7737499999999999 0.35333333413461543 0.76125 0.34500000000000003 0.7587499999999999 0.3525 0.765625 0.39333333413461535 0.765625 0.415 0.7681250000000001 0.41666666586538464 0.7568750000000001 0.4925 0.760625 0.4933333341346154 0.765625 0.43416666586538466 0.796875 0.4416666658653846 0.79875 0.46916666586538464 0.801875 0.47000000000000003 0.8 0.4425
417 0.720625 0.3833333341346154 0.7368750000000001 0.3833333341346154 0.74875 0.43416666586538466 0.7368750000000001 0.37833333413461534 0.73875 0.3733333341346154 0.70875 0.3608333341346154 0.70125 0.3608333341346154 0.701875 0.33666666586538463 0.699375 0.3183333341346154 0.69875 0.3133333341346154 0.68625 0.3133333341346154 0.673125 0.3116666658653846 0.6637500000000001 0.3075 0.66875 0.33666666586538463 0.6675 0.3658333341346154 0.6725 0.37833333413461534 0.66 0.44999999999999996 0.6625000000000001 0.44999999999999996 0.671875 0.3916666658653846 0.70875 0.39916666586538463 0.69875 0.46833333413461536 0.7006249999999999 0.46916666586538464 0.7093750000000001 0.40249999999999997 0.7100000000000001 0.39 0.720625 0.3833333341346154
417 0.609375 0.3766666658653846 0.63 0.37 0.6487499999999999 0.4433333341346154 0.635 0.38 0.6312500000000001 0.33666666586538463 0.6343749999999999 0.31583333413461534 0.635 0.305 0.6312500000000001 0.3025 0.6187499999999999 0.30916666586538466 0.6075 0.31 0.5975 0.3108333341346154 0.593125 0.3133333341346154 0.591875 0.33416666586538457 0.591875 0.3491666658653846 0.591875 0.36 0.578125 0.36250000000000004 0.56625 0.3666666658653846 0.565 0.37166666586538466 0.56 0.44 0.5675 0.375 0.5868749999999999 0.3841666658653846 0.6006250000000001 0.4608333341346154 0.6024999999999999 0.4625 0.59125 0.385 0.606875 0.37833333413461534 0.606875 0.42500000000000004 0.609375 0.3766666658653846
417 0.560625 0.4 0.5706249999999999 0.46166666586538463 0.574375 0.47166666586538464 0.560625 0.3941666658653846 0.561875 0.38 0.561875 0.35 0.560625 0.3358333341346154 0.560625 0.3225 0.55625 0.3191666658653846 0.543125 0.3258333341346154 0.521875 0.33083333413461535 0.51 0.33083333413461535 0.51 0.34416666586538464 0.5081249999999999 0.36416666586538465 0.510625 0.3775 0.489375 0.3841666658653846 0.48874999999999996 0.3983333341346154 0.49 0.4708333341346154 0.49 0.40166666586538463 0.50625 0.40583333413461536 0.51875 0.4916666658653846 0.52125 0.4916666658653846 0.51375 0.4083333341346154 0.5387500000000001 0.40249999999999997 0.540625 0.455 0.5425 0.4533333341346154 0.540625 0.40249999999999997 0.560625 0.4
423 0.475 0.4358333341346154 0.486875 0.5133333341346155 0.49125 0.5208333341346154 0.48562500000000003 0.4708333341346154 0.47875 0.4358333341346154 0.48312499999999997 0.365 0.48124999999999996 0.365 0.48124999999999996 0.35333333413461543 0.475 0.3491666658653846 0.45437500000000003 0.35 0.43374999999999997 0.36 0.4125 0.36250000000000004 0.395625 0.37166666586538466 0.393125 0.3883333341346154 0.38625000000000004 0.4283333341346154 0.37374999999999997 0.4283333341346154 0.36250000000000004 0.44 0.361875 0.4508333341346154 0.38937499999999997 0.46916666586538464 0.39437500000000003 0.5041666658653846 0.400625 0.4983333341346154 0.39625 0.4666666658653846 0.448125 0.4508333341346154 0.45375 0.5025 0.458125 0.5033333341346153 0.4525 0.44999999999999996 0.46499999999999997 0.44083333413461534 0.475 0.4358333341346154
423 0.3825 0.5925 0.37062500000000004 0.6383333341346155 0.461875 0.6375 0.470625 0.5358333341346154 0.40187500000000004 0.48750000000000004 0.3825 0.5925
1701 0.654375 0.26083333413461535 0.673125 0.2575 0.671875 0.23583333413461538 0.654375 0.2375 0.654375 0.26083333413461535
1885 1 0.0000016177884615384616 0.6787500000000001 0.0008333341346153846 0.6937500000000001 0.3891666658653846 1 0.49312118269230765 1 0.0000016177884615384616
1885 0.3612510600961538 0 0.361875 0.49 0.693125 0.3891666658653846 0.6787500000000001 0 0.3612510600961538 0
792 1 0.4922874158653846 0.6943750000000001 0.3883333341346154 0.36250000000000004 0.4908333341346154 0.36125 0.6375 0.999375 0.6383333341346155 1 0.5654166658653846 1 0.4922874158653846