1219 0.8719190144230768 0.31983568028846154 0.8710387331730769 0.0868544591346154 0.6659330985576923 0.11150234855769231 0.6716549302884616 0.3180751177884616 0.8719190144230768 0.31983568028846154
1885 0.1817781682692308 0.017018778846153847 0.00044014182692307696 0.0011737091346153846 0.00044014182692307696 0.6115023485576923 0.050176055288461544 0.6338028173076923 0.20466549278846152 0.5663145528846154 0.30721831009615386 0.5997652572115384 0.9982394375 0.7822769951923078 0.99911971875 0.002347418269230769 0.22271126682692308 0.0011737091346153846 0.1817781682692308 0.017018778846153847
402 0.1817781682692308 0.01877934375 0.22403168990384614 0.0011737091346153846 0.1769366201923077 0.0011737091346153846 0.00044014182692307696 0.0011737091346153846 0.1817781682692308 0.01877934375
792 0.20334506971153846 0.5680751177884615 0.050176055288461544 0.6355633798076923 0.0017605625 0.6126760552884616 0.00044014182692307696 0.9976525817307693 0.99911971875 0.9994131466346154 0.99911971875 0.7852112668269231 0.20334506971153846 0.5680751177884615
207 0.9533450697115384 0.7998826298076923 0.9581866201923077 0.5727699519230769 0.9775528173076923 0.5710093894230769 0.9788732403846154 0.4066901418269231 0.9256161971153846 0.40375586778846156 0.9181338028846154 0.39084506971153843 0.8895246490384616 0.40023474278846155 0.5884683100961539 0.3861502355769231 0.5911091538461538 0.5064553990384616 0.565580985576923 0.5117370889423077 0.5510563389423078 0.5193661971153847 0.5316901418269231 0.5311032860576923 0.5171654927884616 0.5340375576923078 0.43397887259615386 0.5727699519230769 0.4256161971153846 0.582159625 0.20334506971153846 0.6789906105769231 0.19014084615384613 0.6919014086538462 0.18265844951923077 0.7030516442307693 0.1769366201923077 0.7511737091346155 0.16329225240384615 0.8703051634615384 0.19234155048076923 0.8820422524038461 0.1985035216346154 0.9718309855769232 0.24911971875 0.9976525817307693 0.8107394375 0.9994131466346154 0.8375880288461539 0.9577464783653846 0.8846830985576923 0.96068075 0.8895246490384616 0.8785211274038461 0.9181338028846154 0.8785211274038461 0.9278169014423077 0.8767605625 0.9304577475961539 0.8609154927884616 0.9256161971153846 0.832159625 0.9533450697115384 0.7998826298076923
1305 0.49339788701923076 0.5 0.49647887259615386 0.49941314663461533 0.5140845072115384 0.5017605625 0.5426936610576922 0.4876760552884616 0.5422535216346154 0.4771126754807692 0.5413732403846153 0.47593896634615385 0.5422535216346154 0.4694835673076923 0.5387323942307692 0.46713614903846157 0.5290492956730769 0.4677230048076923 0.5215669014423077 0.47183098557692305 0.5162852115384615 0.4700704230769231 0.4881161971153846 0.4870892019230769 0.4859154927884616 0.49061032932692306 0.48415493028846157 0.4953051634615384 0.4859154927884616 0.5 0.4898767596153846 0.5017605625 0.49339788701923076 0.5
865 0.37015844951923077 0.4507042259615384 0.3631161971153846 0.4495305168269231 0.35915493028846157 0.4524647884615384 0.35827464903846157 0.4589201875 0.35959506971153843 0.4788732403846154 0.37015844951923077 0.48004694951923077 0.3763204230769231 0.4788732403846154 0.3763204230769231 0.4524647884615384 0.37015844951923077 0.4507042259615384
865 0.40713028125 0.4536384975961539 0.40052816826923077 0.4536384975961539 0.3943661971153846 0.4565727692307692 0.3943661971153846 0.46185445913461537 0.3961267596153846 0.4829812211538461 0.40008802884615385 0.4829812211538461 0.41373239423076924 0.48004694951923077 0.4146126754807692 0.47946009375 0.41285211298076924 0.46009389663461536 0.41241197115384615 0.45422535096153843 0.40713028125 0.4536384975961539
126 0.17605633894230768 0.41255868509615384 0.1170774639423077 0.41960093990384617 0.10387324038461537 0.4325117379807692 0.10607394471153847 0.46478873317307695 0.10915493028846154 0.46537558653846156 0.10299295673076923 0.4870892019230769 0.09727112740384616 0.49002347355769227 0.09375 0.4953051634615384 0.09551056249999999 0.5381455408653847 0.09286971875 0.5475352115384615 0.09595070432692307 0.5780516442307693 0.09771126682692308 0.5798122067307692 0.09375 0.5944835673076923 0.09242957692307693 0.6173708918269232 0.09727112740384616 0.6338028173076923 0.09375 0.6449530504807692 0.08978873317307692 0.7124413149038461 0.09991197115384616 0.7048122067307693 0.10343309855769231 0.7136150240384616 0.10695422596153846 0.7142018774038461 0.10783450721153846 0.7171361490384616 0.1131161971153846 0.7171361490384616 0.1161971826923077 0.7118544591346154 0.18265844951923077 0.7012910793269231 0.27728873317307695 0.6801643197115385 0.27772887259615386 0.6320422524038461 0.27244718269230767 0.6103286394230769 0.27772887259615386 0.5845070432692308 0.2649647884615385 0.5369718317307692 0.26056337980769234 0.48004694951923077 0.2618838028846154 0.47300469471153844 0.2601232403846154 0.44483568028846154 0.2610035216346154 0.43955399038461535 0.2610035216346154 0.4248826298076923 0.25660211298076924 0.4084507043269231 0.24779929567307693 0.40258215865384617 0.17605633894230768 0.41255868509615384
1329 0.7711267596153846 0.40082159615384616 0.7636443653846154 0.40375586778846156 0.7561619711538461 0.41021126682692305 0.7504401418269231 0.4295774639423077 0.75 0.4530516442307692 0.7460387331730769 0.5023474182692308 0.7539612668269231 0.5322769951923078 0.7684859158653846 0.5434272307692308 0.8041373245192307 0.5680751177884615 0.8494718317307692 0.5774647884615385 0.8534330985576923 0.5469483557692307 0.8609154927884616 0.542840375 0.8617957740384615 0.5 0.8679577475961539 0.4577464783653846 0.8679577475961539 0.4407276995192308 0.8653169014423077 0.41255868509615384 0.8283450697115384 0.4172535216346154 0.8028169014423077 0.41138497596153845 0.7764084495192307 0.40023474278846155 0.7711267596153846 0.40082159615384616
1027 0.4273767596153846 0.3644366201923077 0.43441901442307695 0.4319248822115384 0.4568661971153846 0.4501173701923077 0.4524647884615384 0.39495305048076923 0.4546654927884616 0.3708920192307692 0.44322183173076923 0.3615023485576923 0.4458626754807692 0.35269953125 0.4797535216346154 0.35269953125 0.4982394375 0.3345070432692308 0.46610915384615387 0.2670187788461539 0.40933098557692305 0.27347417788461537 0.3930457740384616 0.3585680745192308 0.4273767596153846 0.3644366201923077
1027 0.1738556346153846 0.30692488221153846 0.18529929567307693 0.41314554086538463 0.18309859134615386 0.37382629086538466 0.1808978870192308 0.30692488221153846 0.1875 0.2975352115384615 0.21742957692307693 0.2916666658653846 0.18529929567307693 0.22476525721153845 0.1580105625 0.23356807451923078 0.13952464903846154 0.30105633894230766 0.1738556346153846 0.30692488221153846