1219 0.32834506971153843 0.3180751177884616 0.3340669014423077 0.11150234855769231 0.12896126682692308 0.0868544591346154 0.12808098557692307 0.31983568028846154 0.32834506971153843 0.3180751177884616
1885 0.7772887331730769 0.0011737091346153846 0.00088028125 0.002347418269230769 0.0017605625 0.7822769951923078 0.6927816899038461 0.5997652572115384 0.7953345072115384 0.5663145528846154 0.9498239447115384 0.6338028173076923 0.9995598581730769 0.6115023485576923 0.9995598581730769 0.0011737091346153846 0.8182218317307692 0.017018778846153847 0.7772887331730769 0.0011737091346153846
402 0.9995598581730769 0.0011737091346153846 0.8230633798076923 0.0011737091346153846 0.7759683100961539 0.0011737091346153846 0.8182218317307692 0.01877934375 0.9995598581730769 0.0011737091346153846
792 0.00088028125 0.7852112668269231 0.00088028125 0.9994131466346154 0.9995598581730769 0.9976525817307693 0.9982394375 0.6126760552884616 0.9498239447115384 0.6355633798076923 0.7966549302884616 0.5680751177884615 0.00088028125 0.7852112668269231
207 0.07438380288461538 0.832159625 0.06954225240384615 0.8609154927884616 0.07218309855769231 0.8767605625 0.0818661971153846 0.8785211274038461 0.11047535096153846 0.8785211274038461 0.11531690144230769 0.96068075 0.16241197115384615 0.9577464783653846 0.1892605625 0.9994131466346154 0.75088028125 0.9976525817307693 0.8014964783653846 0.9718309855769232 0.8076584495192307 0.8820422524038461 0.8367077475961539 0.8703051634615384 0.8230633798076923 0.7511737091346155 0.8173415504807693 0.7030516442307693 0.8098591538461538 0.6919014086538462 0.7966549302884616 0.6789906105769231 0.5743838028846153 0.582159625 0.5660211274038461 0.5727699519230769 0.4828345072115384 0.5340375576923078 0.4683098581730769 0.5311032860576923 0.4489436610576923 0.5193661971153847 0.43441901442307695 0.5117370889423077 0.40889084615384613 0.5064553990384616 0.41153168990384614 0.3861502355769231 0.11047535096153846 0.40023474278846155 0.0818661971153846 0.39084506971153843 0.07438380288461538 0.40375586778846156 0.021126759615384613 0.4066901418269231 0.02244718269230769 0.5710093894230769 0.041813379807692314 0.5727699519230769 0.04665493028846154 0.7998826298076923 0.07438380288461538 0.832159625
1305 0.5101232403846153 0.5017605625 0.5140845072115384 0.5 0.5158450697115384 0.4953051634615384 0.5140845072115384 0.49061032932692306 0.5118838028846153 0.4870892019230769 0.4837147884615384 0.4700704230769231 0.4784330985576923 0.47183098557692305 0.4709507043269231 0.4677230048076923 0.46126760576923076 0.46713614903846157 0.4577464783653846 0.4694835673076923 0.4586267596153846 0.47593896634615385 0.4577464783653846 0.4771126754807692 0.4573063389423077 0.4876760552884616 0.4859154927884616 0.5017605625 0.5035211274038461 0.49941314663461533 0.5066021129807692 0.5 0.5101232403846153 0.5017605625
865 0.6236795769230769 0.4524647884615384 0.6236795769230769 0.4788732403846154 0.6298415504807693 0.48004694951923077 0.6404049302884616 0.4788732403846154 0.6417253509615384 0.4589201875 0.6408450697115384 0.4524647884615384 0.6368838028846154 0.4495305168269231 0.6298415504807693 0.4507042259615384 0.6236795769230769 0.4524647884615384
865 0.5875880288461539 0.45422535096153843 0.5871478870192308 0.46009389663461536 0.5853873245192308 0.47946009375 0.5862676057692308 0.48004694951923077 0.5999119711538461 0.4829812211538461 0.6038732403846153 0.4829812211538461 0.6056338028846153 0.46185445913461537 0.6056338028846153 0.4565727692307692 0.5994718317307692 0.4536384975961539 0.59286971875 0.4536384975961539 0.5875880288461539 0.45422535096153843
126 0.7522007043269231 0.40258215865384617 0.7433978870192307 0.4084507043269231 0.7389964783653846 0.4248826298076923 0.7389964783653846 0.43955399038461535 0.7398767596153846 0.44483568028846154 0.7381161971153846 0.47300469471153844 0.7394366201923077 0.48004694951923077 0.7350352115384615 0.5369718317307692 0.7222711274038461 0.5845070432692308 0.7275528173076923 0.6103286394230769 0.7222711274038461 0.6320422524038461 0.7227112668269231 0.6801643197115385 0.8173415504807693 0.7012910793269231 0.8838028173076923 0.7118544591346154 0.8868838028846154 0.7171361490384616 0.8921654927884616 0.7171361490384616 0.8930457740384615 0.7142018774038461 0.8965669014423077 0.7136150240384616 0.9000880288461539 0.7048122067307693 0.9102112668269231 0.7124413149038461 0.90625 0.6449530504807692 0.9027288725961539 0.6338028173076923 0.9075704230769231 0.6173708918269232 0.90625 0.5944835673076923 0.9022887331730769 0.5798122067307692 0.9040492956730769 0.5780516442307693 0.90713028125 0.5475352115384615 0.9044894375 0.5381455408653847 0.90625 0.4953051634615384 0.9027288725961539 0.49002347355769227 0.8970070432692308 0.4870892019230769 0.8908450697115384 0.46537558653846156 0.8939260552884616 0.46478873317307695 0.8961267596153846 0.4325117379807692 0.8829225360576923 0.41960093990384617 0.8239436610576922 0.41255868509615384 0.7522007043269231 0.40258215865384617
1329 0.22359155048076923 0.40023474278846155 0.1971830985576923 0.41138497596153845 0.17165493028846154 0.4172535216346154 0.1346830985576923 0.41255868509615384 0.13204225240384615 0.4407276995192308 0.13204225240384615 0.4577464783653846 0.13820422596153847 0.5 0.13908450721153848 0.542840375 0.1465669014423077 0.5469483557692307 0.15052816826923077 0.5774647884615385 0.19586267548076922 0.5680751177884615 0.23151408413461538 0.5434272307692308 0.24603873317307692 0.5322769951923078 0.25396126682692305 0.5023474182692308 0.25 0.4530516442307692 0.24955985817307694 0.4295774639423077 0.24383802884615385 0.41021126682692305 0.2363556346153846 0.40375586778846156 0.2288732403846154 0.40082159615384616 0.22359155048076923 0.40023474278846155
1027 0.6069542259615385 0.3585680745192308 0.590669014423077 0.27347417788461537 0.5338908461538462 0.2670187788461539 0.5017605625 0.3345070432692308 0.5202464783653846 0.35269953125 0.5541373245192308 0.35269953125 0.5567781682692308 0.3615023485576923 0.5453345072115384 0.3708920192307692 0.5475352115384615 0.39495305048076923 0.5431338028846153 0.4501173701923077 0.565580985576923 0.4319248822115384 0.5726232403846153 0.3644366201923077 0.6069542259615385 0.3585680745192308
1027 0.8604753509615384 0.30105633894230766 0.8419894375 0.23356807451923078 0.8147007043269231 0.22476525721153845 0.7825704230769231 0.2916666658653846 0.8125 0.2975352115384615 0.8191021129807693 0.30692488221153846 0.8169014086538462 0.37382629086538466 0.8147007043269231 0.41314554086538463 0.8261443653846154 0.30692488221153846 0.8604753509615384 0.30105633894230766