402 0.0019083966346153845 0 0.0019083966346153845 0.16819571875 0.8454198461538461 0.21100917548076922 0.9961832067307692 0.16513761538461538 0.9961832067307692 0 0.0019083966346153845 0
1885 0 0.6788577548076924 0.42175572596153843 0.6697247716346154 0.5229007644230769 0.6666666658653846 0.8377862596153847 0.6483180432692308 0.8454198461538461 0.21100917548076922 0.0019083966346153845 0.16819571875 0 0.30275229326923075 0 0.6788577548076924
1885 0.9961832067307692 0.7278287451923077 0.9961832067307692 0.16513761538461538 0.8454198461538461 0.21100917548076922 0.8416030528846155 0.6483180432692308 0.9961832067307692 0.7278287451923077
792 0.0019083966346153845 0.9938837908653846 0.9961832067307692 0.9908256875 0.9942748100961538 0.7247706418269231 0.8358778629807693 0.6452599399038461 0.0019083966346153845 0.6788990817307692 0.0019083966346153845 0.9938837908653846
531 0.6812977091346154 0.8379204903846154 0.8301526706730769 0.8379204903846154 0.9503816802884616 0.8134556586538462 0.9732824423076922 0.7859327211538462 0.9790076346153846 0.5382263004807692 0.9599236634615385 0.5259938846153847 0.9312977091346154 0.5168195721153845 0.80152671875 0.547400610576923 0.6908396947115385 0.5504587163461538 0.608778625 0.5382263004807692 0.5820610697115385 0.5321100913461538 0.5152671754807693 0.547400610576923 0.5171755721153846 0.7370030576923077 0.5229007644230769 0.7584097860576923 0.5553435120192307 0.8012232427884616 0.6812977091346154 0.8379204903846154
1132 0.5171755721153846 0.44954128365384616 0.5267175576923078 0.5321100913461538 0.5553435120192307 0.5259938846153847 0.5496183197115385 0.4464831802884615 0.5171755721153846 0.44954128365384616
1034 0.5973282451923076 0.48012232451923076 0.6125954206730769 0.547400610576923 0.6431297716346154 0.556574923076923 0.6812977091346154 0.5535168197115385 0.6431297716346154 0.5412844038461538 0.6240458004807692 0.48012232451923076 0.5973282451923076 0.48012232451923076
1286 0.8740458004807692 0.43119266105769233 0.8683206105769231 0.41590214182692303 0.8721374038461539 0.38532110096153843 0.8759541995192308 0.36085626923076924 0.8740458004807692 0.34556574999999995 0.8645038173076922 0.3363914375 0.8568702283653846 0.34250764423076924 0.8473282451923076 0.3577981658653846 0.8435114495192307 0.38532110096153843 0.8454198461538461 0.4006116201923077 0.8435114495192307 0.43119266105769233 0.849236641826923 0.4434250769230769 0.858778625 0.44954128365384616 0.8721374038461539 0.452599389423077 0.8778625961538461 0.4464831802884615 0.8740458004807692 0.43119266105769233
1286 0.8282442740384616 0.547400610576923 0.8511450384615386 0.556574923076923 0.8511450384615386 0.5351681947115384 0.8568702283653846 0.4556574927884615 0.8549618317307692 0.452599389423077 0.8454198461538461 0.4342507644230769 0.8454198461538461 0.3975535168269231 0.83969465625 0.3792048918269231 0.8244274807692308 0.3792048918269231 0.8129770985576923 0.3883792043269231 0.8148854951923077 0.4128440360576923 0.8206106875000001 0.4250764519230769 0.8206106875000001 0.43730886778846156 0.8072519086538462 0.44954128365384616 0.7996183197115384 0.4648318052884616 0.7977099230769231 0.4984709471153846 0.7996183197115384 0.5382263004807692 0.8072519086538462 0.547400610576923 0.8282442740384616 0.547400610576923
1286 0.7423664110576923 0.38532110096153843 0.7385496177884616 0.3577981658653846 0.7290076346153846 0.34250764423076924 0.7137404591346154 0.34250764423076924 0.7061068701923077 0.3577981658653846 0.7080152668269231 0.3792048918269231 0.7118320600961539 0.4006116201923077 0.7137404591346154 0.40366972596153844 0.7041984735576924 0.4097859326923077 0.6927480913461538 0.43730886778846156 0.6736641225961539 0.49541284375 0.6622137403846153 0.5168195721153845 0.6622137403846153 0.5229357788461538 0.6564885504807693 0.5382263004807692 0.6717557259615384 0.5412844038461538 0.6736641225961539 0.5321100913461538 0.6774809158653846 0.5321100913461538 0.69847328125 0.48929663701923076 0.7003816802884616 0.5137614687500001 0.7041984735576924 0.5290519879807692 0.6965648846153846 0.547400610576923 0.7595419855769231 0.547400610576923 0.7557251899038462 0.5321100913461538 0.7633587788461539 0.5229357788461538 0.7690839687500001 0.5382263004807692 0.7671755721153846 0.556574923076923 0.7767175576923078 0.556574923076923 0.7900763365384615 0.5596330264423077 0.7862595408653846 0.5443425072115384 0.7824427475961537 0.5290519879807692 0.7824427475961537 0.5198776754807692 0.7862595408653846 0.5076452596153846 0.7805343509615384 0.48012232451923076 0.772900764423077 0.4464831802884615 0.7633587788461539 0.4006116201923077 0.7519083966346154 0.4006116201923077 0.7385496177884616 0.3944954134615385 0.7423664110576923 0.38532110096153843
1286 0.6183206105769231 0.4097859326923077 0.6145038173076923 0.3883792043269231 0.6049618317307692 0.37003058173076925 0.5954198461538461 0.37003058173076925 0.5858778629807693 0.3822629975961539 0.5820610697115385 0.3944954134615385 0.58969465625 0.42201834855769227 0.5935114495192308 0.4342507644230769 0.6030534350961538 0.43730886778846156 0.5916030528846153 0.4434250769230769 0.5858778629807693 0.48623853125 0.5858778629807693 0.50458715625 0.5725190841346154 0.48623853125 0.5610687019230769 0.4648318052884616 0.5553435120192307 0.46788990865384616 0.5553435120192307 0.48929663701923076 0.5648854951923077 0.4984709471153846 0.5687022908653846 0.4984709471153846 0.5820610697115385 0.5229357788461538 0.5954198461538461 0.5290519879807692 0.608778625 0.5259938846153847 0.5954198461538461 0.48012232451923076 0.6221374038461539 0.47706422115384617 0.6431297716346154 0.5382263004807692 0.650763358173077 0.5351681947115384 0.66030534375 0.5321100913461538 0.6622137403846153 0.5137614687500001 0.6641221370192307 0.48929663701923076 0.6583969471153845 0.45871559615384616 0.6545801538461539 0.43730886778846156 0.6488549615384614 0.42201834855769227 0.6297709927884616 0.41590214182692303 0.6183206105769231 0.4097859326923077
1294 0.9503816802884616 0.50458715625 0.9408396947115385 0.46788990865384616 0.9293893124999999 0.4434250769230769 0.9179389302884615 0.4342507644230769 0.9083969471153845 0.3883792043269231 0.900763358173077 0.3669724759615385 0.8874045793269231 0.36391437259615383 0.8740458004807692 0.3792048918269231 0.8664122139423077 0.40366972596153844 0.8740458004807692 0.43119266105769233 0.8740458004807692 0.452599389423077 0.8606870240384615 0.45871559615384616 0.8511450384615386 0.5321100913461538 0.8511450384615386 0.5535168197115385 0.858778625 0.5596330264423077 0.8645038173076922 0.5718654423076923 0.8606870240384615 0.6055045865384615 0.8606870240384615 0.6636085625000001 0.858778625 0.7125382259615385 0.858778625 0.7798165144230769 0.858778625 0.82262996875 0.8625954206730769 0.8470948004807692 0.8816793894230769 0.8532110096153847 0.8950381682692308 0.8501529062500001 0.8874045793269231 0.8746177379807692 0.8950381682692308 0.892966360576923 0.900763358173077 0.8899082572115385 0.9083969471153845 0.8746177379807692 0.9217557259615384 0.8899082572115385 0.9274809158653846 0.8776758413461538 0.9312977091346154 0.8440366971153845 0.9408396947115385 0.8379204903846154 0.9427480913461538 0.7706422019230769 0.9389312980769231 0.6880733942307693 0.9408396947115385 0.6605504591346154 0.9503816802884616 0.6269113149038461 0.9446564879807693 0.5779816514423077 0.9541984735576924 0.5596330264423077 0.9580152668269231 0.5351681947115384 0.9503816802884616 0.50458715625
1286 0.4732824423076923 0.5993883798076923 0.47709923557692313 0.6269113149038461 0.47709923557692313 0.7003058100961539 0.4751908389423077 0.7339449543269231 0.4828244278846154 0.752293576923077 0.4923664110576923 0.7370030576923077 0.4923664110576923 0.7033639134615384 0.49618320673076927 0.6269113149038461 0.5057251899038462 0.6024464831730769 0.5038167932692308 0.7064220192307692 0.5038167932692308 0.7278287451923077 0.5114503822115385 0.7431192668269231 0.5133587788461539 0.7247706418269231 0.5152671754807693 0.5535168197115385 0.5229007644230769 0.5382263004807692 0.5152671754807693 0.4434250769230769 0.5343511442307692 0.43730886778846156 0.5343511442307692 0.4128440360576923 0.5229007644230769 0.3822629975961539 0.5076335889423077 0.3792048918269231 0.5057251899038462 0.4006116201923077 0.5057251899038462 0.42201834855769227 0.5038167932692308 0.43730886778846156 0.4904580144230769 0.452599389423077 0.4866412211538461 0.46788990865384616 0.47900763461538465 0.5137614687500001 0.47900763461538465 0.5504587163461538 0.4732824423076923 0.5718654423076923 0.4732824423076923 0.5993883798076923
1294 0.4007633581730769 0.39143730769230767 0.38931297596153847 0.3669724759615385 0.37977099278846155 0.3792048918269231 0.3740458004807692 0.3975535168269231 0.3740458004807692 0.41590214182692303 0.37977099278846155 0.43119266105769233 0.37022900721153845 0.4403669735576923 0.35496183173076923 0.4740061153846154 0.35496183173076923 0.49235474038461535 0.35877862499999996 0.49541284375 0.35877862499999996 0.5443425072115384 0.3645038173076923 0.5596330264423077 0.3645038173076923 0.6085626923076923 0.37022900721153845 0.6452599399038461 0.3664122139423077 0.6666666658653846 0.37022900721153845 0.6850152908653846 0.3645038173076923 0.7033639134615384 0.3645038173076923 0.7217125384615385 0.38167938942307694 0.7186544350961538 0.3854961826923077 0.7064220192307692 0.3854961826923077 0.6880733942307693 0.3835877860576923 0.6574923557692307 0.38740457932692307 0.5932721706730769 0.39312977163461543 0.6422018341346154 0.39694656490384617 0.6819571875 0.39312977163461543 0.7003058100961539 0.4007633581730769 0.7370030576923077 0.4122137403846154 0.7370030576923077 0.4141221370192308 0.7064220192307692 0.4141221370192308 0.6758409783653847 0.41030534375000005 0.6330275240384615 0.4122137403846154 0.5993883798076923 0.4141221370192308 0.5688073389423077 0.41030534375000005 0.5321100913461538 0.4179389302884615 0.5107033629807692 0.41984732932692304 0.4740061153846154 0.4122137403846154 0.4434250769230769 0.39503816826923077 0.4281345576923077 0.39885496153846156 0.41590214182692303 0.4007633581730769 0.39143730769230767
1291 0.19465648798076923 0.5871559639423076 0.2137404591346154 0.6116207956730769 0.21564885576923076 0.6330275240384615 0.2232824423076923 0.6758409783653847 0.23091603125000001 0.6605504591346154 0.23664122115384614 0.6238532115384616 0.24618320673076924 0.5993883798076923 0.23664122115384614 0.5871559639423076 0.22709923557692308 0.5596330264423077 0.24045801442307693 0.5382263004807692 0.2576335889423077 0.5290519879807692 0.2519083966346154 0.5229357788461538 0.2519083966346154 0.49235474038461535 0.24427481009615384 0.46788990865384616 0.24045801442307693 0.4434250769230769 0.23473282451923078 0.4097859326923077 0.2232824423076923 0.4067278293269231 0.21755725240384616 0.4128440360576923 0.20992366346153846 0.4403669735576923 0.20992366346153846 0.46788990865384616 0.19847328125000002 0.47706422115384617 0.20038168028846154 0.5076452596153846 0.20038168028846154 0.5321100913461538 0.20038168028846154 0.5688073389423077 0.19465648798076923 0.5871559639423076
1286 0.11832061057692307 0.4250764519230769 0.10114503846153845 0.4097859326923077 0.10114503846153845 0.3944954134615385 0.09351144951923077 0.3577981658653846 0.08778625961538461 0.3577981658653846 0.07633587740384616 0.37308868509615384 0.07442748076923077 0.3975535168269231 0.07251908413461539 0.41590214182692303 0.055343512019230774 0.43119266105769233 0.055343512019230774 0.48012232451923076 0.057251908653846155 0.48929663701923076 0.0648854951923077 0.5015290528846154 0.059160305288461536 0.5351681947115384 0.0706106875 0.5382263004807692 0.0648854951923077 0.6422018341346154 0.06679389423076923 0.6697247716346154 0.08587786298076924 0.6636085625000001 0.08396946634615385 0.6207951081730769 0.09541984615384616 0.5626911322115384 0.108778625 0.6697247716346154 0.12404580048076924 0.6697247716346154 0.12022900721153847 0.6177370024038461 0.11641221394230769 0.5382263004807692 0.11259542067307692 0.5107033629807692 0.11259542067307692 0.48012232451923076 0.12213740384615385 0.4740061153846154 0.12213740384615385 0.4403669735576923 0.11832061057692307 0.4250764519230769
1291 0.12977099278846155 0.5535168197115385 0.11450381730769231 0.5779816514423077 0.10496183173076923 0.6085626923076923 0.12213740384615385 0.6116207956730769 0.12213740384615385 0.6299694182692307 0.12786259615384615 0.6636085625000001 0.141221375 0.6758409783653847 0.16030534375 0.6850152908653846 0.17557251923076922 0.6911314975961538 0.19465648798076923 0.6911314975961538 0.20038168028846154 0.6758409783653847 0.2022900769230769 0.6330275240384615 0.19847328125000002 0.6055045865384615 0.19274809134615384 0.5840978581730769 0.19656488461538463 0.547400610576923 0.19083969471153847 0.5382263004807692 0.17938931249999998 0.5290519879807692 0.16984732932692306 0.5382263004807692 0.16412213701923078 0.5596330264423077 0.15076335817307693 0.5657492355769231 0.14503816826923077 0.5443425072115384 0.12977099278846155 0.5535168197115385
1714 0.16030534375 0.804281346153846 0.16412213701923078 0.804281346153846 0.15648855048076923 0.7217125384615385 0.1851145048076923 0.7094801225961539 0.19274809134615384 0.7798165144230769 0.19656488461538463 0.6788990817307692 0.141221375 0.672782875 0.059160305288461536 0.6697247716346154 0.055343512019230774 0.7003058100961539 0.13167938942307694 0.7278287451923077 0.13740457932692307 0.8318042812499999 0.13740457932692307 0.7217125384615385 0.15458015384615387 0.7217125384615385 0.16030534375 0.804281346153846
1133 0.0019083966346153845 0.752293576923077 0.026717557692307693 0.752293576923077 0.03053435096153846 0.7400611610576924 0.059160305288461536 0.7492354735576924 0.05152671875 0.5840978581730769 0.0019083966346153845 0.5810397548076923 0.0019083966346153845 0.752293576923077
423 0.32824427403846157 0.5688073389423077 0.29580152644230767 0.5688073389423077 0.29198473317307694 0.5718654423076923 0.30534351201923077 0.5840978581730769 0.3148854951923077 0.6299694182692307 0.3148854951923077 0.6513761466346154 0.30916030528846156 0.6483180432692308 0.30534351201923077 0.6758409783653847 0.29198473317307694 0.6911314975961538 0.30725190865384616 0.7247706418269231 0.30916030528846156 0.7431192668269231 0.30534351201923077 0.761467889423077 0.3225190841346154 0.752293576923077 0.3225190841346154 0.6880733942307693 0.32824427403846157 0.6207951081730769 0.33015267067307696 0.5840978581730769 0.32824427403846157 0.5688073389423077
1291 0.23091603125000001 0.5626911322115384 0.23473282451923078 0.5840978581730769 0.24427481009615384 0.5902140673076923 0.2557251899038462 0.5993883798076923 0.26908396875 0.6238532115384616 0.2633587788461539 0.65443425 0.28625954086538463 0.6788990817307692 0.29007633653846154 0.6911314975961538 0.29580152644230767 0.6911314975961538 0.29961831971153846 0.6697247716346154 0.30534351201923077 0.65443425 0.3148854951923077 0.6483180432692308 0.31106870192307695 0.6116207956730769 0.30152671875 0.5840978581730769 0.2938931298076923 0.5688073389423077 0.27862595432692305 0.5596330264423077 0.26908396875 0.5290519879807692 0.2595419855769231 0.5290519879807692 0.23854961778846157 0.5443425072115384 0.23091603125000001 0.5626911322115384
1289 0.30534351201923077 0.7278287451923077 0.29961831971153846 0.7033639134615384 0.29007633653846154 0.6819571875 0.2633587788461539 0.6574923557692307 0.2652671754807692 0.6177370024038461 0.2557251899038462 0.6055045865384615 0.24045801442307693 0.6055045865384615 0.23473282451923078 0.6238532115384616 0.23664122115384614 0.6574923557692307 0.2232824423076923 0.6697247716346154 0.20419847355769233 0.7094801225961539 0.19465648798076923 0.7461773701923077 0.20419847355769233 0.7584097860576923 0.2061068701923077 0.804281346153846 0.22709923557692308 0.8318042812499999 0.24618320673076924 0.82262996875 0.2423664110576923 0.8440366971153845 0.24427481009615384 0.8685015288461538 0.2576335889423077 0.8685015288461538 0.2595419855769231 0.8379204903846154 0.2671755721153846 0.8287461778846155 0.2729007644230769 0.8593272163461538 0.28625954086538463 0.8562691129807691 0.2938931298076923 0.8409785937500001 0.28435114423076924 0.8195718653846154 0.29961831971153846 0.7951070336538462 0.30534351201923077 0.7767584086538462 0.30152671875 0.7584097860576923 0.30534351201923077 0.7278287451923077
1379 0.3225190841346154 0.21100917548076922 0.30152671875 0.37308868509615384 0.3664122139423077 0.3975535168269231 0.39122137500000004 0.2477064230769231 0.3225190841346154 0.21100917548076922
1379 0.26908396875 0.4281345576923077 0.31106870192307695 0.41590214182692303 0.29961831971153846 0.3363914375 0.2595419855769231 0.34250764423076924 0.26908396875 0.4281345576923077
1622 0.5858778629807693 0.14678899038461538 0.58969465625 0.16513761538461538 0.650763358173077 0.16513761538461538 0.6545801538461539 0.14067278365384614 0.6450381682692308 0.11620795192307692 0.6374045793269231 0.09785932692307692 0.6183206105769231 0.0948012235576923 0.6145038173076923 0.07339449519230769 0.6145038173076923 0.1039755360576923 0.5954198461538461 0.10703363942307692 0.5954198461538461 0.1376146778846154 0.5858778629807693 0.14678899038461538
1622 0.40839694711538466 0.13455657451923078 0.46374045913461537 0.1376146778846154 0.47709923557692313 0.1039755360576923 0.47709923557692313 0.06727828846153847 0.46946564903846155 0.021406728365384615 0.44847328125 0.027522935096153847 0.4465648846153846 0.06727828846153847 0.4274809158653846 0.07033639182692307 0.4045801538461538 0.0917431201923077 0.40839694711538466 0.13455657451923078
1622 0.30152671875 0.14984709375 0.33969465624999995 0.15290519951923076 0.35114503846153844 0.12538226201923078 0.3435114495192308 0.0948012235576923 0.3244274807692307 0.08562691105769231 0.3187022908653846 0.05810397596153846 0.3187022908653846 0.08562691105769231 0.29580152644230767 0.08562691105769231 0.29770992307692307 0.12538226201923078 0.30152671875 0.14984709375
1622 0.12404580048076924 0.16819571875 0.1335877860576923 0.12232415865384616 0.11641221394230769 0.08868501442307693 0.11832061057692307 0.04587156009615385 0.11259542067307692 0.08868501442307693 0.07824427403846154 0.06727828846153847 0.06870229086538461 0.11620795192307692 0.12404580048076924 0.16819571875
577 0.12786259615384615 0.2324159014423077 0.11641221394230769 0.2262996947115385 0.10114503846153845 0.2262996947115385 0.08587786298076924 0.2415902139423077 0.08396946634615385 0.2660550456730769 0.08587786298076924 0.29051987740384616 0.09351144951923077 0.30275229326923075 0.10687022836538462 0.3119266057692308 0.11832061057692307 0.3088685024038461 0.13549618269230768 0.29969418990384616 0.141221375 0.2782874615384615 0.14312977163461538 0.2538226298076923 0.12786259615384615 0.2324159014423077