402 0.003816793269230769 0 0.003816793269230769 0.16513761538461538 0.15458015384615387 0.21100917548076922 0.9980916033653846 0.16819571875 0.9980916033653846 0 0.003816793269230769 0
1885 1 0.30275229326923075 0.9980916033653846 0.16819571875 0.15458015384615387 0.21100917548076922 0.16221374038461536 0.6483180432692308 0.47709923557692313 0.6666666658653846 0.5782442740384616 0.6697247716346154 1 0.6788577548076924 1 0.30275229326923075
1885 0.1583969471153846 0.6483180432692308 0.15458015384615387 0.21100917548076922 0.003816793269230769 0.16513761538461538 0.003816793269230769 0.7278287451923077 0.1583969471153846 0.6483180432692308
792 0.9980916033653846 0.6788990817307692 0.16412213701923078 0.6452599399038461 0.0057251899038461545 0.7247706418269231 0.003816793269230769 0.9908256875 0.9980916033653846 0.9938837908653846 0.9980916033653846 0.6788990817307692
531 0.44465648798076923 0.8012232427884616 0.47709923557692313 0.7584097860576923 0.4828244278846154 0.7370030576923077 0.4847328245192308 0.547400610576923 0.4179389302884615 0.5321100913461538 0.39122137500000004 0.5382263004807692 0.30916030528846156 0.5504587163461538 0.19847328125000002 0.547400610576923 0.06870229086538461 0.5168195721153845 0.040076336538461536 0.5259938846153847 0.020992365384615387 0.5382263004807692 0.026717557692307693 0.7859327211538462 0.04961831971153847 0.8134556586538462 0.16984732932692306 0.8379204903846154 0.3187022908653846 0.8379204903846154 0.44465648798076923 0.8012232427884616
1132 0.45038168028846154 0.4464831802884615 0.44465648798076923 0.5259938846153847 0.4732824423076923 0.5321100913461538 0.4828244278846154 0.44954128365384616 0.45038168028846154 0.4464831802884615
1034 0.3759541995192308 0.48012232451923076 0.35687022836538457 0.5412844038461538 0.3187022908653846 0.5535168197115385 0.35687022836538457 0.556574923076923 0.38740457932692307 0.547400610576923 0.4026717548076923 0.48012232451923076 0.3759541995192308 0.48012232451923076
1286 0.12213740384615385 0.4464831802884615 0.12786259615384615 0.452599389423077 0.141221375 0.44954128365384616 0.15076335817307693 0.4434250769230769 0.15648855048076923 0.43119266105769233 0.15458015384615387 0.4006116201923077 0.15648855048076923 0.38532110096153843 0.15267175480769232 0.3577981658653846 0.14312977163461538 0.34250764423076924 0.13549618269230768 0.3363914375 0.12595419951923076 0.34556574999999995 0.12404580048076924 0.36085626923076924 0.12786259615384615 0.38532110096153843 0.13167938942307694 0.41590214182692303 0.12595419951923076 0.43119266105769233 0.12213740384615385 0.4464831802884615
1286 0.19274809134615384 0.547400610576923 0.20038168028846154 0.5382263004807692 0.2022900769230769 0.4984709471153846 0.20038168028846154 0.4648318052884616 0.19274809134615384 0.44954128365384616 0.17938931249999998 0.43730886778846156 0.17938931249999998 0.4250764519230769 0.1851145048076923 0.4128440360576923 0.18702290144230768 0.3883792043269231 0.17557251923076922 0.3792048918269231 0.16030534375 0.3792048918269231 0.15458015384615387 0.3975535168269231 0.15458015384615387 0.4342507644230769 0.14503816826923077 0.452599389423077 0.14312977163461538 0.4556574927884615 0.14885496153846153 0.5351681947115384 0.14885496153846153 0.556574923076923 0.17175572596153849 0.547400610576923 0.19274809134615384 0.547400610576923
1286 0.26145038221153843 0.3944954134615385 0.24809160336538463 0.4006116201923077 0.23664122115384614 0.4006116201923077 0.22709923557692308 0.4464831802884615 0.21946564903846152 0.48012232451923076 0.2137404591346154 0.5076452596153846 0.21755725240384616 0.5198776754807692 0.21755725240384616 0.5290519879807692 0.2137404591346154 0.5443425072115384 0.20992366346153846 0.5596330264423077 0.2232824423076923 0.556574923076923 0.23282442788461538 0.556574923076923 0.23091603125000001 0.5382263004807692 0.23664122115384614 0.5229357788461538 0.24427481009615384 0.5321100913461538 0.24045801442307693 0.547400610576923 0.3034351153846154 0.547400610576923 0.29580152644230767 0.5290519879807692 0.29961831971153846 0.5137614687500001 0.30152671875 0.48929663701923076 0.3225190841346154 0.5321100913461538 0.3263358774038462 0.5321100913461538 0.32824427403846157 0.5412844038461538 0.3435114495192308 0.5382263004807692 0.3377862596153846 0.5229357788461538 0.3377862596153846 0.5168195721153845 0.3263358774038462 0.49541284375 0.30725190865384616 0.43730886778846156 0.29580152644230767 0.4097859326923077 0.28625954086538463 0.40366972596153844 0.28816793990384615 0.4006116201923077 0.29198473317307694 0.3792048918269231 0.2938931298076923 0.3577981658653846 0.28625954086538463 0.34250764423076924 0.27099236538461535 0.34250764423076924 0.26145038221153843 0.3577981658653846 0.2576335889423077 0.38532110096153843 0.26145038221153843 0.3944954134615385
1286 0.37022900721153845 0.41590214182692303 0.35114503846153844 0.42201834855769227 0.3454198461538462 0.43730886778846156 0.34160305288461534 0.45871559615384616 0.3358778629807692 0.48929663701923076 0.3377862596153846 0.5137614687500001 0.33969465624999995 0.5321100913461538 0.3492366418269231 0.5351681947115384 0.35687022836538457 0.5382263004807692 0.37786259615384615 0.47706422115384617 0.4045801538461538 0.48012232451923076 0.39122137500000004 0.5259938846153847 0.4045801538461538 0.5290519879807692 0.4179389302884615 0.5229357788461538 0.4312977091346154 0.4984709471153846 0.4351145048076923 0.4984709471153846 0.44465648798076923 0.48929663701923076 0.44465648798076923 0.46788990865384616 0.43893129807692305 0.4648318052884616 0.4274809158653846 0.48623853125 0.4141221370192308 0.50458715625 0.4141221370192308 0.48623853125 0.40839694711538466 0.4434250769230769 0.39694656490384617 0.43730886778846156 0.4064885504807692 0.4342507644230769 0.41030534375000005 0.42201834855769227 0.4179389302884615 0.3944954134615385 0.4141221370192308 0.3822629975961539 0.4045801538461538 0.37003058173076925 0.39503816826923077 0.37003058173076925 0.3854961826923077 0.3883792043269231 0.38167938942307694 0.4097859326923077 0.37022900721153845 0.41590214182692303
1294 0.041984733173076924 0.5351681947115384 0.04580152644230769 0.5596330264423077 0.055343512019230774 0.5779816514423077 0.04961831971153847 0.6269113149038461 0.059160305288461536 0.6605504591346154 0.06106870192307692 0.6880733942307693 0.057251908653846155 0.7706422019230769 0.059160305288461536 0.8379204903846154 0.06870229086538461 0.8440366971153845 0.07251908413461539 0.8776758413461538 0.07824427403846154 0.8899082572115385 0.09160305288461539 0.8746177379807692 0.09923664182692307 0.8899082572115385 0.10496183173076923 0.892966360576923 0.11259542067307692 0.8746177379807692 0.10496183173076923 0.8501529062500001 0.11832061057692307 0.8532110096153847 0.13740457932692307 0.8470948004807692 0.141221375 0.82262996875 0.141221375 0.7798165144230769 0.141221375 0.7125382259615385 0.13931297596153847 0.6636085625000001 0.13931297596153847 0.6055045865384615 0.13549618269230768 0.5718654423076923 0.141221375 0.5596330264423077 0.14885496153846153 0.5535168197115385 0.14885496153846153 0.5321100913461538 0.13931297596153847 0.45871559615384616 0.12595419951923076 0.452599389423077 0.12595419951923076 0.43119266105769233 0.1335877860576923 0.40366972596153844 0.12595419951923076 0.3792048918269231 0.11259542067307692 0.36391437259615383 0.09923664182692307 0.3669724759615385 0.09160305288461539 0.3883792043269231 0.08206106971153847 0.4342507644230769 0.0706106875 0.4434250769230769 0.059160305288461536 0.46788990865384616 0.04961831971153847 0.50458715625 0.041984733173076924 0.5351681947115384
1286 0.5267175576923078 0.5718654423076923 0.5209923653846154 0.5504587163461538 0.5209923653846154 0.5137614687500001 0.5133587788461539 0.46788990865384616 0.5095419855769231 0.452599389423077 0.49618320673076927 0.43730886778846156 0.49427481009615387 0.42201834855769227 0.49427481009615387 0.4006116201923077 0.4923664110576923 0.3792048918269231 0.47709923557692313 0.3822629975961539 0.46564885576923076 0.4128440360576923 0.46564885576923076 0.43730886778846156 0.4847328245192308 0.4434250769230769 0.47709923557692313 0.5382263004807692 0.4847328245192308 0.5535168197115385 0.4866412211538461 0.7247706418269231 0.4885496177884615 0.7431192668269231 0.49618320673076927 0.7278287451923077 0.49618320673076927 0.7064220192307692 0.49427481009615387 0.6024464831730769 0.5038167932692308 0.6269113149038461 0.5076335889423077 0.7033639134615384 0.5076335889423077 0.7370030576923077 0.5171755721153846 0.752293576923077 0.5248091610576924 0.7339449543269231 0.5229007644230769 0.7003058100961539 0.5229007644230769 0.6269113149038461 0.5267175576923078 0.5993883798076923 0.5267175576923078 0.5718654423076923
1294 0.6011450384615384 0.41590214182692303 0.6049618317307692 0.4281345576923077 0.5877862596153846 0.4434250769230769 0.580152670673077 0.4740061153846154 0.5820610697115385 0.5107033629807692 0.58969465625 0.5321100913461538 0.5858778629807693 0.5688073389423077 0.5877862596153846 0.5993883798076923 0.58969465625 0.6330275240384615 0.5858778629807693 0.6758409783653847 0.5858778629807693 0.7064220192307692 0.5877862596153846 0.7370030576923077 0.599236641826923 0.7370030576923077 0.6068702283653846 0.7003058100961539 0.6030534350961538 0.6819571875 0.6068702283653846 0.6422018341346154 0.6125954206730769 0.5932721706730769 0.6164122139423077 0.6574923557692307 0.6145038173076923 0.6880733942307693 0.6145038173076923 0.7064220192307692 0.6183206105769231 0.7186544350961538 0.6354961826923078 0.7217125384615385 0.6354961826923078 0.7033639134615384 0.6297709927884616 0.6850152908653846 0.6335877860576923 0.6666666658653846 0.6297709927884616 0.6452599399038461 0.6354961826923078 0.6085626923076923 0.6354961826923078 0.5596330264423077 0.641221375 0.5443425072115384 0.641221375 0.49541284375 0.6450381682692308 0.49235474038461535 0.6450381682692308 0.4740061153846154 0.6297709927884616 0.4403669735576923 0.6202290072115384 0.43119266105769233 0.6259541995192308 0.41590214182692303 0.6259541995192308 0.3975535168269231 0.6202290072115384 0.3792048918269231 0.6106870240384615 0.3669724759615385 0.599236641826923 0.39143730769230767 0.6011450384615384 0.41590214182692303
1291 0.7996183197115384 0.5688073389423077 0.7996183197115384 0.5321100913461538 0.7996183197115384 0.5076452596153846 0.80152671875 0.47706422115384617 0.7900763365384615 0.46788990865384616 0.7900763365384615 0.4403669735576923 0.7824427475961537 0.4128440360576923 0.7767175576923078 0.4067278293269231 0.7652671754807692 0.4097859326923077 0.7595419855769231 0.4434250769230769 0.7557251899038462 0.46788990865384616 0.7480916033653846 0.49235474038461535 0.7480916033653846 0.5229357788461538 0.7423664110576923 0.5290519879807692 0.7595419855769231 0.5382263004807692 0.772900764423077 0.5596330264423077 0.7633587788461539 0.5871559639423076 0.7538167932692308 0.5993883798076923 0.7633587788461539 0.6238532115384616 0.7690839687500001 0.6605504591346154 0.7767175576923078 0.6758409783653847 0.7843511442307692 0.6330275240384615 0.7862595408653846 0.6116207956730769 0.8053435120192307 0.5871559639423076 0.7996183197115384 0.5688073389423077
1286 0.8778625961538461 0.4403669735576923 0.8778625961538461 0.4740061153846154 0.8874045793269231 0.48012232451923076 0.8874045793269231 0.5107033629807692 0.8835877860576923 0.5382263004807692 0.8797709927884616 0.6177370024038461 0.8759541995192308 0.6697247716346154 0.891221375 0.6697247716346154 0.9045801538461539 0.5626911322115384 0.9160305336538461 0.6207951081730769 0.9141221370192307 0.6636085625000001 0.9332061057692307 0.6697247716346154 0.9351145048076923 0.6422018341346154 0.9293893124999999 0.5382263004807692 0.9408396947115385 0.5351681947115384 0.9351145048076923 0.5015290528846154 0.9427480913461538 0.48929663701923076 0.9446564879807693 0.48012232451923076 0.9446564879807693 0.43119266105769233 0.9274809158653846 0.41590214182692303 0.9255725192307692 0.3975535168269231 0.9236641225961539 0.37308868509615384 0.9122137403846153 0.3577981658653846 0.9064885504807693 0.3577981658653846 0.8988549615384614 0.3944954134615385 0.8988549615384614 0.4097859326923077 0.8816793894230769 0.4250764519230769 0.8778625961538461 0.4403669735576923
1291 0.8549618317307692 0.5443425072115384 0.849236641826923 0.5657492355769231 0.8358778629807693 0.5596330264423077 0.8301526706730769 0.5382263004807692 0.8206106875000001 0.5290519879807692 0.8091603052884615 0.5382263004807692 0.8034351153846154 0.547400610576923 0.8072519086538462 0.5840978581730769 0.80152671875 0.6055045865384615 0.7977099230769231 0.6330275240384615 0.7996183197115384 0.6758409783653847 0.8053435120192307 0.6911314975961538 0.8244274807692308 0.6911314975961538 0.83969465625 0.6850152908653846 0.858778625 0.6758409783653847 0.8721374038461539 0.6636085625000001 0.8778625961538461 0.6299694182692307 0.8778625961538461 0.6116207956730769 0.8950381682692308 0.6085626923076923 0.8854961826923078 0.5779816514423077 0.8702290072115384 0.5535168197115385 0.8549618317307692 0.5443425072115384
1714 0.8454198461538461 0.7217125384615385 0.8625954206730769 0.7217125384615385 0.8625954206730769 0.8318042812499999 0.8683206105769231 0.7278287451923077 0.9446564879807693 0.7003058100961539 0.9408396947115385 0.6697247716346154 0.858778625 0.672782875 0.8034351153846154 0.6788990817307692 0.8072519086538462 0.7798165144230769 0.8148854951923077 0.7094801225961539 0.8435114495192307 0.7217125384615385 0.8358778629807693 0.804281346153846 0.83969465625 0.804281346153846 0.8454198461538461 0.7217125384615385
1133 0.9980916033653846 0.5810397548076923 0.94847328125 0.5840978581730769 0.9408396947115385 0.7492354735576924 0.9694656490384616 0.7400611610576924 0.9732824423076922 0.752293576923077 0.9980916033653846 0.752293576923077 0.9980916033653846 0.5810397548076923
423 0.6698473293269231 0.5840978581730769 0.6717557259615384 0.6207951081730769 0.6774809158653846 0.6880733942307693 0.6774809158653846 0.752293576923077 0.6946564879807693 0.761467889423077 0.6908396947115385 0.7431192668269231 0.6927480913461538 0.7247706418269231 0.7080152668269231 0.6911314975961538 0.6946564879807693 0.6758409783653847 0.6908396947115385 0.6483180432692308 0.6851145048076923 0.6513761466346154 0.6851145048076923 0.6299694182692307 0.6946564879807693 0.5840978581730769 0.7080152668269231 0.5718654423076923 0.7041984735576924 0.5688073389423077 0.6717557259615384 0.5688073389423077 0.6698473293269231 0.5840978581730769
1291 0.7614503822115384 0.5443425072115384 0.7404580144230769 0.5290519879807692 0.7309160312499999 0.5290519879807692 0.721374045673077 0.5596330264423077 0.7061068701923077 0.5688073389423077 0.69847328125 0.5840978581730769 0.6889312980769231 0.6116207956730769 0.6851145048076923 0.6483180432692308 0.6946564879807693 0.65443425 0.7003816802884616 0.6697247716346154 0.7041984735576924 0.6911314975961538 0.7099236634615385 0.6911314975961538 0.7137404591346154 0.6788990817307692 0.7366412211538461 0.65443425 0.7309160312499999 0.6238532115384616 0.7442748100961538 0.5993883798076923 0.7557251899038462 0.5902140673076923 0.7652671754807692 0.5840978581730769 0.7690839687500001 0.5626911322115384 0.7614503822115384 0.5443425072115384
1289 0.69847328125 0.7584097860576923 0.6946564879807693 0.7767584086538462 0.7003816802884616 0.7951070336538462 0.7156488557692308 0.8195718653846154 0.7061068701923077 0.8409785937500001 0.7137404591346154 0.8562691129807691 0.727099235576923 0.8593272163461538 0.7328244278846154 0.8287461778846155 0.7404580144230769 0.8379204903846154 0.7423664110576923 0.8685015288461538 0.7557251899038462 0.8685015288461538 0.7576335889423077 0.8440366971153845 0.7538167932692308 0.82262996875 0.772900764423077 0.8318042812499999 0.7938931298076923 0.804281346153846 0.7958015264423076 0.7584097860576923 0.8053435120192307 0.7461773701923077 0.7958015264423076 0.7094801225961539 0.7767175576923078 0.6697247716346154 0.7633587788461539 0.6574923557692307 0.7652671754807692 0.6238532115384616 0.7595419855769231 0.6055045865384615 0.7442748100961538 0.6055045865384615 0.7347328245192308 0.6177370024038461 0.7366412211538461 0.6574923557692307 0.7099236634615385 0.6819571875 0.7003816802884616 0.7033639134615384 0.6946564879807693 0.7278287451923077 0.69847328125 0.7584097860576923
1379 0.608778625 0.2477064230769231 0.6335877860576923 0.3975535168269231 0.69847328125 0.37308868509615384 0.6774809158653846 0.21100917548076922 0.608778625 0.2477064230769231
1379 0.7404580144230769 0.34250764423076924 0.7003816802884616 0.3363914375 0.6889312980769231 0.41590214182692303 0.7309160312499999 0.4281345576923077 0.7404580144230769 0.34250764423076924
1622 0.4045801538461538 0.1376146778846154 0.4045801538461538 0.10703363942307692 0.3854961826923077 0.1039755360576923 0.3854961826923077 0.07339449519230769 0.38167938942307694 0.0948012235576923 0.36259542067307693 0.09785932692307692 0.35496183173076923 0.11620795192307692 0.3454198461538462 0.14067278365384614 0.3492366418269231 0.16513761538461538 0.41030534375000005 0.16513761538461538 0.4141221370192308 0.14678899038461538 0.4045801538461538 0.1376146778846154
1622 0.5954198461538461 0.0917431201923077 0.5725190841346154 0.07033639182692307 0.5534351153846153 0.06727828846153847 0.55152671875 0.027522935096153847 0.5305343509615384 0.021406728365384615 0.5229007644230769 0.06727828846153847 0.5229007644230769 0.1039755360576923 0.5362595408653846 0.1376146778846154 0.5916030528846153 0.13455657451923078 0.5954198461538461 0.0917431201923077
1622 0.7022900769230769 0.12538226201923078 0.7041984735576924 0.08562691105769231 0.6812977091346154 0.08562691105769231 0.6812977091346154 0.05810397596153846 0.6755725192307692 0.08562691105769231 0.6564885504807693 0.0948012235576923 0.6488549615384614 0.12538226201923078 0.66030534375 0.15290519951923076 0.69847328125 0.14984709375 0.7022900769230769 0.12538226201923078
1622 0.9312977091346154 0.11620795192307692 0.9217557259615384 0.06727828846153847 0.8874045793269231 0.08868501442307693 0.8816793894230769 0.04587156009615385 0.8835877860576923 0.08868501442307693 0.8664122139423077 0.12232415865384616 0.8759541995192308 0.16819571875 0.9312977091346154 0.11620795192307692
577 0.8568702283653846 0.2538226298076923 0.858778625 0.2782874615384615 0.8645038173076922 0.29969418990384616 0.8816793894230769 0.3088685024038461 0.8931297716346154 0.3119266057692308 0.9064885504807693 0.30275229326923075 0.9141221370192307 0.29051987740384616 0.9160305336538461 0.2660550456730769 0.9141221370192307 0.2415902139423077 0.8988549615384614 0.2262996947115385 0.8835877860576923 0.2262996947115385 0.8721374038461539 0.2324159014423077 0.8568702283653846 0.2538226298076923