402 0.0014285721153846154 0 0.0014285721153846154 0.042826552884615385 0.05 0.049250536057692314 0.054285713942307696 0.14775160576923077 0.5185714278846154 0.18415417548076923 0.9971428581730769 0.12419700240384615 0.9971428581730769 0 0.0014285721153846154 0
1942 0.6842857139423076 0.1734475384615385 0.6314285721153846 0.17987151923076924 0.6214285721153847 0.43897216346153844 0.6785714278846153 0.45396145673076926 0.6842857139423076 0.1734475384615385
655 0 0.5182012836538461 0.0014285721153846154 0.9914346899038461 0.11 0.99571734375 0.05 0.049250536057692314 0 0.04508684375 0 0.5182012836538461
1942 0.1485714278846154 0.45610278365384616 0.1314285721153846 0.16916488221153847 0.060000000000000005 0.16916488221153847 0.07714285817307692 0.46252676682692306 0.1485714278846154 0.45610278365384616
1648 0.5085714278846154 0.9571734471153845 0.5114285721153846 0.6638115625 0.3728571418269231 0.5695931466346154 0.3014285721153846 0.5824411129807692 0.31 0.8286937908653846 0.4185714278846154 0.99571734375 0.44285714182692304 0.99571734375 0.5085714278846154 0.9571734471153845
1523 0.51 0.6638115625 0.51 0.9250535336538461 0.7057142860576923 0.8222698076923076 0.7114285721153847 0.5888650961538462 0.6385714278846154 0.5524625264423076 0.4371428581730769 0.6038543894230769 0.51 0.6638115625
1523 0.7114285721153847 0.5032119903846154 0.7128571418269231 0.6852248389423077 0.8828571418269231 0.7751605985576924 0.9185714278846154 0.7537473245192309 0.9314285721153847 0.5503211995192308 0.7571428581730769 0.4967880096153846 0.7114285721153847 0.5032119903846154
1714 0.41142857211538464 0.533190579326923 0.3885714278846154 0.5438972163461538 0.3885714278846154 0.5717344759615385 0.43142857211538466 0.6017130625 0.5842857139423077 0.5653104927884616 0.5685714278846153 0.5503211995192308 0.5428571418269231 0.5374732331730769 0.51 0.5289079230769231 0.4742857139423077 0.5246252668269231 0.4385714278846154 0.5289079230769231 0.41142857211538464 0.533190579326923
1416 0.3342857139423077 0.46895075 0.3757142860576923 0.4925053533653846 0.4785714278846154 0.4775160600961538 0.4757142860576923 0.4432548173076923 0.4614285721153846 0.41327623076923076 0.3342857139423077 0.43254818028846154 0.3342857139423077 0.46895075
1714 0.6499999999999999 0.5267665961538461 0.6499999999999999 0.5631691658653846 0.6528571418269231 0.5588865096153847 0.6571428581730768 0.5182012836538461 0.7100000000000001 0.5032119903846154 0.6514285721153846 0.4796573870192308 0.6014285721153846 0.49892933653846155 0.6 0.5567451826923077 0.61 0.5567451826923077 0.6114285721153846 0.5139186298076923 0.6499999999999999 0.5267665961538461
1453 0.9757142860576924 0.5888650961538462 0.9871428581730769 0.5952890793269231 0.9857142860576923 0.5845824423076923 0.9757142860576924 0.5738758028846154 0.9857142860576923 0.5353319062499999 0.9914285721153846 0.5246252668269231 0.9885714278846154 0.5203426129807692 0.9785714278846154 0.5160599567307692 0.9714285721153846 0.5267665961538461 0.9571428581730769 0.5224839399038461 0.9600000000000001 0.45824411057692305 0.9614285721153847 0.4475374735576923 0.9600000000000001 0.43254818028846154 0.9457142860576924 0.4239828701923077 0.92 0.4239828701923077 0.88 0.4304068533653846 0.8742857139423077 0.44111349038461534 0.8785714278846153 0.45610278365384616 0.89 0.5074946466346154 0.89 0.5310492499999999 0.9314285721153847 0.5481798725961539 0.9285714278846153 0.6274089927884615 0.9342857139423076 0.6274089927884615 0.9400000000000001 0.6423982860576923 0.967142858173077 0.6638115625 0.9857142860576923 0.6595289086538462 0.9928571418269231 0.6531049254807691 0.9785714278846154 0.6445396153846155 0.9757142860576924 0.5888650961538462
314 0.6171428581730769 0.6723768725961539 0.6471428581730769 0.7066381153846154 0.6885714278846155 0.6916488221153846 0.692857141826923 0.6509635985576924 0.6685714278846154 0.6359743028846154 0.6171428581730769 0.6552462524038462 0.6171428581730769 0.6723768725961539
180 0.5842857139423077 0.7002141322115385 0.5399999999999999 0.7216274086538461 0.5399999999999999 0.7430406850961538 0.56 0.7558886514423077 0.6057142860576923 0.734475375 0.6071428581730769 0.7216274086538461 0.5842857139423077 0.7002141322115385
180 0.4585714278846154 0.6209850096153846 0.43142857211538466 0.5931477524038461 0.40285714182692306 0.59743040625 0.3828571418269231 0.6059957163461539 0.3771428581730769 0.6145610288461538 0.38 0.6316916490384615 0.3857142860576923 0.6466809423076924 0.41285714182692307 0.6595289086538462 0.4414285721153846 0.6552462524038462 0.45428571394230766 0.6488222692307691 0.4585714278846154 0.6209850096153846
663 0.6071428581730769 0.21413276201923076 0.562857141826923 0.21841541826923078 0.557142858173077 0.4860813701923077 0.5971428581730769 0.4925053533653846 0.6071428581730769 0.21413276201923076
685 0.5742857139423078 0.38329764423076923 0.572857141826923 0.42184154086538467 0.572857141826923 0.44539614663461535 0.6 0.46038543990384617 0.6 0.3918629543269231 0.5742857139423078 0.38329764423076923
685 0.22142857211538464 0.26338329807692307 0.17571428605769232 0.26552462499999996 0.17571428605769232 0.3147751610576923 0.2242857139423077 0.31263383413461543 0.22142857211538464 0.26338329807692307
685 0.2242857139423077 0.25695931490384616 0.2257142860576923 0.30620985096153847 0.2714285721153846 0.3040685216346154 0.26999999999999996 0.25695931490384616 0.2242857139423077 0.25695931490384616
685 0.31428571394230764 0.2505353317307692 0.31428571394230764 0.29550321153846154 0.35285714182692307 0.29550321153846154 0.35285714182692307 0.25267665865384614 0.31428571394230764 0.2505353317307692
685 0.1714285721153846 0.32548179807692307 0.1742857139423077 0.3725910072115385 0.21571428605769233 0.36830835096153847 0.21428571394230772 0.32119914423076923 0.1714285721153846 0.32548179807692307
685 0.2614285721153846 0.3104925048076923 0.2657142860576923 0.3576017139423077 0.3028571418269231 0.34689507451923074 0.3028571418269231 0.30620985096153847 0.2614285721153846 0.3104925048076923
685 0.18142857211538463 0.37687366105769227 0.1828571418269231 0.4282655240384615 0.22714285817307692 0.42184154086538467 0.2257142860576923 0.37687366105769227 0.18142857211538463 0.37687366105769227
852 0.3614285721153846 0.5674518197115385 0.3614285721153846 0.5203426129807692 0.4 0.5074946466346154 0.4 0.5010706634615384 0.33714285817307693 0.46680942067307696 0.33285714182692305 0.4175588870192308 0.2657142860576923 0.3897216274038462 0.23285714182692308 0.40256959375 0.23285714182692308 0.5289079230769231 0.28285714182692306 0.5695931466346154 0.29571428605769234 0.5631691658653846 0.3042857139423077 0.5802997860576923 0.3614285721153846 0.5674518197115385
1802 0.5357142860576923 0.45824411057692305 0.5071428581730769 0.4175588870192308 0.5042857139423077 0.4261241971153846 0.4757142860576923 0.46038543990384617 0.4757142860576923 0.4967880096153846 0.5257142860576923 0.5010706634615384 0.5357142860576923 0.49464668028846154 0.5357142860576923 0.45824411057692305
1942 0.4271428581730769 0.3297644543269231 0.4242857139423077 0.18415417548076923 0.3614285721153846 0.17987151923076924 0.3642857139423077 0.33190578125 0.4271428581730769 0.3297644543269231
1942 0.1528571418269231 0.16702355528846152 0.1542857139423077 0.24625267548076923 0.2185714278846154 0.23982869471153848 0.2185714278846154 0.16916488221153847 0.1528571418269231 0.16702355528846152
1942 0.22714285817307692 0.16916488221153847 0.22857142788461537 0.23768736538461538 0.28285714182692306 0.23982869471153848 0.28142857211538463 0.1734475384615385 0.22714285817307692 0.16916488221153847
1942 0.33999999999999997 0.17773019230769233 0.2885714278846154 0.17558886538461538 0.29 0.23982869471153848 0.33999999999999997 0.23982869471153848 0.33999999999999997 0.17773019230769233
180 0.7857142860576923 0.7044967884615385 0.7899999999999999 0.6381156322115384 0.7528571418269231 0.6188436826923076 0.7242857139423078 0.6359743028846154 0.7271428581730769 0.6873661658653846 0.7714285721153846 0.7066381153846154 0.7857142860576923 0.7044967884615385
1806 0.7771428581730769 0.5717344759615385 0.7728571418269231 0.5674518197115385 0.7685714278846153 0.5524625264423076 0.7557142860576923 0.5610278365384616 0.75 0.5503211995192308 0.7428571418269231 0.5567451826923077 0.7428571418269231 0.5717344759615385 0.7385714278846154 0.5738758028846154 0.74 0.5995717355769231 0.7757142860576922 0.6102783725961538 0.7928571418269231 0.6124196995192308 0.7957142860576922 0.5802997860576923 0.7771428581730769 0.5717344759615385
1309 0.7214285721153846 0.3725910072115385 0.717142858173077 0.44111349038461534 0.767142858173077 0.44539614663461535 0.7714285721153846 0.3811563173076923 0.7214285721153846 0.3725910072115385
685 0.7757142860576922 0.34689507451923074 0.807142858173077 0.3533190576923077 0.807142858173077 0.2676659519230769 0.7757142860576922 0.26552462499999996 0.7757142860576922 0.34689507451923074
685 0.8385714278846154 0.26552462499999996 0.8114285721153845 0.26552462499999996 0.8099999999999999 0.3576017139423077 0.8414285721153847 0.3576017139423077 0.8385714278846154 0.26552462499999996
685 0.8757142860576923 0.26980728125 0.8428571418269232 0.2676659519230769 0.8428571418269232 0.3533190576923077 0.8771428581730769 0.3576017139423077 0.8757142860576923 0.26980728125
685 0.922857141826923 0.2719486081730769 0.8828571418269231 0.2719486081730769 0.8785714278846153 0.36830835096153847 0.917142858173077 0.3704496778846154 0.922857141826923 0.2719486081730769
1711 0.9485714278846153 0.7708779447115385 0.9242857139423077 0.7858672379807692 0.9114285721153846 0.8094218413461539 0.9085714278846153 0.8436830841346155 0.9214285721153845 0.873661670673077 0.9414285721153846 0.9100642403846154 0.9957142860576924 0.9635974302884616 0.9971428581730769 0.7644539615384616 0.9757142860576924 0.7623126346153846 0.9485714278846153 0.7708779447115385
423 0.91 0.9850107067307692 0.9114285721153846 0.99571734375 0.92 0.99571734375 0.92 0.9914346899038461 0.9928571418269231 0.9892933629807692 0.9857142860576923 0.9507494639423076 0.9457142860576924 0.9143468942307693 0.9085714278846153 0.9122055673076923 0.9042857139423077 0.8672376875 0.8885714278846154 0.8201284807692308 0.8814285721153846 0.9057815841346154 0.8957142860576923 0.927194860576923 0.8614285721153846 0.9892933629807692 0.8971428581730769 0.9357601706730769 0.9028571418269231 0.9785867235576924 0.91 0.9850107067307692
1027 0.557142858173077 0.10064239903846153 0.5071428581730769 0.11563169230769231 0.6257142860576923 0.13490363942307693 0.6828571418269231 0.12419700240384615 0.557142858173077 0.10064239903846153
1027 0.41000000000000003 0.13490363942307693 0.3828571418269231 0.14561027884615385 0.4928571418269231 0.15631691586538463 0.5242857139423077 0.1498929326923077 0.41000000000000003 0.13490363942307693
1027 0.3314285721153846 0.09207708894230769 0.37 0.0706638125 0.14714285817307693 0.04710920673076923 0.12285714182692307 0.0706638125 0.3314285721153846 0.09207708894230769
1027 0.08285714182692307 0.10920770913461539 0.07142857211538461 0.12633832932692307 0.23142857211538462 0.13918629567307692 0.2571428581730769 0.12419700240384615 0.08285714182692307 0.10920770913461539
1469 0.41714285817307695 0.99571734375 0.2728571418269231 0.7858672379807692 0.10285714182692307 0.8501070673076924 0.11 0.99571734375 0.41714285817307695 0.99571734375
1885 0.9957142860576924 0.6316916490384615 0.9971428581730769 0.203426125 0.9957142860576924 0.12419700240384615 0.5185714278846154 0.18629550240384615 0.5214285721153846 0.4882226971153846 0.9957142860576924 0.6316916490384615
1885 0.057142858173076926 0.14775160576923077 0.08142857211538461 0.5610278365384616 0.09714285817307691 0.5588865096153847 0.5214285721153846 0.4882226971153846 0.5171428581730769 0.18415417548076923 0.057142858173076926 0.14775160576923077
792 0.08142857211538461 0.5610278365384616 0.11142857211538462 0.9914346899038461 0.8457142860576923 0.99571734375 0.9971428581730769 0.9935760168269231 0.9957142860576924 0.6316916490384615 0.522857141826923 0.4860813701923077 0.08142857211538461 0.5610278365384616