402 0.002857141826923077 0 0.002857141826923077 0.12419700240384615 0.4814285721153846 0.18415417548076923 0.9457142860576924 0.14775160576923077 0.95 0.049250536057692314 0.9985714278846154 0.042826552884615385 0.9985714278846154 0 0.002857141826923077 0
1942 0.32142857211538456 0.45396145673076926 0.3785714278846154 0.43897216346153844 0.3685714278846154 0.17987151923076924 0.3157142860576923 0.1734475384615385 0.32142857211538456 0.45396145673076926
655 1 0.04508684375 0.95 0.049250536057692314 0.89 0.99571734375 0.9985714278846154 0.9914346899038461 1 0.5182012836538461 1 0.04508684375
1942 0.922857141826923 0.46252676682692306 0.9400000000000001 0.16916488221153847 0.8685714278846154 0.16916488221153847 0.8514285721153846 0.45610278365384616 0.922857141826923 0.46252676682692306
1648 0.557142858173077 0.99571734375 0.5814285721153847 0.99571734375 0.6900000000000001 0.8286937908653846 0.6985714278846153 0.5824411129807692 0.6271428581730769 0.5695931466346154 0.4885714278846154 0.6638115625 0.4914285721153846 0.9571734471153845 0.557142858173077 0.99571734375
1523 0.562857141826923 0.6038543894230769 0.3614285721153846 0.5524625264423076 0.2885714278846154 0.5888650961538462 0.2942857139423077 0.8222698076923076 0.49 0.9250535336538461 0.49 0.6638115625 0.562857141826923 0.6038543894230769
1523 0.24285714182692308 0.4967880096153846 0.06857142788461539 0.5503211995192308 0.08142857211538461 0.7537473245192309 0.11714285817307692 0.7751605985576924 0.28714285817307694 0.6852248389423077 0.2885714278846154 0.5032119903846154 0.24285714182692308 0.4967880096153846
1714 0.5614285721153845 0.5289079230769231 0.5257142860576923 0.5246252668269231 0.49 0.5289079230769231 0.45714285817307687 0.5374732331730769 0.43142857211538466 0.5503211995192308 0.4157142860576923 0.5653104927884616 0.5685714278846153 0.6017130625 0.6114285721153846 0.5717344759615385 0.6114285721153846 0.5438972163461538 0.5885714278846154 0.533190579326923 0.5614285721153845 0.5289079230769231
1416 0.6657142860576923 0.43254818028846154 0.5385714278846154 0.41327623076923076 0.5242857139423077 0.4432548173076923 0.5214285721153846 0.4775160600961538 0.6242857139423077 0.4925053533653846 0.6657142860576923 0.46895075 0.6657142860576923 0.43254818028846154
1714 0.3885714278846154 0.5139186298076923 0.39 0.5567451826923077 0.4 0.5567451826923077 0.39857142788461536 0.49892933653846155 0.3485714278846154 0.4796573870192308 0.29 0.5032119903846154 0.34285714182692306 0.5182012836538461 0.34714285817307694 0.5588865096153847 0.35 0.5631691658653846 0.35 0.5267665961538461 0.3885714278846154 0.5139186298076923
1453 0.02142857211538462 0.6445396153846155 0.007142858173076924 0.6531049254807691 0.014285713942307692 0.6595289086538462 0.03285714182692308 0.6638115625 0.060000000000000005 0.6423982860576923 0.0657142860576923 0.6274089927884615 0.07142857211538461 0.6274089927884615 0.06857142788461539 0.5481798725961539 0.11 0.5310492499999999 0.11 0.5074946466346154 0.12142857211538462 0.45610278365384616 0.1257142860576923 0.44111349038461534 0.12000000000000001 0.4304068533653846 0.08 0.4239828701923077 0.054285713942307696 0.4239828701923077 0.04 0.43254818028846154 0.038571427884615386 0.4475374735576923 0.04 0.45824411057692305 0.04285714182692308 0.5224839399038461 0.028571427884615384 0.5267665961538461 0.02142857211538462 0.5160599567307692 0.011428572115384615 0.5203426129807692 0.008571427884615384 0.5246252668269231 0.014285713942307692 0.5353319062499999 0.024285713942307694 0.5738758028846154 0.014285713942307692 0.5845824423076923 0.012857141826923076 0.5952890793269231 0.024285713942307694 0.5888650961538462 0.02142857211538462 0.6445396153846155
314 0.3828571418269231 0.6552462524038462 0.3314285721153846 0.6359743028846154 0.3071428581730769 0.6509635985576924 0.3114285721153846 0.6916488221153846 0.35285714182692307 0.7066381153846154 0.3828571418269231 0.6723768725961539 0.3828571418269231 0.6552462524038462
180 0.3928571418269231 0.7216274086538461 0.39428571394230766 0.734475375 0.44 0.7558886514423077 0.46 0.7430406850961538 0.46 0.7216274086538461 0.4157142860576923 0.7002141322115385 0.3928571418269231 0.7216274086538461
180 0.5457142860576923 0.6488222692307691 0.5585714278846153 0.6552462524038462 0.5871428581730769 0.6595289086538462 0.6142857139423077 0.6466809423076924 0.62 0.6316916490384615 0.6228571418269231 0.6145610288461538 0.6171428581730769 0.6059957163461539 0.5971428581730769 0.59743040625 0.5685714278846153 0.5931477524038461 0.5414285721153846 0.6209850096153846 0.5457142860576923 0.6488222692307691
663 0.40285714182692306 0.4925053533653846 0.44285714182692304 0.4860813701923077 0.4371428581730769 0.21841541826923078 0.3928571418269231 0.21413276201923076 0.40285714182692306 0.4925053533653846
685 0.4 0.3918629543269231 0.4 0.46038543990384617 0.4271428581730769 0.44539614663461535 0.4271428581730769 0.42184154086538467 0.4257142860576923 0.38329764423076923 0.4 0.3918629543269231
685 0.7757142860576922 0.31263383413461543 0.8242857139423077 0.3147751610576923 0.8242857139423077 0.26552462499999996 0.7785714278846154 0.26338329807692307 0.7757142860576922 0.31263383413461543
685 0.73 0.25695931490384616 0.7285714278846154 0.3040685216346154 0.7742857139423076 0.30620985096153847 0.7757142860576922 0.25695931490384616 0.73 0.25695931490384616
685 0.6471428581730769 0.25267665865384614 0.6471428581730769 0.29550321153846154 0.6857142860576922 0.29550321153846154 0.6857142860576922 0.2505353317307692 0.6471428581730769 0.25267665865384614
685 0.7857142860576923 0.32119914423076923 0.7842857139423077 0.36830835096153847 0.8257142860576923 0.3725910072115385 0.8285714278846155 0.32548179807692307 0.7857142860576923 0.32119914423076923
685 0.697142858173077 0.30620985096153847 0.697142858173077 0.34689507451923074 0.7342857139423077 0.3576017139423077 0.7385714278846154 0.3104925048076923 0.697142858173077 0.30620985096153847
685 0.7742857139423076 0.37687366105769227 0.7728571418269231 0.42184154086538467 0.8171428581730769 0.4282655240384615 0.8185714278846153 0.37687366105769227 0.7742857139423076 0.37687366105769227
852 0.6957142860576924 0.5802997860576923 0.7042857139423078 0.5631691658653846 0.717142858173077 0.5695931466346154 0.767142858173077 0.5289079230769231 0.767142858173077 0.40256959375 0.7342857139423077 0.3897216274038462 0.667142858173077 0.4175588870192308 0.6628571418269231 0.46680942067307696 0.6 0.5010706634615384 0.6 0.5074946466346154 0.6385714278846154 0.5203426129807692 0.6385714278846154 0.5674518197115385 0.6957142860576924 0.5802997860576923
1802 0.46428571394230767 0.49464668028846154 0.4742857139423077 0.5010706634615384 0.5242857139423077 0.4967880096153846 0.5242857139423077 0.46038543990384617 0.4957142860576923 0.4261241971153846 0.4928571418269231 0.4175588870192308 0.46428571394230767 0.45824411057692305 0.46428571394230767 0.49464668028846154
1942 0.6357142860576922 0.33190578125 0.6385714278846154 0.17987151923076924 0.5757142860576923 0.18415417548076923 0.572857141826923 0.3297644543269231 0.6357142860576922 0.33190578125
1942 0.7814285721153845 0.16916488221153847 0.7814285721153845 0.23982869471153848 0.8457142860576923 0.24625267548076923 0.8471428581730769 0.16702355528846152 0.7814285721153845 0.16916488221153847
1942 0.7185714278846155 0.1734475384615385 0.717142858173077 0.23982869471153848 0.7714285721153846 0.23768736538461538 0.7728571418269231 0.16916488221153847 0.7185714278846155 0.1734475384615385
1942 0.66 0.23982869471153848 0.7100000000000001 0.23982869471153848 0.7114285721153847 0.17558886538461538 0.66 0.17773019230769233 0.66 0.23982869471153848
180 0.22857142788461537 0.7066381153846154 0.2728571418269231 0.6873661658653846 0.2757142860576923 0.6359743028846154 0.24714285817307693 0.6188436826923076 0.21 0.6381156322115384 0.21428571394230772 0.7044967884615385 0.22857142788461537 0.7066381153846154
1806 0.20428571394230768 0.5802997860576923 0.20714285817307693 0.6124196995192308 0.2242857139423077 0.6102783725961538 0.26 0.5995717355769231 0.2614285721153846 0.5738758028846154 0.2571428581730769 0.5717344759615385 0.2571428581730769 0.5567451826923077 0.25 0.5503211995192308 0.2442857139423077 0.5610278365384616 0.23142857211538462 0.5524625264423076 0.22714285817307692 0.5674518197115385 0.2228571418269231 0.5717344759615385 0.20428571394230768 0.5802997860576923
1309 0.22857142788461537 0.3811563173076923 0.23285714182692308 0.44539614663461535 0.28285714182692306 0.44111349038461534 0.27857142788461536 0.3725910072115385 0.22857142788461537 0.3811563173076923
685 0.2242857139423077 0.26552462499999996 0.1928571418269231 0.2676659519230769 0.1928571418269231 0.3533190576923077 0.2242857139423077 0.34689507451923074 0.2242857139423077 0.26552462499999996
685 0.1585714278846154 0.3576017139423077 0.19 0.3576017139423077 0.18857142788461537 0.26552462499999996 0.1614285721153846 0.26552462499999996 0.1585714278846154 0.3576017139423077
685 0.12285714182692307 0.3576017139423077 0.15714285817307694 0.3533190576923077 0.15714285817307694 0.2676659519230769 0.1242857139423077 0.26980728125 0.12285714182692307 0.3576017139423077
685 0.08285714182692307 0.3704496778846154 0.12142857211538462 0.36830835096153847 0.11714285817307692 0.2719486081730769 0.07714285817307692 0.2719486081730769 0.08285714182692307 0.3704496778846154
1711 0.024285713942307694 0.7623126346153846 0.002857141826923077 0.7644539615384616 0.004285713942307692 0.9635974302884616 0.05857142788461538 0.9100642403846154 0.07857142788461538 0.873661670673077 0.09142857211538462 0.8436830841346155 0.08857142788461539 0.8094218413461539 0.07571428605769231 0.7858672379807692 0.05142857211538462 0.7708779447115385 0.024285713942307694 0.7623126346153846
423 0.09714285817307691 0.9785867235576924 0.10285714182692307 0.9357601706730769 0.13857142788461538 0.9892933629807692 0.10428571394230769 0.927194860576923 0.11857142788461537 0.9057815841346154 0.11142857211538462 0.8201284807692308 0.0957142860576923 0.8672376875 0.09142857211538462 0.9122055673076923 0.054285713942307696 0.9143468942307693 0.014285713942307692 0.9507494639423076 0.007142858173076924 0.9892933629807692 0.08 0.9914346899038461 0.08 0.99571734375 0.08857142788461539 0.99571734375 0.09 0.9850107067307692 0.09714285817307691 0.9785867235576924
1027 0.31714285817307697 0.12419700240384615 0.3742857139423077 0.13490363942307693 0.4928571418269231 0.11563169230769231 0.44285714182692304 0.10064239903846153 0.31714285817307697 0.12419700240384615
1027 0.4757142860576923 0.1498929326923077 0.5071428581730769 0.15631691586538463 0.6171428581730769 0.14561027884615385 0.59 0.13490363942307693 0.4757142860576923 0.1498929326923077
1027 0.8771428581730769 0.0706638125 0.8528571418269231 0.04710920673076923 0.63 0.0706638125 0.6685714278846154 0.09207708894230769 0.8771428581730769 0.0706638125
1027 0.7428571418269231 0.12419700240384615 0.7685714278846153 0.13918629567307692 0.9285714278846153 0.12633832932692307 0.917142858173077 0.10920770913461539 0.7428571418269231 0.12419700240384615
1469 0.89 0.99571734375 0.8971428581730769 0.8501070673076924 0.7271428581730769 0.7858672379807692 0.582857141826923 0.99571734375 0.89 0.99571734375
1885 0.4785714278846154 0.4882226971153846 0.4814285721153846 0.18629550240384615 0.004285713942307692 0.12419700240384615 0.002857141826923077 0.203426125 0.004285713942307692 0.6316916490384615 0.4785714278846154 0.4882226971153846
1885 0.4828571418269231 0.18415417548076923 0.4785714278846154 0.4882226971153846 0.9028571418269231 0.5588865096153847 0.9185714278846154 0.5610278365384616 0.942857141826923 0.14775160576923077 0.4828571418269231 0.18415417548076923
792 0.47714285817307694 0.4860813701923077 0.004285713942307692 0.6316916490384615 0.002857141826923077 0.9935760168269231 0.1542857139423077 0.99571734375 0.8885714278846154 0.9914346899038461 0.9185714278846154 0.5610278365384616 0.47714285817307694 0.4860813701923077