656 0.9525862067307693 0.5854430384615384 0.8491379302884615 0.6012658221153846 0.8965517235576923 0.009493670673076923 0.8405172403846154 0.006329112980769231 0.5043103437500001 0.08860759375 0.4870689663461538 0.9936708870192308 0.810344826923077 0.9936708870192308 0.8448275865384616 0.734177216346154 0.9568965528846154 0.7151898725961539 0.9741379302884615 0.5981012668269231 0.9525862067307693 0.5854430384615384
176 0.004789271634615385 0 0.017241379807692307 0.08227848076923078 0.5 0.08860759375 0.8534482764423077 0.006329112980769231 0.9051724134615384 0.009493670673076923 0.8577586201923076 0.5727848100961539 0.99568965625 0.5506329110576923 1 0.2753164567307692 1 0 0.004789271634615385 0
1885 0.017241379807692307 0.07911392307692308 0.00431034375 0.9936708870192308 0.1465517235576923 0.9936708870192308 0.03448275961538461 0.08860759375 0.017241379807692307 0.07911392307692308
1885 0.09482758653846154 0.5664556971153846 0.4396551730769231 0.5348101274038461 0.4482758629807692 0.12341772115384615 0.4525862067307692 0.09493670913461538 0.03448275961538461 0.08544303846153846 0.09482758653846154 0.5664556971153846
1885 0.5043103437500001 0.08860759375 0.46120689663461534 0.09177215144230769 0.44396551682692303 0.5316455697115384 0.4913793100961538 0.563291139423077 0.5043103437500001 0.08860759375
792 0.09482758653846154 0.563291139423077 0.15086206971153845 0.9905063293269231 0.4396551730769231 0.9936708870192308 0.4870689663461538 0.9936708870192308 0.4870689663461538 0.7563291129807692 0.2974137932692308 0.5443037980769231 0.09482758653846154 0.563291139423077
230 0.4913793100961538 0.4620253173076923 0.4913793100961538 0.45253164663461537 0.2974137932692308 0.4683544302884615 0.2801724134615384 0.5189873413461539 0.3017241370192308 0.5443037980769231 0.2974137932692308 0.6107594927884615 0.3017241370192308 0.55379746875 0.4698275865384615 0.7594936706730769 0.4827586201923077 0.9113924062500001 0.4827586201923077 0.765822783653846 0.4913793100961538 0.49050632932692306 0.3060344831730769 0.5126582283653847 0.31896551682692303 0.4810126586538462 0.4913793100961538 0.4620253173076923
1120 0.3060344831730769 0.3354430384615385 0.3232758629807692 0.3449367091346154 0.41810344711538466 0.3354430384615385 0.41810344711538466 0.29113924038461536 0.4224137932692308 0.18987341826923076 0.4051724134615385 0.18037974759615386 0.3146551730769231 0.18037974759615386 0.3060344831730769 0.18670886057692307 0.3060344831730769 0.3354430384615385
423 0.09051724038461538 0.5316455697115384 0.15086206971153845 0.5284810120192308 0.17241379326923076 0.5981012668269231 0.1853448269230769 0.5949367091346154 0.17672413701923076 0.5094936706730769 0.15948275961538463 0.49050632932692306 0.15948275961538463 0.4208860769230769 0.07758620673076923 0.4177215192307692 0.09051724038461538 0.5316455697115384
792 1 0.7721518990384616 0.99568965625 0.55379746875 0.8448275865384616 0.5727848100961539 0.8448275865384616 0.5949367091346154 0.9612068966346154 0.5854430384615384 0.9698275865384616 0.5981012668269231 0.9525862067307693 0.7151898725961539 0.8448275865384616 0.7373417716346153 0.814655173076923 0.9936708870192308 1 0.99057825 1 0.7721518990384616
314 0.43103448317307697 0.7215189879807693 0.31896551682692303 0.5822784807692307 0.3060344831730769 0.6297468365384616 0.37931034375 0.7278481009615384 0.43103448317307697 0.7215189879807693