230 0.825 0.7541666658653846 0.85625 0.7541666658653846 0.85625 0.7166666658653846 0.78125 0.5458333341346153 0.7458333341346154 0.5020833341346154 0.7041666658653847 0.4708333341346154 0.5520833341346154 0.4729166658653846 0.525 0.4958333341346154 0.5 0.5395833341346153 0.5020833341346154 0.7562500000000001 0.50625 0.9145833341346153 0.5145833341346153 0.9020833341346154 0.5229166658653847 0.7562500000000001 0.825 0.7541666658653846
1907 0.5125 0.45625000000000004 0.5125 0.4208333341346154 0.5416666658653846 0.4125 0.5416666658653846 0.3520833341346154 0.4708333341346154 0.3520833341346154 0.46875 0.42708333413461536 0.4979166658653846 0.41874999999999996 0.4958333341346154 0.4541666658653846 0.5125 0.45625000000000004
1520 0.23333333413461538 0.5979166658653846 0.2270833341346154 0.6125 0.23958333413461538 0.6145833341346154 0.2666666658653846 0.56875 0.3145833341346154 0.5270833341346154 0.3583333341346154 0.525 0.38125 0.4708333341346154 0.25 0.4604166658653846 0.2270833341346154 0.5041666658653846 0.3104166658653846 0.5229166658653847 0.2666666658653846 0.55625 0.23333333413461538 0.5979166658653846
1885 0.7520833341346154 0.04375 0.3145833341346154 0.039583334134615386 0.31875 0.06666666586538461 0.3166666658653846 0.5604166658653846 0.7354166658653847 0.5416666658653846 0.7520833341346154 0.04375
1885 0.3145833341346154 0.04166666586538462 0.20833333413461538 0.0375 0.22499999999999998 0.7708333341346154 0.31875 0.5604166658653846 0.3145833341346154 0.04166666586538462
1885 0.9145833341346153 0.04166666586538462 0.7625 0.04375 0.7375 0.5416666658653846 0.8625 0.925 0.9145833341346153 0.04166666586538462
792 0.3208333341346154 0.5583333341346154 0.2270833341346154 0.7645833341346153 0.22499999999999998 0.9270833341346154 0.33333333413461536 0.9354166658653846 0.8645833341346154 0.9375 0.7375 0.54375 0.3208333341346154 0.5583333341346154
1329 0.7916666658653846 0.53125 0.8020833341346154 0.48750000000000004 0.7875000000000001 0.48958333413461536 0.6854166658653846 0.49375 0.56875 0.5770833341346153 0.6666666658653846 0.5958333341346154 0.6979166658653846 0.5958333341346154 0.7625 0.5583333341346154 0.7916666658653846 0.53125
410 0 0.33125000000000004 0.0041666658653846155 0.9312499999999999 0.1958333341346154 0.9333333341346154 0.1958333341346154 0.9708333341346154 0.22499999999999998 0.9708333341346154 0.2104166658653846 0.03333333413461538 0 0.031270425480769234 0 0.33125000000000004
411 0.8687499999999999 0.96875 0.9541666658653847 0.9750000000000001 0.9541666658653847 0.9479166658653846 0.9937499999999999 0.9416666658653846 0.9958333341346154 0.04166666586538462 0.9208333341346153 0.04166666586538462 0.8687499999999999 0.96875
176 0.3145833341346154 0.045833334134615385 0.3270833341346154 0.9395833341346154 0.3395833341346154 0.9416666658653846 0.33125000000000004 0.047916665865384615 0.3708333341346154 0.047916665865384615 0.3770833341346154 0.9416666658653846 0.3895833341346154 0.9416666658653846 0.38125 0.045833334134615385 0.42500000000000004 0.045833334134615385 0.42708333413461536 0.9416666658653846 0.4375 0.9416666658653846 0.4395833341346154 0.04375 0.47916666586538464 0.045833334134615385 0.475 0.9416666658653846 0.48958333413461536 0.9416666658653846 0.4958333341346154 0.045833334134615385 0.5375 0.047916665865384615 0.5291666658653846 0.9416666658653846 0.54375 0.9416666658653846 0.5479166658653847 0.05 0.5895833341346154 0.047916665865384615 0.5791666658653847 0.9395833341346154 0.5916666658653846 0.9354166658653846 0.60625 0.045833334134615385 0.6395833341346153 0.047916665865384615 0.6270833341346154 0.9375 0.6375 0.9354166658653846 0.65625 0.045833334134615385 0.6916666658653846 0.047916665865384615 0.6770833341346154 0.9312499999999999 0.6875 0.9291666658653847 0.7104166658653847 0.047916665865384615 0.75 0.047916665865384615 0.7250000000000001 0.9333333341346154 0.7375 0.9312499999999999 0.7604166658653846 0.05 0.8062499999999999 0.05208333413461538 0.7749999999999999 0.9333333341346154 0.7854166658653846 0.9333333341346154 0.8187500000000001 0.05208333413461538 0.8604166658653847 0.05208333413461538 0.825 0.9312499999999999 0.8333333341346154 0.9312499999999999 0.8708333341346154 0.05 0.8979166658653847 0.05208333413461538 0.8583333341346153 0.9354166658653846 0.8687499999999999 0.9354166658653846 0.9125000000000001 0.04166666586538462 0.2625 0.0375 0.2645833341346154 0.0625 0.2791666658653846 0.9395833341346154 0.2895833341346154 0.9395833341346154 0.2791666658653846 0.04375 0.3145833341346154 0.045833334134615385
792 0.0020833341346153844 0.9270833341346154 0.0020833341346153844 0.9958333341346154 0.9937499999999999 0.9958333341346154 0.9916666658653847 0.9395833341346154 0.0020833341346153844 0.9270833341346154
1885 0 0 0 0.02919276201923077 0.9958333341346154 0.04166666586538462 0.9938492067307692 0 0 0