656 0.02586206971153846 0.5981012668269231 0.043103447115384615 0.7151898725961539 0.15517241346153846 0.734177216346154 0.1896551730769231 0.9936708870192308 0.5129310336538462 0.9936708870192308 0.49568965625 0.08860759375 0.15948275961538463 0.006329112980769231 0.1034482764423077 0.009493670673076923 0.15086206971153845 0.6012658221153846 0.04741379326923077 0.5854430384615384 0.02586206971153846 0.5981012668269231
176 0 0 0 0.2753164567307692 0.00431034375 0.5506329110576923 0.1422413798076923 0.5727848100961539 0.09482758653846154 0.009493670673076923 0.1465517235576923 0.006329112980769231 0.5 0.08860759375 0.9827586201923076 0.08227848076923078 0.9952107283653846 0 0 0
1885 0.9655172403846154 0.08860759375 0.8534482764423077 0.9936708870192308 0.99568965625 0.9936708870192308 0.9827586201923076 0.07911392307692308 0.9655172403846154 0.08860759375
1885 0.9655172403846154 0.08544303846153846 0.5474137932692308 0.09493670913461538 0.5517241370192308 0.12341772115384615 0.5603448269230769 0.5348101274038461 0.9051724134615384 0.5664556971153846 0.9655172403846154 0.08544303846153846
1885 0.5086206899038461 0.563291139423077 0.5560344831730769 0.5316455697115384 0.5387931033653847 0.09177215144230769 0.49568965625 0.08860759375 0.5086206899038461 0.563291139423077
792 0.7025862067307693 0.5443037980769231 0.5129310336538462 0.7563291129807692 0.5129310336538462 0.9936708870192308 0.5603448269230769 0.9936708870192308 0.8491379302884615 0.9905063293269231 0.9051724134615384 0.563291139423077 0.7025862067307693 0.5443037980769231
230 0.6810344831730769 0.4810126586538462 0.6939655168269231 0.5126582283653847 0.5086206899038461 0.49050632932692306 0.5172413798076924 0.765822783653846 0.5172413798076924 0.9113924062500001 0.5301724134615384 0.7594936706730769 0.6982758629807692 0.55379746875 0.7025862067307693 0.6107594927884615 0.6982758629807692 0.5443037980769231 0.7198275865384616 0.5189873413461539 0.7025862067307693 0.4683544302884615 0.5086206899038461 0.45253164663461537 0.5086206899038461 0.4620253173076923 0.6810344831730769 0.4810126586538462
1120 0.6939655168269231 0.18670886057692307 0.685344826923077 0.18037974759615386 0.5948275865384616 0.18037974759615386 0.5775862067307692 0.18987341826923076 0.5818965528846154 0.29113924038461536 0.5818965528846154 0.3354430384615385 0.6767241370192308 0.3449367091346154 0.6939655168269231 0.3354430384615385 0.6939655168269231 0.18670886057692307
423 0.9224137932692307 0.4177215192307692 0.8405172403846154 0.4208860769230769 0.8405172403846154 0.49050632932692306 0.8232758629807692 0.5094936706730769 0.814655173076923 0.5949367091346154 0.8275862067307693 0.5981012668269231 0.8491379302884615 0.5284810120192308 0.9094827596153846 0.5316455697115384 0.9224137932692307 0.4177215192307692
792 0 0.99057825 0.1853448269230769 0.9936708870192308 0.15517241346153846 0.7373417716346153 0.04741379326923077 0.7151898725961539 0.030172413461538462 0.5981012668269231 0.038793103365384614 0.5854430384615384 0.15517241346153846 0.5949367091346154 0.15517241346153846 0.5727848100961539 0.00431034375 0.55379746875 0 0.7721518990384616 0 0.99057825
314 0.62068965625 0.7278481009615384 0.6939655168269231 0.6297468365384616 0.6810344831730769 0.5822784807692307 0.5689655168269231 0.7215189879807693 0.62068965625 0.7278481009615384