402 0.003645831730769231 0 0 0.0546875 0 0.11828613221153847 0.24609375 0.43359375 0.25390625 0.41015625 0.23828125 0.36328125 0.24609375 0.328125 0.3125 0.30078125 0.421875 0.24609375 0.5234375 0.23046875 0.56640625 0.2265625 0.61328125 0.140625 0.65234375 0.12890625 0.81640625 0.12890625 0.8671875 0.12109375 0.98828125 0 0.003645831730769231 0
1942 0.49609375 0.234375 0.4296875 0.24609375 0.33984375 0.28125 0.24609375 0.3359375 0.2421875 0.3671875 0.25 0.40234375 0.24609375 0.4296875 0.2734375 0.42578125 0.5546875 0.421875 0.56640625 0.2265625 0.49609375 0.234375
1947 0.8359375 0.21484375 0.83984375 0.37890625 0.8671875 0.37890625 0.86328125 0.1328125 0.80078125 0.1328125 0.80078125 0.21484375 0.8359375 0.21484375
1942 0.9921875 0.328125 0.9921875 0.00390625 0.86328125 0.12890625 0.87109375 0.37890625 0.9921875 0.328125
792 0.30859375 0.609375 0.24609375 0.66796875 0.24609375 0.703125 0.2578125 0.70703125 0.5546875 0.69921875 0.55078125 0.62109375 0.47265625 0.60546875 0.30859375 0.609375
402 0.5546875 0.50390625 0.234375 0.49609375 0.3125 0.55859375 0.48046875 0.5625 0.5546875 0.50390625
1885 0 0.2109375 0.00390625 0.3046875 0.23046875 0.49609375 0.55859375 0.5 0.5625 0.42578125 0.24609375 0.4296875 0 0.1220703125 0 0.2109375
402 0 0.5202268822115385 0.28125 0.5703125 0.3046875 0.5546875 0.00390625 0.3046875 0 0.412109375 0 0.5202268822115385
501 0.00390625 0.9921875 0.03515625 0.98828125 0.0390625 0.55078125 0.04296875 0.359375 0.03125 0.34765625 0.00390625 0.3515625 0.00390625 0.9921875
1885 0.99609375 0.69140625 0.9921875 0.33203125 0.8359375 0.3828125 0.84765625 0.69140625 0.99609375 0.69140625
792 0.99609375 0.98828125 0.99609375 0.6875 0.84375 0.6953125 0.875 0.99609375 0.99609375 0.98828125
792 0.24609375 0.70703125 0.14453125 0.765625 0.0390625 0.76171875 0.03515625 0.9921875 0.0703125 0.9921875 0.51953125 0.99609375 0.5546875 0.70703125 0.55078125 0.69921875 0.24609375 0.70703125