402 0.3525 0 0.415 0.03222222115384615 0.8825000000000001 0.01444444471153846 0.8883333341346155 0 0.3525 0
1885 0.9991666658653846 0 0.9241666658653845 0.001111110576923077 0.9133333341346154 0.012222221153846155 0.8875 0.5644444447115384 0.9175 0.8055555552884616 0.9375 0.7244444447115386 0.9600000000000001 0.5588888894230769 0.9991666658653846 0
1576 0.09583333413461538 0.511111110576923 0.07083333413461539 0 0.025 0.001111110576923077 0.055 0.5233333341346154 0.06749999999999999 0.521111110576923 0.09583333413461538 0.511111110576923
1314 0.28833333413461537 0.1333333341346154 0.19 0.11888888942307692 0.1941666658653846 0.34777777884615385 0.28583333413461537 0.3277777788461539 0.28833333413461537 0.1333333341346154
1314 0.9833333341346153 0.10444444471153846 0.9425 0.1311111105769231 0.9299999999999999 0.3522222211538461 0.9658333341346155 0.3777777788461538 0.9833333341346153 0.10444444471153846
1885 0.0733764375 0 0.09333333413461539 0.5144444447115385 0.14250000000000002 0.7533333341346153 0.3691666658653846 0.5655555552884615 0.35 0.41333333413461537 0.37 0.4 0.3708333341346154 0.361111110576923 0.39916666586538463 0.361111110576923 0.4 0.08111111057692308 0.39499999999999996 0.07 0.40916666586538464 0.031111110576923076 0.34500000000000003 0.001111110576923077 0.29416666586538465 0 0.0733764375 0
417 0.37 0.5655555552884615 0.3108333341346154 0.5544444447115384 0.295 0.5388888894230769 0.28 0.44 0.1908333341346154 0.4711111105769231 0.2191666658653846 0.6711111105769232 0.2275 0.6811111105769231 0.37 0.5655555552884615
417 0.3941666658653846 0.38777777884615383 0.3908333341346154 0.39 0.3491666658653846 0.41000000000000003 0.3725 0.5644444447115384 0.46499999999999997 0.48777777884615386 0.4183333341346154 0.47888888942307695 0.40499999999999997 0.47000000000000003 0.3941666658653846 0.38777777884615383
417 0.39 0.38444444471153844 0.4041666658653846 0.4611111105769231 0.41750000000000004 0.47222222115384616 0.46749999999999997 0.4866666658653846 0.5 0.46 0.47000000000000003 0.43 0.46416666586538463 0.3588888894230769 0.4258333341346154 0.361111110576923 0.3708333341346154 0.36 0.3725 0.39444444471153844 0.39 0.38444444471153844
417 0.6799999999999999 0.47000000000000003 0.6833333341346154 0.3866666658653846 0.5741666658653846 0.3788888894230769 0.5683333341346154 0.4633333341346154 0.6791666658653847 0.4711111105769231 0.6799999999999999 0.47000000000000003
417 0.7408333341346154 0.4766666658653846 0.7408333341346154 0.5066666658653847 0.7308333341346154 0.5388888894230769 0.735 0.5522222211538461 0.8275 0.5877777788461539 0.8783333341346153 0.5466666658653846 0.8975000000000001 0.39 0.8099999999999999 0.3788888894230769 0.8025 0.4377777788461538 0.7958333341346153 0.4533333341346154 0.7408333341346154 0.4766666658653846
417 0.7233333341346154 0.5166666658653847 0.7108333341346154 0.5544444447115384 0.6950000000000001 0.6566666658653847 0.7908333341346154 0.6611111105769231 0.7899999999999999 0.7166666658653846 0.8033333341346154 0.7255555552884616 0.8441666658653847 0.4388888894230769 0.8325 0.41666666586538464 0.8099999999999999 0.5055555552884615 0.7891666658653846 0.5144444447115385 0.7233333341346154 0.5166666658653847
417 0.8724999999999999 0.511111110576923 0.8608333341346154 0.48777777884615386 0.855 0.4911111105769231 0.8233333341346154 0.601111110576923 0.8033333341346154 0.6122222211538462 0.7008333341346155 0.6055555552884615 0.6833333341346154 0.6866666658653846 0.6325000000000001 0.9577777788461539 0.6499999999999999 0.9588888894230769 0.6675 0.8344444447115384 0.7899999999999999 0.8388888894230769 0.795 0.8500000000000001 0.8141666658653846 0.8566666658653846 0.8200000000000001 0.8033333341346154 0.8724999999999999 0.5399999999999999 0.8724999999999999 0.511111110576923
203 0.39583333413461536 0.06555555528846155 0.4008333341346154 0.07444444471153847 0.6083333341346153 0.06777777884615385 0.9149999999999999 0.060000000000000005 0.9091666658653845 0.01444444471153846 0.41083333413461537 0.03333333413461538 0.39583333413461536 0.06555555528846155
678 0.83 0.3011111105769231 0.8391666658653846 0.3277777788461539 0.8350000000000001 0.3733333341346154 0.8524999999999999 0.3766666658653846 0.8533333341346154 0.35444444471153846 0.8674999999999999 0.34777777884615385 0.87 0.3766666658653846 0.8758333341346154 0.38 0.8808333341346154 0.35444444471153846 0.8925 0.34555555528846155 0.905 0.06333333413461538 0.7391666658653846 0.07111111057692308 0.7433333341346154 0.09 0.7541666658653846 0.14 0.7691666658653846 0.19666666586538462 0.7858333341346154 0.23777777884615384 0.8075 0.28111111057692306 0.83 0.3011111105769231
564 0.83 0.3733333341346154 0.8341666658653846 0.33 0.825 0.3044444447115385 0.8041666658653847 0.28444444471153846 0.7775 0.22777777884615386 0.7541666658653846 0.15888888942307694 0.7333333341346153 0.06444444471153846 0.5441666658653846 0.07 0.5283333341346154 0.14444444471153847 0.5183333341346154 0.17666666586538463 0.5091666658653846 0.20111111057692307 0.4983333341346154 0.23111111057692307 0.48916666586538465 0.2566666658653846 0.48000000000000004 0.2833333341346154 0.46583333413461536 0.3166666658653846 0.45833333413461536 0.33444444471153845 0.45749999999999996 0.35 0.5275 0.34111111057692306 0.53 0.3644444447115385 0.5341666658653846 0.3833333341346154 0.5408333341346154 0.3833333341346154 0.5675 0.3855555552884615 0.5841666658653846 0.3788888894230769 0.6758333341346153 0.38444444471153844 0.6858333341346154 0.38444444471153844 0.6883333341346154 0.39666666586538457 0.6975 0.39444444471153844 0.7899999999999999 0.4 0.7991666658653845 0.39444444471153844 0.8099999999999999 0.3722222211538462 0.83 0.3733333341346154
1832 0.61 0.28 0.6325000000000001 0.32444444471153844 0.6383333341346155 0.33999999999999997 0.6375 0.35111111057692307 0.6183333341346154 0.35111111057692307 0.6174999999999999 0.3788888894230769 0.6691666658653846 0.3777777788461538 0.6683333341346154 0.35444444471153846 0.6558333341346153 0.3522222211538461 0.6575 0.33999999999999997 0.6733333341346154 0.31 0.6841666658653847 0.29222222115384616 0.6891666658653846 0.27888888942307694 0.6849999999999999 0.26444444471153844 0.655 0.26111111057692304 0.6499999999999999 0.23888888942307693 0.6425 0.2466666658653846 0.64 0.2633333341346154 0.6108333341346154 0.26111111057692304 0.61 0.28
279 0.45583333413461535 0.35333333413461543 0.46583333413461536 0.35333333413461543 0.46749999999999997 0.38777777884615383 0.46916666586538464 0.38777777884615383 0.52 0.39222222115384614 0.535 0.3788888894230769 0.5208333341346154 0.33888888942307693 0.45583333413461535 0.34333333413461536 0.45583333413461535 0.35333333413461543
279 0.4333333341346154 0.3633333341346154 0.4283333341346154 0.3066666658653846 0.40499999999999997 0.3066666658653846 0.4 0.35777777884615386 0.4333333341346154 0.3633333341346154
678 0.5383333341346154 0.07 0.3983333341346154 0.07444444471153847 0.4008333341346154 0.3 0.4283333341346154 0.2988888894230769 0.43 0.35333333413461543 0.4533333341346154 0.3522222211538461 0.4533333341346154 0.33444444471153845 0.4633333341346154 0.29444444471153847 0.4833333341346154 0.2566666658653846 0.5058333341346154 0.19777777884615383 0.5241666658653846 0.14111111057692308 0.5383333341346154 0.07
1184 0.5683333341346154 0.39333333413461535 0.5633333341346154 0.3766666658653846 0.5608333341346154 0.3177777788461539 0.5425 0.3166666658653846 0.5399999999999999 0.3833333341346154 0.5408333341346154 0.39444444471153844 0.5683333341346154 0.39333333413461535
1184 0.5875 0.33777777884615384 0.5708333341346153 0.33777777884615384 0.5700000000000001 0.3788888894230769 0.5875 0.3788888894230769 0.5875 0.33777777884615384
1184 0.7133333341346154 0.3766666658653846 0.705 0.3766666658653846 0.7033333341346153 0.40333333413461536 0.7133333341346154 0.40444444471153845 0.7133333341346154 0.3766666658653846
1184 0.7308333341346154 0.38 0.7225 0.38 0.7191666658653847 0.40333333413461536 0.7308333341346154 0.40444444471153845 0.7308333341346154 0.38
1184 0.7483333341346154 0.3777777788461538 0.7375 0.3788888894230769 0.7375 0.4055555552884615 0.7483333341346154 0.40333333413461536 0.7483333341346154 0.3777777788461538
1184 0.7775 0.40444444471153845 0.7808333341346153 0.34666666586538464 0.765 0.34666666586538464 0.7558333341346154 0.40444444471153845 0.7733333341346154 0.40777777884615385 0.7775 0.40444444471153845
1184 0.8049999999999999 0.3733333341346154 0.8183333341346154 0.36555555528846156 0.8200000000000001 0.33222222115384614 0.8033333341346154 0.33222222115384614 0.7941666658653846 0.39333333413461535 0.8025 0.3977777788461539 0.8049999999999999 0.3733333341346154
626 0.5941666658653847 0.49666666586538466 0.575 0.4944444447115384 0.5608333341346154 0.4988888894230769 0.56 0.5166666658653847 0.5708333341346153 0.5266666658653846 0.595 0.5233333341346154 0.6058333341346154 0.5144444447115385 0.5941666658653847 0.49666666586538466
1239 0.5233333341346154 0.6166666658653847 0.5483333341346154 0.6211111105769231 0.5708333341346153 0.5977777788461538 0.5591666658653847 0.5466666658653846 0.5325 0.5633333341346154 0.5233333341346154 0.6166666658653847
417 0 0.9966876322115384 0.04333333413461538 0.9977777788461538 0.22 0.9977777788461538 0.1875 0.9833333341346153 0.23833333413461538 0.9266666658653846 0.11750000000000001 0.8999999999999999 0.07916666586538461 0.8066666658653846 0.2275 0.6799999999999999 0.1325 0.6566666658653847 0.11333333413461538 0.6344444447115385 0.0875 0.51 0.0008333341346153846 0.5455555552884616 0.0008333341346153846 0.9866666658653845 0 0.9916666658653847 0 0.9966876322115384
417 0.7483333341346154 0.7366666658653845 0.7474999999999999 0.7522222211538462 0.7474999999999999 0.7644444447115385 0.76 0.771111110576923 0.7583333341346153 0.7911111105769231 0.7325 0.8255555552884615 0.7124999999999999 0.8511111105769231 0.7058333341346154 0.8711111105769231 0.6933333341346154 0.9277777788461539 0.6925 0.9877777788461538 0.6908333341346153 0.9977777788461538 0.9208333341346153 0.9933333341346154 0.9491666658653847 0.6788888894230769 0.9233333341346154 0.7344444447115385 0.8908333341346153 0.7433333341346154 0.7483333341346154 0.7366666658653845
626 0.53 0.5511111105769231 0.5041666658653846 0.55 0.49 0.5700000000000001 0.4983333341346154 0.5877777788461539 0.5208333341346154 0.5911111105769231 0.53 0.5511111105769231
655 0.9974999999999999 0.05 0.9191666658653846 0.9966666658653847 0.9983333341346154 0.9966666658653847 0.9974999999999999 0.05
347 0.7274999999999999 0.47888888942307695 0.7225 0.5144444447115385 0.735 0.511111110576923 0.7391666658653846 0.4711111105769231 0.7891666658653846 0.4511111105769231 0.7991666658653845 0.4333333341346154 0.8 0.39666666586538457 0.6933333341346154 0.39666666586538457 0.6849999999999999 0.40111111057692306 0.5683333341346154 0.39333333413461535 0.5375 0.39333333413461535 0.5333333341346154 0.3811111105769231 0.52 0.3911111105769231 0.47000000000000003 0.39 0.4708333341346154 0.42444444471153847 0.5041666658653846 0.4611111105769231 0.5308333341346153 0.45777777884615384 0.6808333341346154 0.4677777788461538 0.7058333341346154 0.47000000000000003 0.7274999999999999 0.47888888942307695
1708 0.5441666658653846 0.9811111105769231 0.6108333341346154 0.9588888894230769 0.6174999999999999 0.9244444447115385 0.6275000000000001 0.9188888894230769 0.7208333341346154 0.4811111105769231 0.6991666658653847 0.47222222115384616 0.5241666658653846 0.4588888894230769 0.4958333341346154 0.4611111105769231 0.08 0.8099999999999999 0.11750000000000001 0.8966666658653846 0.30916666586538466 0.9377777788461539 0.3125 0.9944444447115385 0.39499999999999996 0.9966666658653847 0.3891666658653846 0.9544444447115384 0.5441666658653846 0.9811111105769231