402 0.11166666586538462 0 0.11750000000000001 0.01444444471153846 0.5850000000000001 0.03222222115384615 0.6475000000000001 0 0.11166666586538462 0
1885 0.04 0.5588888894230769 0.0625 0.7244444447115386 0.0825 0.8055555552884616 0.11249999999999999 0.5644444447115384 0.08666666586538462 0.012222221153846155 0.07583333413461538 0.001111110576923077 0.0008333341346153846 0 0.04 0.5588888894230769
1576 0.9325 0.521111110576923 0.9450000000000001 0.5233333341346154 0.9750000000000001 0.001111110576923077 0.9291666658653847 0 0.9041666658653846 0.511111110576923 0.9325 0.521111110576923
1314 0.7141666658653846 0.3277777788461539 0.8058333341346154 0.34777777884615385 0.8099999999999999 0.11888888942307692 0.7116666658653846 0.1333333341346154 0.7141666658653846 0.3277777788461539
1314 0.03416666586538462 0.3777777788461538 0.07 0.3522222211538461 0.0575 0.1311111105769231 0.016666665865384615 0.10444444471153846 0.03416666586538462 0.3777777788461538
1885 0.7058333341346154 0 0.655 0.001111110576923077 0.5908333341346154 0.031111110576923076 0.605 0.07 0.6 0.08111111057692308 0.6008333341346154 0.361111110576923 0.6291666658653846 0.361111110576923 0.63 0.4 0.6499999999999999 0.41333333413461537 0.6308333341346154 0.5655555552884615 0.8575 0.7533333341346153 0.9066666658653847 0.5144444447115385 0.9266235624999999 0 0.7058333341346154 0
417 0.7725000000000001 0.6811111105769231 0.7808333341346153 0.6711111105769232 0.8091666658653847 0.4711111105769231 0.72 0.44 0.705 0.5388888894230769 0.6891666658653846 0.5544444447115384 0.63 0.5655555552884615 0.7725000000000001 0.6811111105769231
417 0.595 0.47000000000000003 0.5816666658653846 0.47888888942307695 0.535 0.48777777884615386 0.6275000000000001 0.5644444447115384 0.6508333341346154 0.41000000000000003 0.6091666658653846 0.39 0.6058333341346154 0.38777777884615383 0.595 0.47000000000000003
417 0.6275000000000001 0.39444444471153844 0.6291666658653846 0.36 0.5741666658653846 0.361111110576923 0.5358333341346154 0.3588888894230769 0.53 0.43 0.5 0.46 0.5325 0.4866666658653846 0.5825 0.47222222115384616 0.5958333341346154 0.4611111105769231 0.61 0.38444444471153844 0.6275000000000001 0.39444444471153844
417 0.3208333341346154 0.4711111105769231 0.4316666658653846 0.4633333341346154 0.4258333341346154 0.3788888894230769 0.3166666658653846 0.3866666658653846 0.32 0.47000000000000003 0.3208333341346154 0.4711111105769231
417 0.20416666586538462 0.4533333341346154 0.19749999999999998 0.4377777788461538 0.19 0.3788888894230769 0.10250000000000001 0.39 0.1216666658653846 0.5466666658653846 0.17250000000000001 0.5877777788461539 0.265 0.5522222211538461 0.2691666658653846 0.5388888894230769 0.2591666658653846 0.5066666658653847 0.2591666658653846 0.4766666658653846 0.20416666586538462 0.4533333341346154
417 0.21083333413461539 0.5144444447115385 0.19 0.5055555552884615 0.1675 0.41666666586538464 0.1558333341346154 0.4388888894230769 0.19666666586538462 0.7255555552884616 0.21 0.7166666658653846 0.20916666586538463 0.6611111105769231 0.305 0.6566666658653847 0.28916666586538464 0.5544444447115384 0.27666666586538463 0.5166666658653847 0.21083333413461539 0.5144444447115385
417 0.1275 0.5399999999999999 0.18 0.8033333341346154 0.1858333341346154 0.8566666658653846 0.20500000000000002 0.8500000000000001 0.21 0.8388888894230769 0.33249999999999996 0.8344444447115384 0.35 0.9588888894230769 0.3675 0.9577777788461539 0.3166666658653846 0.6866666658653846 0.2991666658653846 0.6055555552884615 0.19666666586538462 0.6122222211538462 0.17666666586538463 0.601111110576923 0.145 0.4911111105769231 0.13916666586538462 0.48777777884615386 0.1275 0.511111110576923 0.1275 0.5399999999999999
203 0.5891666658653846 0.03333333413461538 0.09083333413461539 0.01444444471153846 0.08499999999999999 0.060000000000000005 0.3916666658653846 0.06777777884615385 0.5991666658653846 0.07444444471153847 0.6041666658653846 0.06555555528846155 0.5891666658653846 0.03333333413461538
678 0.1925 0.28111111057692306 0.21416666586538463 0.23777777884615384 0.2308333341346154 0.19666666586538462 0.2458333341346154 0.14 0.2566666658653846 0.09 0.26083333413461535 0.07111111057692308 0.095 0.06333333413461538 0.1075 0.34555555528846155 0.11916666586538462 0.35444444471153846 0.12416666586538462 0.38 0.13 0.3766666658653846 0.1325 0.34777777884615385 0.14666666586538463 0.35444444471153846 0.1475 0.3766666658653846 0.165 0.3733333341346154 0.16083333413461537 0.3277777788461539 0.16999999999999998 0.3011111105769231 0.1925 0.28111111057692306
564 0.19 0.3722222211538462 0.20083333413461538 0.39444444471153844 0.21 0.4 0.3025 0.39444444471153844 0.3116666658653846 0.39666666586538457 0.3141666658653846 0.38444444471153844 0.3241666658653846 0.38444444471153844 0.41583333413461543 0.3788888894230769 0.4325 0.3855555552884615 0.45916666586538457 0.3833333341346154 0.46583333413461536 0.3833333341346154 0.47000000000000003 0.3644444447115385 0.47250000000000003 0.34111111057692306 0.5425 0.35 0.5416666658653846 0.33444444471153845 0.5341666658653846 0.3166666658653846 0.52 0.2833333341346154 0.5108333341346154 0.2566666658653846 0.5016666658653846 0.23111111057692307 0.4908333341346154 0.20111111057692307 0.48166666586538465 0.17666666586538463 0.47166666586538464 0.14444444471153847 0.45583333413461535 0.07 0.2666666658653846 0.06444444471153846 0.2458333341346154 0.15888888942307694 0.2225 0.22777777884615386 0.1958333341346154 0.28444444471153846 0.175 0.3044444447115385 0.16583333413461537 0.33 0.16999999999999998 0.3733333341346154 0.19 0.3722222211538462
1832 0.3891666658653846 0.26111111057692304 0.36 0.2633333341346154 0.3575 0.2466666658653846 0.35 0.23888888942307693 0.34500000000000003 0.26111111057692304 0.315 0.26444444471153844 0.3108333341346154 0.27888888942307694 0.31583333413461534 0.29222222115384616 0.3266666658653846 0.31 0.34249999999999997 0.33999999999999997 0.34416666586538464 0.3522222211538461 0.3316666658653846 0.35444444471153846 0.33083333413461535 0.3777777788461538 0.3825 0.3788888894230769 0.3816666658653846 0.35111111057692307 0.36250000000000004 0.35111111057692307 0.3616666658653846 0.33999999999999997 0.3675 0.32444444471153844 0.39 0.28 0.3891666658653846 0.26111111057692304
279 0.5441666658653846 0.34333333413461536 0.47916666586538464 0.33888888942307693 0.46499999999999997 0.3788888894230769 0.48000000000000004 0.39222222115384614 0.5308333341346153 0.38777777884615383 0.5325 0.38777777884615383 0.5341666658653846 0.35333333413461543 0.5441666658653846 0.35333333413461543 0.5441666658653846 0.34333333413461536
279 0.6 0.35777777884615386 0.595 0.3066666658653846 0.5716666658653846 0.3066666658653846 0.5666666658653846 0.3633333341346154 0.6 0.35777777884615386
678 0.47583333413461537 0.14111111057692308 0.4941666658653846 0.19777777884615383 0.5166666658653847 0.2566666658653846 0.5366666658653846 0.29444444471153847 0.5466666658653846 0.33444444471153845 0.5466666658653846 0.3522222211538461 0.5700000000000001 0.35333333413461543 0.5716666658653846 0.2988888894230769 0.5991666658653846 0.3 0.6016666658653846 0.07444444471153847 0.46166666586538463 0.07 0.47583333413461537 0.14111111057692308
1184 0.45916666586538457 0.39444444471153844 0.46 0.3833333341346154 0.45749999999999996 0.3166666658653846 0.4391666658653846 0.3177777788461539 0.4366666658653846 0.3766666658653846 0.4316666658653846 0.39333333413461535 0.45916666586538457 0.39444444471153844
1184 0.4125 0.3788888894230769 0.43 0.3788888894230769 0.4291666658653846 0.33777777884615384 0.4125 0.33777777884615384 0.4125 0.3788888894230769
1184 0.2866666658653846 0.40444444471153845 0.2966666658653846 0.40333333413461536 0.295 0.3766666658653846 0.2866666658653846 0.3766666658653846 0.2866666658653846 0.40444444471153845
1184 0.2691666658653846 0.40444444471153845 0.28083333413461536 0.40333333413461536 0.27749999999999997 0.38 0.2691666658653846 0.38 0.2691666658653846 0.40444444471153845
1184 0.2516666658653846 0.40333333413461536 0.2625 0.4055555552884615 0.2625 0.3788888894230769 0.2516666658653846 0.3777777788461538 0.2516666658653846 0.40333333413461536
1184 0.22666666586538461 0.40777777884615385 0.24416666586538463 0.40444444471153845 0.23500000000000001 0.34666666586538464 0.2191666658653846 0.34666666586538464 0.2225 0.40444444471153845 0.22666666586538461 0.40777777884615385
1184 0.19749999999999998 0.3977777788461539 0.20583333413461538 0.39333333413461535 0.19666666586538462 0.33222222115384614 0.18 0.33222222115384614 0.18166666586538463 0.36555555528846156 0.195 0.3733333341346154 0.19749999999999998 0.3977777788461539
626 0.3941666658653846 0.5144444447115385 0.40499999999999997 0.5233333341346154 0.4291666658653846 0.5266666658653846 0.44 0.5166666658653847 0.4391666658653846 0.4988888894230769 0.42500000000000004 0.4944444447115384 0.40583333413461536 0.49666666586538466 0.3941666658653846 0.5144444447115385
1239 0.46749999999999997 0.5633333341346154 0.44083333413461534 0.5466666658653846 0.4291666658653846 0.5977777788461538 0.4516666658653846 0.6211111105769231 0.4766666658653846 0.6166666658653847 0.46749999999999997 0.5633333341346154
417 1 0.9916666658653847 0.9991666658653846 0.9866666658653845 0.9991666658653846 0.5455555552884616 0.9125000000000001 0.51 0.8866666658653847 0.6344444447115385 0.8674999999999999 0.6566666658653847 0.7725000000000001 0.6799999999999999 0.9208333341346153 0.8066666658653846 0.8825000000000001 0.8999999999999999 0.7616666658653847 0.9266666658653846 0.8125 0.9833333341346153 0.78 0.9977777788461538 0.9566666658653846 0.9977777788461538 1 0.9966876322115384 1 0.9916666658653847
417 0.10916666586538462 0.7433333341346154 0.0766666658653846 0.7344444447115385 0.05083333413461539 0.6788888894230769 0.07916666586538461 0.9933333341346154 0.30916666586538466 0.9977777788461538 0.3075 0.9877777788461538 0.3066666658653846 0.9277777788461539 0.29416666586538465 0.8711111105769231 0.2875 0.8511111105769231 0.2675 0.8255555552884615 0.2416666658653846 0.7911111105769231 0.24000000000000002 0.771111110576923 0.2525 0.7644444447115385 0.2525 0.7522222211538462 0.2516666658653846 0.7366666658653845 0.10916666586538462 0.7433333341346154
626 0.47916666586538464 0.5911111105769231 0.5016666658653846 0.5877777788461539 0.51 0.5700000000000001 0.4958333341346154 0.55 0.47000000000000003 0.5511111105769231 0.47916666586538464 0.5911111105769231
655 0.0016666658653846154 0.9966666658653847 0.08083333413461538 0.9966666658653847 0.0025 0.05 0.0016666658653846154 0.9966666658653847
347 0.29416666586538465 0.47000000000000003 0.3191666658653846 0.4677777788461538 0.46916666586538464 0.45777777884615384 0.4958333341346154 0.4611111105769231 0.5291666658653846 0.42444444471153847 0.53 0.39 0.48000000000000004 0.3911111105769231 0.4666666658653846 0.3811111105769231 0.4625 0.39333333413461535 0.4316666658653846 0.39333333413461535 0.315 0.40111111057692306 0.3066666658653846 0.39666666586538457 0.2 0.39666666586538457 0.20083333413461538 0.4333333341346154 0.21083333413461539 0.4511111105769231 0.26083333413461535 0.4711111105769231 0.265 0.511111110576923 0.27749999999999997 0.5144444447115385 0.2725 0.47888888942307695 0.29416666586538465 0.47000000000000003
1708 0.6108333341346154 0.9544444447115384 0.605 0.9966666658653847 0.6875 0.9944444447115385 0.6908333341346153 0.9377777788461539 0.8825000000000001 0.8966666658653846 0.92 0.8099999999999999 0.5041666658653846 0.4611111105769231 0.47583333413461537 0.4588888894230769 0.3008333341346154 0.47222222115384616 0.2791666658653846 0.4811111105769231 0.3725 0.9188888894230769 0.3825 0.9244444447115385 0.3891666658653846 0.9588888894230769 0.45583333413461535 0.9811111105769231 0.6108333341346154 0.9544444447115384