406 0.875 0.1015625 0.99609375 0.1015625 0.9921875 0.0625 0.82421875 0.0546875 0.60546875 0.05078125 0.41015625 0.046875 0.24609375 0.046875 0.1171875 0.046875 0.00390625 0.046875 0.00390625 0.08203125 0.15625 0.09375 0.43359375 0.09765625 0.59765625 0.09765625 0.76171875 0.1015625 0.875 0.1015625
406 0.875 0.296875 0.87890625 0.2734375 0.7890625 0.2734375 0.53125 0.265625 0.44921875 0.26171875 0.32421875 0.265625 0.078125 0.265625 0.09375 0.2890625 0.11328125 0.2890625 0.24609375 0.29296875 0.4375 0.296875 0.63671875 0.30078125 0.7890625 0.296875 0.875 0.296875
792 0.54296875 0.70703125 0.51953125 0.66796875 0.4765625 0.625 0.37109375 0.62890625 0.328125 0.6875 0.31640625 0.6875 0.3125 0.74609375 0.125 0.9921875 0.1328125 0.9921875 0.80859375 1 0.54296875 0.70703125
535 0.73828125 0.4765625 0.7421875 0.46875 0.7265625 0.46875 0.69921875 0.46875 0.69921875 0.64453125 0.734375 0.6640625 0.73828125 0.4765625
535 0.18359375 0.65625 0.21875 0.64453125 0.21484375 0.44921875 0.1875 0.4375 0.18359375 0.65625
913 0.6328125 0.65625 0.5625 0.63671875 0.55859375 0.64453125 0.99609375 0.8671875 0.99609375 0.8203125 0.765625 0.71875 0.6328125 0.65625
906 0.3125 0.62890625 0.2578125 0.6640625 0.171875 0.7109375 0.0078125 0.8203125 0 0.859375 0.0390625 0.8359375 0.0859375 0.796875 0.171875 0.74609375 0.23046875 0.70703125 0.3203125 0.64453125 0.3125 0.62890625
402 0.0078125 0.00390625 0.00390625 0.2265625 0.37109375 0.5234375 0.484375 0.51953125 0.99609375 0.2109375 0.99609375 0.00390625 0.0078125 0.00390625
1885 0.5625 0.72265625 0.8125 0.99609375 0.99609375 1 0.99609375 0.37890625 0.99609375 0.2109375 0.55859375 0.48046875 0.5625 0.72265625
1885 0.30859375 0.734375 0.3125 0.484375 0.00390625 0.234375 0 1 0.1171875 0.99609375 0.30859375 0.734375
1885 0.48046875 0.6171875 0.54296875 0.67578125 0.546875 0.6640625 0.546875 0.4921875 0.48046875 0.52734375 0.48046875 0.6171875
1885 0.4765625 0.52734375 0.37109375 0.52734375 0.3671875 0.53125 0.3671875 0.5546875 0.37109375 0.62109375 0.48046875 0.6171875 0.4765625 0.6171875 0.4765625 0.52734375