406 0.23828125 0.1015625 0.40234375 0.09765625 0.56640625 0.09765625 0.84375 0.09375 0.99609375 0.08203125 0.99609375 0.046875 0.8828125 0.046875 0.75390625 0.046875 0.58984375 0.046875 0.39453125 0.05078125 0.17578125 0.0546875 0.0078125 0.0625 0.00390625 0.1015625 0.125 0.1015625 0.23828125 0.1015625
406 0.2109375 0.296875 0.36328125 0.30078125 0.5625 0.296875 0.75390625 0.29296875 0.88671875 0.2890625 0.90625 0.2890625 0.921875 0.265625 0.67578125 0.265625 0.55078125 0.26171875 0.46875 0.265625 0.2109375 0.2734375 0.12109375 0.2734375 0.125 0.296875 0.2109375 0.296875
792 0.19140625 1 0.8671875 0.9921875 0.875 0.9921875 0.6875 0.74609375 0.68359375 0.6875 0.671875 0.6875 0.62890625 0.62890625 0.5234375 0.625 0.48046875 0.66796875 0.45703125 0.70703125 0.19140625 1
535 0.265625 0.6640625 0.30078125 0.64453125 0.30078125 0.46875 0.2734375 0.46875 0.2578125 0.46875 0.26171875 0.4765625 0.265625 0.6640625
535 0.8125 0.4375 0.78515625 0.44921875 0.78125 0.64453125 0.81640625 0.65625 0.8125 0.4375
913 0.234375 0.71875 0.00390625 0.8203125 0.00390625 0.8671875 0.44140625 0.64453125 0.4375 0.63671875 0.3671875 0.65625 0.234375 0.71875
906 0.6796875 0.64453125 0.76953125 0.70703125 0.828125 0.74609375 0.9140625 0.796875 0.9609375 0.8359375 1 0.859375 0.9921875 0.8203125 0.828125 0.7109375 0.7421875 0.6640625 0.6875 0.62890625 0.6796875 0.64453125
402 0.00390625 0.00390625 0.00390625 0.2109375 0.515625 0.51953125 0.62890625 0.5234375 0.99609375 0.2265625 0.9921875 0.00390625 0.00390625 0.00390625
1885 0.44140625 0.48046875 0.00390625 0.2109375 0.00390625 0.37890625 0.00390625 1 0.1875 0.99609375 0.4375 0.72265625 0.44140625 0.48046875
1885 0.8828125 0.99609375 1 1 0.99609375 0.234375 0.6875 0.484375 0.69140625 0.734375 0.8828125 0.99609375
1885 0.51953125 0.52734375 0.453125 0.4921875 0.453125 0.6640625 0.45703125 0.67578125 0.51953125 0.6171875 0.51953125 0.52734375
1885 0.5234375 0.6171875 0.51953125 0.6171875 0.62890625 0.62109375 0.6328125 0.5546875 0.6328125 0.53125 0.62890625 0.52734375 0.5234375 0.52734375 0.5234375 0.6171875