1942 0.002155173076923077 0.75 0.4892241370192308 0.655 0.4655172403846154 0.15 0.002155173076923077 0.007500000000000001 0.002155173076923077 0.75
1942 0.9719827596153846 0.67 0.9482758629807692 0.08 0.5905172403846154 0.175 0.6012931033653847 0.655 0.9719827596153846 0.67
564 0.7747844831730769 0 0.5560344831730769 0.0025 0.5625 0.22499999999999998 0.627155173076923 0.2075 0.81681034375 0.1575 0.9181034471153846 0.1275 0.9676724134615384 0.105 0.997844826923077 0.09 0.9936509783653846 0 0.7747844831730769 0
564 0.0018472908653846152 0 0 0.015000000000000001 0 0.033214286057692305 0.07327586298076924 0.0575 0.2047413798076923 0.1075 0.45689655288461534 0.2 0.47392507451923077 0 0.0018472908653846152 0
564 0.4525862067307692 0 0.4892241370192308 0.3125 0.4978448269230769 0.38749999999999996 0.5107758629807692 0.4275 0.5193965528846154 0.47000000000000003 0.5193965528846154 0.4975 0.5258620697115385 0.525 0.5150862067307692 0.5825 0.4978448269230769 0.6575 0.4849137932692308 0.6849999999999999 0.5387931033653847 0.6925 0.5474137932692308 0.6849999999999999 0.5818965528846154 0.6775 0.5991379302884615 0.67 0.6056034471153846 0.6649999999999999 0.5991379302884615 0.61 0.5732758629807692 0.5375 0.5732758629807692 0.5125 0.5711206899038461 0.49 0.5862068966346153 0.4275 0.6142241370192308 0.36 0.62931034375 0.2525 0.6400862067307693 0.16 0.6465517235576923 0.0625 0.6569131298076923 0 0.4525862067307692 0
1714 0 0.9959375 0.015086206730769231 0.985 0.06681034375 0.9575 0.08189655288461539 0.955 0.10129310336538462 0.97 0.12068965625 0.9924999999999999 0.8211206899038461 0.9974999999999999 0.8491379302884615 0.9875 0.8642241370192308 0.9924999999999999 0.8900862067307693 0.9924999999999999 0.8340517235576923 0.8225 0.37068965625 0.74 0.058189656250000006 0.83 0 0.9915178581730769 0 0.9959375
423 0.6724137932692307 0.6174999999999999 0.6487068966346154 0.6174999999999999 0.6336206899038461 0.61 0.6034482764423077 0.6 0.5883620697115385 0.605 0.5668103437500001 0.615 0.5517241370192308 0.61 0.5193965528846154 0.76 0.6551724134615384 0.7625 0.6724137932692307 0.6174999999999999
423 0.8318965528846154 0.8225 0.8836206899038461 0.9675 0.8900862067307693 0.8524999999999999 0.9030172403846154 0.8325 0.9073275865384616 0.8150000000000001 0.8900862067307693 0.8049999999999999 0.9051724134615384 0.6325000000000001 0.872844826923077 0.63 0.8577586201923076 0.62 0.8232758629807692 0.6075 0.7995689663461539 0.61 0.7737068966346154 0.625 0.752155173076923 0.6174999999999999 0.7241379302884615 0.77 0.6961206899038461 0.7775 0.6939655168269231 0.795 0.8318965528846154 0.8225
865 0.35560344711538466 0.8025 0.35560344711538466 0.7675 0.3663793100961538 0.7625 0.3728448269230769 0.75 0.3728448269230769 0.7225 0.3663793100961538 0.7 0.3448275865384615 0.6975 0.33189655288461534 0.7075 0.3297413798076923 0.7424999999999999 0.3340517235576923 0.76 0.3469827596153846 0.7725000000000001 0.3469827596153846 0.8025 0.33189655288461534 0.8075 0.3620689663461538 0.8049999999999999 0.35560344711538466 0.8025
865 0.36853448317307697 0.8674999999999999 0.3771551730769231 0.865 0.37931034375 0.855 0.36853448317307697 0.8575 0.3642241370192308 0.8275 0.37931034375 0.8049999999999999 0.38146551682692303 0.7825 0.37068965625 0.7749999999999999 0.3448275865384615 0.78 0.33620689663461534 0.795 0.3426724134615385 0.8150000000000001 0.35560344711538466 0.83 0.3577586201923077 0.845 0.3491379302884615 0.8575 0.3448275865384615 0.8625 0.36853448317307697 0.8674999999999999
865 0.6357758629807692 0.91 0.625 0.91 0.6163793100961539 0.8875 0.62931034375 0.885 0.6357758629807692 0.8625 0.6357758629807692 0.8374999999999999 0.6336206899038461 0.8125 0.62068965625 0.8025 0.5948275865384616 0.8049999999999999 0.5883620697115385 0.825 0.5883620697115385 0.8475 0.5883620697115385 0.8674999999999999 0.6012931033653847 0.88 0.6056034471153846 0.8999999999999999 0.5969827596153846 0.91 0.5905172403846154 0.9175 0.6034482764423077 0.9225 0.6163793100961539 0.9275 0.6336206899038461 0.9275 0.6400862067307693 0.9175 0.6357758629807692 0.91
865 0.5689655168269231 0.8875 0.5840517235576923 0.8875 0.5905172403846154 0.88 0.5711206899038461 0.8625 0.5689655168269231 0.7899999999999999 0.5754310336538462 0.7899999999999999 0.5862068966346153 0.7749999999999999 0.5905172403846154 0.74 0.5862068966346153 0.7075 0.5775862067307692 0.705 0.5603448269230769 0.7025 0.5366379302884615 0.7100000000000001 0.5344827596153846 0.7274999999999999 0.5323275865384616 0.755 0.5517241370192308 0.7825 0.5625 0.7899999999999999 0.5668103437500001 0.8200000000000001 0.5668103437500001 0.8724999999999999 0.5474137932692308 0.88 0.5689655168269231 0.8875
626 0.5301724134615384 0.9175 0.5409482764423077 0.9025 0.5431034471153846 0.8875 0.5301724134615384 0.8724999999999999 0.49353448317307697 0.86 0.4073275865384615 0.86 0.375 0.87 0.35129310336538466 0.8925 0.35129310336538466 0.91 0.3663793100961538 0.9275 0.4073275865384615 0.9400000000000001 0.4504310336538462 0.9425 0.5021551730769231 0.9299999999999999 0.5301724134615384 0.9175
1157 0.4827586201923077 0.9125000000000001 0.4870689663461538 0.9075 0.5237068966346153 0.8999999999999999 0.48060344711538466 0.875 0.4892241370192308 0.8325 0.4547413798076923 0.8374999999999999 0.4396551730769231 0.8225 0.4267241370192308 0.83 0.4116379302884615 0.8125 0.4073275865384615 0.8200000000000001 0.4051724134615385 0.845 0.4051724134615385 0.86 0.3900862067307692 0.86 0.3620689663461538 0.87 0.38146551682692303 0.8875 0.41379310336538466 0.8999999999999999 0.4353448269230769 0.9075 0.45689655288461534 0.9075 0.4827586201923077 0.9125000000000001
626 0.3017241370192308 0.845 0.31896551682692303 0.8325 0.3125 0.8200000000000001 0.2780172403846154 0.8075 0.2564655168269231 0.8075 0.20258620673076924 0.8075 0.16163793028846152 0.8275 0.15732758653846154 0.84 0.15948275961538463 0.8524999999999999 0.17456896634615385 0.86 0.20258620673076924 0.8625 0.2435344831730769 0.865 0.2844827596153846 0.855 0.3017241370192308 0.845
1157 0.2715517235576923 0.8475 0.2823275865384616 0.845 0.2629310336538462 0.8275 0.2564655168269231 0.7975 0.2521551730769231 0.7775 0.2306034471153846 0.7899999999999999 0.20905172355769233 0.7675 0.2047413798076923 0.8150000000000001 0.1896551730769231 0.8075 0.17456896634615385 0.8049999999999999 0.1853448269230769 0.8225 0.19827586298076924 0.84 0.21336206971153848 0.845 0.22844827644230767 0.8475 0.24568965625 0.8475 0.2715517235576923 0.8475
364 0.4094827596153846 0.785 0.4202586201923077 0.7899999999999999 0.41379310336538466 0.6625000000000001 0.4094827596153846 0.785
802 0.4784482764423077 0.6224999999999999 0.4719827596153846 0.6075 0.4590517235576923 0.6224999999999999 0.45689655288461534 0.6125 0.4547413798076923 0.6075 0.4461206899038462 0.575 0.43318965625 0.575 0.4288793100961538 0.59 0.4396551730769231 0.61 0.43103448317307697 0.63 0.4267241370192308 0.64 0.43103448317307697 0.6675 0.4224137932692308 0.6675 0.4245689663461538 0.6875 0.41810344711538466 0.705 0.4353448269230769 0.7075 0.44181034375 0.6925 0.43318965625 0.6475000000000001 0.44396551682692303 0.625 0.4655172403846154 0.625 0.4784482764423077 0.6224999999999999
1861 0.43318965625 0.7825 0.43318965625 0.8 0.44181034375 0.8025 0.44396551682692303 0.7899999999999999 0.4396551730769231 0.7525000000000001 0.43318965625 0.72 0.4288793100961538 0.7375 0.4353448269230769 0.7575000000000001 0.43318965625 0.7825
1015 0.5237068966346153 0.9299999999999999 0.4849137932692308 0.9450000000000001 0.4633620697115385 0.955 0.4655172403846154 0.9624999999999999 0.4827586201923077 0.9675 0.5237068966346153 0.9400000000000001 0.5775862067307692 0.9125000000000001 0.5732758629807692 0.9075 0.5237068966346153 0.9299999999999999
626 0.7909482764423077 0.8049999999999999 0.7629310336538461 0.8 0.7349137932692307 0.8025 0.7176724134615384 0.8075 0.7219827596153846 0.825 0.7349137932692307 0.83 0.75431034375 0.83 0.7909482764423077 0.8350000000000001 0.80818965625 0.8275 0.810344826923077 0.8099999999999999 0.7909482764423077 0.8049999999999999
1015 0.7219827596153846 0.8075 0.7068965528846154 0.8200000000000001 0.7133620697115385 0.83 0.74568965625 0.8075 0.7650862067307693 0.7975 0.7629310336538461 0.7899999999999999 0.7219827596153846 0.8075
626 0.3534482764423077 0.87 0.3405172403846154 0.855 0.31896551682692303 0.8524999999999999 0.2887931033653846 0.8524999999999999 0.2737068966346154 0.8575 0.2650862067307692 0.87 0.2650862067307692 0.88 0.2758620697115385 0.8875 0.31681034375 0.8875 0.3383620697115385 0.8825000000000001 0.3491379302884615 0.8775000000000001 0.3534482764423077 0.87
1413 0.9051724134615384 0.8350000000000001 0.8879310336538461 0.8575 0.8879310336538461 0.9774999999999999 0.9482758629807692 0.9974999999999999 0.99568965625 0.995 0.99568965625 0.77 0.8943965528846154 0.755 0.8922413798076924 0.8049999999999999 0.9073275865384616 0.8125 0.9051724134615384 0.8350000000000001
1885 0.5538793100961539 0 0.5538793100961539 0.8524999999999999 0.9935344831730769 0.995 0.997844826923077 0.7474999999999999 0.997844826923077 0 0.5538793100961539 0
1885 0.002155173076923077 0 0.002155173076923077 0.8775000000000001 0 0.93625 0 0.9951249999999999 0.040948276442307696 0.9974999999999999 0.5517241370192308 0.8575 0.5538730456730769 0 0.002155173076923077 0
792 0.8987068966346154 0.9974999999999999 0.9892241370192308 0.995 0.5517241370192308 0.8524999999999999 0.051724137019230766 0.995 0.8987068966346154 0.9974999999999999