402 0 0 0 0.03453453365384615 0.002 0.06906906971153846 0.476 0 0 0
1942 0.45921739182692306 0 0.002 0.06606606490384616 0 0.07807807692307692 0 0.3213213221153846 0.002 0.5525525528846154 0.994 0.6756756754807692 0.996 0 0.45921739182692306 0
1885 0.646 0.9729729735576923 0.646 0.9939939951923077 0.99 0.9969969975961538 0.996 0.9729729735576923 0.994 0.6756756754807692 0.8819999999999999 0.6636636634615385 0.66 0.6336336346153846 0.646 0.9729729735576923
423 0.804 0.8828828822115384 0.782 0.9339339350961539 0.74 0.954954954326923 0.676 0.9489489495192308 0.6639999999999999 0.9849849855769232 0.826 0.9819819831730769 0.844 0.8288288293269231 0.8680000000000001 0.6936936947115384 0.878 0.6096096105769231 0.848 0.7387387379807693 0.804 0.8828828822115384
423 0.636 0.9969969975961538 0.6639999999999999 0.9699699711538461 0.672 0.9309309302884615 0.6839999999999999 0.8198198197115385 0.6920000000000001 0.7477477475961538 0.672 0.7177177187499999 0.6479999999999999 0.7177177187499999 0.614 0.75075075 0.582 0.8078078076923076 0.5579999999999999 0.8798798798076923 0.554 0.9159159158653847 0.5559999999999999 0.9909909903846154 0.636 0.9969969975961538
423 0.542 0.888888889423077 0.518 0.8978978990384616 0.492 0.9279279278846153 0.464 0.9909909903846154 0.5579999999999999 0.9969969975961538 0.55 0.8978978990384616 0.542 0.888888889423077
1714 0.652 0.7177177187499999 0.6679999999999999 0.6576576586538461 0.628 0.6336336346153846 0.42600000000000005 0.6006006009615384 0.008 0.891891891826923 0.002 0.9939939951923077 0.46 0.9909909903846154 0.652 0.7177177187499999
1291 0.8520000000000001 0.4864864855769231 0.856 0.45645645673076923 0.8500000000000001 0.4474474471153846 0.848 0.39939939903846156 0.8200000000000001 0.3693693701923077 0.7899999999999999 0.3693693701923077 0.772 0.38438438461538466 0.764 0.43543543509615384 0.764 0.46846846875 0.764 0.49849849759615383 0.77 0.5195195192307692 0.78 0.5345345336538462 0.782 0.5645645649038461 0.766 0.5915915913461538 0.746 0.6576576586538461 0.732 0.6636636634615385 0.658 0.6696696706730769 0.6180000000000001 0.6756756754807692 0.59 0.6756756754807692 0.566 0.7117117115384615 0.544 0.7087087091346155 0.544 0.7207207211538461 0.542 0.7447447451923076 0.546 0.7837837836538462 0.55 0.7687687692307693 0.574 0.7747747740384615 0.5780000000000001 0.7597597596153847 0.5780000000000001 0.75075075 0.602 0.7237237235576923 0.626 0.7147147139423077 0.662 0.7207207211538461 0.6839999999999999 0.7267267259615384 0.714 0.7267267259615384 0.6900000000000001 0.7747747740384615 0.672 0.9489489495192308 0.74 0.9459459471153846 0.78 0.9279279278846153 0.844 0.7537537548076922 0.862 0.6756756754807692 0.8680000000000001 0.6216216225961539 0.8680000000000001 0.5915915913461538 0.864 0.5645645649038461 0.854 0.5435435432692308 0.848 0.516516516826923 0.848 0.5045045048076923 0.8520000000000001 0.4864864855769231
1291 0.336 0.42642642548076926 0.336 0.37837837740384617 0.312 0.36036036057692306 0.282 0.36036036057692306 0.27399999999999997 0.38738738701923076 0.26999999999999996 0.40840840865384614 0.26999999999999996 0.4384384375 0.26999999999999996 0.46846846875 0.256 0.4774774783653846 0.226 0.5105105096153847 0.214 0.5585585576923077 0.23 0.5855855865384615 0.272 0.6636636634615385 0.28 0.6966966971153846 0.31599999999999995 0.6906906899038462 0.34600000000000003 0.6576576586538461 0.382 0.6366366370192308 0.412 0.6366366370192308 0.41000000000000003 0.6006006009615384 0.382 0.5585585576923077 0.358 0.5285285288461539 0.34400000000000003 0.49849849759615383 0.33199999999999996 0.4864864855769231 0.336 0.45645645673076923 0.336 0.42642642548076926
1291 0.026000000000000002 0.873873875 0.032 0.8708708701923077 0.074 0.8288288293269231 0.116 0.8108108100961539 0.164 0.7897897908653846 0.212 0.7747747740384615 0.252 0.7597597596153847 0.256 0.7387387379807693 0.27799999999999997 0.6966966971153846 0.27399999999999997 0.6696696706730769 0.24000000000000002 0.6096096105769231 0.214 0.5615615625 0.196 0.5555555552884616 0.20199999999999999 0.5435435432692308 0.20800000000000002 0.4804804807692308 0.20400000000000001 0.4474474471153846 0.182 0.4234234230769231 0.15 0.4234234230769231 0.136 0.4534534543269231 0.132 0.48948949038461537 0.126 0.5105105096153847 0.126 0.5225225216346154 0.12200000000000001 0.5375375384615384 0.098 0.5585585576923077 0.08 0.5795795793269231 0.042 0.6576576586538461 0.038 0.7147147139423077 0.036000000000000004 0.7807807812499999 0.026000000000000002 0.873873875
423 0.054 0.6276276274038461 0.082 0.5735735745192307 0.096 0.5495495504807693 0.09 0.53153153125 0.066 0.5285285288461539 0.042 0.5345345336538462 0.022 0.5345345336538462 0.012 0.5555555552884616 0.002 0.59459459375 0.002 0.6186186177884616 0.02 0.6396396394230769 0.032 0.6696696706730769 0.054 0.6276276274038461
423 0 0.8961818942307692 0.026000000000000002 0.873873875 0.032 0.7987987980769231 0.034 0.7207207211538461 0.030000000000000002 0.6696696706730769 0.014 0.6396396394230769 0 0.6265015024038461 0 0.8961818942307692
1158 0.298 0.6966966971153846 0.27399999999999997 0.7177177187499999 0.276 0.8138138149038461 0.32 0.8228228221153846 0.34600000000000003 0.7987987980769231 0.34400000000000003 0.7057057067307693 0.298 0.6966966971153846
291 0.4 0.6996996995192308 0.34400000000000003 0.6816816826923078 0.336 0.6906906899038462 0.33 0.6816816826923078 0.326 0.6906906899038462 0.33999999999999997 0.6996996995192308 0.34400000000000003 0.7087087091346155 0.34400000000000003 0.7447447451923076 0.36200000000000004 0.75075075 0.38799999999999996 0.7627627620192308 0.402 0.75075075 0.41000000000000003 0.7267267259615384 0.41000000000000003 0.7087087091346155 0.4 0.6996996995192308