1942 0.997844826923077 0.007500000000000001 0.5344827596153846 0.15 0.5107758629807692 0.655 0.997844826923077 0.75 0.997844826923077 0.007500000000000001
1942 0.39870689663461534 0.655 0.4094827596153846 0.175 0.051724137019230766 0.08 0.028017240384615387 0.67 0.39870689663461534 0.655
564 0.006349021634615384 0 0.002155173076923077 0.09 0.03232758653846154 0.105 0.08189655288461539 0.1275 0.18318965625 0.1575 0.3728448269230769 0.2075 0.4375 0.22499999999999998 0.44396551682692303 0.0025 0.2252155168269231 0 0.006349021634615384 0
564 0.5260749254807693 0 0.5431034471153846 0.2 0.7952586201923076 0.1075 0.9267241370192308 0.0575 1 0.033214286057692305 1 0.015000000000000001 0.9981527091346154 0 0.5260749254807693 0
564 0.3430868701923077 0 0.3534482764423077 0.0625 0.3599137932692308 0.16 0.37068965625 0.2525 0.3857758629807692 0.36 0.41379310336538466 0.4275 0.4288793100961538 0.49 0.4267241370192308 0.5125 0.4267241370192308 0.5375 0.4008620697115385 0.61 0.39439655288461534 0.6649999999999999 0.4008620697115385 0.67 0.41810344711538466 0.6775 0.4525862067307692 0.6849999999999999 0.46120689663461534 0.6925 0.5150862067307692 0.6849999999999999 0.5021551730769231 0.6575 0.4849137932692308 0.5825 0.4741379302884615 0.525 0.48060344711538466 0.4975 0.48060344711538466 0.47000000000000003 0.4892241370192308 0.4275 0.5021551730769231 0.38749999999999996 0.5107758629807692 0.3125 0.5474137932692308 0 0.3430868701923077 0
1714 1 0.9915178581730769 0.94181034375 0.83 0.62931034375 0.74 0.16594827644230767 0.8225 0.10991379326923077 0.9924999999999999 0.13577586298076924 0.9924999999999999 0.15086206971153845 0.9875 0.17887931009615385 0.9974999999999999 0.87931034375 0.9924999999999999 0.8987068966346154 0.97 0.9181034471153846 0.955 0.93318965625 0.9575 0.9849137932692307 0.985 1 0.9959375 1 0.9915178581730769
423 0.3448275865384615 0.7625 0.48060344711538466 0.76 0.4482758629807692 0.61 0.43318965625 0.615 0.4116379302884615 0.605 0.3965517235576923 0.6 0.3663793100961538 0.61 0.35129310336538466 0.6174999999999999 0.3275862067307692 0.6174999999999999 0.3448275865384615 0.7625
423 0.3060344831730769 0.795 0.3038793100961538 0.7775 0.2758620697115385 0.77 0.2478448269230769 0.6174999999999999 0.2262931033653846 0.625 0.20043103365384615 0.61 0.17672413701923076 0.6075 0.1422413798076923 0.62 0.1271551730769231 0.63 0.09482758653846154 0.6325000000000001 0.10991379326923077 0.8049999999999999 0.09267241346153846 0.8150000000000001 0.09698275961538462 0.8325 0.10991379326923077 0.8524999999999999 0.11637931009615385 0.9675 0.1681034471153846 0.8225 0.3060344831730769 0.795
865 0.6379310336538461 0.8049999999999999 0.6681034471153846 0.8075 0.6530172403846154 0.8025 0.6530172403846154 0.7725000000000001 0.6659482764423077 0.76 0.6702586201923076 0.7424999999999999 0.6681034471153846 0.7075 0.6551724134615384 0.6975 0.6336206899038461 0.7 0.627155173076923 0.7225 0.627155173076923 0.75 0.6336206899038461 0.7625 0.6443965528846154 0.7675 0.6443965528846154 0.8025 0.6379310336538461 0.8049999999999999
865 0.6551724134615384 0.8625 0.6508620697115385 0.8575 0.6422413798076924 0.845 0.6443965528846154 0.83 0.6573275865384616 0.8150000000000001 0.6637931033653846 0.795 0.6551724134615384 0.78 0.62931034375 0.7749999999999999 0.6185344831730769 0.7825 0.62068965625 0.8049999999999999 0.6357758629807692 0.8275 0.6314655168269231 0.8575 0.62068965625 0.855 0.622844826923077 0.865 0.6314655168269231 0.8674999999999999 0.6551724134615384 0.8625
865 0.3599137932692308 0.9175 0.3663793100961538 0.9275 0.3836206899038462 0.9275 0.3965517235576923 0.9225 0.4094827596153846 0.9175 0.4030172403846154 0.91 0.39439655288461534 0.8999999999999999 0.39870689663461534 0.88 0.4116379302884615 0.8674999999999999 0.4116379302884615 0.8475 0.4116379302884615 0.825 0.4051724134615385 0.8049999999999999 0.37931034375 0.8025 0.3663793100961538 0.8125 0.3642241370192308 0.8374999999999999 0.3642241370192308 0.8625 0.37068965625 0.885 0.3836206899038462 0.8875 0.375 0.91 0.3642241370192308 0.91 0.3599137932692308 0.9175
865 0.4525862067307692 0.88 0.43318965625 0.8724999999999999 0.43318965625 0.8200000000000001 0.4375 0.7899999999999999 0.4482758629807692 0.7825 0.4676724134615385 0.755 0.4655172403846154 0.7274999999999999 0.4633620697115385 0.7100000000000001 0.4396551730769231 0.7025 0.4224137932692308 0.705 0.41379310336538466 0.7075 0.4094827596153846 0.74 0.41379310336538466 0.7749999999999999 0.4245689663461538 0.7899999999999999 0.43103448317307697 0.7899999999999999 0.4288793100961538 0.8625 0.4094827596153846 0.88 0.4159482764423077 0.8875 0.43103448317307697 0.8875 0.4525862067307692 0.88
626 0.4978448269230769 0.9299999999999999 0.5495689663461538 0.9425 0.5926724134615384 0.9400000000000001 0.6336206899038461 0.9275 0.6487068966346154 0.91 0.6487068966346154 0.8925 0.625 0.87 0.5926724134615384 0.86 0.5064655168269231 0.86 0.4698275865384615 0.8724999999999999 0.45689655288461534 0.8875 0.4590517235576923 0.9025 0.4698275865384615 0.9175 0.4978448269230769 0.9299999999999999
1157 0.5431034471153846 0.9075 0.5646551730769231 0.9075 0.5862068966346153 0.8999999999999999 0.6185344831730769 0.8875 0.6379310336538461 0.87 0.6099137932692308 0.86 0.5948275865384616 0.86 0.5948275865384616 0.845 0.5926724134615384 0.8200000000000001 0.5883620697115385 0.8125 0.5732758629807692 0.83 0.5603448269230769 0.8225 0.5452586201923076 0.8374999999999999 0.5107758629807692 0.8325 0.5193965528846154 0.875 0.47629310336538466 0.8999999999999999 0.5129310336538462 0.9075 0.5172413798076924 0.9125000000000001 0.5431034471153846 0.9075
626 0.7155172403846154 0.855 0.7564655168269231 0.865 0.7974137932692307 0.8625 0.8254310336538461 0.86 0.8405172403846154 0.8524999999999999 0.8426724134615384 0.84 0.8383620697115385 0.8275 0.7974137932692307 0.8075 0.7435344831730769 0.8075 0.7219827596153846 0.8075 0.6875 0.8200000000000001 0.6810344831730769 0.8325 0.6982758629807692 0.845 0.7155172403846154 0.855
1157 0.75431034375 0.8475 0.7715517235576923 0.8475 0.7866379302884615 0.845 0.8017241370192308 0.84 0.814655173076923 0.8225 0.8254310336538461 0.8049999999999999 0.810344826923077 0.8075 0.7952586201923076 0.8150000000000001 0.7909482764423077 0.7675 0.7693965528846154 0.7899999999999999 0.747844826923077 0.7775 0.7435344831730769 0.7975 0.7370689663461539 0.8275 0.7176724134615384 0.845 0.7284482764423077 0.8475 0.75431034375 0.8475
364 0.5862068966346153 0.6625000000000001 0.5797413798076924 0.7899999999999999 0.5905172403846154 0.785 0.5862068966346153 0.6625000000000001
802 0.5344827596153846 0.625 0.5560344831730769 0.625 0.5668103437500001 0.6475000000000001 0.5581896562499999 0.6925 0.5646551730769231 0.7075 0.5818965528846154 0.705 0.5754310336538462 0.6875 0.5775862067307692 0.6675 0.5689655168269231 0.6675 0.5732758629807692 0.64 0.5689655168269231 0.63 0.5603448269230769 0.61 0.5711206899038461 0.59 0.5668103437500001 0.575 0.5538793100961539 0.575 0.5452586201923076 0.6075 0.5431034471153846 0.6125 0.5409482764423077 0.6224999999999999 0.5280172403846154 0.6075 0.5215517235576923 0.6224999999999999 0.5344827596153846 0.625
1861 0.5646551730769231 0.7575000000000001 0.5711206899038461 0.7375 0.5668103437500001 0.72 0.5603448269230769 0.7525000000000001 0.5560344831730769 0.7899999999999999 0.5581896562499999 0.8025 0.5668103437500001 0.8 0.5668103437500001 0.7825 0.5646551730769231 0.7575000000000001
1015 0.4267241370192308 0.9075 0.4224137932692308 0.9125000000000001 0.47629310336538466 0.9400000000000001 0.5172413798076924 0.9675 0.5344827596153846 0.9624999999999999 0.5366379302884615 0.955 0.5150862067307692 0.9450000000000001 0.47629310336538466 0.9299999999999999 0.4267241370192308 0.9075
626 0.1896551730769231 0.8099999999999999 0.19181034375 0.8275 0.20905172355769233 0.8350000000000001 0.24568965625 0.83 0.2650862067307692 0.83 0.2780172403846154 0.825 0.2823275865384616 0.8075 0.2650862067307692 0.8025 0.23706896634615385 0.8 0.20905172355769233 0.8049999999999999 0.1896551730769231 0.8099999999999999
1015 0.23706896634615385 0.7899999999999999 0.23491379326923076 0.7975 0.25431034375 0.8075 0.2866379302884615 0.83 0.2931034471153846 0.8200000000000001 0.2780172403846154 0.8075 0.23706896634615385 0.7899999999999999
626 0.6508620697115385 0.8775000000000001 0.6616379302884615 0.8825000000000001 0.68318965625 0.8875 0.7241379302884615 0.8875 0.7349137932692307 0.88 0.7349137932692307 0.87 0.7262931033653846 0.8575 0.7112068966346154 0.8524999999999999 0.6810344831730769 0.8524999999999999 0.6594827596153846 0.855 0.6465517235576923 0.87 0.6508620697115385 0.8775000000000001
1413 0.09267241346153846 0.8125 0.10775862019230768 0.8049999999999999 0.10560344711538461 0.755 0.00431034375 0.77 0.00431034375 0.995 0.051724137019230766 0.9974999999999999 0.11206896634615385 0.9774999999999999 0.11206896634615385 0.8575 0.09482758653846154 0.8350000000000001 0.09267241346153846 0.8125
1885 0.002155173076923077 0 0.002155173076923077 0.7474999999999999 0.006465516826923077 0.995 0.4461206899038462 0.8524999999999999 0.4461206899038462 0 0.002155173076923077 0
1885 0.44612695432692306 0 0.4482758629807692 0.8575 0.9590517235576923 0.9974999999999999 1 0.9951249999999999 1 0.93625 0.997844826923077 0.8775000000000001 0.997844826923077 0 0.44612695432692306 0
792 0.9482758629807692 0.995 0.4482758629807692 0.8524999999999999 0.01077586298076923 0.995 0.10129310336538462 0.9974999999999999 0.9482758629807692 0.995