1643 0 0.5 0.0015625 0.6645833341346153 0.16875 0.6458333341346154 0.159375 0.55625 0.14375 0.44375 0.140625 0.3895833341346154 0.1359375 0.2625 0.1828125 0.2270833341346154 0.259375 0.16666666586538462 0.2921875 0.11249999999999999 0.30781250000000004 0.07083333413461539 0.31562500000000004 0.03333333413461538 0.11406250000000001 0.03541666586538462 0.10468749999999999 0.19374999999999998 0.11406250000000001 0.2541666658653846 0.060937500000000006 0.25625 0.060937500000000006 0.275 0.075 0.275 0.075 0.2875 0.0109375 0.29375 0.009375 0.3083333341346154 0.034375 0.3125 0.034375 0.3270833341346154 0 0.33505434855769234 0 0.5
1885 0 0.33293650721153845 0.03125 0.32499999999999996 0.03125 0.3104166658653846 0.00625 0.3041666658653846 0.0078125 0.2916666658653846 0.071875 0.2854166658653846 0.071875 0.275 0.0578125 0.2708333341346154 0.0578125 0.25625 0.11406250000000001 0.2520833341346154 0.10468749999999999 0.19791666586538462 0.11249999999999999 0.03333333413461538 0 0.03744292307692308 0 0.33293650721153845
402 0 0 0 0.015625 0.0015625 0.03333333413461538 0.31718749999999996 0.03333333413461538 0.38593750000000004 0.04166666586538462 0.31875 0.09375 0.34062499999999996 0.09791666586538463 0.34062499999999996 0.1333333341346154 0.4921875 0.14166666586538462 0.996875 0 0 0
1885 0.3109375 0.09166666586538462 0.37968749999999996 0.04166666586538462 0.3109375 0.029166665865384616 0.3109375 0.09166666586538462
1885 0.3421875 0.13541666586538462 0.353125 0.5020833341346154 0.4984375 0.48124999999999996 0.4921875 0.14166666586538462 0.3421875 0.13541666586538462
1885 0.2390625 0.1791666658653846 0.16562500000000002 0.23958333413461538 0.13125 0.2583333341346154 0.1453125 0.44999999999999996 0.16249999999999998 0.5729166658653846 0.353125 0.5416666658653846 0.3421875 0.09583333413461538 0.296875 0.09583333413461538 0.2734375 0.15 0.2390625 0.1791666658653846
1885 0.9881696418269231 0 0.49531250000000004 0.14375 0.4984375 0.47916666586538464 0.996875 0.7625 0.996875 0.029166665865384616 0.9954166682692308 0 0.9881696418269231 0
792 0 0.9937499999999999 0.996875 0.9937499999999999 0.996875 0.7666666658653847 0.4984375 0.48124999999999996 0.353125 0.50625 0.35468750000000004 0.5416666658653846 0.159375 0.5708333341346153 0.1671875 0.6499999999999999 0 0.6665123461538461 0 0.9937499999999999
1714 0.175 0.4291666658653846 0.15625 0.4416666658653846 0.1484375 0.44791666586538464 0.15625 0.5458333341346153 0.19374999999999998 0.5375 0.2453125 0.51875 0.265625 0.5125 0.2953125 0.50625 0.31718749999999996 0.5104166658653846 0.303125 0.4354166658653846 0.28125 0.42500000000000004 0.2453125 0.41874999999999996 0.20625 0.4229166658653846 0.175 0.4291666658653846
423 0.2234375 0.525 0.2765625 0.5104166658653846 0.275 0.4375 0.2453125 0.44999999999999996 0.221875 0.44999999999999996 0.19687500000000002 0.44791666586538464 0.2 0.4854166658653846 0.2 0.525 0.2234375 0.525
1714 0.2296875 0.7749999999999999 0.265625 0.7895833341346153 0.3 0.7479166658653846 0.34062499999999996 0.7395833341346154 0.44062500000000004 0.7354166658653847 0.47343749999999996 0.7437499999999999 0.47343749999999996 0.7395833341346154 0.4828125 0.6875 0.490625 0.6145833341346154 0.49375 0.55625 0.48750000000000004 0.5416666658653846 0.459375 0.5229166658653847 0.41093749999999996 0.5125 0.353125 0.5083333341346153 0.32499999999999996 0.5104166658653846 0.2671875 0.5104166658653846 0.20625 0.5270833341346154 0.1609375 0.5479166658653847 0.1375 0.5791666658653847 0.1375 0.5979166658653846 0.153125 0.6416666658653847 0.1796875 0.6979166658653846 0.2 0.75 0.2078125 0.7749999999999999 0.2296875 0.7749999999999999
423 0.17343750000000002 0.6770833341346154 0.13125 0.6833333341346154 0.11249999999999999 0.6229166658653846 0.1421875 0.6166666658653847 0.140625 0.6125 0.1109375 0.6166666658653847 0.0875 0.5479166658653847 0.0796875 0.5520833341346154 0.075 0.5791666658653847 0.0859375 0.6229166658653846 0.0921875 0.6291666658653846 0.12031249999999999 0.73125 0.12031249999999999 0.7437499999999999 0.128125 0.8395833341346154 0.1375 0.8395833341346154 0.1421875 0.9166666658653846 0.153125 0.9208333341346153 0.1484375 0.7749999999999999 0.20156249999999998 0.7625 0.17343750000000002 0.6770833341346154
423 0.5671875 0.5208333341346154 0.5140625 0.4916666658653846 0.5078125 0.5604166658653846 0.4984375 0.5604166658653846 0.48750000000000004 0.6166666658653847 0.48750000000000004 0.6666666658653846 0.46875 0.7 0.49687499999999996 0.70625 0.49687499999999996 0.7562500000000001 0.5046875 0.7562500000000001 0.503125 0.70625 0.5328125 0.7 0.5421875 0.7770833341346154 0.5546875 0.7749999999999999 0.546875 0.6729166658653847 0.5609375 0.5916666658653846 0.5671875 0.5208333341346154
423 0.278125 0.6625000000000001 0.2734375 0.7270833341346153 0.303125 0.7708333341346154 0.3203125 0.8020833341346154 0.4546875 0.7708333341346154 0.4703125 0.7729166658653847 0.47343749999999996 0.6041666658653846 0.46406250000000004 0.6041666658653846 0.43281250000000004 0.6145833341346154 0.37968749999999996 0.6291666658653846 0.3140625 0.6291666658653846 0.30937499999999996 0.7083333341346154 0.2859375 0.6583333341346154 0.278125 0.6625000000000001
1714 0.7765625 0.96875 0.76875 0.9395833341346154 0.7546875 0.9020833341346154 0.721875 0.8625 0.7015625000000001 0.8416666658653846 0.6515625 0.8104166658653846 0.596875 0.7895833341346153 0.5484375 0.7791666658653846 0.5046875 0.76875 0.453125 0.76875 0.37812500000000004 0.7708333341346154 0.3046875 0.8104166658653846 0.246875 0.8416666658653846 0.1984375 0.8875 0.15781250000000002 0.95625 0.1515625 0.9916666658653847 0.7765625 0.9895833341346154 0.7765625 0.96875
423 0.3125 0.8 0.37968749999999996 0.7708333341346154 0.375 0.6895833341346154 0.28125 0.7020833341346153 0.203125 0.7208333341346154 0.21875 0.8291666658653847 0.2234375 0.8500000000000001 0.2375 0.8458333341346154 0.3125 0.8
1861 0.39375000000000004 0.9791666658653846 0.40937500000000004 0.9854166658653847 0.42500000000000004 0.98125 0.43437499999999996 0.9729166658653846 0.4359375 0.9541666658653847 0.43437499999999996 0.9354166658653846 0.4234375 0.9145833341346153 0.41874999999999996 0.8958333341346154 0.421875 0.8604166658653847 0.421875 0.8458333341346154 0.41093749999999996 0.8416666658653846 0.39375000000000004 0.8416666658653846 0.38749999999999996 0.8458333341346154 0.39375000000000004 0.8625 0.3984375 0.8812500000000001 0.40156250000000004 0.90625 0.390625 0.9291666658653847 0.38125 0.9395833341346154 0.384375 0.96875 0.39375000000000004 0.9791666658653846
806 0.46875 0.7208333341346154 0.4515625 0.70625 0.4390625 0.7104166658653847 0.43281250000000004 0.6895833341346154 0.4203125 0.6979166658653846 0.40937500000000004 0.7083333341346154 0.3984375 0.70625 0.390625 0.70625 0.3984375 0.6854166658653846 0.3921875 0.6770833341346154 0.3765625 0.6729166658653847 0.3765625 0.6916666658653846 0.365625 0.6875 0.35 0.6895833341346154 0.3421875 0.7083333341346154 0.3609375 0.71875 0.35 0.7229166658653846 0.3609375 0.7395833341346154 0.37187499999999996 0.7479166658653846 0.38125 0.7541666658653846 0.38593750000000004 0.7749999999999999 0.375 0.7916666658653846 0.38749999999999996 0.8166666658653846 0.37968749999999996 0.8291666658653847 0.3890625 0.8374999999999999 0.4046875 0.8354166658653847 0.41718750000000004 0.84375 0.4203125 0.8354166658653847 0.43437499999999996 0.8125 0.44218749999999996 0.7729166658653847 0.4453125 0.7458333341346154 0.46875 0.7395833341346154 0.46875 0.7208333341346154
1157 0.3296875 0.8729166658653846 0.38593750000000004 0.8625 0.3671875 0.7916666658653846 0.30625 0.8104166658653846 0.3296875 0.8729166658653846
1015 0.3421875 0.8270833341346153 0.3453125 0.8270833341346153 0.3421875 0.8020833341346154 0.334375 0.8020833341346154 0.34062499999999996 0.825 0.3375 0.83125 0.34375 0.8645833341346154 0.353125 0.8541666658653846 0.35 0.8395833341346154 0.3421875 0.8270833341346153
1714 0.415625 0.5125 0.4375 0.50625 0.43437499999999996 0.4541666658653846 0.47343749999999996 0.44999999999999996 0.4765625 0.4354166658653846 0.5640625 0.41666666586538464 0.5671875 0.3916666658653846 0.49687499999999996 0.3729166658653846 0.3890625 0.39375000000000004 0.37968749999999996 0.475 0.3921875 0.475 0.415625 0.4854166658653846 0.415625 0.5125
423 0.4359375 0.5083333341346153 0.4375 0.4708333341346154 0.453125 0.48750000000000004 0.459375 0.5208333341346154 0.45781249999999996 0.4833333341346154 0.475 0.4770833341346154 0.47343749999999996 0.4375 0.5140625 0.4333333341346154 0.5140625 0.39375000000000004 0.48750000000000004 0.4 0.459375 0.3979166658653846 0.459375 0.43125 0.43437499999999996 0.43125 0.4359375 0.5083333341346153
1714 0.5140625 0.525 0.534375 0.54375 0.5390625 0.5729166658653846 0.5546875 0.58125 0.5640625 0.5541666658653847 0.571875 0.5104166658653846 0.7203124999999999 0.4854166658653846 0.7281249999999999 0.4291666658653846 0.6499999999999999 0.4083333341346154 0.48124999999999996 0.4333333341346154 0.47343749999999996 0.51875 0.4828125 0.525 0.49375 0.5104166658653846 0.5140625 0.525
1714 0.6953125 0.7416666658653847 0.7015625000000001 0.7375 0.703125 0.6958333341346153 0.7749999999999999 0.7395833341346154 0.78125 0.7604166658653846 0.7953125000000001 0.7645833341346153 0.7906249999999999 0.8333333341346154 0.8 0.8458333341346154 0.8218749999999999 0.7749999999999999 0.8265625000000001 0.7250000000000001 0.8374999999999999 0.71875 0.8374999999999999 0.6416666658653847 0.996875 0.56875 0.996875 0.4979166658653846 0.8765624999999999 0.4604166658653846 0.6765625 0.5104166658653846 0.6546875000000001 0.6854166658653846 0.66875 0.6875 0.690625 0.6833333341346154 0.6953125 0.7416666658653847
423 0.5578125 0.50625 0.56875 0.5145833341346153 0.565625 0.5479166658653847 0.5890625 0.5666666658653846 0.590625 0.6499999999999999 0.596875 0.6520833341346154 0.6078125 0.55625 0.6484375 0.5541666658653847 0.6515625 0.53125 0.6484375 0.4708333341346154 0.675 0.4604166658653846 0.675 0.4354166658653846 0.6109375 0.4395833341346154 0.6046875 0.49375 0.5546875 0.4770833341346154 0.5578125 0.50625
552 0.85625 0.5208333341346154 0.8500000000000001 0.5 0.8359375 0.5 0.8359375 0.5145833341346153 0.8328125 0.53125 0.8546875 0.5333333341346154 0.8625 0.5270833341346154 0.8640625 0.5208333341346154 0.85625 0.5208333341346154
552 0.7671874999999999 0.475 0.7625 0.4916666658653846 0.753125 0.4979166658653846 0.7578125 0.5020833341346154 0.778125 0.50625 0.7875000000000001 0.49375 0.78125 0.48958333413461536 0.7765625 0.475 0.7671874999999999 0.475
552 0.37968749999999996 0.5791666658653847 0.375 0.5604166658653846 0.353125 0.5604166658653846 0.353125 0.575 0.353125 0.58125 0.3453125 0.5833333341346154 0.34375 0.5895833341346154 0.35468750000000004 0.6 0.3765625 0.6 0.390625 0.5958333341346154 0.3921875 0.5791666658653847 0.37968749999999996 0.5791666658653847
626 0.3359375 0.98125 0.3578125 0.9645833341346154 0.3828125 0.9395833341346154 0.40156250000000004 0.8999999999999999 0.38593750000000004 0.8999999999999999 0.353125 0.8895833341346153 0.31875 0.8729166658653846 0.3015625 0.8958333341346154 0.2828125 0.9145833341346153 0.2671875 0.91875 0.25625 0.9229166658653847 0.2625 0.9395833341346154 0.278125 0.9583333341346154 0.2953125 0.9708333341346154 0.3109375 0.9854166658653847 0.3359375 0.98125
1314 0.36875 0.1875 0.3734375 0.3041666658653846 0.46875 0.29375 0.46562499999999996 0.1875 0.36875 0.1875
1314 0.6171875 0.1645833341346154 0.5609375 0.17291666586538462 0.5625 0.3270833341346154 0.6203125 0.33333333413461536 0.6171875 0.1645833341346154
1314 0.8625 0.1291666658653846 0.7281249999999999 0.15 0.7281249999999999 0.3354166658653846 0.859375 0.3479166658653846 0.8625 0.1291666658653846
1027 0.6 0.06041666586538462 0.596875 0.07916666586538461 0.6078125 0.07916666586538461 0.6125 0.06666666586538461 0.6078125 0.06041666586538462 0.6 0.06041666586538462
1861 0.95 0.48958333413461536 0.9515625000000001 0.4770833341346154 0.9484375 0.4708333341346154 0.9421875 0.44791666586538464 0.9421875 0.4666666658653846 0.9359375000000001 0.4833333341346154 0.940625 0.48958333413461536 0.95 0.48958333413461536
806 0.9468749999999999 0.4520833341346154 0.9515625000000001 0.4354166658653846 0.95 0.42500000000000004 0.9640625 0.41666666586538464 0.9609375 0.40625 0.95625 0.4145833341346154 0.9468749999999999 0.4104166658653846 0.9421875 0.39583333413461536 0.9437500000000001 0.4083333341346154 0.934375 0.3979166658653846 0.934375 0.4125 0.9375 0.42500000000000004 0.925 0.42708333413461536 0.940625 0.4354166658653846 0.9421875 0.44791666586538464 0.9468749999999999 0.4520833341346154
1083 0.275 0.3104166658653846 0.303125 0.32499999999999996 0.31562500000000004 0.26875 0.290625 0.2541666658653846 0.275 0.3104166658653846
1083 0.30781250000000004 0.3083333341346154 0.33906250000000004 0.32291666586538464 0.34843749999999996 0.2625 0.321875 0.25 0.30781250000000004 0.3083333341346154