402 0.524 0 0.998 0.06906906971153846 1 0.03453453365384615 1 0 0.524 0
1942 0.004 0 0.006 0.6756756754807692 0.998 0.5525525528846154 1 0.3213213221153846 1 0.07807807692307692 0.998 0.06606606490384616 0.5407826081730769 0 0.004 0
1885 0.33999999999999997 0.6336336346153846 0.11800000000000001 0.6636636634615385 0.006 0.6756756754807692 0.004 0.9729729735576923 0.01 0.9969969975961538 0.35400000000000004 0.9939939951923077 0.35400000000000004 0.9729729735576923 0.33999999999999997 0.6336336346153846
423 0.152 0.7387387379807693 0.12200000000000001 0.6096096105769231 0.132 0.6936936947115384 0.156 0.8288288293269231 0.174 0.9819819831730769 0.336 0.9849849855769232 0.32399999999999995 0.9489489495192308 0.26 0.954954954326923 0.218 0.9339339350961539 0.196 0.8828828822115384 0.152 0.7387387379807693
423 0.444 0.9909909903846154 0.446 0.9159159158653847 0.44200000000000006 0.8798798798076923 0.41800000000000004 0.8078078076923076 0.386 0.75075075 0.352 0.7177177187499999 0.328 0.7177177187499999 0.30799999999999994 0.7477477475961538 0.31599999999999995 0.8198198197115385 0.328 0.9309309302884615 0.336 0.9699699711538461 0.364 0.9969969975961538 0.444 0.9909909903846154
423 0.44999999999999996 0.8978978990384616 0.44200000000000006 0.9969969975961538 0.536 0.9909909903846154 0.508 0.9279279278846153 0.482 0.8978978990384616 0.45799999999999996 0.888888889423077 0.44999999999999996 0.8978978990384616
1714 0.5399999999999999 0.9909909903846154 0.998 0.9939939951923077 0.9920000000000001 0.891891891826923 0.574 0.6006006009615384 0.372 0.6336336346153846 0.33199999999999996 0.6576576586538461 0.348 0.7177177187499999 0.5399999999999999 0.9909909903846154
1291 0.152 0.5045045048076923 0.152 0.516516516826923 0.146 0.5435435432692308 0.136 0.5645645649038461 0.132 0.5915915913461538 0.132 0.6216216225961539 0.138 0.6756756754807692 0.156 0.7537537548076922 0.22 0.9279279278846153 0.26 0.9459459471153846 0.328 0.9489489495192308 0.31 0.7747747740384615 0.286 0.7267267259615384 0.31599999999999995 0.7267267259615384 0.338 0.7207207211538461 0.374 0.7147147139423077 0.398 0.7237237235576923 0.422 0.75075075 0.422 0.7597597596153847 0.42600000000000005 0.7747747740384615 0.44999999999999996 0.7687687692307693 0.454 0.7837837836538462 0.45799999999999996 0.7447447451923076 0.456 0.7207207211538461 0.456 0.7087087091346155 0.43400000000000005 0.7117117115384615 0.41000000000000003 0.6756756754807692 0.382 0.6756756754807692 0.34199999999999997 0.6696696706730769 0.268 0.6636636634615385 0.254 0.6576576586538461 0.23399999999999999 0.5915915913461538 0.218 0.5645645649038461 0.22 0.5345345336538462 0.23 0.5195195192307692 0.23600000000000002 0.49849849759615383 0.23600000000000002 0.46846846875 0.23600000000000002 0.43543543509615384 0.228 0.38438438461538466 0.21 0.3693693701923077 0.18 0.3693693701923077 0.152 0.39939939903846156 0.15 0.4474474471153846 0.14400000000000002 0.45645645673076923 0.148 0.4864864855769231 0.152 0.5045045048076923
1291 0.6639999999999999 0.45645645673076923 0.6679999999999999 0.4864864855769231 0.656 0.49849849759615383 0.642 0.5285285288461539 0.6180000000000001 0.5585585576923077 0.59 0.6006006009615384 0.588 0.6366366370192308 0.6180000000000001 0.6366366370192308 0.654 0.6576576586538461 0.6839999999999999 0.6906906899038462 0.72 0.6966966971153846 0.728 0.6636636634615385 0.77 0.5855855865384615 0.786 0.5585585576923077 0.7739999999999999 0.5105105096153847 0.744 0.4774774783653846 0.73 0.46846846875 0.73 0.4384384375 0.73 0.40840840865384614 0.7260000000000001 0.38738738701923076 0.718 0.36036036057692306 0.6880000000000001 0.36036036057692306 0.6639999999999999 0.37837837740384617 0.6639999999999999 0.42642642548076926 0.6639999999999999 0.45645645673076923
1291 0.964 0.7807807812499999 0.962 0.7147147139423077 0.9580000000000001 0.6576576586538461 0.92 0.5795795793269231 0.902 0.5585585576923077 0.878 0.5375375384615384 0.874 0.5225225216346154 0.874 0.5105105096153847 0.8680000000000001 0.48948949038461537 0.864 0.4534534543269231 0.8500000000000001 0.4234234230769231 0.8180000000000001 0.4234234230769231 0.796 0.4474474471153846 0.7919999999999999 0.4804804807692308 0.798 0.5435435432692308 0.804 0.5555555552884616 0.786 0.5615615625 0.76 0.6096096105769231 0.7260000000000001 0.6696696706730769 0.722 0.6966966971153846 0.744 0.7387387379807693 0.748 0.7597597596153847 0.788 0.7747747740384615 0.8360000000000001 0.7897897908653846 0.8840000000000001 0.8108108100961539 0.926 0.8288288293269231 0.968 0.8708708701923077 0.9740000000000001 0.873873875 0.964 0.7807807812499999
423 0.968 0.6696696706730769 0.98 0.6396396394230769 0.998 0.6186186177884616 0.998 0.59459459375 0.988 0.5555555552884616 0.978 0.5345345336538462 0.9580000000000001 0.5345345336538462 0.9339999999999999 0.5285285288461539 0.91 0.53153153125 0.904 0.5495495504807693 0.9179999999999999 0.5735735745192307 0.946 0.6276276274038461 0.968 0.6696696706730769
423 1 0.6265015024038461 0.986 0.6396396394230769 0.97 0.6696696706730769 0.966 0.7207207211538461 0.968 0.7987987980769231 0.9740000000000001 0.873873875 1 0.8961818942307692 1 0.6265015024038461
1158 0.656 0.7057057067307693 0.654 0.7987987980769231 0.6799999999999999 0.8228228221153846 0.7240000000000001 0.8138138149038461 0.7260000000000001 0.7177177187499999 0.702 0.6966966971153846 0.656 0.7057057067307693
291 0.59 0.7087087091346155 0.59 0.7267267259615384 0.598 0.75075075 0.612 0.7627627620192308 0.638 0.75075075 0.656 0.7447447451923076 0.656 0.7087087091346155 0.66 0.6996996995192308 0.674 0.6906906899038462 0.67 0.6816816826923078 0.6639999999999999 0.6906906899038462 0.656 0.6816816826923078 0.6 0.6996996995192308 0.59 0.7087087091346155