402 0.12373365865384615 0 0.40625 0.3166666658653846 0.48906249999999996 0.3145833341346154 0.490625 0.28125 0.6828125 0.2770833341346154 0.9984375000000001 0.045833334134615385 1 0.022916665865384617 1 0 0.12373365865384615 0
1027 0.578125 0 0.56875 0.045833334134615385 0.6953125 0.04375 0.7140625 0 0.578125 0
1914 1 0.49739583413461536 0.9953125 0.4958333341346154 0.8828125 0.5104166658653846 0.875 0.925 0.921875 0.9958333341346154 1 0.9958333341346154 1 0.49739583413461536
1916 0.6828125 0.4375 0.5953125 0.43125 0.5875 0.525 0.8125 0.8479166658653846 0.8734375000000001 0.9291666658653847 0.8828125 0.5083333341346153 0.9796875 0.48958333413461536 0.6828125 0.4375
1294 0.6015625 0.4708333341346154 0.6015625 0.49375 0.603125 0.5270833341346154 0.60625 0.5708333341346153 0.60625 0.6125 0.596875 0.6708333341346153 0.590625 0.7041666658653847 0.5984375 0.7104166658653847 0.6125 0.7124999999999999 0.6140625 0.6645833341346153 0.6156250000000001 0.71875 0.6171875 0.7354166658653847 0.6296875 0.7354166658653847 0.6421874999999999 0.7354166658653847 0.6546875000000001 0.7333333341346153 0.6546875000000001 0.7229166658653846 0.6375 0.70625 0.6390625000000001 0.6854166658653846 0.640625 0.6354166658653846 0.6484375 0.5854166658653847 0.6499999999999999 0.5458333341346153 0.6546875000000001 0.475 0.64375 0.4604166658653846 0.6359375 0.4416666658653846 0.64375 0.4291666658653846 0.6515625 0.41874999999999996 0.659375 0.4145833341346154 0.6609375 0.39583333413461536 0.653125 0.38125 0.6421874999999999 0.3708333341346154 0.6234375000000001 0.3708333341346154 0.6156250000000001 0.38749999999999996 0.60625 0.40625 0.6125 0.41874999999999996 0.6187499999999999 0.4208333341346154 0.6187499999999999 0.4291666658653846 0.6015625 0.45625000000000004 0.6015625 0.4708333341346154
1286 0.41093749999999996 0.4395833341346154 0.40312499999999996 0.4541666658653846 0.4 0.48124999999999996 0.39531249999999996 0.5020833341346154 0.390625 0.5333333341346154 0.3828125 0.55625 0.3984375 0.5708333341346153 0.396875 0.6145833341346154 0.40156250000000004 0.6229166658653846 0.415625 0.625 0.41874999999999996 0.5854166658653847 0.4234375 0.5416666658653846 0.4296875 0.525 0.453125 0.525 0.46562499999999996 0.5166666658653847 0.4546875 0.5145833341346153 0.4453125 0.5104166658653846 0.44999999999999996 0.49375 0.44843750000000004 0.4729166658653846 0.44218749999999996 0.45833333413461536 0.44843750000000004 0.44791666586538464 0.4546875 0.4395833341346154 0.45625000000000004 0.4229166658653846 0.44999999999999996 0.4125 0.4359375 0.4041666658653846 0.421875 0.41666666586538464 0.41718750000000004 0.42500000000000004 0.41093749999999996 0.4395833341346154
1285 0.003125 0.4416666658653846 0.0015625 0.9333333341346154 0.0171875 0.9437500000000001 0.0171875 0.9958333341346154 0.12187500000000001 0.9958333341346154 0.1109375 0.9312499999999999 0.1171875 0.9166666658653846 0.1359375 0.9145833341346153 0.1328125 0.7895833341346153 0.14375 0.7854166658653846 0.17031249999999998 0.8041666658653847 0.18906250000000002 0.8062499999999999 0.1984375 0.7916666658653846 0.18906250000000002 0.7666666658653847 0.18125000000000002 0.7562500000000001 0.18593749999999998 0.7416666658653847 0.16249999999999998 0.71875 0.153125 0.6937500000000001 0.125 0.6270833341346154 0.1 0.5166666658653847 0.08124999999999999 0.4708333341346154 0.0953125 0.4666666658653846 0.1015625 0.4604166658653846 0.1109375 0.45625000000000004 0.11406250000000001 0.44999999999999996 0.12031249999999999 0.4458333341346154 0.11875 0.4375 0.1265625 0.4354166658653846 0.128125 0.42708333413461536 0.13125 0.4104166658653846 0.1375 0.4083333341346154 0.1390625 0.3833333341346154 0.140625 0.3708333341346154 0.1484375 0.35 0.1421875 0.3375 0.12187500000000001 0.32291666586538464 0.1015625 0.3041666658653846 0.0875 0.2916666658653846 0.075 0.30625 0.060937500000000006 0.32291666586538464 0.053125000000000006 0.3479166658653846 0.04375 0.36875 0.0234375 0.4125 0.003125 0.4416666658653846
1838 0.0234375 0.9958333341346154 0.2953125 0.7 0.284375 0.3041666658653846 0.003125 0.17291666586538462 0.0046875 0.9937499999999999 0.0234375 0.9958333341346154
1598 0.8109375000000001 0.38125 0.8078125 0.39583333413461536 0.8 0.4083333341346154 0.7921875 0.4208333341346154 0.7875000000000001 0.4375 0.7859375 0.4520833341346154 0.7890625 0.4708333341346154 0.79375 0.47916666586538464 0.8062499999999999 0.47916666586538464 0.828125 0.47916666586538464 0.8343750000000001 0.4729166658653846 0.8359375 0.44791666586538464 0.83125 0.4145833341346154 0.8265625000000001 0.3979166658653846 0.8234375 0.38125 0.8109375000000001 0.38125
1598 0.6828125 0.42708333413461536 0.6812499999999999 0.4375 0.6812499999999999 0.4520833341346154 0.7046874999999999 0.4541666658653846 0.7046874999999999 0.4291666658653846 0.7015625000000001 0.41666666586538464 0.7 0.4104166658653846 0.7 0.4020833341346154 0.6890624999999999 0.4020833341346154 0.6890624999999999 0.41666666586538464 0.6828125 0.42708333413461536
1598 0.7281249999999999 0.4104166658653846 0.7250000000000001 0.4645833341346154 0.7390625 0.4645833341346154 0.7375 0.41666666586538464 0.7359374999999999 0.4083333341346154 0.7359374999999999 0.39583333413461536 0.7296875 0.39583333413461536 0.73125 0.4083333341346154 0.7281249999999999 0.4104166658653846
471 0.3109375 0.8020833341346154 0.36875 0.7916666658653846 0.4125 0.7749999999999999 0.4375 0.7562500000000001 0.4390625 0.7458333341346154 0.44062500000000004 0.7333333341346153 0.453125 0.7333333341346153 0.4671875 0.7354166658653847 0.48124999999999996 0.7208333341346154 0.4921875 0.6937500000000001 0.4859375 0.675 0.49375 0.65625 0.47968750000000004 0.6541666658653846 0.48124999999999996 0.64375 0.4671875 0.625 0.44062500000000004 0.6229166658653846 0.40156250000000004 0.6291666658653846 0.38749999999999996 0.6291666658653846 0.37968749999999996 0.6145833341346154 0.36406249999999996 0.6104166658653847 0.33906250000000004 0.6166666658653847 0.3125 0.6270833341346154 0.30625 0.6520833341346154 0.3296875 0.6666666658653846 0.2984375 0.6875 0.28125 0.7270833341346153 0.284375 0.7416666658653847 0.2921875 0.7479166658653846 0.284375 0.76875 0.284375 0.78125 0.2859375 0.7875000000000001 0.284375 0.8020833341346154 0.3109375 0.8020833341346154
153 0.278125 0.9708333341346154 0.275 0.9958333341346154 0.6078125 0.9895833341346154 0.5875 0.9395833341346154 0.5890625 0.8958333341346154 0.5875 0.8500000000000001 0.58125 0.8020833341346154 0.5703125 0.7749999999999999 0.5546875 0.7437499999999999 0.553125 0.7250000000000001 0.5359375 0.7124999999999999 0.503125 0.7145833341346154 0.45625000000000004 0.7458333341346154 0.4234375 0.7770833341346154 0.375 0.7916666658653846 0.3109375 0.8041666658653847 0.2703125 0.8020833341346154 0.2609375 0.7979166658653847 0.23281249999999998 0.8520833341346153 0.22812500000000002 0.8583333341346153 0.25625 0.9083333341346154 0.2734375 0.9354166658653846 0.278125 0.9708333341346154
429 0.34375 0.5354166658653846 0.35 0.5541666658653847 0.35468750000000004 0.5729166658653846 0.3578125 0.5958333341346154 0.3671875 0.5854166658653847 0.3671875 0.6083333341346153 0.37187499999999996 0.6083333341346153 0.375 0.5770833341346153 0.390625 0.5708333341346153 0.390625 0.5395833341346153 0.38125 0.5375 0.37187499999999996 0.525 0.36406249999999996 0.4979166658653846 0.33906250000000004 0.51875 0.34375 0.5354166658653846
1714 0.53125 0.6291666658653846 0.5328125 0.5875 0.521875 0.5645833341346154 0.415625 0.5708333341346153 0.4140625 0.6270833341346154 0.53125 0.6291666658653846
1714 0.4453125 0.5145833341346153 0.4296875 0.55 0.5125 0.54375 0.5140625 0.5145833341346153 0.4453125 0.5145833341346153
471 0.44999999999999996 0.5104166658653846 0.44999999999999996 0.5229166658653847 0.45625000000000004 0.5354166658653846 0.475 0.5416666658653846 0.4859375 0.5333333341346154 0.50625 0.5270833341346154 0.5078125 0.5166666658653847 0.503125 0.50625 0.48750000000000004 0.50625 0.47187500000000004 0.5020833341346154 0.4609375 0.5041666658653846 0.44999999999999996 0.5104166658653846
1027 0.559375 0.11666666586538461 0.65625 0.11875 0.6703125000000001 0.08541666586538461 0.5640625 0.08541666586538461 0.559375 0.11666666586538461
1027 0.5546875 0.14166666586538462 0.5515625 0.1645833341346154 0.6328125 0.16666666586538462 0.640625 0.14375 0.5546875 0.14166666586538462
1027 0.5453125 0.1833333341346154 0.540625 0.2 0.6125 0.20416666586538462 0.621875 0.1833333341346154 0.5453125 0.1833333341346154
1027 0.45625000000000004 0.14583333413461538 0.5484375 0.14375 0.5484375 0.11875 0.4515625 0.11875 0.45625000000000004 0.14583333413461538
1027 0.5390625 0.1854166658653846 0.5390625 0.17708333413461538 0.5421875 0.1645833341346154 0.459375 0.1645833341346154 0.46406250000000004 0.1833333341346154 0.5390625 0.1854166658653846
1027 0.18125000000000002 0.05208333413461538 0.20937499999999998 0.09375 0.3140625 0.09166666586538462 0.296875 0.05208333413461538 0.18125000000000002 0.05208333413461538
1027 0.30781250000000004 0.20416666586538462 0.321875 0.2208333341346154 0.390625 0.21875 0.37968749999999996 0.2 0.30781250000000004 0.20416666586538462
1027 0.5390625 0.2104166658653846 0.5359375 0.2270833341346154 0.6 0.23333333413461538 0.60625 0.2145833341346154 0.5390625 0.2104166658653846
1027 0.4703125 0.23958333413461538 0.53125 0.2416666658653846 0.5328125 0.22499999999999998 0.47187500000000004 0.2270833341346154 0.4703125 0.23958333413461538
1027 0.47187500000000004 0.25 0.475 0.2625 0.5265625 0.2625 0.528125 0.2479166658653846 0.47187500000000004 0.25
1885 0.6765625 0.5979166658653846 0.9984375000000001 0.9604166658653847 0.9984375000000001 0.14375 0.9984375000000001 0.04375 0.6828125 0.28125 0.6765625 0.5979166658653846
340 0.9453125 0.2708333341346154 0.9796875 0.2583333341346154 0.9734375 0.1333333341346154 0.940625 0.1479166658653846 0.9453125 0.2708333341346154
340 0.815625 0.3125 0.8359375 0.3083333341346154 0.8359375 0.2166666658653846 0.815625 0.2208333341346154 0.815625 0.3125
340 0.575 0.3020833341346154 0.571875 0.35416666586538464 0.60625 0.3583333341346154 0.60625 0.3020833341346154 0.575 0.3020833341346154
1885 0.490625 0.3166666658653846 0.4046875 0.31875 0.40156250000000004 0.3354166658653846 0.36250000000000004 0.3354166658653846 0.36406249999999996 0.5208333341346154 0.478125 0.525 0.503125 0.5979166658653846 0.675 0.59375 0.6812499999999999 0.275 0.49375 0.2791666658653846 0.490625 0.3166666658653846
1885 0.0015755745192307692 0 0.0078125 0.9937499999999999 0.37187499999999996 0.5979166658653846 0.36406249999999996 0.3375 0.4046875 0.33125000000000004 0.40625 0.3125 0.12375827884615384 0 0.0015755745192307692 0
792 0.37187499999999996 0.59375 0.0109375 0.9895833341346154 0.7640625000000001 0.9958333341346154 0.9984375000000001 0.9895833341346154 0.996875 0.9604166658653847 0.675 0.59375 0.503125 0.5958333341346154 0.478125 0.5208333341346154 0.365625 0.51875 0.37187499999999996 0.59375
340 0.1640625 0.2208333341346154 0.1921875 0.23541666586538462 0.18906250000000002 0.10833333413461539 0.16249999999999998 0.0875 0.1640625 0.2208333341346154