207 0.0078125 0.421875 0.015625 0.71875 0.3671875 0.91015625 0.6953125 0.67578125 0.71875 0.51171875 0.4453125 0.4765625 0.3359375 0.421875 0.30078125 0.39453125 0.0078125 0.421875
1942 1 0.13671875 0.7265625 0.15234375 0.71875 0.40625 1 0.4216609567307692 1 0.13671875
1320 0.0234375 0.08984375 0.0078125 0.328125 0.23046875 0.3203125 0.234375 0.1328125 0.0234375 0.08984375
1027 0.37890625 0.390625 0.37109375 0.44921875 0.3984375 0.453125 0.3984375 0.39453125 0.4375 0.3828125 0.41015625 0.3203125 0.36328125 0.3203125 0.33984375 0.3828125 0.37890625 0.390625
688 1 0.4609375 0.671875 0.42578125 0.62890625 0.43359375 0.62109375 0.49609375 0.609375 0.625 1 0.72265625 1 0.4609375
1219 0.0078125 0.328125 0.22265625 0.3359375 0.2265625 0.13671875 0.0078125 0.09765625 0.0078125 0.328125
1329 0.20703125 0.4765625 0.234375 0.5 0.31640625 0.484375 0.31640625 0.453125 0.22265625 0.45703125 0.20703125 0.4765625
1329 0.21484375 0.45703125 0.26953125 0.45703125 0.27734375 0.41796875 0.18359375 0.37890625 0.171875 0.41015625 0.1640625 0.43359375 0.1640625 0.47265625 0.203125 0.5 0.21484375 0.45703125
1163 0.38671875 0.46875 0.4296875 0.47265625 0.45703125 0.45703125 0.4140625 0.4453125 0.38671875 0.46875
402 0.109375 0 0.40234375 0.09765625 0.921875 0 0.109375 0
385 1 0.73828125 0.7421875 0.65625 0.3515625 0.921875 0.03515625 0.734375 0.01171875 0.734375 0.0078125 0.99609375 1 0.9922028197115385 1 0.73828125
1861 0.86328125 0.421875 0.84375 0.4140625 0.82421875 0.4296875 0.828125 0.44921875 0.85546875 0.45703125 0.87109375 0.44140625 0.86328125 0.421875
297 0.65625 0.4296875 0.69921875 0.4296875 0.71875 0.4296875 0.73046875 0.41015625 0.70703125 0.38671875 0.703125 0.3671875 0.6796875 0.39453125 0.65625 0.41015625 0.65625 0.4296875