207 0.69921875 0.39453125 0.6640625 0.421875 0.5546875 0.4765625 0.28125 0.51171875 0.3046875 0.67578125 0.6328125 0.91015625 0.984375 0.71875 0.9921875 0.421875 0.69921875 0.39453125
1942 0 0.4216609567307692 0.28125 0.40625 0.2734375 0.15234375 0 0.13671875 0 0.4216609567307692
1320 0.765625 0.1328125 0.76953125 0.3203125 0.9921875 0.328125 0.9765625 0.08984375 0.765625 0.1328125
1027 0.66015625 0.3828125 0.63671875 0.3203125 0.58984375 0.3203125 0.5625 0.3828125 0.6015625 0.39453125 0.6015625 0.453125 0.62890625 0.44921875 0.62109375 0.390625 0.66015625 0.3828125
688 0 0.72265625 0.390625 0.625 0.37890625 0.49609375 0.37109375 0.43359375 0.328125 0.42578125 0 0.4609375 0 0.72265625
1219 0.9921875 0.09765625 0.7734375 0.13671875 0.77734375 0.3359375 0.9921875 0.328125 0.9921875 0.09765625
1329 0.77734375 0.45703125 0.68359375 0.453125 0.68359375 0.484375 0.765625 0.5 0.79296875 0.4765625 0.77734375 0.45703125
1329 0.796875 0.5 0.8359375 0.47265625 0.8359375 0.43359375 0.828125 0.41015625 0.81640625 0.37890625 0.72265625 0.41796875 0.73046875 0.45703125 0.78515625 0.45703125 0.796875 0.5
1163 0.5859375 0.4453125 0.54296875 0.45703125 0.5703125 0.47265625 0.61328125 0.46875 0.5859375 0.4453125
402 0.078125 0 0.59765625 0.09765625 0.890625 0 0.078125 0
385 0 0.9922028197115385 0.9921875 0.99609375 0.98828125 0.734375 0.96484375 0.734375 0.6484375 0.921875 0.2578125 0.65625 0 0.73828125 0 0.9922028197115385
1861 0.12890625 0.44140625 0.14453125 0.45703125 0.171875 0.44921875 0.17578125 0.4296875 0.15625 0.4140625 0.13671875 0.421875 0.12890625 0.44140625
297 0.34375 0.41015625 0.3203125 0.39453125 0.296875 0.3671875 0.29296875 0.38671875 0.26953125 0.41015625 0.28125 0.4296875 0.30078125 0.4296875 0.34375 0.4296875 0.34375 0.41015625