207 0 0.77734375 0.109375 0.82421875 0.21484375 0.87109375 0.31640625 0.9140625 0.3515625 0.9375 0.4453125 0.96484375 0.48046875 0.9296875 0.53515625 0.859375 0.61328125 0.79296875 0.73828125 0.67578125 0.78125 0.640625 0.81640625 0.5859375 0.765625 0.47265625 0.41796875 0.421875 0.36328125 0.3671875 0.3125 0.34375 0.2734375 0.328125 0.23046875 0.3515625 0.1484375 0.34765625 0.1171875 0.36328125 0 0.3859627043269231 0 0.77734375
1329 0.1015625 0.5078125 0.14453125 0.5078125 0.1875 0.4921875 0.25 0.4375 0.1953125 0.38671875 0.17578125 0.35546875 0.13671875 0.359375 0.0703125 0.38671875 0.0390625 0.4140625 0.046875 0.46875 0.1015625 0.5078125
1329 0.3046875 0.46484375 0.35546875 0.421875 0.3203125 0.375 0.2578125 0.32421875 0.20703125 0.375 0.20703125 0.39453125 0.21484375 0.41015625 0.3046875 0.46484375
1942 0 0 0 0.3274396923076923 0.21875 0.2890625 0.16796875 0.01171875 0.0390625 0 0 0
1942 0.98828125 0.0234375 0.69921875 0.03125 0.70703125 0.2890625 0.9921875 0.30859375 0.98828125 0.0234375
1743 0.87109375 0.30859375 0.82421875 0.30859375 0.79296875 0.31640625 0.79296875 0.39453125 0.89453125 0.421875 0.90625 0.328125 0.87109375 0.30859375
1748 0.921875 0.5625 0.921875 0.41796875 0.859375 0.3984375 0.81640625 0.40234375 0.77734375 0.40234375 0.7734375 0.42578125 0.78125 0.54296875 0.90234375 0.57421875 0.921875 0.5625
605 0.51171875 0.44140625 0.515625 0.40234375 0.546875 0.39453125 0.56640625 0.3671875 0.49609375 0.33203125 0.46875 0.28515625 0.328125 0.29296875 0.33203125 0.359375 0.3984375 0.41015625 0.51171875 0.44140625
1219 0.5390625 0.1015625 0.5390625 0.203125 0.60546875 0.1953125 0.60546875 0.1015625 0.5390625 0.1015625
1469 0.6953125 0.703125 0.640625 0.75 0.578125 0.80078125 0.546875 0.84765625 0.49609375 0.87890625 0.4140625 0.9296875 0.3359375 0.91015625 0.21875 0.9921875 0.9921875 0.9921875 0.9921875 0.64453125 0.80078125 0.59765625 0.7734375 0.62109375 0.7265625 0.66015625 0.6953125 0.703125
279 0.38671875 0.2421875 0.38671875 0.2890625 0.4453125 0.2890625 0.44921875 0.24609375 0.38671875 0.2421875
1413 0.68359375 0.44921875 0.68359375 0.4140625 0.6796875 0.375 0.5859375 0.375 0.5859375 0.44140625 0.6484375 0.45703125 0.68359375 0.44921875
1329 0.2734375 0.44921875 0.23828125 0.46875 0.2265625 0.49609375 0.25390625 0.51171875 0.27734375 0.49609375 0.3046875 0.47265625 0.33984375 0.46875 0.3203125 0.45703125 0.29296875 0.44921875 0.2734375 0.44921875
1329 0.20703125 0.49609375 0.2265625 0.47265625 0.25390625 0.45703125 0.2578125 0.4453125 0.23828125 0.4453125 0.17578125 0.46484375 0.16796875 0.49609375 0.19140625 0.5078125 0.20703125 0.49609375
1329 0.328125 0.42578125 0.27734375 0.42578125 0.3203125 0.46875 0.3359375 0.4453125 0.328125 0.42578125