207 0.82421875 0.77734375 0.84375 0.7734375 0.8359375 0.4375 0.8203125 0.4140625 0.81640625 0.53125 0.7109375 0.55078125 0.70703125 0.4453125 0.69921875 0.4140625 0.6875 0.453125 0.68359375 0.5859375 0.51171875 0.5625 0.47265625 0.5078125 0.4453125 0.48828125 0.44921875 0.3671875 0.4296875 0.37109375 0.42578125 0.46875 0.37890625 0.4453125 0.359375 0.44921875 0.3046875 0.48046875 0.30078125 0.36328125 0.28125 0.36328125 0.2734375 0.71484375 0.28515625 0.72265625 0.28515625 0.69921875 0.69140625 0.796875 0.703125 0.84375 0.7265625 0.828125 0.73046875 0.79296875 0.8203125 0.75 0.82421875 0.77734375
314 0.015625 0.91796875 0.109375 0.96875 0.3125 0.89453125 0.3125 0.8046875 0.10546875 0.86328125 0.01171875 0.82421875 0.015625 0.91796875
404 0.50146484375 0 0.484375 0.02734375 0.47265625 0.05078125 0.42578125 0.09375 0.42578125 0.1171875 0.47265625 0.1328125 0.58203125 0.12890625 0.62890625 0.09765625 0.5703125 0.05078125 0.546875 0.05078125 0.55859375 0.02734375 0.52783203125 0 0.50146484375 0
1120 0.62109375 0.45703125 0.8125 0.46875 0.828125 0.34765625 0.6328125 0.3515625 0.62109375 0.45703125
1027 0.87890625 0.375 0.90625 0.3359375 0.8828125 0.28125 0.828125 0.3046875 0.84375 0.3515625 0.87890625 0.375
1329 0.36328125 0.51171875 0.37890625 0.57421875 0.50390625 0.5703125 0.4609375 0.5078125 0.36328125 0.51171875
314 0.27734375 0.80078125 0.27734375 0.7265625 0.21484375 0.6875 0.0546875 0.7109375 0.02734375 0.796875 0.13671875 0.8359375 0.27734375 0.80078125
314 0.30078125 0.98828125 0.3515625 0.97265625 0.3515625 0.90625 0.328125 0.8984375 0.296875 0.8984375 0.08984375 0.95703125 0.0078125 0.9296875 0.0078125 0.98828125 0.30078125 0.98828125
1469 1 0.9479166682692307 0.37109375 0.73828125 0.28125 0.75390625 0.2890625 0.79296875 0.30078125 0.80078125 0.3203125 0.8125 0.3125 0.8828125 0.34375 0.8984375 0.35546875 0.9140625 0.35546875 0.984375 0.37890625 0.99609375 0.98828125 0.98828125 1 0.958984375 1 0.9479166682692307
1469 1 0.7488839302884615 0.94921875 0.734375 0.796875 0.80078125 0.99609375 0.8515625 1 0.841796875 1 0.7488839302884615
1316 0.625 0.50390625 0.6640625 0.50390625 0.66796875 0.4609375 0.6328125 0.46484375 0.625 0.50390625
1316 0.734375 0.50390625 0.76171875 0.50390625 0.7734375 0.46484375 0.73828125 0.46484375 0.734375 0.50390625
1316 0.78125 0.51171875 0.8046875 0.515625 0.80078125 0.484375 0.77734375 0.484375 0.78125 0.51171875
688 0.80859375 0.53515625 0.8046875 0.5234375 0.61328125 0.4921875 0.53515625 0.50390625 0.5234375 0.55078125 0.67578125 0.58203125 0.703125 0.5703125 0.73046875 0.54296875 0.7734375 0.54296875 0.80859375 0.53515625
564 0.921875 0.69140625 0.99609375 0.71875 1 0.22265625 0.94921875 0.21875 0.921875 0.69140625
564 0.21875 0.65625 0.2421875 0.6640625 0.2265625 0.203125 0.0078125 0.171875 0.01171875 0.640625 0.22265625 0.62890625 0.21875 0.65625
297 0.12890625 0.515625 0.13671875 0.5390625 0.1328125 0.5703125 0.16015625 0.5703125 0.16015625 0.53125 0.16015625 0.51171875 0.18359375 0.484375 0.171875 0.46875 0.1640625 0.44140625 0.12890625 0.46484375 0.11328125 0.4921875 0.12890625 0.515625
402 0.33984375 0 0.58984375 0.0625 0.6875 0.0625 1 0.00390625 0.9921875 0 0.33984375 0
1590 0.234375 0.5859375 0.24609375 0.5703125 0.16796875 0.546875 0.05078125 0.5625 0.0703125 0.63671875 0.1328125 0.625 0.234375 0.62109375 0.234375 0.5859375
314 0.06640625 0.56640625 0.1171875 0.56640625 0.109375 0.53125 0.0703125 0.53515625 0.06640625 0.56640625