1794 0.2265625 0.796875 0.21484375 0.73828125 0.2109375 0.671875 0.19140625 0.62109375 0.1484375 0.640625 0.1171875 0.63671875 0.109375 0.69140625 0.1015625 0.7734375 0.09375 0.890625 0.1328125 0.890625 0.15625 0.87890625 0.17578125 0.8671875 0.1953125 0.859375 0.21484375 0.85546875 0.22265625 0.8515625 0.2265625 0.796875
1564 0.58203125 0.6875 0.58984375 0.64453125 0.5625 0.62109375 0.5078125 0.609375 0.484375 0.61328125 0.4453125 0.61328125 0.38671875 0.6328125 0.36328125 0.65234375 0.37890625 0.6796875 0.4296875 0.70703125 0.48828125 0.7109375 0.53125 0.703125 0.58203125 0.6875
1120 0.2109375 0.62109375 0.55859375 0.5703125 0.5546875 0.203125 0.19921875 0.13671875 0.2109375 0.62109375
201 1 0.7180325264423076 0.8125 0.68359375 0.7578125 0.703125 0.72265625 0.71875 0.69921875 0.73828125 0.70703125 0.76171875 0.69921875 0.89453125 0.91015625 0.98828125 1 0.98828125 1 0.765625 1 0.7180325264423076
1794 1 0.8311011923076923 0.921875 0.8125 0.9140625 0.828125 0.9140625 0.85546875 0.92578125 0.89453125 0.96484375 0.91015625 1 0.9296875 1 0.8311011923076923
1814 0.296875 0.98828125 0.296875 0.91796875 0.2578125 0.91796875 0.23046875 0.9296875 0.23046875 0.96875 0.23046875 0.98828125 0.296875 0.98828125
531 0.6640625 0.62109375 0.66015625 0.6015625 0.546875 0.58203125 0.22265625 0.6640625 0.21484375 0.6953125 0.21484375 0.74609375 0.6640625 0.62109375
1794 0.2109375 0.72265625 0.20703125 0.671875 0.19140625 0.625 0.1640625 0.6328125 0.125 0.640625 0.109375 0.66015625 0.1015625 0.765625 0.08984375 0.8984375 0.12109375 0.8984375 0.16015625 0.8828125 0.19140625 0.86328125 0.22265625 0.85546875 0.22265625 0.828125 0.22265625 0.7734375 0.2109375 0.72265625
1545 1 0.09478538942307693 0.6796875 0.1796875 0.6875 0.88671875 0.921875 0.99609375 0.98828125 0.9921875 1 0.98046875 1 0.09478538942307693
1794 0.36328125 0.5234375 0.40234375 0.515625 0.39453125 0.40234375 0.30859375 0.40234375 0.30859375 0.5234375 0.34765625 0.51953125 0.36328125 0.5234375
1814 0.296875 0.90234375 0.27734375 0.8984375 0.25390625 0.9140625 0.2265625 0.9375 0.22265625 0.9921875 0.296875 0.9921875 0.296875 0.9609375 0.296875 0.921875 0.296875 0.90234375
1565 0.42578125 0.609375 0.40625 0.60546875 0.41015625 0.63671875 0.43359375 0.6328125 0.46875 0.62109375 0.484375 0.625 0.49609375 0.6171875 0.49609375 0.59375 0.4765625 0.5859375 0.4609375 0.57421875 0.4375 0.59375 0.42578125 0.609375
1797 0.13671875 0.5546875 0.12109375 0.57421875 0.1015625 0.60546875 0.109375 0.64453125 0.1484375 0.65625 0.1875 0.640625 0.203125 0.62890625 0.203125 0.609375 0.19921875 0.5859375 0.1875 0.5625 0.15625 0.5546875 0.13671875 0.5546875
194 0.82421875 0.6953125 0.82421875 0.671875 0.80078125 0.65234375 0.75390625 0.640625 0.75390625 0.66796875 0.7734375 0.671875 0.80078125 0.671875 0.8046875 0.6875 0.82421875 0.6953125
1027 0.6015625 0.2890625 0.5703125 0.30078125 0.5703125 0.33984375 0.6015625 0.3671875 0.62109375 0.3671875 0.6328125 0.3671875 0.64453125 0.34765625 0.65234375 0.32421875 0.63671875 0.29296875 0.6015625 0.2890625
1338 0.44140625 0.9375 0.45703125 0.9296875 0.453125 0.91796875 0.453125 0.80859375 0.42578125 0.81640625 0.4296875 0.91796875 0.421875 0.9296875 0.44140625 0.9375
792 0.28515625 0.99609375 0.90234375 0.9921875 0.89453125 0.98046875 0.578125 0.828125 0.3046875 0.96875 0.28515625 0.99609375
1549 0.78515625 0.265625 0.80078125 0.25390625 0.7890625 0.23828125 0.7578125 0.23046875 0.74609375 0.24609375 0.765625 0.26171875 0.78515625 0.265625
973 0.6015625 0.5703125 0.59765625 0.58984375 0.6015625 0.609375 0.6328125 0.609375 0.62109375 0.58984375 0.62109375 0.5703125 0.6015625 0.5703125