1794 0.8046875 0.5546875 0.82421875 0.25390625 0.52734375 0.2421875 0.5234375 0.50390625 0.55078125 0.5390625 0.80078125 0.56640625 0.8046875 0.5546875
1469 0.51953125 0.890625 0.484375 0.984375 0.83984375 0.984375 0.859375 0.82421875 0.83984375 0.8046875 0.60546875 0.7734375 0.578125 0.78125 0.51953125 0.890625
1942 0.40223817548076923 0 0.3984375 0.140625 0.79296875 0.1484375 0.8043870192307693 0 0.40223817548076923 0
1120 0 0 0 0.1484375 0.07421875 0.13671875 0.07801649278846154 0 0 0
1349 0.3125 0.33203125 0.31640625 0.30859375 0.296875 0.27734375 0.27734375 0.25390625 0.24609375 0.2421875 0.23828125 0.21875 0.2265625 0.19140625 0.203125 0.20703125 0.1875 0.21875 0.1875 0.2421875 0.1875 0.26171875 0.1875 0.2734375 0.19921875 0.28515625 0.21875 0.2890625 0.2265625 0.30078125 0.21484375 0.33203125 0.21875 0.359375 0.28515625 0.37109375 0.3046875 0.35546875 0.3125 0.33203125
1774 0.3828125 0.75390625 0.3828125 0.7734375 0.484375 0.7890625 0.48828125 0.6796875 0.52734375 0.6484375 0.546875 0.6015625 0.55078125 0.5625 0.53515625 0.51171875 0.484375 0.49609375 0.4296875 0.4921875 0.3828125 0.5 0.390625 0.57421875 0.38671875 0.68359375 0.40234375 0.69140625 0.3828125 0.75390625
1564 0.0859375 0.515625 0.1484375 0.515625 0.21875 0.50390625 0.26171875 0.47265625 0.2578125 0.4375 0.19921875 0.42578125 0.140625 0.4296875 0.08984375 0.4296875 0.015625 0.4765625 0.015625 0.515625 0.0859375 0.515625
1349 0.875 0.60546875 0.8515625 0.59765625 0.8203125 0.59375 0.76171875 0.609375 0.77734375 0.65625 0.79296875 0.671875 0.796875 0.69140625 0.796875 0.75 0.82421875 0.7578125 0.86328125 0.75390625 0.875 0.67578125 0.875 0.60546875
345 0.359375 0.88671875 0.359375 0.859375 0.38671875 0.82421875 0.3828125 0.45703125 0.0234375 0.75 0.0390625 0.9921875 0.28125 0.99609375 0.359375 0.88671875
531 0.0703125 0.4375 0.05078125 0.44140625 0.01953125 0.453125 0.02734375 0.69921875 0.390625 0.4140625 0.1328125 0.39453125 0.1171875 0.41015625 0.0859375 0.41796875 0.0703125 0.4375
291 0.046875 0.40234375 0.0703125 0.41015625 0.08203125 0.3984375 0.0859375 0.36328125 0.07421875 0.34765625 0.07421875 0.328125 0.078125 0.3125 0.03515625 0.32421875 0.05078125 0.3359375 0.04296875 0.35546875 0.0390625 0.3828125 0.046875 0.40234375
1789 0.1015625 0.40625 0.12109375 0.3984375 0.12890625 0.3828125 0.1328125 0.3515625 0.1484375 0.328125 0.1484375 0.30859375 0.12890625 0.3125 0.12109375 0.3359375 0.11328125 0.34765625 0.09375 0.34765625 0.08984375 0.375 0.09375 0.390625 0.1015625 0.40625
1897 0.1796875 0.125 0.14453125 0.12890625 0.1484375 0.19140625 0.1796875 0.19140625 0.1796875 0.125
1564 0.03515625 0.53515625 0.109375 0.53125 0.171875 0.53125 0.23828125 0.5078125 0.2734375 0.48046875 0.2578125 0.44140625 0.21875 0.4296875 0.171875 0.4296875 0.125 0.4296875 0.08984375 0.4296875 0.046875 0.44921875 0.01953125 0.4765625 0.03515625 0.53515625
1565 0.0859375 0.4375 0.10546875 0.41796875 0.0546875 0.41015625 0.0234375 0.39453125 0.01953125 0.46484375 0.0390625 0.4609375 0.0859375 0.4375
792 0.49609375 0.80078125 0.39453125 0.7890625 0.390625 0.80859375 0.29296875 0.9921875 0.8515625 0.9921875 0.859375 0.76171875 0.80078125 0.765625 0.80078125 0.703125 0.515625 0.6796875 0.515625 0.69140625 0.5234375 0.7265625 0.49609375 0.80078125