251 0.46484375 0.21744791586538462 0.466796875 0.3984375 0.92578125 0.40104166586538464 0.9267578125 0.20052083413461538 0.46484375 0.21744791586538462
402 0.19921875 0.14192708413461538 0.9990234375 0.09244791586538462 0.9990234375 0.0013020841346153846 0.0048828125 0.0013020841346153846 0.0048828125 0.06380208413461538 0.19921875 0.14192708413461538
1942 0.361328125 0.40494791586538464 0.3642578125 0.18489583413461538 0.009765625 0.1015625 0.00390625 0.43619791586538464 0.361328125 0.40494791586538464
564 0.3076171875 0.15364583413461538 0.3076171875 0.18489583413461538 0.3076171875 0.19921875 0.3154296875 0.22395833413461538 0.3125 0.2669270841346154 0.3125 0.296875 0.3125 0.33333333413461536 0.3125 0.36197916586538464 0.3232421875 0.44010416586538464 0.3330078125 0.43098958413461536 0.361328125 0.43098958413461536 0.37890625 0.4296875 0.3916015625 0.41796875 0.373046875 0.1640625 0.369140625 0.16145833413461538 0.3603515625 0.15755208413461538 0.345703125 0.15625 0.3291015625 0.15364583413461538 0.3154296875 0.15364583413461538 0.3076171875 0.15364583413461538
564 0.00390625 0.48567708413461536 0.01171875 0.48567708413461536 0.025390625 0.484375 0.041015625 0.47135416586538464 0.0400390625 0.46223958413461536 0.0380859375 0.4296875 0.03515625 0.36328125 0.029296875 0.32942708413461536 0.02734375 0.2526041658653846 0.03125 0.19921875 0.025390625 0.09895833413461538 0.025390625 0.07682291586538462 0.0166015625 0.07421875 0.0068359375 0.06510416586538462 0.00390625 0.48567708413461536
1885 0.376953125 0.12890625 0.373046875 0.5416666658653846 0.9990234375 0.5677083341346154 0.9970703125 0.09375 0.376953125 0.12890625
605 0.515625 0.47526041586538464 0.5078125 0.5625 0.6708984375 0.5598958341346154 0.669921875 0.5377604158653846 0.66796875 0.47005208413461536 0.673828125 0.46875 0.673828125 0.46223958413461536 0.669921875 0.4609375 0.5283203125 0.45703125 0.5068359375 0.46875 0.5068359375 0.47526041586538464 0.515625 0.47526041586538464
423 0.5947265625 0.45572916586538464 0.6396484375 0.46223958413461536 0.63671875 0.43880208413461536 0.619140625 0.4296875 0.6064453125 0.43489583413461536 0.595703125 0.43880208413461536 0.5947265625 0.45572916586538464
605 0.1025390625 0.9361979158653846 0.1064453125 0.9830729158653846 0.1123046875 0.9973958341346154 0.11328125 0.9309895841346154 0.166015625 0.9049479158653846 0.166015625 0.92578125 0.1728515625 0.9231770841346154 0.1767578125 0.9114583341346154 0.2021484375 0.8932291658653846 0.21875 0.88671875 0.2236328125 0.86328125 0.1162109375 0.8489583341346154 0.1044921875 0.8515625 0.1015625 0.8515625 0.123046875 0.8450520841346154 0.1123046875 0.7513020841346154 0.0859375 0.74609375 0.109375 0.7434895841346154 0.1484375 0.7395833341346154 0.19921875 0.7005208341346154 0.126953125 0.6848958341346154 0.0556640625 0.7395833341346154 0.0048828125 0.7369791658653846 0.00390625 0.8229166658653846 0.0244140625 0.8346354158653846 0.02734375 0.9010416658653846 0.0341796875 0.91015625 0.0224609375 0.9947916658653846 0.03515625 0.9934895841346154 0.0400390625 0.92578125 0.1025390625 0.9361979158653846
615 0.8203125 0.7135416658653846 0.826171875 0.6666666658653846 0.8330078125 0.6080729158653846 0.8349609375 0.52734375 0.8525390625 0.49739583413461536 0.75 0.49088541586538464 0.74609375 0.5091145841346154 0.7265625 0.515625 0.7197265625 0.5455729158653846 0.69921875 0.5442708341346154 0.6865234375 0.5638020841346154 0.6611328125 0.5625 0.6591796875 0.5833333341346154 0.6494140625 0.5846354158653846 0.646484375 0.5989583341346154 0.6083984375 0.6015625 0.6044921875 0.625 0.5830078125 0.6263020841346154 0.5712890625 0.6497395841346154 0.5263671875 0.6484375 0.5205078125 0.6783854158653846 0.5048828125 0.6809895841346154 0.48046875 0.7239583341346154 0.419921875 0.7200520841346154 0.4091796875 0.7513020841346154 0.390625 0.7552083341346154 0.3466796875 0.8098958341346154 0.3447265625 0.8385416658653846 0.2568359375 0.8255208341346154 0.2470703125 0.8815104158653846 0.2265625 0.87890625 0.1279296875 0.9739583341346154 0.234375 1 0.4296875 0.9973958341346154 0.6357421875 0.99609375 0.6591796875 0.99609375 0.7900390625 0.7799479158653846 0.8203125 0.7135416658653846
615 0.3544921875 0.4921875 0.388671875 0.49088541586538464 0.400390625 0.47265625 0.337890625 0.46354166586538464 0.330078125 0.47786458413461536 0.302734375 0.46744791586538464 0.298828125 0.48697916586538464 0.2822265625 0.49088541586538464 0.2529296875 0.49088541586538464 0.2451171875 0.5026041658653846 0.2333984375 0.5013020841346154 0.189453125 0.5026041658653846 0.189453125 0.5208333341346154 0.158203125 0.5208333341346154 0.154296875 0.52734375 0.1025390625 0.5221354158653846 0.1015625 0.5390625 0.07421875 0.53515625 0.0595703125 0.5494791658653846 0.005859375 0.54296875 0.0029296875 0.6197916658653846 0.0224609375 0.6028645841346154 0.046875 0.6041666658653846 0.0517578125 0.5833333341346154 0.1015625 0.5872395841346154 0.140625 0.5638020841346154 0.173828125 0.5703125 0.1767578125 0.5611979158653846 0.2138671875 0.5651041658653846 0.2431640625 0.5416666658653846 0.2607421875 0.546875 0.2607421875 0.5364583341346154 0.287109375 0.5377604158653846 0.2939453125 0.5299479158653846 0.32421875 0.5299479158653846 0.3291015625 0.5182291658653846 0.3525390625 0.5208333341346154 0.3544921875 0.4921875
615 0.048828125 0.6041666658653846 0.0205078125 0.6041666658653846 0.00390625 0.6184895841346154 0.0029296875 0.7005208341346154 0.0029296875 0.7330729158653846 0.0517578125 0.73828125 0.125 0.6809895841346154 0.1484375 0.6901041658653846 0.1513671875 0.6614583341346154 0.20703125 0.6614583341346154 0.2587890625 0.6276041658653846 0.2734375 0.6315104158653846 0.2802734375 0.6080729158653846 0.3564453125 0.6158854158653846 0.3779296875 0.61328125 0.384765625 0.5703125 0.4111328125 0.5768229158653846 0.4306640625 0.5598958341346154 0.4462890625 0.5598958341346154 0.447265625 0.5520833341346154 0.4619140625 0.5403645841346154 0.4794921875 0.5377604158653846 0.4990234375 0.5377604158653846 0.4990234375 0.49869791586538464 0.5419921875 0.49479166586538464 0.546875 0.47786458413461536 0.4814453125 0.48307291586538464 0.4375 0.47916666586538464 0.4375 0.5 0.4287109375 0.5026041658653846 0.392578125 0.5026041658653846 0.392578125 0.5169270841346154 0.3671875 0.5130208341346154 0.365234375 0.5221354158653846 0.3505859375 0.5221354158653846 0.328125 0.5169270841346154 0.3203125 0.5325520841346154 0.2900390625 0.5299479158653846 0.287109375 0.54296875 0.26171875 0.5377604158653846 0.2568359375 0.5494791658653846 0.2373046875 0.54296875 0.2109375 0.5677083341346154 0.1826171875 0.5598958341346154 0.1767578125 0.5677083341346154 0.134765625 0.5651041658653846 0.1005859375 0.5885416658653846 0.0498046875 0.5807291658653846 0.048828125 0.6041666658653846
615 0.1455078125 0.6875 0.193359375 0.7057291658653846 0.169921875 0.7291666658653846 0.158203125 0.8333333341346154 0.15625 0.8502604158653846 0.21875 0.859375 0.2236328125 0.8763020841346154 0.24609375 0.8841145841346154 0.255859375 0.828125 0.3486328125 0.84375 0.349609375 0.80859375 0.388671875 0.7526041658653846 0.4111328125 0.74609375 0.419921875 0.7200520841346154 0.482421875 0.7278645841346154 0.5029296875 0.6783854158653846 0.5205078125 0.6770833341346154 0.5224609375 0.6458333341346154 0.5732421875 0.6471354158653846 0.580078125 0.62109375 0.603515625 0.6184895841346154 0.607421875 0.59765625 0.642578125 0.58984375 0.646484375 0.51953125 0.6611328125 0.49869791586538464 0.59375 0.49088541586538464 0.591796875 0.5013020841346154 0.54296875 0.5013020841346154 0.5400390625 0.5221354158653846 0.529296875 0.5221354158653846 0.515625 0.5247395841346154 0.5146484375 0.5416666658653846 0.4921875 0.5390625 0.4580078125 0.5390625 0.447265625 0.5559895841346154 0.4248046875 0.5520833341346154 0.4072265625 0.5716145841346154 0.380859375 0.5716145841346154 0.3681640625 0.6119791658653846 0.2763671875 0.6106770841346154 0.2685546875 0.6328125 0.2548828125 0.62890625 0.197265625 0.66796875 0.1484375 0.6627604158653846 0.1455078125 0.6875
113 0.3759765625 0.12890625 0.1953125 0.13932291586538462 0.0048828125 0.0625 0.0048828125 0.5065104158653846 0.0068359375 0.7018229158653846 0.37109375 0.5442708341346154 0.3759765625 0.12890625
792 0.0048828125 0.703125 0.00390625 0.99609375 0.9990234375 0.9973958341346154 0.9990234375 0.5690104158653846 0.3701171875 0.5455729158653846 0.0048828125 0.703125