402 0.9984375000000001 0.20625 0.9750000000000001 0.2104166658653846 0.9234374999999999 0.21875 0.809375 0.2145833341346154 0.7 0.2 0.6078125 0.18125000000000002 0.49687499999999996 0.1604166658653846 0.37031250000000004 0.13541666586538462 0.278125 0.11249999999999999 0.1984375 0.08541666586538461 0.134375 0.06458333413461538 0.046875 0.025 0.0015625 0.0020833341346153844 0.0015625 0.2729166658653846 0.7359374999999999 0.33333333413461536 0.9921875 0.25 0.9984375000000001 0.20625
1885 0.0015625 0 0.05 0.025 0.09843750000000001 0.047916665865384615 0.153125 0.06875 0.21718749999999998 0.09166666586538462 0.3359375 0.1270833341346154 0.421875 0.14375 0.5203125 0.1604166658653846 0.625 0.1833333341346154 0.7515624999999999 0.20625 0.840625 0.2145833341346154 0.925 0.21875 0.996875 0.20625 0.996875 0.12083333413461537 0.9578125 0.12291666586538462 0.903125 0.1291666658653846 0.8374999999999999 0.1270833341346154 0.7421875 0.11875 0.6453125 0.09791666586538463 0.5578125 0.07083333413461539 0.428125 0.0375 0.3421875 0.014583334134615385 0.30625 0 0.0015625 0
1291 0.8625 0.07916666586538461 0.8578125000000001 0.09583333413461538 0.8500000000000001 0.09791666586538463 0.8421875000000001 0.12291666586538462 0.8640625 0.125 0.878125 0.125 0.8796875 0.11041666586538461 0.871875 0.10208333413461539 0.878125 0.09166666586538462 0.871875 0.07708333413461539 0.8625 0.07916666586538461
1291 0.8390625 0.10625000000000001 0.8328125 0.1 0.8296874999999999 0.0875 0.8296874999999999 0.075 0.825 0.07083333413461539 0.815625 0.07708333413461539 0.8187500000000001 0.08541666586538461 0.8203125 0.09583333413461538 0.809375 0.10625000000000001 0.8031250000000001 0.12291666586538462 0.8359375 0.12083333413461537 0.8390625 0.10625000000000001
1291 0.7625 0.10625000000000001 0.765625 0.10208333413461539 0.7625 0.08958333413461537 0.753125 0.0875 0.75 0.09375 0.7515624999999999 0.10208333413461539 0.7421875 0.11041666586538461 0.7609375 0.11875 0.7671874999999999 0.11249999999999999 0.7625 0.10625000000000001
913 0.423611110576923 0 0.4625 0.016666665865384615 0.4625 0.04375 0.46875 0.04375 0.46875 0.014583334134615385 0.5359375 0.03541666586538462 0.58125 0.047916665865384615 0.6046875 0.056249999999999994 0.603125 0.08124999999999999 0.6078125 0.08333333413461538 0.6125 0.056249999999999994 0.7078125 0.08124999999999999 0.7093750000000001 0.10833333413461539 0.715625 0.10833333413461539 0.7171875000000001 0.08333333413461538 0.78125 0.09375 0.8453124999999999 0.10208333413461539 0.8859375 0.10625000000000001 0.8921874999999999 0.12291666586538462 0.8968750000000001 0.1270833341346154 0.8968750000000001 0.10625000000000001 0.9359375000000001 0.1 0.9734375 0.09583333413461538 0.9906250000000001 0.09166666586538462 0.9953125 0.07708333413461539 0.9578125 0.08958333413461537 0.9015625 0.09791666586538463 0.8828125 0.09791666586538463 0.840625 0.09375 0.7984374999999999 0.0875 0.7078125 0.07083333413461539 0.6343749999999999 0.05208333413461538 0.5515625 0.029166665865384616 0.4609375 0.00625 0.43632812499999996 0 0.423611110576923 0
1885 0.3169270817307692 0 0.33906250000000004 0.010416665865384615 0.396875 0.029166665865384616 0.4703125 0.047916665865384615 0.5453125 0.06666666586538461 0.6328125 0.09375 0.7406250000000001 0.11875 0.8374999999999999 0.1270833341346154 0.903125 0.1291666658653846 0.9578125 0.12291666586538462 0.9984375000000001 0.12291666586538462 0.9984375000000001 0 0.3169270817307692 0
1885 0.9984375000000001 0.5291666658653846 0.9984375000000001 0.3125 0.9953125 0.2479166658653846 0.734375 0.33333333413461536 0.7421875 0.4729166658653846 0.9984375000000001 0.5291666658653846
1885 0.7328125000000001 0.33333333413461536 0.6640625 0.3291666658653846 0.5046875 0.3125 0.2921875 0.2958333341346154 0.0015625 0.2708333341346154 0.0015625 0.32499999999999996 0.0015625 0.4833333341346154 0.7453125 0.475 0.7328125000000001 0.33333333413461536
1646 0 0.9937499999999999 0.996875 0.9937499999999999 0.9984375000000001 0.5083333341346153 0.7390625 0.4395833341346154 0.0015625 0.4458333341346154 0 0.7197916658653847 0 0.9937499999999999
1506 0.9859374999999999 0.9937499999999999 0.9890625 0.96875 0.9921875 0.9166666658653846 0.903125 0.8833333341346153 0.8953125 0.8958333341346154 0.8609374999999999 0.7541666658653846 0.8515625 0.7395833341346154 0.8390625 0.7333333341346153 0.7609375 0.7625 0.7484375000000001 0.7833333341346154 0.7484375000000001 0.7979166658653847 0.734375 0.7770833341346154 0.7250000000000001 0.7749999999999999 0.6625000000000001 0.79375 0.6234375000000001 0.8125 0.6046875 0.8270833341346153 0.603125 0.8458333341346154 0.603125 0.89375 0.59375 0.8458333341346154 0.5875 0.8374999999999999 0.5734375 0.8270833341346153 0.559375 0.8270833341346153 0.44999999999999996 0.8604166658653847 0.41874999999999996 0.8770833341346154 0.40312499999999996 0.8958333341346154 0.396875 0.9229166658653847 0.39531249999999996 0.9604166658653847 0.396875 0.9770833341346153 0.3984375 0.9958333341346154 0.9859374999999999 0.9937499999999999
1291 0.265625 0.95 0.2859375 0.95 0.3203125 0.9624999999999999 0.32499999999999996 0.9958333341346154 0.396875 0.9958333341346154 0.39531249999999996 0.9729166658653846 0.3984375 0.9083333341346154 0.40937500000000004 0.8854166658653846 0.4296875 0.8666666658653847 0.490625 0.84375 0.48124999999999996 0.8270833341346153 0.45781249999999996 0.7875000000000001 0.4390625 0.75 0.41718750000000004 0.7270833341346153 0.3984375 0.7208333341346154 0.390625 0.7124999999999999 0.396875 0.6937500000000001 0.390625 0.66875 0.38593750000000004 0.6499999999999999 0.38593750000000004 0.6312500000000001 0.3609375 0.6083333341346153 0.3453125 0.6083333341346153 0.32499999999999996 0.6187499999999999 0.3125 0.6291666658653846 0.30781250000000004 0.6541666658653846 0.3140625 0.6729166658653847 0.3109375 0.6833333341346154 0.30625 0.6916666658653846 0.30625 0.70625 0.2984375 0.7250000000000001 0.2828125 0.7395833341346154 0.259375 0.7479166658653846 0.2390625 0.7666666658653847 0.23125 0.7916666658653846 0.2296875 0.8166666658653846 0.221875 0.8458333341346154 0.21875 0.8729166658653846 0.21718749999999998 0.9041666658653846 0.23125 0.9312499999999999 0.2453125 0.9333333341346154 0.265625 0.95
1291 0.5484375 0.6979166658653846 0.5390625 0.6854166658653846 0.5390625 0.66875 0.5234375 0.6333333341346153 0.5140625 0.625 0.4984375 0.6270833341346154 0.4828125 0.6458333341346154 0.478125 0.66875 0.478125 0.6916666658653846 0.478125 0.70625 0.4609375 0.7229166658653846 0.4390625 0.75 0.45625000000000004 0.7833333341346154 0.48124999999999996 0.8291666658653847 0.4921875 0.8458333341346154 0.525 0.8354166658653847 0.553125 0.825 0.5671875 0.825 0.584375 0.8333333341346154 0.590625 0.8458333341346154 0.6 0.8708333341346154 0.6015625 0.8374999999999999 0.6046875 0.8208333341346153 0.6187499999999999 0.8104166658653846 0.6171875 0.7916666658653846 0.609375 0.7770833341346154 0.6015625 0.7645833341346153 0.596875 0.7416666658653847 0.5875 0.7291666658653846 0.5671875 0.70625 0.5484375 0.6979166658653846
1291 0.6812499999999999 0.7833333341346154 0.7140625 0.7770833341346154 0.73125 0.7770833341346154 0.7406250000000001 0.7833333341346154 0.75 0.79375 0.75 0.7875000000000001 0.7578125 0.7625 0.778125 0.7562500000000001 0.796875 0.7437499999999999 0.7890625 0.7395833341346154 0.7765625 0.71875 0.7625 0.6833333341346154 0.7515624999999999 0.6729166658653847 0.7390625 0.6645833341346153 0.7453125 0.6520833341346154 0.7453125 0.6354166658653846 0.7421875 0.6270833341346154 0.7421875 0.6020833341346153 0.7375 0.5854166658653847 0.7203124999999999 0.5791666658653847 0.7 0.58125 0.6828125 0.5979166658653846 0.6828125 0.6187499999999999 0.6828125 0.6354166658653846 0.6796875 0.65625 0.6671875 0.6791666658653847 0.6609375 0.7104166658653847 0.6640625 0.7333333341346153 0.6671875 0.7458333341346154 0.675 0.7666666658653847 0.6812499999999999 0.7833333341346154
1291 0.784375 0.7291666658653846 0.796875 0.7437499999999999 0.8171875 0.7416666658653847 0.840625 0.7354166658653847 0.8515625 0.7354166658653847 0.859375 0.7416666658653847 0.871875 0.7208333341346154 0.8984375 0.7041666658653847 0.8843749999999999 0.70625 0.85625 0.6875 0.8343750000000001 0.65625 0.8234375 0.6375 0.828125 0.6 0.8171875 0.5729166658653846 0.8031250000000001 0.56875 0.7875000000000001 0.56875 0.78125 0.5854166658653847 0.778125 0.6020833341346153 0.778125 0.6166666658653847 0.7718750000000001 0.625 0.7734375 0.64375 0.76875 0.6583333341346154 0.7640625000000001 0.6833333341346154 0.7734375 0.70625 0.784375 0.7291666658653846
1291 0.6234375000000001 0.6729166658653847 0.6359375 0.6979166658653846 0.6390625000000001 0.7083333341346154 0.640625 0.675 0.6468750000000001 0.6583333341346154 0.640625 0.65625 0.625 0.6395833341346153 0.6046875 0.6187499999999999 0.603125 0.6020833341346153 0.596875 0.5895833341346154 0.59375 0.5729166658653846 0.59375 0.5583333341346154 0.5828125 0.55 0.565625 0.55 0.5515625 0.5541666658653847 0.5484375 0.5708333341346153 0.546875 0.5875 0.55 0.6 0.54375 0.6208333341346154 0.540625 0.6375 0.5421875 0.6541666658653846 0.5515625 0.6791666658653847 0.5765625 0.6791666658653847 0.609375 0.6708333341346153 0.6234375000000001 0.6729166658653847
1507 0.59375 0.6708333341346153 0.56875 0.6791666658653847 0.546875 0.6875 0.5453125 0.6937500000000001 0.5734375 0.7104166658653847 0.5875 0.7229166658653846 0.5984375 0.7458333341346154 0.609375 0.7770833341346154 0.6203125 0.8062499999999999 0.625 0.8104166658653846 0.6468750000000001 0.79375 0.66875 0.7895833341346153 0.6781250000000001 0.7854166658653846 0.6703125000000001 0.7562500000000001 0.6625000000000001 0.7250000000000001 0.6640625 0.6937500000000001 0.671875 0.6708333341346153 0.6765625 0.6583333341346154 0.6734374999999999 0.65625 0.6515625 0.6625000000000001 0.640625 0.6770833341346154 0.640625 0.7020833341346153 0.6468750000000001 0.7625 0.6390625000000001 0.7145833341346154 0.6312500000000001 0.6916666658653846 0.6203125 0.675 0.59375 0.6708333341346153
1291 0.4765625 0.6812499999999999 0.48124999999999996 0.65625 0.48906249999999996 0.6354166658653846 0.503125 0.625 0.5046875 0.6145833341346154 0.4984375 0.6125 0.49375 0.6 0.4921875 0.58125 0.48750000000000004 0.5645833341346154 0.4765625 0.54375 0.4625 0.54375 0.44843750000000004 0.5520833341346154 0.4390625 0.5666666658653846 0.4390625 0.5854166658653847 0.4453125 0.5979166658653846 0.446875 0.6125 0.44062500000000004 0.625 0.428125 0.64375 0.428125 0.6666666658653846 0.4375 0.7041666658653847 0.44999999999999996 0.7 0.4765625 0.6979166658653846 0.4765625 0.6812499999999999
1291 0.2234375 0.8125 0.22812500000000002 0.8020833341346154 0.2375 0.7708333341346154 0.24843749999999998 0.7541666658653846 0.2734375 0.7354166658653847 0.2921875 0.73125 0.3015625 0.7145833341346154 0.2984375 0.6916666658653846 0.290625 0.6770833341346154 0.2796875 0.6729166658653847 0.25625 0.6604166658653846 0.2640625 0.6375 0.2640625 0.6145833341346154 0.25 0.5833333341346154 0.234375 0.575 0.22031250000000002 0.5833333341346154 0.2109375 0.6 0.2078125 0.6145833341346154 0.21250000000000002 0.6416666658653847 0.2140625 0.6499999999999999 0.2109375 0.6645833341346153 0.20468750000000002 0.6729166658653847 0.1828125 0.6937500000000001 0.1765625 0.7208333341346154 0.175 0.75 0.184375 0.7895833341346153 0.203125 0.8104166658653846 0.21718749999999998 0.8166666658653846 0.2234375 0.8125
1291 0.15 0.7416666658653847 0.146875 0.7770833341346154 0.1609375 0.7979166658653847 0.1671875 0.7854166658653846 0.1671875 0.7437499999999999 0.1671875 0.7291666658653846 0.1671875 0.6812499999999999 0.1765625 0.6604166658653846 0.2 0.6541666658653846 0.2109375 0.6499999999999999 0.2078125 0.6208333341346154 0.1984375 0.6125 0.1921875 0.60625 0.203125 0.5854166658653847 0.20156249999999998 0.56875 0.2 0.5479166658653847 0.1796875 0.5395833341346153 0.16249999999999998 0.55 0.15625 0.5645833341346154 0.15781250000000002 0.5875 0.1640625 0.59375 0.15468749999999998 0.6083333341346153 0.14375 0.6208333341346154 0.128125 0.6395833341346153 0.115625 0.6666666658653846 0.1078125 0.6958333341346153 0.11406250000000001 0.7145833341346154 0.128125 0.7250000000000001 0.15 0.7270833341346153 0.15 0.7416666658653847
1291 0.12187500000000001 0.65625 0.1265625 0.6416666658653847 0.128125 0.625 0.1375 0.6083333341346153 0.153125 0.60625 0.159375 0.5916666658653846 0.15625 0.5833333341346154 0.15625 0.5666666658653846 0.1609375 0.55 0.1609375 0.5375 0.1609375 0.525 0.15468749999999998 0.5145833341346153 0.140625 0.5125 0.13125 0.5208333341346154 0.125 0.5291666658653846 0.12187500000000001 0.5520833341346154 0.1265625 0.5645833341346154 0.12187500000000001 0.575 0.1109375 0.5791666658653847 0.0921875 0.5875 0.0921875 0.6020833341346153 0.09062500000000001 0.6166666658653847 0.084375 0.6354166658653846 0.0859375 0.65625 0.1 0.6625000000000001 0.1078125 0.6604166658653846 0.12187500000000001 0.65625
1291 0.2828125 0.55 0.275 0.5416666658653846 0.2640625 0.5458333341346153 0.25 0.55625 0.2453125 0.5729166658653846 0.25 0.5791666658653847 0.25625 0.59375 0.2609375 0.6145833341346154 0.2625 0.6375 0.2796875 0.64375 0.2890625 0.65625 0.3 0.6791666658653847 0.3015625 0.6583333341346154 0.303125 0.6416666658653847 0.30937499999999996 0.625 0.31718749999999996 0.6187499999999999 0.30781250000000004 0.60625 0.2921875 0.5979166658653846 0.2890625 0.5770833341346153 0.290625 0.5645833341346154 0.2828125 0.55
1291 0.6453125 0.6583333341346154 0.671875 0.65625 0.6812499999999999 0.64375 0.6859375000000001 0.6 0.6875 0.5833333341346154 0.6984375 0.5729166658653846 0.6984375 0.55 0.6984375 0.5354166658653846 0.6890624999999999 0.525 0.671875 0.525 0.65625 0.5333333341346154 0.6515625 0.55 0.653125 0.5729166658653846 0.6546875000000001 0.5916666658653846 0.6359375 0.6125 0.6343749999999999 0.6333333341346153 0.6359375 0.6479166658653847 0.6453125 0.6583333341346154
1291 0.5125 0.54375 0.5171875 0.5229166658653847 0.5109375 0.5166666658653847 0.503125 0.50625 0.48750000000000004 0.5083333341346153 0.478125 0.5229166658653847 0.47343749999999996 0.5354166658653846 0.4828125 0.5479166658653847 0.49375 0.5916666658653846 0.49687499999999996 0.6020833341346153 0.5078125 0.6104166658653847 0.5140625 0.6125 0.5234375 0.6125 0.5296875 0.6041666658653846 0.5234375 0.5916666658653846 0.5265625 0.575 0.5203125 0.5645833341346154 0.5125 0.54375
1291 0.4078125 0.5416666658653846 0.40312499999999996 0.5208333341346154 0.38749999999999996 0.5104166658653846 0.375 0.5145833341346153 0.36406249999999996 0.525 0.36406249999999996 0.5416666658653846 0.365625 0.55625 0.365625 0.5625 0.3734375 0.5625 0.396875 0.575 0.40156250000000004 0.5875 0.40312499999999996 0.6083333341346153 0.40937500000000004 0.6208333341346154 0.4078125 0.6375 0.41718750000000004 0.64375 0.4125 0.6770833341346154 0.4203125 0.7 0.42500000000000004 0.6958333341346153 0.4234375 0.6666666658653846 0.4203125 0.6416666658653847 0.43125 0.625 0.43437499999999996 0.6145833341346154 0.42500000000000004 0.59375 0.4140625 0.5791666658653847 0.4046875 0.5729166658653846 0.41093749999999996 0.5625 0.4078125 0.5416666658653846
1291 0.21875 0.56875 0.2109375 0.5854166658653847 0.2265625 0.5729166658653846 0.2421875 0.575 0.2453125 0.5625 0.25625 0.5520833341346154 0.259375 0.5458333341346153 0.24843749999999998 0.53125 0.23125 0.5291666658653846 0.21875 0.5395833341346153 0.21875 0.55625 0.21875 0.56875
1291 0.271875 0.4854166658653846 0.2609375 0.5020833341346154 0.2578125 0.5166666658653847 0.253125 0.5354166658653846 0.259375 0.5395833341346153 0.26875 0.5354166658653846 0.28125 0.55 0.290625 0.5625 0.2953125 0.5520833341346154 0.29375 0.5416666658653846 0.2921875 0.5291666658653846 0.29375 0.5104166658653846 0.2828125 0.48958333413461536 0.271875 0.4854166658653846
1291 0.328125 0.5020833341346154 0.3140625 0.50625 0.30781250000000004 0.51875 0.30781250000000004 0.53125 0.30937499999999996 0.54375 0.3140625 0.55 0.3 0.5541666658653847 0.29375 0.5729166658653846 0.2984375 0.6041666658653846 0.31562500000000004 0.6041666658653846 0.32499999999999996 0.6 0.34062499999999996 0.5916666658653846 0.3453125 0.58125 0.35624999999999996 0.5729166658653846 0.35468750000000004 0.5583333341346154 0.3375 0.5479166658653847 0.33906250000000004 0.53125 0.34062499999999996 0.5145833341346153 0.328125 0.5020833341346154
1291 0.6187499999999999 0.5229166658653847 0.609375 0.5145833341346153 0.596875 0.5166666658653847 0.5859375 0.5229166658653847 0.5828125 0.5395833341346153 0.5875 0.55 0.59375 0.5645833341346154 0.5953125 0.5854166658653847 0.6015625 0.5916666658653846 0.6234375000000001 0.5958333341346154 0.6375 0.5979166658653846 0.6375 0.5854166658653847 0.6312500000000001 0.5729166658653846 0.6187499999999999 0.5666666658653846 0.6203125 0.55 0.6203125 0.5395833341346153 0.6187499999999999 0.5229166658653847
1291 0.9140625 0.6395833341346153 0.89375 0.6270833341346154 0.8859375 0.6145833341346154 0.8859375 0.6020833341346153 0.8812500000000001 0.58125 0.8734375000000001 0.5625 0.8640625 0.55 0.8453124999999999 0.55 0.83125 0.5645833341346154 0.825 0.5791666658653847 0.828125 0.6041666658653846 0.825 0.6291666658653846 0.8359375 0.6604166658653846 0.85625 0.6895833341346154 0.8765624999999999 0.7 0.8890625000000001 0.7 0.8984375 0.7041666658653847 0.9125000000000001 0.7041666658653847 0.9265625 0.6979166658653846 0.925 0.6833333341346154 0.9296875 0.66875 0.9265625 0.6499999999999999 0.9140625 0.6395833341346153
1291 0.47187500000000004 0.5416666658653846 0.4765625 0.5291666658653846 0.478125 0.5145833341346153 0.475 0.4979166658653846 0.47187500000000004 0.48958333413461536 0.46406250000000004 0.4854166658653846 0.45625000000000004 0.48750000000000004 0.44843750000000004 0.5020833341346154 0.44999999999999996 0.5166666658653847 0.4515625 0.5291666658653846 0.4375 0.5395833341346153 0.44062500000000004 0.55625 0.45625000000000004 0.54375 0.47187500000000004 0.5416666658653846
1291 0.09062500000000001 0.6229166658653846 0.09062500000000001 0.5875 0.10625000000000001 0.575 0.12031249999999999 0.5708333341346153 0.1171875 0.5541666658653847 0.11249999999999999 0.5479166658653847 0.11875 0.5229166658653847 0.1109375 0.5020833341346154 0.09687499999999999 0.49375 0.08281250000000001 0.50625 0.08124999999999999 0.5229166658653847 0.0796875 0.5375 0.071875 0.5541666658653847 0.0640625 0.5666666658653846 0.0625 0.59375 0.0671875 0.6187499999999999 0.075 0.6187499999999999 0.09062500000000001 0.6229166658653846
1277 0.24843749999999998 0.4229166658653846 0.2296875 0.42708333413461536 0.21875 0.4333333341346154 0.203125 0.41874999999999996 0.18593749999999998 0.41874999999999996 0.171875 0.42708333413461536 0.146875 0.4145833341346154 0.1359375 0.42500000000000004 0.12031249999999999 0.41874999999999996 0.1 0.40625 0.1 0.4208333341346154 0.08906249999999999 0.4291666658653846 0.071875 0.4229166658653846 0.0578125 0.4104166658653846 0.053125000000000006 0.4229166658653846 0.048437499999999994 0.4291666658653846 0.0375 0.42708333413461536 0.03125 0.4145833341346154 0.0171875 0.4020833341346154 0.0109375 0.4041666658653846 0.00625 0.43125 0.0125 0.4520833341346154 0.03125 0.4645833341346154 0.03125 0.475 0.040624999999999994 0.48124999999999996 0.048437499999999994 0.47916666586538464 0.0578125 0.48958333413461536 0.060937500000000006 0.5020833341346154 0.0734375 0.5020833341346154 0.0796875 0.5145833341346153 0.08906249999999999 0.5041666658653846 0.0953125 0.49375 0.103125 0.4958333341346154 0.11406250000000001 0.50625 0.115625 0.5291666658653846 0.1171875 0.54375 0.1234375 0.5291666658653846 0.1328125 0.5208333341346154 0.1453125 0.5145833341346153 0.15468749999999998 0.51875 0.159375 0.5291666658653846 0.1609375 0.54375 0.18125000000000002 0.5375 0.19687500000000002 0.5458333341346153 0.20156249999999998 0.5625 0.2109375 0.5625 0.21875 0.5416666658653846 0.221875 0.53125 0.23593750000000002 0.5291666658653846 0.25 0.53125 0.2546875 0.5208333341346154 0.2640625 0.49375 0.275 0.4854166658653846 0.2828125 0.48958333413461536 0.2921875 0.5083333341346153 0.2921875 0.53125 0.2953125 0.5520833341346154 0.3046875 0.55 0.3109375 0.54375 0.30937499999999996 0.53125 0.30781250000000004 0.5145833341346153 0.31562500000000004 0.5041666658653846 0.328125 0.5041666658653846 0.34062499999999996 0.5104166658653846 0.34062499999999996 0.5270833341346154 0.34062499999999996 0.5458333341346153 0.35468750000000004 0.5541666658653847 0.36406249999999996 0.5625 0.36406249999999996 0.5479166658653847 0.36406249999999996 0.5229166658653847 0.37031250000000004 0.5145833341346153 0.384375 0.5083333341346153 0.3984375 0.5145833341346153 0.40625 0.525 0.41093749999999996 0.5541666658653847 0.40625 0.5708333341346153 0.428125 0.5770833341346153 0.4375 0.575 0.4359375 0.5583333341346154 0.4359375 0.5375 0.4515625 0.525 0.44843750000000004 0.5104166658653846 0.44843750000000004 0.49375 0.459375 0.4854166658653846 0.4703125 0.4833333341346154 0.47343749999999996 0.49375 0.478125 0.5166666658653847 0.48750000000000004 0.5083333341346153 0.5046875 0.50625 0.5109375 0.5145833341346153 0.51875 0.525 0.5140625 0.54375 0.528125 0.5791666658653847 0.5265625 0.6 0.54375 0.6 0.5453125 0.5916666658653846 0.5484375 0.5708333341346153 0.5484375 0.5520833341346154 0.565625 0.55 0.5828125 0.5479166658653847 0.584375 0.5375 0.5875 0.5208333341346154 0.6015625 0.5166666658653847 0.6156250000000001 0.5166666658653847 0.6203125 0.5354166658653846 0.621875 0.5604166658653846 0.628125 0.5583333341346154 0.6484375 0.5541666658653847 0.6499999999999999 0.5458333341346153 0.6578124999999999 0.5270833341346154 0.6781250000000001 0.5229166658653847 0.6937500000000001 0.5229166658653847 0.7 0.55 0.7 0.5770833341346153 0.7296875 0.5770833341346153 0.7453125 0.5916666658653846 0.7546875 0.5895833341346154 0.7625 0.575 0.76875 0.5333333341346154 0.7765625 0.5104166658653846 0.7703125 0.5020833341346154 0.7562500000000001 0.5083333341346153 0.7546875 0.48750000000000004 0.7390625 0.4708333341346154 0.7375 0.44375 0.7234375 0.4395833341346154 0.7124999999999999 0.4354166658653846 0.703125 0.4229166658653846 0.6968749999999999 0.4354166658653846 0.6984375 0.44999999999999996 0.6859375000000001 0.45625000000000004 0.6734374999999999 0.44375 0.6671875 0.4520833341346154 0.6578124999999999 0.4541666658653846 0.6546875000000001 0.4395833341346154 0.64375 0.43125 0.6375 0.4395833341346154 0.640625 0.4541666658653846 0.628125 0.4604166658653846 0.6265624999999999 0.44999999999999996 0.6187499999999999 0.4333333341346154 0.6140625 0.4291666658653846 0.6015625 0.41666666586538464 0.5953125 0.4333333341346154 0.5828125 0.42708333413461536 0.5703125 0.41666666586538464 0.5640625 0.43125 0.553125 0.42500000000000004 0.540625 0.4208333341346154 0.5375 0.41666666586538464 0.5328125 0.4291666658653846 0.5203125 0.43125 0.5140625 0.4208333341346154 0.50625 0.4208333341346154 0.5015625 0.4354166658653846 0.490625 0.4333333341346154 0.4828125 0.42500000000000004 0.475 0.42708333413461536 0.46562499999999996 0.42500000000000004 0.45625000000000004 0.4145833341346154 0.44843750000000004 0.42708333413461536 0.44062500000000004 0.4375 0.43437499999999996 0.4208333341346154 0.428125 0.4145833341346154 0.4203125 0.4125 0.40937500000000004 0.42708333413461536 0.40156250000000004 0.4291666658653846 0.39375000000000004 0.41666666586538464 0.3890625 0.4083333341346154 0.38593750000000004 0.4333333341346154 0.3671875 0.42708333413461536 0.359375 0.4104166658653846 0.353125 0.42500000000000004 0.34375 0.4229166658653846 0.334375 0.43125 0.321875 0.41874999999999996 0.3109375 0.4229166658653846 0.30625 0.42500000000000004 0.290625 0.4104166658653846 0.290625 0.41666666586538464 0.2796875 0.42500000000000004 0.26875 0.4291666658653846 0.2609375 0.42500000000000004 0.24843749999999998 0.4229166658653846