251 0.502 0.29 0.4993333341346154 0.453 0.6966666658653846 0.45699999999999996 0.7013333341346153 0.3 0.502 0.29
663 0.42466666586538465 0.491 0.4386666658653846 0.492 0.4386666658653846 0.519 0.4486666658653846 0.519 0.44999999999999996 0.33399999999999996 0.40266666586538463 0.331 0.40399999999999997 0.44099999999999995 0.42466666586538465 0.44099999999999995 0.42466666586538465 0.491
1885 0.4046666658653846 0.33399999999999996 0.44999999999999996 0.33199999999999996 0.44999999999999996 0.30799999999999994 0.3686666658653846 0.307 0.3733333341346154 0.44099999999999995 0.40399999999999997 0.44099999999999995 0.4046666658653846 0.33399999999999996
402 0.2646666658653846 0 0.3246666658653846 0.105 0.6993333341346154 0.12200000000000001 0.8126666658653845 0.002 0.2646666658653846 0
1027 0.5433333341346154 0.12400000000000001 0.5466666658653846 0.128 0.5686666658653846 0.042 0.5646666658653846 0.02 0.5513333341346154 0.016 0.5393333341346154 0.018000000000000002 0.52 0.126 0.5253333341346154 0.12200000000000001 0.5433333341346154 0.12400000000000001
663 0.36200000000000004 0.5389999999999999 0.37266666586538466 0.52 0.3673333341346154 0.303 0.34333333413461536 0.295 0.34733333413461537 0.532 0.36200000000000004 0.532 0.36200000000000004 0.5389999999999999
1095 0.8659999999999999 0.216 0.7813333341346154 0.24800000000000003 0.7759999999999999 0.43400000000000005 0.8626666658653845 0.44899999999999995 0.8659999999999999 0.216
1095 0.9973333341346154 0.191 0.8893333341346155 0.232 0.8826666658653846 0.47000000000000003 0.9986666658653847 0.5 0.9973333341346154 0.191
1379 0.2746666658653846 0.253 0.254 0.241 0.254 0.41600000000000004 0.276 0.41000000000000003 0.2746666658653846 0.253
1379 0.2213333341346154 0.428 0.252 0.42500000000000004 0.24733333413461536 0.237 0.218 0.219 0.2213333341346154 0.428
1379 0.20933333413461538 0.21300000000000002 0.16 0.18100000000000002 0.16866666586538462 0.444 0.20800000000000002 0.43299999999999994 0.20933333413461538 0.21300000000000002
1379 0.1513333341346154 0.445 0.14666666586538463 0.17700000000000002 0.07133333413461539 0.13 0.08333333413461538 0.45699999999999996 0.1513333341346154 0.445
1885 0.3213333341346154 0.107 0.3213333341346154 0.584 0.3606666658653846 0.588 0.35466666586538464 0.294 0.4526666658653846 0.295 0.4553333341346154 0.611 0.5106666658653846 0.611 0.704 0.592 0.6993333341346154 0.125 0.3213333341346154 0.107
605 0.22866666586538462 0.58 0.2 0.608 0.19666666586538462 0.619 0.47000000000000003 0.624 0.47000000000000003 0.6509999999999999 0.476 0.674 0.4833333341346154 0.67 0.4813333341346154 0.627 0.486 0.627 0.4866666658653846 0.583 0.22866666586538462 0.58
1135 0.42466666586538465 0.543 0.4253333341346154 0.5780000000000001 0.4406666658653846 0.575 0.4366666658653846 0.49600000000000005 0.3746666658653846 0.49600000000000005 0.3733333341346154 0.541 0.42466666586538465 0.543
1132 0.27799999999999997 0.5860000000000001 0.2973333341346154 0.5860000000000001 0.2973333341346154 0.5760000000000001 0.3173333341346154 0.5760000000000001 0.31599999999999995 0.493 0.2526666658653846 0.492 0.2526666658653846 0.575 0.2786666658653846 0.574 0.27799999999999997 0.5860000000000001
992 0.24866666586538463 0.587 0.24400000000000002 0.602 0.32 0.604 0.32533333413461535 0.5860000000000001 0.24866666586538463 0.587
1132 0.36466666586538465 0.6689999999999999 0.36200000000000004 0.6819999999999999 0.40133333413461536 0.6849999999999999 0.4046666658653846 0.673 0.42466666586538465 0.6659999999999999 0.42466666586538465 0.545 0.33399999999999996 0.543 0.3306666658653846 0.663 0.36466666586538465 0.6689999999999999
994 0.3526666658653846 0.6910000000000001 0.352 0.713 0.41800000000000004 0.7090000000000001 0.42466666586538465 0.6910000000000001 0.40399999999999997 0.6829999999999999 0.34866666586538464 0.6819999999999999 0.3526666658653846 0.6910000000000001
1132 0.17266666586538462 0.671 0.16199999999999998 0.6859999999999999 0.17266666586538462 0.6950000000000001 0.176 0.6819999999999999 0.2106666658653846 0.6809999999999999 0.21266666586538463 0.671 0.20800000000000002 0.6689999999999999 0.2213333341346154 0.6669999999999999 0.2246666658653846 0.541 0.1353333341346154 0.543 0.1306666658653846 0.663 0.178 0.6659999999999999 0.17733333413461538 0.671 0.17266666586538462 0.671
992 0.146 0.6940000000000001 0.11 0.6940000000000001 0.08866666586538462 0.714 0.168 0.7260000000000001 0.17266666586538462 0.697 0.146 0.6940000000000001
19 0.112 0.8999999999999999 0.1353333341346154 0.904 0.1673333341346154 0.895 0.17133333413461538 0.756 0.15399999999999997 0.753 0.08333333413461538 0.8160000000000001 0.084 0.853 0.10666666586538462 0.88 0.112 0.8999999999999999
18 0.47333333413461537 0.768 0.4313333341346154 0.765 0.42600000000000005 0.837 0.42600000000000005 0.912 0.47333333413461537 0.908 0.4773333341346154 0.863 0.47333333413461537 0.768
18 0.652 0.675 0.652 0.6689999999999999 0.6573333341346154 0.6649999999999999 0.6493333341346154 0.642 0.6246666658653847 0.646 0.6226666658653847 0.787 0.6526666658653847 0.784 0.6566666658653847 0.6829999999999999 0.652 0.675
17 0.6973333341346154 0.756 0.6906666658653846 0.9420000000000001 0.6966666658653846 0.97 0.7446666658653847 0.967 0.752 0.804 0.72 0.754 0.6973333341346154 0.756
605 0.11266666586538461 0.6819999999999999 0.058 0.729 0.066 0.848 0.08 0.8510000000000001 0.07266666586538462 0.7420000000000001 0.486 0.746 0.4853333341346154 0.902 0.494 0.8999999999999999 0.4946666658653846 0.74 0.4933333341346154 0.673 0.11266666586538461 0.6819999999999999
1146 0.454 0.7100000000000001 0.46466666586538463 0.718 0.4686666658653846 0.702 0.462 0.697 0.454 0.699 0.454 0.7100000000000001
423 0.28 0.661 0.2706666658653846 0.645 0.2206666658653846 0.642 0.2206666658653846 0.6669999999999999 0.28066666586538463 0.671 0.28 0.661
423 0 0.9039696971153847 0.10933333413461538 0.8989999999999999 0.10666666586538462 0.886 0.0993333341346154 0.87 0.084 0.8510000000000001 0.07066666586538461 0.8520000000000001 0.047333334134615386 0.856 0.021333334134615387 0.86 0 0.86 0 0.9039696971153847
1132 0.2546666658653846 0.9740000000000001 0.304 0.971 0.3146666658653846 0.9380000000000001 0.34933333413461537 0.9369999999999999 0.35133333413461537 0.6869999999999999 0.176 0.6819999999999999 0.16599999999999998 0.926 0.23399999999999999 0.9309999999999999 0.226 0.969 0.2546666658653846 0.9740000000000001
605 0 0.9979986610576923 0.49666666586538466 0.997 0.4933333341346154 0.91 0.0006666658653846154 0.902 0 0.95 0 0.9979986610576923
612 0.752 0.52 0.5866666658653846 0.532 0.58 0.52 0.5780000000000001 0.653 0.5933333341346153 0.6809999999999999 0.5973333341346154 0.5469999999999999 0.754 0.533 0.752 0.52
1136 0.6473333341346154 0.533 0.6466666658653846 0.49600000000000005 0.6713333341346155 0.493 0.6746666658653846 0.462 0.626 0.46 0.6226666658653847 0.52 0.6286666658653846 0.528 0.6333333341346153 0.5309999999999999 0.6473333341346154 0.533
423 0.588 0.532 0.6159999999999999 0.525 0.6233333341346154 0.52 0.62 0.505 0.5913333341346154 0.505 0.5853333341346154 0.512 0.5826666658653846 0.521 0.588 0.532
1132 0.6653333341346154 0.583 0.6606666658653846 0.5860000000000001 0.6833333341346154 0.59 0.6886666658653847 0.5860000000000001 0.6806666658653846 0.5780000000000001 0.7093333341346154 0.574 0.7080000000000001 0.491 0.6466666658653846 0.495 0.6473333341346154 0.5760000000000001 0.6653333341346154 0.5760000000000001 0.6653333341346154 0.583
1135 0.8106666658653846 0.572 0.8180000000000001 0.5700000000000001 0.8153333341346154 0.493 0.7579999999999999 0.495 0.7573333341346153 0.537 0.8053333341346154 0.5399999999999999 0.8106666658653846 0.572
1132 0.7713333341346154 0.658 0.8106666658653846 0.6499999999999999 0.8046666658653846 0.541 0.7206666658653845 0.5399999999999999 0.7286666658653846 0.662 0.7446666658653847 0.6819999999999999 0.7826666658653847 0.674 0.7713333341346154 0.658
992 0.8406666658653846 0.677 0.75 0.6930000000000001 0.768 0.713 0.8573333341346154 0.699 0.8593333341346153 0.6910000000000001 0.8406666658653846 0.677
1132 0.894 0.663 0.904 0.67 0.9233333341346154 0.67 0.9306666658653846 0.663 0.9299999999999999 0.654 0.9773333341346154 0.6489999999999999 0.9673333341346153 0.536 0.886 0.5389999999999999 0.896 0.655 0.902 0.658 0.894 0.663
605 0.9993333341346153 0.658 0.6573333341346154 0.6669999999999999 0.654 0.6689999999999999 0.6526666658653847 0.677 0.6573333341346154 0.6819999999999999 0.6499999999999999 0.89 0.6813333341346154 0.978 0.6893333341346154 0.979 0.6966666658653846 0.733 0.9993333341346153 0.718 0.9993333341346153 0.658
605 0.8853333341346155 0.607 0.83 0.571 0.6013333341346153 0.584 0.6 0.591 0.604 0.599 0.5993333341346154 0.749 0.6159999999999999 0.7929999999999999 0.6226666658653847 0.795 0.6253333341346153 0.624 0.8840000000000001 0.619 0.8853333341346155 0.607
423 0.784 0.887 0.904 0.872 0.8993333341346154 0.8069999999999999 0.8773333341346153 0.8049999999999999 0.8526666658653846 0.8079999999999999 0.8360000000000001 0.8330000000000001 0.8246666658653846 0.875 0.8053333341346154 0.8659999999999999 0.7786666658653847 0.871 0.784 0.887
423 0.7253333341346154 0.643 0.6993333341346154 0.638 0.6866666658653846 0.653 0.6859999999999999 0.6649999999999999 0.7260000000000001 0.663 0.7253333341346154 0.643
608 0.7726666658653846 0.888 0.7706666658653846 0.906 0.7759999999999999 0.911 0.77 0.994 0.8366666658653846 0.998 0.9986666658653847 0.994 0.9986666658653847 0.8670000000000001 0.7726666658653846 0.888
1133 0.9966666658653847 0.963 0.9973333341346154 0.67 0.892 0.679 0.9073333341346154 0.904 0.9606666658653846 0.966 0.9966666658653847 0.963
1885 0.8144199471153846 0 0.6993333341346154 0.126 0.7053333341346154 0.592 0.9946666658653847 0.912 0.9986666658653847 0.002 0.8764444447115385 0 0.8144199471153846 0
1885 0.0006666658653846154 0 0.0006666658653846154 0.955 0.3206666658653846 0.5860000000000001 0.3226666658653846 0.106 0.26388785096153844 0 0.0006666658653846154 0
612 0.42466666586538465 0.44099999999999995 0.3733333341346154 0.44099999999999995 0.3733333341346154 0.473 0.3713333341346154 0.493 0.4226666658653846 0.491 0.42466666586538465 0.44099999999999995
792 0 0.9930059807692307 0.5566666658653846 0.998 0.996 0.994 0.996 0.9149999999999999 0.7026666658653846 0.59 0.4513333341346154 0.61 0.454 0.519 0.4406666658653846 0.519 0.3713333341346154 0.517 0.32 0.582 0 0.953226610576923 0 0.9930059807692307