251 0.2986666658653846 0.3 0.3033333341346154 0.45699999999999996 0.5006666658653847 0.453 0.498 0.29 0.2986666658653846 0.3
663 0.5753333341346154 0.44099999999999995 0.596 0.44099999999999995 0.5973333341346154 0.331 0.55 0.33399999999999996 0.5513333341346154 0.519 0.5613333341346154 0.519 0.5613333341346154 0.492 0.5753333341346154 0.491 0.5753333341346154 0.44099999999999995
1885 0.596 0.44099999999999995 0.6266666658653846 0.44099999999999995 0.6313333341346153 0.307 0.55 0.30799999999999994 0.55 0.33199999999999996 0.5953333341346154 0.33399999999999996 0.596 0.44099999999999995
402 0.1873333341346154 0.002 0.3006666658653846 0.12200000000000001 0.6753333341346154 0.105 0.7353333341346153 0 0.1873333341346154 0.002
1027 0.4746666658653846 0.12200000000000001 0.48000000000000004 0.126 0.46066666586538463 0.018000000000000002 0.4486666658653846 0.016 0.4353333341346154 0.02 0.4313333341346154 0.042 0.4533333341346154 0.128 0.4566666658653846 0.12400000000000001 0.4746666658653846 0.12200000000000001
663 0.638 0.532 0.6526666658653847 0.532 0.6566666658653847 0.295 0.6326666658653846 0.303 0.6273333341346153 0.52 0.638 0.5389999999999999 0.638 0.532
1095 0.1373333341346154 0.44899999999999995 0.224 0.43400000000000005 0.2186666658653846 0.24800000000000003 0.134 0.216 0.1373333341346154 0.44899999999999995
1095 0.0013333341346153846 0.5 0.11733333413461539 0.47000000000000003 0.11066666586538461 0.232 0.002666665865384615 0.191 0.0013333341346153846 0.5
1379 0.7240000000000001 0.41000000000000003 0.746 0.41600000000000004 0.746 0.241 0.7253333341346154 0.253 0.7240000000000001 0.41000000000000003
1379 0.782 0.219 0.7526666658653846 0.237 0.748 0.42500000000000004 0.7786666658653847 0.428 0.782 0.219
1379 0.7919999999999999 0.43299999999999994 0.8313333341346154 0.444 0.84 0.18100000000000002 0.7906666658653846 0.21300000000000002 0.7919999999999999 0.43299999999999994
1379 0.9166666658653846 0.45699999999999996 0.9286666658653846 0.13 0.8533333341346154 0.17700000000000002 0.8486666658653846 0.445 0.9166666658653846 0.45699999999999996
1885 0.3006666658653846 0.125 0.296 0.592 0.4893333341346154 0.611 0.5446666658653846 0.611 0.5473333341346154 0.295 0.6453333341346154 0.294 0.6393333341346155 0.588 0.6786666658653846 0.584 0.6786666658653846 0.107 0.3006666658653846 0.125
605 0.5133333341346155 0.583 0.514 0.627 0.5186666658653846 0.627 0.5166666658653847 0.67 0.524 0.674 0.53 0.6509999999999999 0.53 0.624 0.8033333341346154 0.619 0.8 0.608 0.7713333341346154 0.58 0.5133333341346155 0.583
1135 0.6266666658653846 0.541 0.6253333341346153 0.49600000000000005 0.5633333341346154 0.49600000000000005 0.5593333341346154 0.575 0.5746666658653846 0.5780000000000001 0.5753333341346154 0.543 0.6266666658653846 0.541
1132 0.7213333341346153 0.574 0.7473333341346154 0.575 0.7473333341346154 0.492 0.6839999999999999 0.493 0.6826666658653846 0.5760000000000001 0.7026666658653846 0.5760000000000001 0.7026666658653846 0.5860000000000001 0.722 0.5860000000000001 0.7213333341346153 0.574
992 0.6746666658653846 0.5860000000000001 0.6799999999999999 0.604 0.756 0.602 0.7513333341346153 0.587 0.6746666658653846 0.5860000000000001
1132 0.6693333341346153 0.663 0.6659999999999999 0.543 0.5753333341346154 0.545 0.5753333341346154 0.6659999999999999 0.5953333341346154 0.673 0.5986666658653846 0.6849999999999999 0.638 0.6819999999999999 0.6353333341346155 0.6689999999999999 0.6693333341346153 0.663
994 0.6513333341346154 0.6819999999999999 0.596 0.6829999999999999 0.5753333341346154 0.6910000000000001 0.582 0.7090000000000001 0.6479999999999999 0.713 0.6473333341346154 0.6910000000000001 0.6513333341346154 0.6819999999999999
1132 0.8226666658653846 0.671 0.822 0.6659999999999999 0.8693333341346154 0.663 0.8646666658653845 0.543 0.7753333341346154 0.541 0.7786666658653847 0.6669999999999999 0.7919999999999999 0.6689999999999999 0.7873333341346154 0.671 0.7893333341346154 0.6809999999999999 0.824 0.6819999999999999 0.8273333341346153 0.6950000000000001 0.838 0.6859999999999999 0.8273333341346153 0.671 0.8226666658653846 0.671
992 0.8273333341346153 0.697 0.8320000000000001 0.7260000000000001 0.9113333341346154 0.714 0.89 0.6940000000000001 0.854 0.6940000000000001 0.8273333341346153 0.697
19 0.8933333341346154 0.88 0.9159999999999999 0.853 0.9166666658653846 0.8160000000000001 0.846 0.753 0.8286666658653845 0.756 0.8326666658653846 0.895 0.8646666658653845 0.904 0.888 0.8999999999999999 0.8933333341346154 0.88
18 0.5226666658653847 0.863 0.5266666658653846 0.908 0.574 0.912 0.574 0.837 0.5686666658653846 0.765 0.5266666658653846 0.768 0.5226666658653847 0.863
18 0.34333333413461536 0.6829999999999999 0.34733333413461537 0.784 0.37733333413461534 0.787 0.3753333341346154 0.646 0.3506666658653846 0.642 0.3426666658653846 0.6649999999999999 0.348 0.6689999999999999 0.348 0.675 0.34333333413461536 0.6829999999999999
17 0.28 0.754 0.24800000000000003 0.804 0.2553333341346154 0.967 0.3033333341346154 0.97 0.3093333341346154 0.9420000000000001 0.3026666658653846 0.756 0.28 0.754
605 0.5066666658653847 0.673 0.5053333341346155 0.74 0.506 0.8999999999999999 0.5146666658653847 0.902 0.514 0.746 0.9273333341346154 0.7420000000000001 0.92 0.8510000000000001 0.9339999999999999 0.848 0.9420000000000001 0.729 0.8873333341346155 0.6819999999999999 0.5066666658653847 0.673
1146 0.546 0.699 0.538 0.697 0.5313333341346154 0.702 0.5353333341346154 0.718 0.546 0.7100000000000001 0.546 0.699
423 0.7193333341346153 0.671 0.7793333341346155 0.6669999999999999 0.7793333341346155 0.642 0.7293333341346154 0.645 0.72 0.661 0.7193333341346153 0.671
423 1 0.86 0.9786666658653846 0.86 0.9526666658653846 0.856 0.9293333341346154 0.8520000000000001 0.9159999999999999 0.8510000000000001 0.9006666658653846 0.87 0.8933333341346154 0.886 0.8906666658653847 0.8989999999999999 1 0.9039696971153847 1 0.86
1132 0.7739999999999999 0.969 0.766 0.9309999999999999 0.8340000000000001 0.926 0.824 0.6819999999999999 0.6486666658653846 0.6869999999999999 0.6506666658653846 0.9369999999999999 0.6853333341346153 0.9380000000000001 0.696 0.971 0.7453333341346154 0.9740000000000001 0.7739999999999999 0.969
605 1 0.95 0.9993333341346153 0.902 0.5066666658653847 0.91 0.5033333341346153 0.997 1 0.9979986610576923 1 0.95
612 0.246 0.533 0.40266666586538463 0.5469999999999999 0.40666666586538464 0.6809999999999999 0.422 0.653 0.42 0.52 0.41333333413461537 0.532 0.24800000000000003 0.52 0.246 0.533
1136 0.3666666658653846 0.5309999999999999 0.3713333341346154 0.528 0.37733333413461534 0.52 0.374 0.46 0.32533333413461535 0.462 0.3286666658653846 0.493 0.35333333413461543 0.49600000000000005 0.3526666658653846 0.533 0.3666666658653846 0.5309999999999999
423 0.4173333341346154 0.521 0.4146666658653846 0.512 0.40866666586538464 0.505 0.38 0.505 0.3766666658653846 0.52 0.384 0.525 0.412 0.532 0.4173333341346154 0.521
1132 0.33466666586538457 0.5760000000000001 0.3526666658653846 0.5760000000000001 0.35333333413461543 0.495 0.292 0.491 0.2906666658653846 0.574 0.3193333341346154 0.5780000000000001 0.3113333341346154 0.5860000000000001 0.3166666658653846 0.59 0.33933333413461536 0.5860000000000001 0.33466666586538457 0.583 0.33466666586538457 0.5760000000000001
1135 0.19466666586538464 0.5399999999999999 0.2426666658653846 0.537 0.242 0.495 0.1846666658653846 0.493 0.182 0.5700000000000001 0.18933333413461537 0.572 0.19466666586538464 0.5399999999999999
1132 0.2173333341346154 0.674 0.2553333341346154 0.6819999999999999 0.2713333341346154 0.662 0.2793333341346154 0.5399999999999999 0.1953333341346154 0.541 0.18933333413461537 0.6499999999999999 0.22866666586538462 0.658 0.2173333341346154 0.674
992 0.14066666586538462 0.6910000000000001 0.14266666586538462 0.699 0.232 0.713 0.25 0.6930000000000001 0.1593333341346154 0.677 0.14066666586538462 0.6910000000000001
1132 0.098 0.658 0.10400000000000001 0.655 0.114 0.5389999999999999 0.032666665865384616 0.536 0.022666665865384614 0.6489999999999999 0.07 0.654 0.06933333413461538 0.663 0.0766666658653846 0.67 0.096 0.67 0.106 0.663 0.098 0.658
605 0.0006666658653846154 0.718 0.3033333341346154 0.733 0.3106666658653846 0.979 0.3186666658653846 0.978 0.35 0.89 0.3426666658653846 0.6819999999999999 0.34733333413461537 0.677 0.34600000000000003 0.6689999999999999 0.3426666658653846 0.6669999999999999 0.0006666658653846154 0.658 0.0006666658653846154 0.718
605 0.116 0.619 0.3746666658653846 0.624 0.37733333413461534 0.795 0.384 0.7929999999999999 0.40066666586538463 0.749 0.39599999999999996 0.599 0.4 0.591 0.39866666586538463 0.584 0.16999999999999998 0.571 0.11466666586538461 0.607 0.116 0.619
423 0.2213333341346154 0.871 0.19466666586538464 0.8659999999999999 0.17533333413461538 0.875 0.164 0.8330000000000001 0.14733333413461538 0.8079999999999999 0.12266666586538462 0.8049999999999999 0.10066666586538461 0.8069999999999999 0.096 0.872 0.216 0.887 0.2213333341346154 0.871
423 0.27399999999999997 0.663 0.314 0.6649999999999999 0.3133333341346154 0.653 0.3006666658653846 0.638 0.2746666658653846 0.643 0.27399999999999997 0.663
608 0.0013333341346153846 0.8670000000000001 0.0013333341346153846 0.994 0.1633333341346154 0.998 0.23 0.994 0.224 0.911 0.22933333413461537 0.906 0.22733333413461537 0.888 0.0013333341346153846 0.8670000000000001
1133 0.03933333413461538 0.966 0.0926666658653846 0.904 0.108 0.679 0.002666665865384615 0.67 0.0033333341346153847 0.963 0.03933333413461538 0.966
1885 0.12355555528846153 0 0.0013333341346153846 0.002 0.005333334134615384 0.912 0.2946666658653846 0.592 0.3006666658653846 0.126 0.18558005288461538 0 0.12355555528846153 0
1885 0.7361121490384614 0 0.6773333341346154 0.106 0.6793333341346154 0.5860000000000001 0.9993333341346153 0.955 0.9993333341346153 0 0.7361121490384614 0
612 0.5773333341346154 0.491 0.6286666658653846 0.493 0.6266666658653846 0.473 0.6266666658653846 0.44099999999999995 0.5753333341346154 0.44099999999999995 0.5773333341346154 0.491
792 1 0.953226610576923 0.6799999999999999 0.582 0.6286666658653846 0.517 0.5593333341346154 0.519 0.546 0.519 0.5486666658653846 0.61 0.2973333341346154 0.59 0.004 0.9149999999999999 0.004 0.994 0.4433333341346154 0.998 1 0.9930059807692307 1 0.953226610576923