402 0.0078125 0.25 0.2640625 0.33333333413461536 0.9984375000000001 0.2729166658653846 0.9984375000000001 0.0020833341346153844 0.953125 0.025 0.8656250000000001 0.06458333413461538 0.8015625 0.08541666586538461 0.721875 0.11249999999999999 0.6296875 0.13541666586538462 0.503125 0.1604166658653846 0.3921875 0.18125000000000002 0.3 0.2 0.190625 0.2145833341346154 0.0765625 0.21875 0.025 0.2104166658653846 0.0015625 0.20625 0.0078125 0.25
1885 0.6937500000000001 0 0.6578124999999999 0.014583334134615385 0.571875 0.0375 0.44218749999999996 0.07083333413461539 0.35468750000000004 0.09791666586538463 0.2578125 0.11875 0.16249999999999998 0.1270833341346154 0.09687499999999999 0.1291666658653846 0.0421875 0.12291666586538462 0.003125 0.12083333413461537 0.003125 0.20625 0.075 0.21875 0.159375 0.2145833341346154 0.24843749999999998 0.20625 0.375 0.1833333341346154 0.47968750000000004 0.1604166658653846 0.578125 0.14375 0.6640625 0.1270833341346154 0.7828124999999999 0.09166666586538462 0.846875 0.06875 0.9015625 0.047916665865384615 0.95 0.025 0.9984375000000001 0 0.6937500000000001 0
1291 0.128125 0.07708333413461539 0.12187500000000001 0.09166666586538462 0.128125 0.10208333413461539 0.12031249999999999 0.11041666586538461 0.12187500000000001 0.125 0.1359375 0.125 0.15781250000000002 0.12291666586538462 0.15 0.09791666586538463 0.1421875 0.09583333413461538 0.1375 0.07916666586538461 0.128125 0.07708333413461539
1291 0.1640625 0.12083333413461537 0.19687500000000002 0.12291666586538462 0.190625 0.10625000000000001 0.1796875 0.09583333413461538 0.18125000000000002 0.08541666586538461 0.184375 0.07708333413461539 0.175 0.07083333413461539 0.17031249999999998 0.075 0.17031249999999998 0.0875 0.1671875 0.1 0.1609375 0.10625000000000001 0.1640625 0.12083333413461537
1291 0.23281249999999998 0.11249999999999999 0.2390625 0.11875 0.2578125 0.11041666586538461 0.24843749999999998 0.10208333413461539 0.25 0.09375 0.246875 0.0875 0.2375 0.08958333413461537 0.234375 0.10208333413461539 0.2375 0.10625000000000001 0.23281249999999998 0.11249999999999999
913 0.563671875 0 0.5390625 0.00625 0.44843750000000004 0.029166665865384616 0.365625 0.05208333413461538 0.2921875 0.07083333413461539 0.20156249999999998 0.0875 0.159375 0.09375 0.1171875 0.09791666586538463 0.09843750000000001 0.09791666586538463 0.0421875 0.08958333413461537 0.0046875 0.07708333413461539 0.009375 0.09166666586538462 0.026562500000000003 0.09583333413461538 0.0640625 0.1 0.103125 0.10625000000000001 0.103125 0.1270833341346154 0.1078125 0.12291666586538462 0.11406250000000001 0.10625000000000001 0.15468749999999998 0.10208333413461539 0.21875 0.09375 0.2828125 0.08333333413461538 0.284375 0.10833333413461539 0.290625 0.10833333413461539 0.2921875 0.08124999999999999 0.38749999999999996 0.056249999999999994 0.3921875 0.08333333413461538 0.396875 0.08124999999999999 0.39531249999999996 0.056249999999999994 0.41874999999999996 0.047916665865384615 0.46406250000000004 0.03541666586538462 0.53125 0.014583334134615385 0.53125 0.04375 0.5375 0.04375 0.5375 0.016666665865384615 0.576388889423077 0 0.563671875 0
1885 0.0015625 0 0.0015625 0.12291666586538462 0.0421875 0.12291666586538462 0.09687499999999999 0.1291666658653846 0.16249999999999998 0.1270833341346154 0.259375 0.11875 0.3671875 0.09375 0.4546875 0.06666666586538461 0.5296875 0.047916665865384615 0.603125 0.029166665865384616 0.6609375 0.010416665865384615 0.6830729182692308 0 0.0015625 0
1885 0.2578125 0.4729166658653846 0.265625 0.33333333413461536 0.0046875 0.2479166658653846 0.0015625 0.3125 0.0015625 0.5291666658653846 0.2578125 0.4729166658653846
1885 0.2546875 0.475 0.9984375000000001 0.4833333341346154 0.9984375000000001 0.32499999999999996 0.9984375000000001 0.2708333341346154 0.7078125 0.2958333341346154 0.49531250000000004 0.3125 0.3359375 0.3291666658653846 0.2671875 0.33333333413461536 0.2546875 0.475
1646 1 0.7197916658653847 0.9984375000000001 0.4458333341346154 0.2609375 0.4395833341346154 0.0015625 0.5083333341346153 0.003125 0.9937499999999999 1 0.9937499999999999 1 0.7197916658653847
1506 0.6015625 0.9958333341346154 0.603125 0.9770833341346153 0.6046875 0.9604166658653847 0.603125 0.9229166658653847 0.596875 0.8958333341346154 0.58125 0.8770833341346154 0.55 0.8604166658653847 0.44062500000000004 0.8270833341346153 0.42656249999999996 0.8270833341346153 0.4125 0.8374999999999999 0.40625 0.8458333341346154 0.396875 0.89375 0.396875 0.8458333341346154 0.39531249999999996 0.8270833341346153 0.3765625 0.8125 0.3375 0.79375 0.275 0.7749999999999999 0.265625 0.7770833341346154 0.2515625 0.7979166658653847 0.2515625 0.7833333341346154 0.2390625 0.7625 0.1609375 0.7333333341346153 0.1484375 0.7395833341346154 0.1390625 0.7541666658653846 0.10468749999999999 0.8958333341346154 0.09687499999999999 0.8833333341346153 0.0078125 0.9166666658653846 0.0109375 0.96875 0.014062499999999999 0.9937499999999999 0.6015625 0.9958333341346154
1291 0.7546875 0.9333333341346154 0.76875 0.9312499999999999 0.7828124999999999 0.9041666658653846 0.78125 0.8729166658653846 0.778125 0.8458333341346154 0.7703125 0.8166666658653846 0.76875 0.7916666658653846 0.7609375 0.7666666658653847 0.7406250000000001 0.7479166658653846 0.7171875000000001 0.7395833341346154 0.7015625000000001 0.7250000000000001 0.6937500000000001 0.70625 0.6937500000000001 0.6916666658653846 0.6890624999999999 0.6833333341346154 0.6859375000000001 0.6729166658653847 0.6921875 0.6541666658653846 0.6875 0.6291666658653846 0.675 0.6187499999999999 0.6546875000000001 0.6083333341346153 0.6390625000000001 0.6083333341346153 0.6140625 0.6312500000000001 0.6140625 0.6499999999999999 0.609375 0.66875 0.603125 0.6937500000000001 0.609375 0.7124999999999999 0.6015625 0.7208333341346154 0.5828125 0.7270833341346153 0.5609375 0.75 0.5421875 0.7875000000000001 0.51875 0.8270833341346153 0.509375 0.84375 0.5703125 0.8666666658653847 0.590625 0.8854166658653846 0.6015625 0.9083333341346154 0.6046875 0.9729166658653846 0.603125 0.9958333341346154 0.675 0.9958333341346154 0.6796875 0.9624999999999999 0.7140625 0.95 0.734375 0.95 0.7546875 0.9333333341346154
1291 0.43281250000000004 0.70625 0.4125 0.7291666658653846 0.40312499999999996 0.7416666658653847 0.3984375 0.7645833341346153 0.390625 0.7770833341346154 0.3828125 0.7916666658653846 0.38125 0.8104166658653846 0.39531249999999996 0.8208333341346153 0.3984375 0.8374999999999999 0.4 0.8708333341346154 0.40937500000000004 0.8458333341346154 0.415625 0.8333333341346154 0.43281250000000004 0.825 0.446875 0.825 0.475 0.8354166658653847 0.5078125 0.8458333341346154 0.51875 0.8291666658653847 0.54375 0.7833333341346154 0.5609375 0.75 0.5390625 0.7229166658653846 0.521875 0.70625 0.521875 0.6916666658653846 0.521875 0.66875 0.5171875 0.6458333341346154 0.5015625 0.6270833341346154 0.4859375 0.625 0.4765625 0.6333333341346153 0.4609375 0.66875 0.4609375 0.6854166658653846 0.4515625 0.6979166658653846 0.43281250000000004 0.70625
1291 0.32499999999999996 0.7666666658653847 0.33281249999999996 0.7458333341346154 0.3359375 0.7333333341346153 0.33906250000000004 0.7104166658653847 0.33281249999999996 0.6791666658653847 0.3203125 0.65625 0.31718749999999996 0.6354166658653846 0.31718749999999996 0.6187499999999999 0.31718749999999996 0.5979166658653846 0.3 0.58125 0.2796875 0.5791666658653847 0.2625 0.5854166658653847 0.2578125 0.6020833341346153 0.2578125 0.6270833341346154 0.2546875 0.6354166658653846 0.2546875 0.6520833341346154 0.2609375 0.6645833341346153 0.24843749999999998 0.6729166658653847 0.2375 0.6833333341346154 0.2234375 0.71875 0.2109375 0.7395833341346154 0.203125 0.7437499999999999 0.221875 0.7562500000000001 0.2421875 0.7625 0.25 0.7875000000000001 0.25 0.79375 0.259375 0.7833333341346154 0.26875 0.7770833341346154 0.2859375 0.7770833341346154 0.31875 0.7833333341346154 0.32499999999999996 0.7666666658653847
1291 0.2265625 0.70625 0.23593750000000002 0.6833333341346154 0.23125 0.6583333341346154 0.2265625 0.64375 0.22812500000000002 0.625 0.221875 0.6166666658653847 0.221875 0.6020833341346153 0.21875 0.5854166658653847 0.21250000000000002 0.56875 0.19687500000000002 0.56875 0.1828125 0.5729166658653846 0.171875 0.6 0.1765625 0.6375 0.16562500000000002 0.65625 0.14375 0.6875 0.115625 0.70625 0.1015625 0.7041666658653847 0.128125 0.7208333341346154 0.140625 0.7416666658653847 0.1484375 0.7354166658653847 0.159375 0.7354166658653847 0.1828125 0.7416666658653847 0.203125 0.7437499999999999 0.215625 0.7291666658653846 0.2265625 0.70625
1291 0.390625 0.6708333341346153 0.4234375 0.6791666658653847 0.44843750000000004 0.6791666658653847 0.45781249999999996 0.6541666658653846 0.459375 0.6375 0.45625000000000004 0.6208333341346154 0.44999999999999996 0.6 0.453125 0.5875 0.4515625 0.5708333341346153 0.44843750000000004 0.5541666658653847 0.43437499999999996 0.55 0.41718750000000004 0.55 0.40625 0.5583333341346154 0.40625 0.5729166658653846 0.40312499999999996 0.5895833341346154 0.396875 0.6020833341346153 0.39531249999999996 0.6187499999999999 0.375 0.6395833341346153 0.359375 0.65625 0.353125 0.6583333341346154 0.359375 0.675 0.3609375 0.7083333341346154 0.36406249999999996 0.6979166658653846 0.3765625 0.6729166658653847 0.390625 0.6708333341346153
1507 0.37968749999999996 0.675 0.36875 0.6916666658653846 0.3609375 0.7145833341346154 0.353125 0.7625 0.359375 0.7020833341346153 0.359375 0.6770833341346154 0.34843749999999996 0.6625000000000001 0.3265625 0.65625 0.32343750000000004 0.6583333341346154 0.328125 0.6708333341346153 0.3359375 0.6937500000000001 0.3375 0.7250000000000001 0.3296875 0.7562500000000001 0.321875 0.7854166658653846 0.33125000000000004 0.7895833341346153 0.353125 0.79375 0.375 0.8104166658653846 0.37968749999999996 0.8062499999999999 0.390625 0.7770833341346154 0.40156250000000004 0.7458333341346154 0.4125 0.7229166658653846 0.42656249999999996 0.7104166658653847 0.4546875 0.6937500000000001 0.453125 0.6875 0.43125 0.6791666658653847 0.40625 0.6708333341346153 0.37968749999999996 0.675
1291 0.5234375 0.6979166658653846 0.55 0.7 0.5625 0.7041666658653847 0.571875 0.6666666658653846 0.571875 0.64375 0.559375 0.625 0.553125 0.6125 0.5546875 0.5979166658653846 0.5609375 0.5854166658653847 0.5609375 0.5666666658653846 0.5515625 0.5520833341346154 0.5375 0.54375 0.5234375 0.54375 0.5125 0.5645833341346154 0.5078125 0.58125 0.50625 0.6 0.5015625 0.6125 0.49531250000000004 0.6145833341346154 0.49687499999999996 0.625 0.5109375 0.6354166658653846 0.51875 0.65625 0.5234375 0.6812499999999999 0.5234375 0.6979166658653846
1291 0.7828124999999999 0.8166666658653846 0.796875 0.8104166658653846 0.815625 0.7895833341346153 0.825 0.75 0.8234375 0.7208333341346154 0.8171875 0.6937500000000001 0.7953125000000001 0.6729166658653847 0.7890625 0.6645833341346153 0.7859375 0.6499999999999999 0.7875000000000001 0.6416666658653847 0.7921875 0.6145833341346154 0.7890625 0.6 0.7796875000000001 0.5833333341346154 0.765625 0.575 0.75 0.5833333341346154 0.7359374999999999 0.6145833341346154 0.7359374999999999 0.6375 0.7437499999999999 0.6604166658653846 0.7203124999999999 0.6729166658653847 0.7093750000000001 0.6770833341346154 0.7015625000000001 0.6916666658653846 0.6984375 0.7145833341346154 0.7078125 0.73125 0.7265625 0.7354166658653847 0.7515624999999999 0.7541666658653846 0.7625 0.7708333341346154 0.7718750000000001 0.8020833341346154 0.7765625 0.8125 0.7828124999999999 0.8166666658653846
1291 0.8500000000000001 0.7270833341346153 0.871875 0.7250000000000001 0.8859375 0.7145833341346154 0.8921874999999999 0.6958333341346153 0.8843749999999999 0.6666666658653846 0.871875 0.6395833341346153 0.85625 0.6208333341346154 0.8453124999999999 0.6083333341346153 0.8359375 0.59375 0.8421875000000001 0.5875 0.84375 0.5645833341346154 0.8374999999999999 0.55 0.8203125 0.5395833341346153 0.8 0.5479166658653847 0.7984374999999999 0.56875 0.796875 0.5854166658653847 0.8078125 0.60625 0.8015625 0.6125 0.7921875 0.6208333341346154 0.7890625 0.6499999999999999 0.8 0.6541666658653846 0.8234375 0.6604166658653846 0.8328125 0.6812499999999999 0.8328125 0.7291666658653846 0.8328125 0.7437499999999999 0.8328125 0.7854166658653846 0.8390625 0.7979166658653847 0.8531249999999999 0.7770833341346154 0.8500000000000001 0.7416666658653847 0.8500000000000001 0.7270833341346153
1291 0.8921874999999999 0.6604166658653846 0.8999999999999999 0.6625000000000001 0.9140625 0.65625 0.9156249999999999 0.6354166658653846 0.909375 0.6166666658653847 0.9078124999999999 0.6020833341346153 0.9078124999999999 0.5875 0.8890625000000001 0.5791666658653847 0.878125 0.575 0.8734375000000001 0.5645833341346154 0.878125 0.5520833341346154 0.875 0.5291666658653846 0.8687499999999999 0.5208333341346154 0.859375 0.5125 0.8453124999999999 0.5145833341346153 0.8390625 0.525 0.8390625 0.5375 0.8390625 0.55 0.84375 0.5666666658653846 0.84375 0.5833333341346154 0.840625 0.5916666658653846 0.846875 0.60625 0.8625 0.6083333341346153 0.871875 0.625 0.8734375000000001 0.6416666658653847 0.878125 0.65625 0.8921874999999999 0.6604166658653846
1291 0.7093750000000001 0.5645833341346154 0.7109375 0.5770833341346153 0.7078125 0.5979166658653846 0.6921875 0.60625 0.6828125 0.6187499999999999 0.690625 0.625 0.6968749999999999 0.6416666658653847 0.6984375 0.6583333341346154 0.7 0.6791666658653847 0.7109375 0.65625 0.7203124999999999 0.64375 0.7375 0.6375 0.7390625 0.6145833341346154 0.7437499999999999 0.59375 0.75 0.5791666658653847 0.7546875 0.5729166658653846 0.75 0.55625 0.7359374999999999 0.5458333341346153 0.7250000000000001 0.5416666658653846 0.7171875000000001 0.55 0.7093750000000001 0.5645833341346154
1291 0.36406249999999996 0.6479166658653847 0.365625 0.6333333341346153 0.36406249999999996 0.6125 0.3453125 0.5916666658653846 0.34687500000000004 0.5729166658653846 0.34843749999999996 0.55 0.34375 0.5333333341346154 0.328125 0.525 0.3109375 0.525 0.3015625 0.5354166658653846 0.3015625 0.55 0.3015625 0.5729166658653846 0.3125 0.5833333341346154 0.3140625 0.6 0.31875 0.64375 0.328125 0.65625 0.35468750000000004 0.6583333341346154 0.36406249999999996 0.6479166658653847
1291 0.47968750000000004 0.5645833341346154 0.47343749999999996 0.575 0.4765625 0.5916666658653846 0.4703125 0.6041666658653846 0.4765625 0.6125 0.4859375 0.6125 0.4921875 0.6104166658653847 0.503125 0.6020833341346153 0.50625 0.5916666658653846 0.5171875 0.5479166658653847 0.5265625 0.5354166658653846 0.521875 0.5229166658653847 0.5125 0.5083333341346153 0.49687499999999996 0.50625 0.48906249999999996 0.5166666658653847 0.4828125 0.5229166658653847 0.48750000000000004 0.54375 0.47968750000000004 0.5645833341346154
1291 0.5890625 0.5625 0.5953125 0.5729166658653846 0.5859375 0.5791666658653847 0.575 0.59375 0.565625 0.6145833341346154 0.56875 0.625 0.5796875 0.6416666658653847 0.5765625 0.6666666658653846 0.575 0.6958333341346153 0.5796875 0.7 0.5875 0.6770833341346154 0.5828125 0.64375 0.5921875 0.6375 0.590625 0.6208333341346154 0.596875 0.6083333341346153 0.5984375 0.5875 0.603125 0.575 0.6265624999999999 0.5625 0.6343749999999999 0.5625 0.6343749999999999 0.55625 0.6359375 0.5416666658653846 0.6359375 0.525 0.625 0.5145833341346153 0.6125 0.5104166658653846 0.596875 0.5208333341346154 0.5921875 0.5416666658653846 0.5890625 0.5625
1291 0.78125 0.55625 0.78125 0.5395833341346153 0.76875 0.5291666658653846 0.7515624999999999 0.53125 0.7406250000000001 0.5458333341346153 0.7437499999999999 0.5520833341346154 0.7546875 0.5625 0.7578125 0.575 0.7734375 0.5729166658653846 0.7890625 0.5854166658653847 0.78125 0.56875 0.78125 0.55625
1291 0.7171875000000001 0.48958333413461536 0.70625 0.5104166658653846 0.7078125 0.5291666658653846 0.70625 0.5416666658653846 0.7046874999999999 0.5520833341346154 0.7093750000000001 0.5625 0.71875 0.55 0.73125 0.5354166658653846 0.7406250000000001 0.5395833341346153 0.746875 0.5354166658653846 0.7421875 0.5166666658653847 0.7390625 0.5020833341346154 0.7281249999999999 0.4854166658653846 0.7171875000000001 0.48958333413461536
1291 0.659375 0.5145833341346153 0.6609375 0.53125 0.6625000000000001 0.5479166658653847 0.6453125 0.5583333341346154 0.64375 0.5729166658653846 0.6546875000000001 0.58125 0.659375 0.5916666658653846 0.675 0.6 0.684375 0.6041666658653846 0.7015625000000001 0.6041666658653846 0.70625 0.5729166658653846 0.7 0.5541666658653847 0.6859375000000001 0.55 0.690625 0.54375 0.6921875 0.53125 0.6921875 0.51875 0.6859375000000001 0.50625 0.671875 0.5020833341346154 0.659375 0.5145833341346153
1291 0.37968749999999996 0.5395833341346153 0.37968749999999996 0.55 0.38125 0.5666666658653846 0.36875 0.5729166658653846 0.36250000000000004 0.5854166658653847 0.36250000000000004 0.5979166658653846 0.3765625 0.5958333341346154 0.3984375 0.5916666658653846 0.4046875 0.5854166658653847 0.40625 0.5645833341346154 0.4125 0.55 0.41718750000000004 0.5395833341346153 0.4140625 0.5229166658653847 0.40312499999999996 0.5166666658653847 0.390625 0.5145833341346153 0.38125 0.5229166658653847 0.37968749999999996 0.5395833341346153
1291 0.0734375 0.6499999999999999 0.0703125 0.66875 0.075 0.6833333341346154 0.0734375 0.6979166658653846 0.0875 0.7041666658653847 0.1015625 0.7041666658653847 0.1109375 0.7 0.1234375 0.7 0.14375 0.6895833341346154 0.1640625 0.6604166658653846 0.175 0.6291666658653846 0.171875 0.6041666658653846 0.175 0.5791666658653847 0.16875 0.5645833341346154 0.15468749999999998 0.55 0.1359375 0.55 0.1265625 0.5625 0.11875 0.58125 0.11406250000000001 0.6020833341346153 0.11406250000000001 0.6145833341346154 0.10625000000000001 0.6270833341346154 0.0859375 0.6395833341346153 0.0734375 0.6499999999999999
1291 0.54375 0.54375 0.559375 0.55625 0.5625 0.5395833341346153 0.5484375 0.5291666658653846 0.55 0.5166666658653847 0.5515625 0.5020833341346154 0.54375 0.48750000000000004 0.5359375 0.4854166658653846 0.528125 0.48958333413461536 0.525 0.4979166658653846 0.521875 0.5145833341346153 0.5234375 0.5291666658653846 0.528125 0.5416666658653846 0.54375 0.54375
1291 0.925 0.6187499999999999 0.9328125 0.6187499999999999 0.9375 0.59375 0.9359375000000001 0.5666666658653846 0.9281250000000001 0.5541666658653847 0.9203125000000001 0.5375 0.91875 0.5229166658653847 0.9171875 0.50625 0.903125 0.49375 0.8890625000000001 0.5020833341346154 0.8812500000000001 0.5229166658653847 0.8875 0.5479166658653847 0.8828125 0.5541666658653847 0.8796875 0.5708333341346153 0.89375 0.575 0.909375 0.5875 0.909375 0.6229166658653846 0.925 0.6187499999999999
1277 0.7390625 0.42500000000000004 0.73125 0.4291666658653846 0.7203124999999999 0.42500000000000004 0.7093750000000001 0.41666666586538464 0.7093750000000001 0.4104166658653846 0.6937500000000001 0.42500000000000004 0.6890624999999999 0.4229166658653846 0.6781250000000001 0.41874999999999996 0.6656249999999999 0.43125 0.65625 0.4229166658653846 0.6468750000000001 0.42500000000000004 0.640625 0.4104166658653846 0.6328125 0.42708333413461536 0.6140625 0.4333333341346154 0.6109375 0.4083333341346154 0.60625 0.41666666586538464 0.5984375 0.4291666658653846 0.590625 0.42708333413461536 0.5796875 0.4125 0.571875 0.4145833341346154 0.565625 0.4208333341346154 0.559375 0.4375 0.5515625 0.42708333413461536 0.54375 0.4145833341346154 0.534375 0.42500000000000004 0.525 0.42708333413461536 0.5171875 0.42500000000000004 0.509375 0.4333333341346154 0.4984375 0.4354166658653846 0.49375 0.4208333341346154 0.4859375 0.4208333341346154 0.47968750000000004 0.43125 0.4671875 0.4291666658653846 0.4625 0.41666666586538464 0.459375 0.4208333341346154 0.446875 0.42500000000000004 0.4359375 0.43125 0.4296875 0.41666666586538464 0.41718750000000004 0.42708333413461536 0.4046875 0.4333333341346154 0.3984375 0.41666666586538464 0.38593750000000004 0.4291666658653846 0.38125 0.4333333341346154 0.3734375 0.44999999999999996 0.37187499999999996 0.4604166658653846 0.359375 0.4541666658653846 0.36250000000000004 0.4395833341346154 0.35624999999999996 0.43125 0.3453125 0.4395833341346154 0.3421875 0.4541666658653846 0.33281249999999996 0.4520833341346154 0.3265625 0.44375 0.3140625 0.45625000000000004 0.3015625 0.44999999999999996 0.303125 0.4354166658653846 0.296875 0.4229166658653846 0.2875 0.4354166658653846 0.2765625 0.4395833341346154 0.2625 0.44375 0.2609375 0.4708333341346154 0.2453125 0.48750000000000004 0.24375000000000002 0.5083333341346153 0.2296875 0.5020833341346154 0.2234375 0.5104166658653846 0.23125 0.5333333341346154 0.2375 0.575 0.2453125 0.5895833341346154 0.2546875 0.5916666658653846 0.2703125 0.5770833341346153 0.3 0.5770833341346153 0.3 0.55 0.30625 0.5229166658653847 0.321875 0.5229166658653847 0.3421875 0.5270833341346154 0.35 0.5458333341346153 0.3515625 0.5541666658653847 0.37187499999999996 0.5583333341346154 0.37812500000000004 0.5604166658653846 0.37968749999999996 0.5354166658653846 0.384375 0.5166666658653847 0.3984375 0.5166666658653847 0.4125 0.5208333341346154 0.415625 0.5375 0.41718750000000004 0.5479166658653847 0.43437499999999996 0.55 0.4515625 0.5520833341346154 0.4515625 0.5708333341346153 0.4546875 0.5916666658653846 0.45625000000000004 0.6 0.47343749999999996 0.6 0.47187500000000004 0.5791666658653847 0.4859375 0.54375 0.48124999999999996 0.525 0.48906249999999996 0.5145833341346153 0.49531250000000004 0.50625 0.5125 0.5083333341346153 0.521875 0.5166666658653847 0.5265625 0.49375 0.5296875 0.4833333341346154 0.540625 0.4854166658653846 0.5515625 0.49375 0.5515625 0.5104166658653846 0.5484375 0.525 0.5640625 0.5375 0.5640625 0.5583333341346154 0.5625 0.575 0.571875 0.5770833341346153 0.59375 0.5708333341346153 0.5890625 0.5541666658653847 0.59375 0.525 0.6015625 0.5145833341346153 0.6156250000000001 0.5083333341346153 0.6296875 0.5145833341346153 0.6359375 0.5229166658653847 0.6359375 0.5479166658653847 0.6359375 0.5625 0.6453125 0.5541666658653847 0.659375 0.5458333341346153 0.659375 0.5270833341346154 0.659375 0.5104166658653846 0.671875 0.5041666658653846 0.684375 0.5041666658653846 0.6921875 0.5145833341346153 0.690625 0.53125 0.6890624999999999 0.54375 0.6953125 0.55 0.7046874999999999 0.5520833341346154 0.7078125 0.53125 0.7078125 0.5083333341346153 0.7171875000000001 0.48958333413461536 0.7250000000000001 0.4854166658653846 0.7359374999999999 0.49375 0.7453125 0.5208333341346154 0.75 0.53125 0.7640625000000001 0.5291666658653846 0.778125 0.53125 0.78125 0.5416666658653846 0.7890625 0.5625 0.7984374999999999 0.5625 0.8031250000000001 0.5458333341346153 0.8187500000000001 0.5375 0.8390625 0.54375 0.840625 0.5291666658653846 0.8453124999999999 0.51875 0.8546875 0.5145833341346153 0.8671875 0.5208333341346154 0.8765624999999999 0.5291666658653846 0.8828125 0.54375 0.8843749999999999 0.5291666658653846 0.8859375 0.50625 0.8968750000000001 0.4958333341346154 0.9046875000000001 0.49375 0.9109375 0.5041666658653846 0.9203125000000001 0.5145833341346153 0.9265625 0.5020833341346154 0.9390624999999999 0.5020833341346154 0.9421875 0.48958333413461536 0.9515625000000001 0.47916666586538464 0.9593750000000001 0.48124999999999996 0.96875 0.475 0.96875 0.4645833341346154 0.9875 0.4520833341346154 0.9937499999999999 0.43125 0.9890625 0.4041666658653846 0.9828125000000001 0.4020833341346154 0.96875 0.4145833341346154 0.9624999999999999 0.42708333413461536 0.9515625000000001 0.4291666658653846 0.9468749999999999 0.4229166658653846 0.9421875 0.4104166658653846 0.9281250000000001 0.4229166658653846 0.9109375 0.4291666658653846 0.8999999999999999 0.4208333341346154 0.8999999999999999 0.40625 0.8796875 0.41874999999999996 0.8640625 0.42500000000000004 0.8531249999999999 0.4145833341346154 0.828125 0.42708333413461536 0.8140624999999999 0.41874999999999996 0.796875 0.41874999999999996 0.78125 0.4333333341346154 0.7703125 0.42708333413461536 0.7515624999999999 0.4229166658653846 0.7390625 0.42500000000000004