1885 0.46875 0 0.4765625 0.359375 0.99609375 0.51171875 0.9883404375 0 0.46875 0
1885 0 0 0 0.3828125 0.47265625 0.35546875 0.46492866826923074 0 0 0
466 0.48046875 0.35546875 0.48828125 0.13671875 0.46484375 0.125 0.1484375 0.11328125 0.140625 0.3515625 0.16796875 0.37109375 0.48046875 0.35546875
1942 0.9192708317307693 0 0.796875 0.0078125 0.7890625 0.30859375 0.96484375 0.32421875 0.9802827379807693 0 0.9192708317307693 0
1942 0.47265625 0 0.47265625 0.12109375 0.48828125 0.125 0.484375 0.2734375 0.703125 0.2890625 0.72265625 0 0.47265625 0
605 0 0.4522569447115385 0.03125 0.4765625 0.0234375 0.4921875 0.00390625 0.65234375 0.01171875 0.67578125 0.05078125 0.71484375 0.04296875 0.6953125 0.015625 0.65625 0.015625 0.59375 0.02734375 0.50390625 0.03515625 0.4765625 0.43359375 0.453125 0.36328125 0.4296875 0 0.4490109735576923 0 0.4522569447115385
605 0.109375 0.765625 0.109375 0.73046875 0.12890625 0.5390625 0.140625 0.55078125 0.60546875 0.51171875 0.60546875 0.50390625 0.51171875 0.4765625 0.078125 0.50390625 0.078125 0.515625 0.12109375 0.5390625 0.09375 0.73828125 0.09375 0.765625 0.10546875 0.7890625 0.15234375 0.828125 0.16796875 0.83203125 0.16015625 0.81640625 0.12109375 0.78125 0.109375 0.765625
605 0.23046875 0.92578125 0.2265625 0.86328125 0.23046875 0.81640625 0.23828125 0.765625 0.25390625 0.7109375 0.26953125 0.68359375 0.28515625 0.6875 0.88671875 0.62109375 0.88671875 0.609375 0.74609375 0.5625 0.1875 0.61328125 0.1875 0.625 0.2578125 0.671875 0.23828125 0.70703125 0.21875 0.75390625 0.2109375 0.82421875 0.20703125 0.953125 0.21875 0.9765625 0.234375 0.9921875 0.2578125 0.9921875 0.24609375 0.9765625 0.23046875 0.953125 0.23046875 0.92578125
423 0.53515625 0.5234375 0.53125 0.49609375 0.5078125 0.484375 0.48046875 0.4765625 0.453125 0.484375 0.421875 0.50390625 0.3984375 0.5390625 0.39453125 0.5625 0.37890625 0.5625 0.3984375 0.578125 0.4140625 0.5859375 0.53515625 0.578125 0.53515625 0.5234375
608 0.6640625 0.87109375 0.7890625 0.94921875 0.99609375 0.90234375 0.99609375 0.63671875 0.453125 0.70703125 0.44921875 0.7265625 0.58984375 0.8203125 0.62109375 0.87109375 0.62109375 0.9921875 0.67578125 0.9921875 0.6640625 0.8828125 0.6640625 0.87109375
792 0 0.9921875 0.99609375 0.9921875 0.99609375 0.51171875 0.47265625 0.35546875 0 0.37871413942307697 0 0.9921875
423 0.8203125 0.609375 0.80078125 0.58984375 0.7734375 0.5859375 0.734375 0.59375 0.69921875 0.609375 0.66015625 0.640625 0.6484375 0.671875 0.83203125 0.65625 0.828125 0.63671875 0.8203125 0.609375
612 0.54296875 0.46875 0.54296875 0.48046875 0.546875 0.484375 0.55859375 0.45703125 0.578125 0.44921875 0.88671875 0.4296875 0.79296875 0.41015625 0.50390625 0.42578125 0.55859375 0.44921875 0.54296875 0.46875