402 0 0 0 0.0625 0.00390625 0.12890625 0.015625 0.1328125 0.03515625 0.125 0.15234375 0.16015625 0.15625 0.1796875 0.19921875 0.1875 0.25390625 0.19140625 0.98828125 0.1484375 0.9920873389423076 0 0 0
251 0.8828125 0.359375 0.31640625 0.3671875 0.3203125 0.5 0.875 0.51171875 0.8828125 0.359375
1027 0.3359375 0.0546875 0.23828125 0.06640625 0.29296875 0.10546875 0.3828125 0.0859375 0.3359375 0.0546875
1027 0.72265625 0.01953125 0.6015625 0.03125 0.62890625 0.06640625 0.74609375 0.0546875 0.72265625 0.01953125
1942 0.1640625 0.5 0.203125 0.49609375 0.19921875 0.1875 0.15625 0.18359375 0.1640625 0.5
655 0.9921875 0.37890625 0.9375 0.37890625 0.9375 0.6640625 0.94921875 0.66796875 0.9921875 0.6640625 0.9921875 0.37890625
615 0 0.830078125 0.03515625 0.8125 0.11328125 0.828125 0.12109375 0.8203125 0.12109375 0.8046875 0.18359375 0.78515625 0.1953125 0.81640625 0.1953125 0.76953125 0.203125 0.75 0.2890625 0.703125 0.3359375 0.70703125 0.359375 0.70703125 0.35546875 0.6796875 0.35546875 0.67578125 0.40625 0.65234375 0.4375 0.64453125 0.4375 0.58203125 0.44921875 0.578125 0.44921875 0.57421875 0.25390625 0.5546875 0.16796875 0.5703125 0.171875 0.58203125 0.09765625 0.59765625 0.11328125 0.60546875 0.11328125 0.62109375 0.04296875 0.6171875 0.00390625 0.64453125 0.01171875 0.6484375 0.01953125 0.6796875 0.00390625 0.68359375 0 0.7578125 0 0.830078125
615 0 0.9140625 0.00390625 0.9921875 0.51953125 0.99609375 0.51953125 0.94140625 0.55078125 0.90234375 0.58203125 0.8984375 0.5859375 0.98828125 0.796875 0.70703125 0.7890625 0.60546875 0.80859375 0.58984375 0.5703125 0.5703125 0.5390625 0.58984375 0.56640625 0.59375 0.56640625 0.61328125 0.49609375 0.6015625 0.45703125 0.62890625 0.49609375 0.63671875 0.49609375 0.65234375 0.41796875 0.6484375 0.359375 0.68359375 0.37890625 0.6875 0.37890625 0.71484375 0.28515625 0.703125 0.20703125 0.7421875 0.25 0.75390625 0.25 0.84765625 0.03515625 0.8125 0 0.8335937499999999 0 0.9140625
1885 0.9296875 0.67578125 0.9375 0.6640625 0.9375 0.37890625 0.9921875 0.37890625 0.9921875 0.1953125 0.9921875 0.1484375 0.25 0.19921875 0.25390625 0.62109375 0.9296875 0.67578125
1885 0 0.4375 0.00390625 0.69921875 0.25390625 0.62109375 0.25 0.19140625 0.203125 0.1875 0.16015625 0.17578125 0.15625 0.1640625 0.03515625 0.125 0.01953125 0.13671875 0 0.13020833173076923 0 0.4375
792 0 0.9922028197115385 0.9921875 0.99609375 0.98828125 0.6640625 0.9453125 0.66796875 0.94140625 0.66796875 0.9296875 0.67578125 0.25 0.625 0 0.698076923076923 0 0.9922028197115385