402 0.007912661057692307 0 0.01171875 0.1484375 0.74609375 0.19140625 0.80078125 0.1875 0.84375 0.1796875 0.84765625 0.16015625 0.96484375 0.125 0.984375 0.1328125 0.99609375 0.12890625 1 0.0625 1 0 0.007912661057692307 0
251 0.125 0.51171875 0.6796875 0.5 0.68359375 0.3671875 0.1171875 0.359375 0.125 0.51171875
1027 0.6171875 0.0859375 0.70703125 0.10546875 0.76171875 0.06640625 0.6640625 0.0546875 0.6171875 0.0859375
1027 0.25390625 0.0546875 0.37109375 0.06640625 0.3984375 0.03125 0.27734375 0.01953125 0.25390625 0.0546875
1942 0.84375 0.18359375 0.80078125 0.1875 0.796875 0.49609375 0.8359375 0.5 0.84375 0.18359375
655 0.0078125 0.6640625 0.05078125 0.66796875 0.0625 0.6640625 0.0625 0.37890625 0.0078125 0.37890625 0.0078125 0.6640625
615 1 0.7578125 0.99609375 0.68359375 0.98046875 0.6796875 0.98828125 0.6484375 0.99609375 0.64453125 0.95703125 0.6171875 0.88671875 0.62109375 0.88671875 0.60546875 0.90234375 0.59765625 0.828125 0.58203125 0.83203125 0.5703125 0.74609375 0.5546875 0.55078125 0.57421875 0.55078125 0.578125 0.5625 0.58203125 0.5625 0.64453125 0.59375 0.65234375 0.64453125 0.67578125 0.64453125 0.6796875 0.640625 0.70703125 0.6640625 0.70703125 0.7109375 0.703125 0.796875 0.75 0.8046875 0.76953125 0.8046875 0.81640625 0.81640625 0.78515625 0.87890625 0.8046875 0.87890625 0.8203125 0.88671875 0.828125 0.96484375 0.8125 1 0.830078125 1 0.7578125
615 1 0.8335937499999999 0.96484375 0.8125 0.75 0.84765625 0.75 0.75390625 0.79296875 0.7421875 0.71484375 0.703125 0.62109375 0.71484375 0.62109375 0.6875 0.640625 0.68359375 0.58203125 0.6484375 0.50390625 0.65234375 0.50390625 0.63671875 0.54296875 0.62890625 0.50390625 0.6015625 0.43359375 0.61328125 0.43359375 0.59375 0.4609375 0.58984375 0.4296875 0.5703125 0.19140625 0.58984375 0.2109375 0.60546875 0.203125 0.70703125 0.4140625 0.98828125 0.41796875 0.8984375 0.44921875 0.90234375 0.48046875 0.94140625 0.48046875 0.99609375 0.99609375 0.9921875 1 0.9140625 1 0.8335937499999999
1885 0.74609375 0.62109375 0.75 0.19921875 0.0078125 0.1484375 0.0078125 0.1953125 0.0078125 0.37890625 0.0625 0.37890625 0.0625 0.6640625 0.0703125 0.67578125 0.74609375 0.62109375
1885 1 0.13020833173076923 0.98046875 0.13671875 0.96484375 0.125 0.84375 0.1640625 0.83984375 0.17578125 0.796875 0.1875 0.75 0.19140625 0.74609375 0.62109375 0.99609375 0.69921875 1 0.4375 1 0.13020833173076923
792 1 0.698076923076923 0.75 0.625 0.0703125 0.67578125 0.05859375 0.66796875 0.0546875 0.66796875 0.01171875 0.6640625 0.0078125 0.99609375 1 0.9922028197115385 1 0.698076923076923