1885 0.0116595625 0 0.00390625 0.51171875 0.5234375 0.359375 0.53125 0 0.0116595625 0
1885 0.5350713317307693 0 0.52734375 0.35546875 1 0.3828125 1 0 0.5350713317307693 0
466 0.83203125 0.37109375 0.859375 0.3515625 0.8515625 0.11328125 0.53515625 0.125 0.51171875 0.13671875 0.51953125 0.35546875 0.83203125 0.37109375
1942 0.019717262019230773 0 0.03515625 0.32421875 0.2109375 0.30859375 0.203125 0.0078125 0.08072916826923077 0 0.019717262019230773 0
1942 0.27734375 0 0.296875 0.2890625 0.515625 0.2734375 0.51171875 0.125 0.52734375 0.12109375 0.52734375 0 0.27734375 0
605 1 0.4490109735576923 0.63671875 0.4296875 0.56640625 0.453125 0.96484375 0.4765625 0.97265625 0.50390625 0.984375 0.59375 0.984375 0.65625 0.95703125 0.6953125 0.94921875 0.71484375 0.98828125 0.67578125 0.99609375 0.65234375 0.9765625 0.4921875 0.96875 0.4765625 1 0.4522569447115385 1 0.4490109735576923
605 0.87890625 0.78125 0.83984375 0.81640625 0.83203125 0.83203125 0.84765625 0.828125 0.89453125 0.7890625 0.90625 0.765625 0.90625 0.73828125 0.87890625 0.5390625 0.921875 0.515625 0.921875 0.50390625 0.48828125 0.4765625 0.39453125 0.50390625 0.39453125 0.51171875 0.859375 0.55078125 0.87109375 0.5390625 0.890625 0.73046875 0.890625 0.765625 0.87890625 0.78125
605 0.76953125 0.953125 0.75390625 0.9765625 0.7421875 0.9921875 0.765625 0.9921875 0.78125 0.9765625 0.79296875 0.953125 0.7890625 0.82421875 0.78125 0.75390625 0.76171875 0.70703125 0.7421875 0.671875 0.8125 0.625 0.8125 0.61328125 0.25390625 0.5625 0.11328125 0.609375 0.11328125 0.62109375 0.71484375 0.6875 0.73046875 0.68359375 0.74609375 0.7109375 0.76171875 0.765625 0.76953125 0.81640625 0.7734375 0.86328125 0.76953125 0.92578125 0.76953125 0.953125
423 0.46484375 0.578125 0.5859375 0.5859375 0.6015625 0.578125 0.62109375 0.5625 0.60546875 0.5625 0.6015625 0.5390625 0.578125 0.50390625 0.546875 0.484375 0.51953125 0.4765625 0.4921875 0.484375 0.46875 0.49609375 0.46484375 0.5234375 0.46484375 0.578125
608 0.3359375 0.8828125 0.32421875 0.9921875 0.37890625 0.9921875 0.37890625 0.87109375 0.41015625 0.8203125 0.55078125 0.7265625 0.546875 0.70703125 0.00390625 0.63671875 0.00390625 0.90234375 0.2109375 0.94921875 0.3359375 0.87109375 0.3359375 0.8828125
792 1 0.37871413942307697 0.52734375 0.35546875 0.00390625 0.51171875 0.00390625 0.9921875 1 0.9921875 1 0.37871413942307697
423 0.171875 0.63671875 0.16796875 0.65625 0.3515625 0.671875 0.33984375 0.640625 0.30078125 0.609375 0.265625 0.59375 0.2265625 0.5859375 0.19921875 0.58984375 0.1796875 0.609375 0.171875 0.63671875
612 0.44140625 0.44921875 0.49609375 0.42578125 0.20703125 0.41015625 0.11328125 0.4296875 0.421875 0.44921875 0.44140625 0.45703125 0.453125 0.484375 0.45703125 0.48046875 0.45703125 0.46875 0.44140625 0.44921875