1494 0.13671875 0.0859375 0.16015625 0.5 0.90625 0.49609375 0.91015625 0.078125 0.13671875 0.0859375
1885 0.007784399038461538 0 0.00390625 0.5390625 0.39453125 0.53515625 0.84375 0.53125 0.99609375 0.5234375 1 0.259765625 1 0 0.007784399038461538 0
564 0.01171875 0 0.0078125 0.5390625 0.0234375 0.53515625 0.0546875 0.53125 0.0703125 0.53125 0.0859375 0.53515625 0.1015625 0.52734375 0.12890625 0.53125 0.15234375 0.5390625 0.16015625 0.52734375 0.140625 0.265625 0.13671875 0.19921875 0.13671875 0.171875 0.1328125 0.13671875 0.13671875 0.07421875 0.13671875 0.05859375 0.13671875 0.046875 0.1328125 0.015625 0.1328125 0.00390625 0.1171875 0.00390625 0.107421875 0 0.06640625 0 0.03515625 0.00390625 0.0234375 0 0.01171875 0
564 0.9609375 0 0.94140625 0.00390625 0.9140625 0.00390625 0.9140625 0.046875 0.9140625 0.1015625 0.9140625 0.1640625 0.9140625 0.2890625 0.91015625 0.41796875 0.90234375 0.50390625 0.9140625 0.51171875 0.92578125 0.5234375 0.9375 0.515625 0.94921875 0.52734375 0.9609375 0.5234375 0.9765625 0.51953125 0.99609375 0.51953125 0.99609375 0 0.98828125 0 0.9609375 0
1638 1 0.5236328125 0.92578125 0.52734375 0.77734375 0.53125 0.56640625 0.53515625 0.2578125 0.53515625 0.12890625 0.53515625 0.02734375 0.5390625 0.0078125 0.53515625 0.0078125 0.59765625 0.046875 0.6015625 0.0546875 0.63671875 0.1171875 0.6484375 0.13671875 0.66796875 0.16796875 0.67578125 0.1875 0.6875 0.21875 0.68359375 0.22265625 0.6796875 0.26171875 0.67578125 0.26953125 0.6640625 0.38671875 0.66796875 0.51953125 0.6640625 0.703125 0.66015625 0.82421875 0.65625 0.8359375 0.66796875 0.8671875 0.66796875 0.87890625 0.6796875 0.9140625 0.6796875 0.91796875 0.6640625 0.9453125 0.65625 0.95703125 0.640625 0.99609375 0.6328125 1 0.578125 1 0.5236328125
1505 1 0.8125 0.99609375 0.6328125 0.9609375 0.640625 0.94921875 0.65625 0.921875 0.6640625 0.9140625 0.6796875 0.875 0.6796875 0.8671875 0.66796875 0.83203125 0.66796875 0.82421875 0.65625 0.765625 0.66015625 0.765625 0.66796875 0.7578125 0.66015625 0.70703125 0.66015625 0.703125 0.6640625 0.6953125 0.66015625 0.64453125 0.6640625 0.640625 0.66796875 0.6328125 0.6640625 0.58203125 0.6640625 0.58203125 0.66796875 0.57421875 0.66015625 0.515625 0.6640625 0.51171875 0.66796875 0.5078125 0.66015625 0.45703125 0.66015625 0.453125 0.66796875 0.4453125 0.66015625 0.39453125 0.66015625 0.390625 0.66796875 0.375 0.66015625 0.328125 0.6640625 0.328125 0.66796875 0.31640625 0.6640625 0.26953125 0.6640625 0.26171875 0.671875 0.2265625 0.67578125 0.21484375 0.6875 0.18359375 0.6875 0.1640625 0.671875 0.11328125 0.6484375 0.0546875 0.6328125 0.0390625 0.640625 0.03125 0.65234375 0.02734375 0.63671875 0.0078125 0.63671875 0.0078125 0.99609375 1 0.9922028197115385 1 0.8125
1885 0.05078125 0.62890625 0.046875 0.59765625 0.0078125 0.59375 0.00390625 0.61328125 0.00390625 0.63671875 0.03125 0.63671875 0.03515625 0.65234375 0.0390625 0.63671875 0.05078125 0.62890625
1622 0.8125 0 0.8046875 0.015625 0.828125 0.046875 0.84765625 0.046875 0.8671875 0 0.8125 0
1622 0.72265625 0 0.69921875 0.00390625 0.71484375 0.0390625 0.7421875 0.04296875 0.76171875 0 0.72265625 0
1622 0.6519886370192308 0 0.6484375 0.0390625 0.67578125 0.04296875 0.68359375 0 0.6519886370192308 0
1622 0.6015625 0 0.60546875 0.04296875 0.63671875 0.04296875 0.64453125 0.00390625 0.6328125 0 0.6015625 0
1622 0.51953125 0 0.51953125 0.02734375 0.52734375 0.02734375 0.51953125 0.0625 0.55078125 0.0625 0.5546875 0.03515625 0.551171875 0 0.51953125 0
1622 0.49609375 0.00390625 0.44140625 0 0.4453125 0.04296875 0.484375 0.04296875 0.49609375 0.00390625
1622 0.38671875 0 0.38671875 0.0390625 0.41796875 0.0390625 0.4296875 0 0.38671875 0
1622 0.3203125 0 0.32421875 0.0390625 0.3671875 0.03515625 0.36328125 0 0.3203125 0
1622 0.23828125 0 0.2265625 0.0078125 0.2421875 0.04296875 0.26953125 0.0390625 0.27734375 0.01171875 0.2744140625 0 0.23828125 0
1622 0.140625 0 0.14453125 0.046875 0.17578125 0.0390625 0.1796875 0.015625 0.18359375 0.015625 0.18359375 0 0.140625 0
1622 0.09375 0 0.03125 0.00390625 0.04296875 0.046875 0.078125 0.04296875 0.09375 0