402 0.5767063509615384 0 0.5783333341346154 0.09111111057692309 0.8233333341346154 0.10444444471153846 0.9816666658653846 0.015555555288461538 0.983125 0 0.5767063509615384 0
1523 0.6416666658653847 0.41777777884615386 0.6499999999999999 0.4311111105769231 0.7066666658653846 0.42444444471153847 0.7083333341346154 0.19333333413461537 0.6483333341346154 0.19333333413461537 0.6416666658653847 0.19333333413461537 0.6416666658653847 0.41777777884615386
754 0.61 0.42444444471153847 0.6166666658653847 0.4333333341346154 0.6266666658653846 0.42666666586538465 0.645 0.4333333341346154 0.645 0.42666666586538465 0.6366666658653847 0.42444444471153847 0.6416666658653847 0.4222222211538461 0.6416666658653847 0.41777777884615386 0.6283333341346153 0.42 0.6233333341346154 0.32 0.6283333341346153 0.32222222115384613 0.6383333341346155 0.3177777788461539 0.6416666658653847 0.30222222115384617 0.64 0.28222222115384615 0.635 0.27333333413461536 0.6266666658653846 0.2688888894230769 0.6116666658653845 0.2711111105769231 0.6016666658653846 0.28222222115384615 0.6016666658653846 0.3 0.6066666658653846 0.3133333341346154 0.62 0.3177777788461539 0.62 0.42 0.61 0.42444444471153847
126 1 0.41259259375 0.9916666658653847 0.40888888942307694 0.9666666658653846 0.40888888942307694 0.9316666658653846 0.41777777884615386 0.8916666658653847 0.4288888894230769 0.86 0.44 0.86 0.4533333341346154 0.8616666658653845 0.4755555552884615 0.8616666658653845 0.5066666658653847 0.8633333341346153 0.56 0.87 0.5644444447115384 0.9983333341346154 0.5644444447115384 1 0.48888888942307696 1 0.41259259375
1702 0.8049999999999999 0.47333333413461537 0.8099999999999999 0.47777777884615386 0.825 0.48222222115384616 0.8433333341346153 0.48222222115384616 0.8516666658653846 0.48000000000000004 0.8566666658653846 0.47777777884615386 0.8583333341346153 0.46888888942307694 0.855 0.46222222115384615 0.8483333341346154 0.46 0.8383333341346154 0.46 0.8366666658653846 0.41333333413461537 0.8466666658653845 0.41333333413461537 0.87 0.40888888942307694 0.8783333341346153 0.3977777788461539 0.8783333341346153 0.3711111105769231 0.8666666658653847 0.3711111105769231 0.8633333341346153 0.36 0.8266666658653846 0.36222222115384617 0.8200000000000001 0.34666666586538464 0.8016666658653846 0.3444444447115385 0.795 0.34888888942307694 0.795 0.3711111105769231 0.8033333341346154 0.3911111105769231 0.8183333341346154 0.41555555528846155 0.8316666658653846 0.41777777884615386 0.8316666658653846 0.45777777884615384 0.8116666658653846 0.46222222115384615 0.8033333341346154 0.4666666658653846 0.8049999999999999 0.47333333413461537
1120 0.9033333341346155 0.33333333413461536 0.9416666658653846 0.33777777884615384 0.9466666658653846 0.13777777884615386 0.905 0.14666666586538463 0.9033333341346155 0.33333333413461536
128 0.7366666658653845 0.3 0.74 0.3133333341346154 0.7383333341346153 0.3644444447115385 0.7466666658653847 0.38 0.765 0.38 0.78 0.38 0.7816666658653847 0.33333333413461536 0.7749999999999999 0.33111111057692305 0.7716666658653846 0.3 0.7633333341346155 0.3066666658653846 0.7516666658653846 0.3066666658653846 0.7366666658653845 0.3
1885 0.76 0.35777777884615386 0.7816666658653847 0.3777777788461538 0.7833333341346154 0.16 0.76 0.16222222115384616 0.76 0.35777777884615386
1885 0.7066666658653846 0.3644444447115385 0.7583333341346153 0.36 0.7583333341346153 0.16222222115384616 0.6983333341346154 0.15777777884615382 0.6983333341346154 0.1911111105769231 0.7066666658653846 0.19333333413461537 0.7066666658653846 0.3644444447115385
1942 0.575 0.11333333413461538 0.575 0.33111111057692305 0.6233333341346154 0.33111111057692305 0.6233333341346154 0.11777777884615384 0.575 0.11333333413461538
1885 0.825 0.41333333413461537 0.825 0.10222222115384616 0.575 0.08888888942307692 0.575 0.10222222115384616 0.5766666658653846 0.41555555528846155 0.7016666658653846 0.42 0.6983333341346154 0.1888888894230769 0.6983333341346154 0.15777777884615382 0.7833333341346154 0.15777777884615382 0.78 0.39555555528846154 0.785 0.40888888942307694 0.825 0.41333333413461537
1562 0.7283333341346154 0.1533333341346154 0.7566666658653846 0.15555555528846154 0.755 0.1311111105769231 0.7283333341346154 0.1311111105769231 0.7283333341346154 0.1533333341346154
901 0.88 0.23333333413461538 0.8816666658653846 0.21111111057692306 0.875 0.20888888942307693 0.8616666658653845 0.2 0.8583333341346153 0.19777777884615383 0.8533333341346154 0.2066666658653846 0.8516666658653846 0.20888888942307693 0.845 0.22 0.8416666658653846 0.23333333413461538 0.84 0.26 0.8566666658653846 0.26444444471153844 0.8683333341346154 0.2688888894230769 0.8766666658653846 0.2533333341346154 0.88 0.23333333413461538
901 0.8383333341346154 0.24888888942307694 0.84 0.22666666586538461 0.84 0.21111111057692306 0.8266666658653846 0.2 0.8183333341346154 0.20222222115384614 0.8133333341346154 0.21111111057692306 0.8099999999999999 0.22666666586538461 0.8049999999999999 0.2466666658653846 0.8066666658653846 0.2555555552884615 0.8200000000000001 0.2622222211538462 0.8316666658653846 0.26444444471153844 0.8383333341346154 0.24888888942307694
1885 0.8283333341346153 0.41555555528846155 0.9833333341346153 0.4666666658653846 0.985 0.06666666586538461 0.985 0.015555555288461538 0.8266666658653846 0.10444444471153846 0.8283333341346153 0.41555555528846155
1885 0.9833333341346153 0 0.9833333341346153 0.4666666658653846 1 0.4686868677884615 1 0 0.9833333341346153 0
792 1 0.5155555552884615 0.9983333341346154 0.46888888942307694 0.985 0.46888888942307694 0.8266666658653846 0.41333333413461537 0.785 0.41111111057692307 0.7783333341346155 0.3977777788461539 0.7816666658653847 0.3777777788461538 0.7583333341346153 0.35777777884615386 0.7033333341346153 0.36222222115384617 0.7033333341346153 0.42 0.5766666658653846 0.41555555528846155 0.5766666658653846 0.5644444447115384 1 0.5622309375 1 0.5155555552884615
1027 0.9316666658653846 0.04 0.9366666658653846 0.03555555528846154 0.9349999999999999 0.026666665865384614 0.9366666658653846 0.02222222115384615 0.9283333341346154 0.02 0.925 0.026666665865384614 0.9283333341346154 0.02888888942307692 0.9283333341346154 0.037777778846153846 0.9316666658653846 0.04
1027 0.8500000000000001 0.08888888942307692 0.8533333341346154 0.08444444471153846 0.8500000000000001 0.07777777884615385 0.8533333341346154 0.07333333413461539 0.845 0.07111111057692308 0.8416666658653846 0.07777777884615385 0.845 0.08 0.8433333341346153 0.08222222115384616 0.845 0.08888888942307692 0.8500000000000001 0.08888888942307692
1027 0.8016666658653846 0.10222222115384616 0.8 0.10666666586538462 0.8016666658653846 0.11333333413461538 0.8066666658653846 0.11111111057692308 0.8083333341346154 0.10666666586538462 0.8083333341346154 0.1 0.8049999999999999 0.1 0.8016666658653846 0.10222222115384616
1314 0.6766666658653846 0.12444444471153847 0.6483333341346154 0.12444444471153847 0.6466666658653846 0.16444444471153846 0.6766666658653846 0.16222222115384616 0.6766666658653846 0.12444444471153847
1648 0.9833333341346153 0.33999999999999997 0.9483333341346154 0.33333333413461536 0.9033333341346155 0.33333333413461536 0.9016666658653846 0.41555555528846155 0.8999999999999999 0.42444444471153847 0.9683333341346153 0.40666666586538464 0.9833333341346153 0.40666666586538464 0.9833333341346153 0.33999999999999997
127 0.5783333341346154 0.5399999999999999 0.5866666658653846 0.5311111105769231 0.5966666658653846 0.5244444447115385 0.605 0.4866666658653846 0.6083333341346153 0.47333333413461537 0.6133333341346154 0.46 0.62 0.4444444447115385 0.61 0.42444444471153847 0.6033333341346154 0.41555555528846155 0.5966666658653846 0.41111111057692307 0.5866666658653846 0.41111111057692307 0.5766666658653846 0.40666666586538464 0.5783333341346154 0.5399999999999999