402 0.25968952884615387 0 0.5803571418269231 0.1447811442307692 0.9955357139423077 0.07744107692307692 0.9955357139423077 0 0.25968952884615387 0
1027 0.8214285721153847 0.06397306490384615 0.8214285721153847 0.057239057692307686 0.810267858173077 0.053872052884615385 0.8013392860576923 0.053872052884615385 0.7879464278846153 0.06397306490384615 0.8013392860576923 0.07070706971153846 0.810267858173077 0.07070706971153846 0.8214285721153847 0.06397306490384615
1027 0.6495535721153847 0.0976430985576923 0.6450892860576923 0.08754208653846153 0.638392858173077 0.09427609375 0.640625 0.10101010096153845 0.6495535721153847 0.0976430985576923
402 0.921875 0.13131313221153845 0.8816964278846153 0.14141414182692308 0.8370535721153847 0.15488215384615384 0.8035714278846153 0.1818181826923077 0.7857142860576923 0.2053872043269231 0.7700892860576923 0.22222222115384616 0.7566964278846153 0.23905723798076922 0.7745535721153847 0.2457912451923077 0.9955357139423077 0.23232323317307693 0.9955357139423077 0.12794612740384614 0.955357141826923 0.12794612740384614 0.921875 0.13131313221153845
1027 0.9620535721153847 0.124579125 0.950892858173077 0.124579125 0.9419642860576923 0.12794612740384614 0.939732141826923 0.13804713701923077 0.953125 0.14141414182692308 0.9642857139423077 0.14141414182692308 0.96875 0.1346801346153846 0.9620535721153847 0.124579125
1027 0.986607141826923 0.1750841754807692 0.9776785721153847 0.17171717067307693 0.966517858173077 0.1750841754807692 0.9620535721153847 0.18518518509615384 0.9754464278846153 0.18518518509615384 0.986607141826923 0.1818181826923077 0.986607141826923 0.1750841754807692
1379 0.6785714278846153 0.2929292932692308 0.6183035721153847 0.2929292932692308 0.6138392860576923 0.5286195288461538 0.671875 0.5353535360576923 0.6785714278846153 0.2929292932692308
1124 0.484375 0.6262626274038462 0.5357142860576923 0.6127946129807692 0.5334821418269231 0.6835016826923077 0.546875 0.6734006730769231 0.5513392860576923 0.23905723798076922 0.44866071394230767 0.22222222115384616 0.45758928605769233 0.6296296298076923 0.47544642788461544 0.639730639423077 0.484375 0.6262626274038462
1124 0.3125 0.734006733173077 0.3303571418269231 0.7643097644230769 0.37053571394230767 0.7542087548076922 0.375 0.6632996634615385 0.38616071394230767 0.65656565625 0.41294642788461544 0.6666666658653846 0.4084821418269231 0.2053872043269231 0.24776785817307692 0.17171717067307693 0.2678571418269231 0.7171717163461538 0.2767857139423077 0.7239057235576923 0.3125 0.734006733173077
1123 0 0.9214365889423076 0.09151785817307692 0.8754208750000001 0.08928571394230769 0.7542087548076922 0.10714285817307692 0.75084175 0.18303571394230772 0.7912457908653846 0.19642857211538461 0.78114478125 0.18526785817307692 0.15488215384615384 0.002232141826923077 0.11447811538461537 0 0.5185185192307692 0 0.9214365889423076
126 0.22544642788461539 0.9225589230769231 0.33258928605769233 0.858585858173077 0.33258928605769233 0.75084175 0.3102678581730769 0.7373737379807692 0.32366071394230767 0.6734006730769231 0.20982142788461539 0.7104377115384615 0.19419642788461539 0.7845117836538461 0.18526785817307692 0.7912457908653846 0.10491071394230769 0.75084175 0.08928571394230769 0.7542087548076922 0.09151785817307692 0.8720538725961539 0.18973214182692308 0.9360269350961539 0.21205357211538461 0.9259259254807692 0.21205357211538461 0.9730639735576924 0.17410714182692308 0.9932659927884615 0.2901785721153846 0.9932659927884615 0.22544642788461539 0.9595959591346154 0.22544642788461539 0.9225589230769231
126 0.46428571394230767 0.8249158245192307 0.46205357211538456 0.7845117836538461 0.47321428605769233 0.7845117836538461 0.5357142860576923 0.734006733173077 0.5334821418269231 0.6127946129807692 0.4821428581730769 0.6262626274038462 0.47767857211538456 0.6363636370192308 0.4508928581730769 0.6296296298076923 0.44196428605769233 0.6734006730769231 0.38616071394230767 0.6531986538461538 0.375 0.6666666658653846 0.3727678581730769 0.7474747475961538 0.453125 0.777777778846154 0.4553571418269231 0.8215488221153847 0.4352678581730769 0.8181818173076922 0.390625 0.8653198653846155 0.4665178581730769 0.8989898990384616 0.5245535721153846 0.8484848485576924 0.46428571394230767 0.8249158245192307
126 0.6183035721153847 0.7104377115384615 0.6205357139423077 0.6666666658653846 0.6361607139423077 0.670033670673077 0.671875 0.6464646466346153 0.6763392860576923 0.5824915817307692 0.6629464278846153 0.5824915817307692 0.669642858173077 0.5488215480769231 0.640625 0.5488215480769231 0.6361607139423077 0.5757575769230769 0.6004464278846154 0.5690235697115384 0.5982142860576923 0.5892255889423077 0.5602678581730769 0.5858585865384616 0.5558035721153846 0.6498316490384616 0.6116071418269231 0.6632996634615385 0.609375 0.7171717163461538 0.6026785721153846 0.7171717163461538 0.5647321418269231 0.7373737379807692 0.627232141826923 0.7575757572115385 0.622767858173077 0.7272727283653846 0.6183035721153847 0.7104377115384615
126 0.8392857139423077 0.7609427620192307 0.6986607139423077 0.7441077451923076 0.6808035721153847 0.670033670673077 0.6205357139423077 0.7171717163461538 0.638392858173077 0.8080808076923076 0.6183035721153847 0.8047138052884615 0.6138392860576923 0.8249158245192307 0.6183035721153847 0.9494949495192307 0.7879464278846153 0.9932659927884615 0.8504464278846153 0.8720538725961539 0.8392857139423077 0.7609427620192307
126 0.8973214278846153 0.8316498317307693 0.8794642860576923 0.8215488221153847 0.8794642860576923 0.7609427620192307 0.9174107139423077 0.7643097644230769 0.950892858173077 0.7171717163461538 0.9464285721153847 0.6363636370192308 0.8504464278846153 0.6296296298076923 0.8370535721153847 0.5757575769230769 0.8013392860576923 0.5959595961538462 0.8125 0.6531986538461538 0.8013392860576923 0.6531986538461538 0.796875 0.6632996634615385 0.799107141826923 0.7441077451923076 0.8683035721153847 0.7575757572115385 0.8660714278846153 0.8215488221153847 0.8504464278846153 0.8181818173076922 0.8526785721153847 0.8619528629807692 0.8816964278846153 0.8720538725961539 0.8973214278846153 0.8316498317307693
1648 0.20982142788461539 0.7104377115384615 0.2767857139423077 0.7037037043269231 0.2700892860576923 0.5791245793269231 0.24776785817307692 0.5622895625 0.20089285817307692 0.5791245793269231 0.19866071394230772 0.7373737379807692 0.203125 0.7373737379807692 0.20982142788461539 0.7104377115384615
1648 0.453125 0.6296296298076923 0.4665178581730769 0.6329966322115385 0.46875 0.5252525264423077 0.4375 0.5151515144230769 0.41517857211538456 0.5286195288461538 0.41294642788461544 0.6632996634615385 0.4397321418269231 0.670033670673077 0.453125 0.6296296298076923
1885 0.7544642860576923 0.23905723798076922 0.7745535721153847 0.2053872043269231 0.7901785721153847 0.19865319951923077 0.828125 0.1616161610576923 0.875 0.14141414182692308 0.924107141826923 0.13131313221153845 0.9732142860576923 0.12794612740384614 0.997767858173077 0.13131313221153845 0.9955357139423077 0.07744107692307692 0.5825892860576923 0.1447811442307692 0.5870535721153846 0.670033670673077 0.7075892860576923 0.7003366995192307 0.7388392860576923 0.6734006730769231 0.736607141826923 0.3232323221153846 0.7410714278846153 0.2760942764423077 0.7544642860576923 0.23905723798076922
1885 0.7388392860576923 0.2895622884615384 0.736607141826923 0.3232323221153846 0.7410714278846153 0.5824915817307692 0.7611607139423077 0.5690235697115384 0.7723214278846153 0.2457912451923077 0.7566964278846153 0.23905723798076922 0.7433035721153847 0.2659932668269231 0.7388392860576923 0.2895622884615384
1885 0.997767858173077 0.5959595961538462 0.9955357139423077 0.23232323317307693 0.7723214278846153 0.2457912451923077 0.765625 0.5723905721153846 0.997767858173077 0.5959595961538462
792 0 0.9764309759615385 0.002232141826923077 0.9966329975961539 0.9955357139423077 0.9966329975961539 0.9955357139423077 0.5959595961538462 0.763392858173077 0.5690235697115384 0.7388392860576923 0.5824915817307692 0.7388392860576923 0.6734006730769231 0.7075892860576923 0.7003366995192307 0.5870535721153846 0.670033670673077 0 0.9551448822115384 0 0.9764309759615385
1885 0 0 0 0.9551407620192307 0.5848214278846154 0.670033670673077 0.5825892860576923 0.14141414182692308 0.26863579807692306 0 0 0