402 0 0 0 0.32281984375 0.255 0.44 0.35 0.4233333341346154 0.35 0.3833333341346154 0.29 0.35333333413461543 0.9974999999999999 0.3166666658653846 0.9974999999999999 0 0 0
655 0.7443494903846154 1 0.7375 0.40333333413461536 0.58 0.41333333413461537 0.5661780096153847 1 0.7443494903846154 1
1120 0.1525 0.9266666658653846 0.2225 0.9133333341346154 0.22 0.46 0.16249999999999998 0.4366666658653846 0.1475 0.4366666658653846 0.1525 0.9266666658653846
1120 0 0.8520833341346153 0.0025 0.92 0.105 0.9133333341346154 0.1 0.4233333341346154 0.0025 0.3733333341346154 0 0.37374999999999997 0 0.8520833341346153
852 0.26755555528846153 1 0.265 0.9233333341346154 0.20249999999999999 0.91 0.14250000000000002 0.9366666658653846 0.1435215048076923 1 0.26755555528846153 1
1027 0.5875 0.3166666658653846 0.5875 0.28 0.6 0.2666666658653846 0.6024999999999999 0.22333333413461537 0.5700000000000001 0.23333333413461538 0.575 0.2666666658653846 0.5850000000000001 0.27666666586538463 0.5825 0.3166666658653846 0.5675 0.3166666658653846 0.5575 0.33333333413461536 0.5375 0.3633333341346154 0.535 0.3866666658653846 0.545 0.4233333341346154 0.5625 0.4433333341346154 0.5925 0.46 0.62 0.4433333341346154 0.6425 0.41666666586538464 0.6475000000000001 0.3733333341346154 0.6275000000000001 0.33 0.61 0.3133333341346154 0.5875 0.3166666658653846
1598 0.8425 1 0.8425 0.9400000000000001 0.8350000000000001 0.9333333341346154 0.8350000000000001 0.9066666658653847 0.8275 0.9066666658653847 0.8275 0.9333333341346154 0.8125 0.9366666658653846 0.8125 1 0.8425 1
259 0.02 0.8933333341346154 0.0275 0.8966666658653846 0.030000000000000002 0.9233333341346154 0.042499999999999996 0.9233333341346154 0.0375 0.8966666658653846 0.045 0.89 0.05 0.8766666658653846 0.05 0.87 0.0375 0.8666666658653847 0.0275 0.8666666658653847 0.015000000000000001 0.8733333341346154 0.01 0.8833333341346153 0.02 0.8933333341346154
1027 0.2425 0.4 0.2575 0.41000000000000003 0.265 0.39333333413461535 0.2525 0.3833333341346154 0.2425 0.4
1027 0.1225 0.33 0.1375 0.32 0.1225 0.3133333341346154 0.11 0.32333333413461535 0.1225 0.33
1885 1 0.31347517548076925 0.2975 0.35333333413461543 0.35 0.3766666658653846 0.35 0.42 0.265 0.44 0.2692857139423077 1 0.9983796298076922 1 1 0.7666666658653847 1 0.31347517548076925