402 0.0025 0 0.0025 0.3166666658653846 0.7100000000000001 0.35333333413461543 0.6499999999999999 0.3833333341346154 0.6499999999999999 0.4233333341346154 0.745 0.44 1 0.32281984375 1 0 0.0025 0
655 0.43382199038461533 1 0.42 0.41333333413461537 0.2625 0.40333333413461536 0.2556505096153846 1 0.43382199038461533 1
1120 0.8524999999999999 0.4366666658653846 0.8374999999999999 0.4366666658653846 0.78 0.46 0.7775 0.9133333341346154 0.8475 0.9266666658653846 0.8524999999999999 0.4366666658653846
1120 1 0.37374999999999997 0.9974999999999999 0.3733333341346154 0.8999999999999999 0.4233333341346154 0.895 0.9133333341346154 0.9974999999999999 0.92 1 0.8520833341346153 1 0.37374999999999997
852 0.8564784951923077 1 0.8575 0.9366666658653846 0.7975 0.91 0.735 0.9233333341346154 0.7324444447115385 1 0.8564784951923077 1
1027 0.39 0.3133333341346154 0.3725 0.33 0.3525 0.3733333341346154 0.3575 0.41666666586538464 0.38 0.4433333341346154 0.40750000000000003 0.46 0.4375 0.4433333341346154 0.455 0.4233333341346154 0.46499999999999997 0.3866666658653846 0.4625 0.3633333341346154 0.4425 0.33333333413461536 0.4325 0.3166666658653846 0.41750000000000004 0.3166666658653846 0.415 0.27666666586538463 0.42500000000000004 0.2666666658653846 0.43 0.23333333413461538 0.3975 0.22333333413461537 0.4 0.2666666658653846 0.4125 0.28 0.4125 0.3166666658653846 0.39 0.3133333341346154
1598 0.1875 1 0.1875 0.9366666658653846 0.17250000000000001 0.9333333341346154 0.17250000000000001 0.9066666658653847 0.165 0.9066666658653847 0.165 0.9333333341346154 0.1575 0.9400000000000001 0.1575 1 0.1875 1
259 0.99 0.8833333341346153 0.985 0.8733333341346154 0.9725 0.8666666658653847 0.9624999999999999 0.8666666658653847 0.95 0.87 0.95 0.8766666658653846 0.955 0.89 0.9624999999999999 0.8966666658653846 0.9575 0.9233333341346154 0.97 0.9233333341346154 0.9725 0.8966666658653846 0.98 0.8933333341346154 0.99 0.8833333341346153
1027 0.7474999999999999 0.3833333341346154 0.735 0.39333333413461535 0.7424999999999999 0.41000000000000003 0.7575000000000001 0.4 0.7474999999999999 0.3833333341346154
1027 0.89 0.32333333413461535 0.8775000000000001 0.3133333341346154 0.8625 0.32 0.8775000000000001 0.33 0.89 0.32333333413461535
1885 0.7307142860576923 1 0.735 0.44 0.6499999999999999 0.42 0.6499999999999999 0.3766666658653846 0.7025 0.35333333413461543 0 0.31347517548076925 0 0.7666666658653847 0.0016203701923076922 1 0.7307142860576923 1