402 0.0078125 0 0.0078125 0.16796875 0.09765625 0.2578125 0.46875 0.25390625 1 0.10655223557692307 1 0.05078125 0.9963727692307691 0 0.0078125 0
1942 0.77734375 0.5234375 0.828125 0.54296875 0.8359375 0.22265625 0.7734375 0.23046875 0.77734375 0.5234375
1942 0.5703125 0.44921875 0.59375 0.45703125 0.59375 0.26171875 0.56640625 0.26171875 0.5703125 0.44921875
1942 0.53125 0.4375 0.55078125 0.44140625 0.55078125 0.265625 0.52734375 0.265625 0.53125 0.4375
852 0.421875 0.40234375 0.36328125 0.3984375 0.36328125 0.5 0.3984375 0.515625 0.5390625 0.50390625 0.5390625 0.4453125 0.51953125 0.43359375 0.44921875 0.43359375 0.4453125 0.4140625 0.421875 0.40234375
1027 0.484375 0.1484375 0.484375 0.140625 0.47265625 0.1328125 0.44140625 0.1328125 0.4140625 0.1328125 0.41015625 0.14453125 0.4140625 0.15625 0.4375 0.16015625 0.46484375 0.16015625 0.484375 0.1484375
1027 0.34375 0.21484375 0.359375 0.21484375 0.375 0.20703125 0.375 0.19140625 0.359375 0.19140625 0.34375 0.19140625 0.3359375 0.203125 0.3359375 0.20703125 0.34375 0.21484375
1027 0.33203125 0.234375 0.33203125 0.2265625 0.328125 0.21875 0.3046875 0.21875 0.29296875 0.22265625 0.296875 0.23046875 0.3046875 0.2421875 0.3203125 0.2421875 0.33203125 0.234375
732 0.43359375 0.47265625 0.43359375 0.28125 0.11328125 0.28515625 0.1171875 0.4765625 0.43359375 0.47265625
1885 0.46875 0.46875 0.46875 0.2578125 0.0859375 0.2578125 0.08984375 0.47265625 0.1171875 0.47265625 0.11328125 0.28515625 0.43359375 0.28125 0.43359375 0.47265625 0.46875 0.46875
1885 1 0.10655223557692307 0.46875 0.25390625 0.4765625 0.46484375 1 0.8021701418269231 1 0.10655223557692307
792 1 0.900390625 0.99609375 0.80859375 0.4765625 0.46875 0.359375 0.47265625 0.08984375 0.4765625 0.0078125 0.80078125 0.0078125 0.99609375 1 0.9922028197115385 1 0.900390625
1885 0.08984375 0.47265625 0.0859375 0.25390625 0.0078125 0.16796875 0.0078125 0.359375 0.0078125 0.796875 0.08984375 0.47265625