402 0.0036272307692307693 0 0 0.05078125 0 0.10655223557692307 0.53125 0.25390625 0.90234375 0.2578125 0.9921875 0.16796875 0.9921875 0 0.0036272307692307693 0
1942 0.2265625 0.23046875 0.1640625 0.22265625 0.171875 0.54296875 0.22265625 0.5234375 0.2265625 0.23046875
1942 0.43359375 0.26171875 0.40625 0.26171875 0.40625 0.45703125 0.4296875 0.44921875 0.43359375 0.26171875
1942 0.47265625 0.265625 0.44921875 0.265625 0.44921875 0.44140625 0.46875 0.4375 0.47265625 0.265625
852 0.5546875 0.4140625 0.55078125 0.43359375 0.48046875 0.43359375 0.4609375 0.4453125 0.4609375 0.50390625 0.6015625 0.515625 0.63671875 0.5 0.63671875 0.3984375 0.578125 0.40234375 0.5546875 0.4140625
1027 0.53515625 0.16015625 0.5625 0.16015625 0.5859375 0.15625 0.58984375 0.14453125 0.5859375 0.1328125 0.55859375 0.1328125 0.52734375 0.1328125 0.515625 0.140625 0.515625 0.1484375 0.53515625 0.16015625
1027 0.6640625 0.20703125 0.6640625 0.203125 0.65625 0.19140625 0.640625 0.19140625 0.625 0.19140625 0.625 0.20703125 0.640625 0.21484375 0.65625 0.21484375 0.6640625 0.20703125
1027 0.6796875 0.2421875 0.6953125 0.2421875 0.703125 0.23046875 0.70703125 0.22265625 0.6953125 0.21875 0.671875 0.21875 0.66796875 0.2265625 0.66796875 0.234375 0.6796875 0.2421875
732 0.8828125 0.4765625 0.88671875 0.28515625 0.56640625 0.28125 0.56640625 0.47265625 0.8828125 0.4765625
1885 0.56640625 0.47265625 0.56640625 0.28125 0.88671875 0.28515625 0.8828125 0.47265625 0.91015625 0.47265625 0.9140625 0.2578125 0.53125 0.2578125 0.53125 0.46875 0.56640625 0.47265625
1885 0 0.8021701418269231 0.5234375 0.46484375 0.53125 0.25390625 0 0.10655223557692307 0 0.8021701418269231
792 0 0.9922028197115385 0.9921875 0.99609375 0.9921875 0.80078125 0.91015625 0.4765625 0.640625 0.47265625 0.5234375 0.46875 0.00390625 0.80859375 0 0.900390625 0 0.9922028197115385
1885 0.9921875 0.796875 0.9921875 0.359375 0.9921875 0.16796875 0.9140625 0.25390625 0.91015625 0.47265625 0.9921875 0.796875