402 0.0078125 0 0.0078125 0.203125 0.28515625 0.2109375 0.4609375 0.15234375 0.54296875 0.16015625 1 0.02846928125 1 0 0.0078125 0
1542 0.7578125 0.70703125 0.84765625 0.703125 0.9609375 0.55859375 0.96484375 0.3203125 0.53515625 0.30859375 0.453125 0.328125 0.45703125 0.3984375 0.453125 0.421875 0.3984375 0.44140625 0.3984375 0.55859375 0.7578125 0.70703125
1542 0.30859375 0.42578125 0.23828125 0.42578125 0.234375 0.49609375 0.3828125 0.55078125 0.3984375 0.55859375 0.40234375 0.4375 0.453125 0.421875 0.453125 0.41015625 0.33984375 0.390625 0.30859375 0.42578125
1542 1 0.5087466009615385 0.82421875 0.7265625 0.8046875 0.73046875 0.6953125 0.99609375 1 0.99609375 1 0.5087466009615385
1648 0.109375 0.30859375 0.00390625 0.30859375 0.00390625 0.9921875 0.33203125 0.98046875 0.33984375 0.90625 0.1640625 0.7734375 0.1640625 0.734375 0.2421875 0.72265625 0.2421875 0.703125 0.33203125 0.68359375 0.1640625 0.59765625 0.16015625 0.26953125 0.10546875 0.265625 0.109375 0.30859375
1027 0.03125 0.0625 0.02734375 0.0859375 0.34375 0.10546875 0.375 0.0859375 0.03125 0.0625
1027 0.0078125 0.12890625 0.0078125 0.1484375 0.32421875 0.17578125 0.33203125 0.14453125 0.0078125 0.12890625
1027 0.390625 0.0859375 0.38671875 0.109375 0.46875 0.11328125 0.4765625 0.09765625 0.46875 0.08984375 0.390625 0.0859375
1027 0.0078125 0.1796875 0.0078125 0.1953125 0.234375 0.20703125 0.23828125 0.18359375 0.0078125 0.1796875
1885 1 0.02846928125 0.54296875 0.16015625 0.45703125 0.15234375 0.28515625 0.2109375 0.28125 0.3046875 0.3359375 0.3046875 0.33203125 0.48828125 1 0.7251771442307693 1 0.02846928125
1885 0.28125 0.3046875 0.28515625 0.20703125 0.0078125 0.203125 0.0078125 0.2578125 0.0078125 0.5078125 0.33203125 0.4921875 0.3359375 0.3046875 0.28125 0.3046875
792 1 0.7212627932692308 0.3359375 0.484375 0.0078125 0.5078125 0.0078125 0.9921875 0.3828125 0.99609375 1 0.99609375 1 0.7212627932692308