402 0.0025 0 0.0025 0.2566666658653846 0.25 0.07 0.5675 0.27333333413461536 1 0.07779693269230768 1 0 0.0025 0
1885 0.005 0.8 0.5825 0.7733333341346154 0.5775 0.5033333341346153 0.565 0.27333333413461536 0.2525 0.06666666586538461 0.005 0.2533333341346154 0.005 0.8
1885 1 0.07777143028846155 0.565 0.26999999999999996 0.58 0.7733333341346154 0.9149999999999999 0.99 1 0.9932380961538462 1 0.5866666658653846 0.9974999999999999 0.18 1 0.1283333341346154 1 0.07777143028846155
792 0.9175 0.9933333341346154 0.5850000000000001 0.77 0.005 0.8 0.005 0.9933333341346154 0.9175 0.9933333341346154
419 0.33249999999999996 0.7666666658653847 0.25 0.7899999999999999 0.2375 0.8266666658653846 0.2375 0.9333333341346154 0.245 0.9633333341346154 0.2475 0.9866666658653845 0.505 0.9866666658653845 0.49 0.9533333341346153 0.49 0.8966666658653846 0.47000000000000003 0.7866666658653846 0.4625 0.76 0.4325 0.7433333341346154 0.40750000000000003 0.7433333341346154 0.33249999999999996 0.7666666658653847
423 0.2275 0.6166666658653847 0.21250000000000002 0.6266666658653846 0.21250000000000002 0.66 0.2225 0.73 0.23 0.7766666658653846 0.2425 0.7899999999999999 0.2675 0.7833333341346154 0.2875 0.7733333341346154 0.26999999999999996 0.7566666658653846 0.2575 0.7133333341346154 0.25 0.6566666658653847 0.2425 0.6233333341346154 0.2275 0.6166666658653847
1075 0.075 0.63 0.13499999999999998 0.62 0.1275 0.4633333341346154 0.0725 0.4666666658653846 0.06749999999999999 0.5033333341346153 0.075 0.63
1075 0.44999999999999996 0.58 0.4475 0.4633333341346154 0.44 0.4366666658653846 0.39499999999999996 0.44 0.4 0.59 0.44 0.5833333341346154 0.44999999999999996 0.58
1942 0.27749999999999997 0.11666666586538461 0.2575 0.11333333413461538 0.24000000000000002 0.11666666586538461 0.21 0.1333333341346154 0.2 0.1566666658653846 0.1925 0.19 0.19749999999999998 0.22666666586538461 0.21250000000000002 0.2566666658653846 0.23 0.27333333413461536 0.255 0.28 0.28 0.27333333413461536 0.3025 0.2533333341346154 0.3125 0.22666666586538461 0.3175 0.19666666586538462 0.315 0.16 0.3025 0.14 0.27749999999999997 0.11666666586538461
605 0.4425 0.72 0.5425 0.89 0.5425 0.9433333341346154 0.545 0.9866666658653845 0.5549999999999999 0.9866666658653845 0.5549999999999999 0.9133333341346154 0.6174999999999999 0.9866666658653845 0.7925 0.9600000000000001 0.7975 0.9366666658653846 0.5375 0.6733333341346154 0.4425 0.72
1705 0.7100000000000001 0.66 0.7075 0.6766666658653846 0.7875000000000001 0.72 0.86 0.7100000000000001 0.8625 0.6666666658653846 0.78 0.6333333341346153 0.7100000000000001 0.66
1027 0.2525 0 0.25 0.023333334134615382 0.2425 0.04 0.2475 0.04666666586538462 0.2525 0.08666666586538462 0.275 0.08666666586538462 0.2725 0.023333334134615382 0.2675 0 0.2525 0