402 0 0 0 0.07779693269230768 0.4325 0.27333333413461536 0.75 0.07 0.9974999999999999 0.2566666658653846 0.9974999999999999 0 0 0
1885 0.995 0.2533333341346154 0.7474999999999999 0.06666666586538461 0.435 0.27333333413461536 0.4225 0.5033333341346153 0.41750000000000004 0.7733333341346154 0.995 0.8 0.995 0.2533333341346154
1885 0 0.9932380961538462 0.08499999999999999 0.99 0.42 0.7733333341346154 0.435 0.26999999999999996 0 0.07777143028846155 0 0.1283333341346154 0.0025 0.18 0 0.5866666658653846 0 0.9932380961538462
792 0.995 0.9933333341346154 0.995 0.8 0.415 0.77 0.0825 0.9933333341346154 0.995 0.9933333341346154
419 0.5925 0.7433333341346154 0.5675 0.7433333341346154 0.5375 0.76 0.53 0.7866666658653846 0.51 0.8966666658653846 0.51 0.9533333341346153 0.495 0.9866666658653845 0.7525000000000001 0.9866666658653845 0.755 0.9633333341346154 0.7625 0.9333333341346154 0.7625 0.8266666658653846 0.75 0.7899999999999999 0.6675 0.7666666658653847 0.5925 0.7433333341346154
423 0.7575000000000001 0.6233333341346154 0.75 0.6566666658653847 0.7424999999999999 0.7133333341346154 0.73 0.7566666658653846 0.7124999999999999 0.7733333341346154 0.7325 0.7833333341346154 0.7575000000000001 0.7899999999999999 0.77 0.7766666658653846 0.7775 0.73 0.7875000000000001 0.66 0.7875000000000001 0.6266666658653846 0.7725000000000001 0.6166666658653847 0.7575000000000001 0.6233333341346154
1075 0.9325 0.5033333341346153 0.9275 0.4666666658653846 0.8724999999999999 0.4633333341346154 0.865 0.62 0.925 0.63 0.9325 0.5033333341346153
1075 0.56 0.5833333341346154 0.6 0.59 0.605 0.44 0.56 0.4366666658653846 0.5525 0.4633333341346154 0.55 0.58 0.56 0.5833333341346154
1942 0.6975 0.14 0.6849999999999999 0.16 0.6825 0.19666666586538462 0.6875 0.22666666586538461 0.6975 0.2533333341346154 0.72 0.27333333413461536 0.745 0.28 0.77 0.27333333413461536 0.7875000000000001 0.2566666658653846 0.8025 0.22666666586538461 0.8075 0.19 0.8 0.1566666658653846 0.7899999999999999 0.1333333341346154 0.76 0.11666666586538461 0.7424999999999999 0.11333333413461538 0.7225 0.11666666586538461 0.6975 0.14
605 0.4625 0.6733333341346154 0.20249999999999999 0.9366666658653846 0.2075 0.9600000000000001 0.3825 0.9866666658653845 0.445 0.9133333341346154 0.445 0.9866666658653845 0.455 0.9866666658653845 0.45749999999999996 0.9433333341346154 0.45749999999999996 0.89 0.5575 0.72 0.4625 0.6733333341346154
1705 0.22 0.6333333341346153 0.1375 0.6666666658653846 0.14 0.7100000000000001 0.21250000000000002 0.72 0.29250000000000004 0.6766666658653846 0.29 0.66 0.22 0.6333333341346153
1027 0.7325 0 0.7274999999999999 0.023333334134615382 0.7250000000000001 0.08666666586538462 0.7474999999999999 0.08666666586538462 0.7525000000000001 0.04666666586538462 0.7575000000000001 0.04 0.75 0.023333334134615382 0.7474999999999999 0 0.7325 0