1075 0.1604020985576923 0.28037383173076924 0.14947552403846154 0.2564252331730769 0.05987762259615385 0.26460280288461535 0.05900349759615385 0.28796729086538464 0.07473776201923077 0.5040887860576923 0.1770104903846154 0.48598130769230774 0.1604020985576923 0.28037383173076924
1075 0.34527972115384614 0.3732476634615385 0.3343531466346154 0.3732476634615385 0.3308566442307692 0.2523364495192308 0.2792832163461539 0.2523364495192308 0.2556818173076923 0.26577102884615383 0.2591783221153846 0.39894859855769227 0.3216783221153846 0.40011682211538463 0.34527972115384614 0.3808411225961538 0.34527972115384614 0.3732476634615385
1075 0.7954545456730769 0.2610981298076923 0.7277097908653847 0.2575934591346154 0.7202797211538462 0.3884345793269231 0.7303321682692308 0.41004672836538464 0.7980769230769231 0.4176401875 0.8046328677884615 0.27219626201923075 0.7954545456730769 0.2610981298076923
1075 0.9982517475961538 0.26985981249999996 0.9152097908653847 0.2564252331730769 0.8841783221153846 0.28037383173076924 0.8675699302884615 0.4970794399038461 0.9645979014423076 0.5140186923076923 0.9895104903846155 0.4813084110576923 0.9982517475961538 0.26985981249999996
992 0.7067307692307693 0.5443925240384615 0.5445804206730769 0.5309579447115385 0.3308566442307692 0.5309579447115385 0.31774475480769226 0.5730140192307692 0.3199300697115385 0.5946261682692308 0.7119755240384615 0.6121495336538462 0.7150349639423077 0.5864485985576923 0.7067307692307693 0.5443925240384615
992 0.3754370625 0.6226635504807692 0.35620629326923076 0.6816588774038461 0.5520104903846154 0.6985981298076923 0.5568181826923077 0.6337616826923077 0.3754370625 0.6226635504807692
1132 0.4659090913461539 0.39661214903846154 0.47071678365384617 0.3831775697115385 0.47071678365384617 0.3720794399038461 0.5091783221153846 0.3685747668269231 0.5074300697115385 0.16179906490384616 0.48339160817307697 0.1629672908653846 0.4807692307692308 0.15829439182692306 0.3618881129807692 0.15946261778846155 0.36101398557692305 0.1629672908653846 0.3308566442307692 0.164719625 0.3251748245192308 0.17406542067307693 0.3343531466346154 0.37091121394230775 0.3701923076923077 0.3732476634615385 0.36931818269230765 0.3931074759615385 0.3728146850961539 0.39661214903846154 0.4003496514423077 0.4042056081730769 0.43138111778846155 0.4042056081730769 0.45148601442307695 0.4030373822115385 0.4659090913461539 0.39661214903846154
1132 0.5585664326923078 0.375 0.5620629375 0.3884345793269231 0.5537587403846154 0.39193925240384614 0.5410839158653846 0.39661214903846154 0.5393356634615385 0.40537383173076924 0.5528846153846154 0.41004672836538464 0.5721153846153846 0.41355140144230773 0.6105769230769231 0.41121495432692307 0.6232517475961538 0.40654205528846155 0.6188811177884616 0.39661214903846154 0.6040209783653846 0.39077102884615383 0.6031468533653845 0.3808411225961538 0.6507867139423078 0.38434579326923074 0.6555944062500001 0.20969626201923075 0.5083041947115384 0.20210280288461538 0.5100524471153846 0.3697429903846154 0.5585664326923078 0.375
462 0.4873251754807692 0.37091121394230775 0.48601398557692305 0.40771028125 0.5275349639423077 0.4088785048076923 0.5266608389423078 0.3732476634615385 0.4873251754807692 0.37091121394230775
17 0.3527097908653846 0.6238317764423077 0.32430069951923074 0.6226635504807692 0.28846153846153844 0.6985981298076923 0.2958916081730769 0.8563084110576923 0.3518356634615385 0.858644860576923 0.36800699278846155 0.8393691586538462 0.3527097908653846 0.6238317764423077
605 0.38024475480769226 0.8954439254807693 0.3964160841346154 0.8382009350961539 0.40384615384615385 0.8294392524038462 0.4121503485576923 0.8271028028846155 0.4248251754807692 0.825934579326923 0.6005244759615385 0.8393691586538462 0.6215034975961539 0.8452102812500001 0.6315559447115385 0.8732476634615385 0.6315559447115385 0.9234813076923077 0.6455419591346154 0.9275700937500001 0.7963286706730769 0.9322429903846154 0.84396853125 0.9199766346153846 0.8465909086538462 0.8966121490384615 0.8701923076923077 0.6360981298076923 0.8776223774038462 0.6255841129807693 0.8767482524038462 0.6045560745192308 0.829982516826923 0.4994158870192308 0.25305943990384616 0.47488317788461537 0.16520979086538462 0.5730140192307692 0.1971153846153846 0.8393691586538462 0.19361888221153847 0.8528037379807691 0.1971153846153846 0.8639018701923077 0.2246503485576923 0.8720794399038462 0.3579545456730769 0.9001168221153846 0.37194056009615384 0.9001168221153846 0.38024475480769226 0.8954439254807693
395 0.7770979014423076 0.5823598125 0.7495629374999999 0.5677570096153846 0.7303321682692308 0.5765186923076923 0.7242132860576922 0.5998831778846154 0.7534965024038461 0.6179906538461538 0.7744755240384615 0.6068925240384615 0.7744755240384615 0.5969626177884615 0.7770979014423076 0.5823598125
1428 0.7058566442307692 0.5040887860576923 0.704982516826923 0.5397196249999999 0.7395104903846155 0.5700934591346154 0.7504370625000001 0.5665887860576923 0.7779720288461539 0.5811915889423077 0.7788461538461539 0.59228971875 0.8190559447115385 0.6168224302884616 0.8841783221153846 0.5969626177884615 0.8850524471153847 0.5473130841346154 0.7596153846153846 0.4813084110576923 0.7058566442307692 0.5040887860576923
1885 0.04637939903846154 0 0.10664335576923077 0.6939252331730769 0.9956293701923078 0.7389018701923077 0.9938825 0 0.04637939903846154 0
1885 0 0.8376119759615384 0.10489510576923076 0.6962616826923077 0.04632867067307692 0.0005841129807692308 0 0.0005841129807692308 0 0.8376119759615384
792 0 0.9982466394230769 0.9956293701923078 0.9959112139423076 0.9982517475961538 0.7412383173076923 0.10664335576923077 0.6915887860576924 0 0.8352756057692308 0 0.9982466394230769
1146 0.5646853149038461 0.6436915889423077 0.5576923076923077 0.6512850456730769 0.5638111899038462 0.6670560745192307 0.5694930072115384 0.6728971971153845 0.5839160841346154 0.6804906538461538 0.5904720288461538 0.664719625 0.5812937067307693 0.6471962620192309 0.5777972019230769 0.6425233653846154 0.5646853149038461 0.6436915889423077