1714 0 0.3975 0.0008333341346153846 0.43374999999999997 0.23583333413461538 0.46 0.24000000000000002 0.55625 0.2575 0.5525 0.2575 0.445 0.34333333413461536 0.39375000000000004 0.3458333341346154 0.4125 0.35 0.4125 0.3516666658653846 0.38749999999999996 0.36250000000000004 0.3775 0.365 0.37124999999999997 0.04 0.34625 0 0.36094387740384615 0 0.3975
126 0.09166666586538462 0.60625 0.09583333413461538 0.57625 0.11333333413461538 0.57625 0.12083333413461537 0.65125 0.1275 0.6537499999999999 0.1325 0.6499999999999999 0.1266666658653846 0.58125 0.14 0.57625 0.145 0.6425 0.15166666586538463 0.6337499999999999 0.15 0.6 0.15 0.56875 0.17750000000000002 0.5625 0.2075 0.54875 0.21083333413461539 0.5775 0.2258333341346154 0.5549999999999999 0.22333333413461537 0.525 0.2225 0.505 0.21583333413461536 0.50375 0.2075 0.49375 0.2066666658653846 0.45875 0.2116666658653846 0.42875 0.2066666658653846 0.4275 0.18666666586538463 0.43624999999999997 0.17083333413461538 0.43624999999999997 0.1533333341346154 0.42125 0.13416666586538462 0.41125 0.09333333413461539 0.40750000000000003 0.054166665865384614 0.4 0.05 0.41000000000000003 0.056666665865384616 0.4375 0.054166665865384614 0.46375 0.05166666586538461 0.50375 0.06416666586538461 0.535 0.07166666586538462 0.535 0.07333333413461539 0.5525 0.0766666658653846 0.56125 0.07583333413461538 0.58375 0.07416666586538462 0.6162500000000001 0.065 0.6725 0.0766666658653846 0.67125 0.08499999999999999 0.64125 0.09166666586538462 0.60625
1714 0.5291666658653846 0.47875 0.9658333341346155 0.48874999999999996 0.9908333341346154 0.48375 0.9908333341346154 0.46499999999999997 0.9416666658653846 0.40249999999999997 0.5475 0.3775 0.4833333341346154 0.43374999999999997 0.4833333341346154 0.44875000000000004 0.5141666658653846 0.45125 0.5141666658653846 0.5125 0.5208333341346154 0.5087499999999999 0.5291666658653846 0.5075000000000001 0.5291666658653846 0.47875
1714 0 0.99875 0.9983333341346154 0.99625 0.9966666658653847 0.6 0.335 0.55875 0 0.9128691057692309 0 0.99875
279 0 0.8256249999999999 0.0008333341346153846 0.91875 0.14583333413461538 0.9349999999999999 0.2416666658653846 0.8025 0.2475 0.7787499999999999 0.2458333341346154 0.74875 0.23666666586538462 0.74 0.2566666658653846 0.71875 0.2541666658653846 0.6787500000000001 0.09166666586538462 0.6525 0 0.7317792788461539 0 0.8256249999999999
279 0.3708333341346154 0.6125 0.3683333341346154 0.57875 0.33916666586538463 0.58 0.3375 0.5625 0.2308333341346154 0.5549999999999999 0.16249999999999998 0.6174999999999999 0.1566666658653846 0.625 0.1575 0.63625 0.14083333413461538 0.6499999999999999 0.14 0.66 0.2533333341346154 0.67625 0.2566666658653846 0.7212500000000001 0.2375 0.74 0.2483333341346154 0.74875 0.2991666658653846 0.755 0.3516666658653846 0.6775 0.3491666658653846 0.63625 0.3708333341346154 0.6125
279 0.40916666586538464 0.5525 0.4083333341346154 0.54125 0.4125 0.5225000000000001 0.4291666658653846 0.51125 0.4283333341346154 0.48874999999999996 0.4241666658653846 0.48750000000000004 0.4333333341346154 0.46875 0.435 0.45125 0.42666666586538465 0.44999999999999996 0.4208333341346154 0.44375 0.42500000000000004 0.43374999999999997 0.4141666658653846 0.42624999999999996 0.4183333341346154 0.415 0.315 0.4125 0.2933333341346154 0.44999999999999996 0.2575 0.48874999999999996 0.2566666658653846 0.5087499999999999 0.2633333341346154 0.51 0.2633333341346154 0.52625 0.2658333341346154 0.53125 0.2666666658653846 0.55625 0.33916666586538463 0.55875 0.34083333413461536 0.5775 0.37 0.57625 0.37166666586538466 0.59 0.3825 0.595 0.4083333341346154 0.5537500000000001 0.4183333341346154 0.5525 0.40916666586538464 0.5525
279 0.5358333341346154 0.75 0.535 0.7162499999999999 0.5475 0.6849999999999999 0.5333333341346154 0.67375 0.5333333341346154 0.6675 0.5316666658653847 0.65625 0.5383333341346154 0.64 0.535 0.64 0.5375 0.625 0.5325 0.625 0.5283333341346154 0.6187499999999999 0.5275 0.59875 0.5325 0.5675 0.515 0.5675 0.5133333341346155 0.5575 0.40166666586538463 0.5549999999999999 0.3658333341346154 0.6187499999999999 0.37166666586538466 0.6187499999999999 0.3708333341346154 0.6275000000000001 0.3691666658653846 0.6525 0.3608333341346154 0.655 0.36 0.6775 0.35 0.6799999999999999 0.34833333413461537 0.6925 0.37166666586538466 0.705 0.3558333341346154 0.72375 0.3558333341346154 0.74625 0.5225000000000001 0.7737499999999999 0.5366666658653846 0.75375 0.5358333341346154 0.75
268 0.45833333413461536 0.56125 0.5358333341346154 0.5425 0.5358333341346154 0.52625 0.4883333341346154 0.50375 0.41333333413461537 0.525 0.4116666658653846 0.5375 0.45833333413461536 0.56125
281 0.5683333341346154 0.6187499999999999 0.5641666658653846 0.6125 0.5641666658653846 0.60375 0.5741666658653846 0.6024999999999999 0.5741666658653846 0.59 0.5783333341346154 0.57625 0.5766666658653846 0.5625 0.6441666658653846 0.5425 0.6441666658653846 0.5375 0.5858333341346154 0.52625 0.5533333341346154 0.56 0.5516666658653846 0.57875 0.5416666658653846 0.5862499999999999 0.5416666658653846 0.59875 0.5491666658653845 0.61125 0.5525 0.61375 0.5525 0.62 0.5533333341346154 0.62875 0.5475 0.635 0.5458333341346153 0.6487499999999999 0.5566666658653846 0.6499999999999999 0.5683333341346154 0.63625 0.5683333341346154 0.6187499999999999
279 0.6649999999999999 0.6875 0.6775 0.6675 0.6758333341346153 0.6525 0.6891666658653846 0.6425 0.6875 0.62125 0.6758333341346153 0.61375 0.6775 0.5725 0.6008333341346154 0.56875 0.5825 0.6224999999999999 0.5783333341346154 0.6312500000000001 0.5458333341346153 0.6525 0.545 0.67625 0.5508333341346154 0.67625 0.5366666658653846 0.7162499999999999 0.5366666658653846 0.75125 0.5475 0.75125 0.5416666658653846 0.7587499999999999 0.5408333341346154 0.7749999999999999 0.5458333341346153 0.7899999999999999 0.5416666658653846 0.8062499999999999 0.5433333341346154 0.82375 0.6499999999999999 0.82375 0.6641666658653846 0.7175 0.6649999999999999 0.6875
281 0.7124999999999999 0.74625 0.7008333341346155 0.73625 0.7033333341346153 0.7162499999999999 0.7100000000000001 0.7112499999999999 0.7100000000000001 0.6975 0.7133333341346154 0.68625 0.7191666658653847 0.66 0.7225 0.635 0.7491666658653846 0.57375 0.7991666658653845 0.5775 0.8091666658653847 0.5725 0.8091666658653847 0.55 0.7491666658653846 0.5375 0.7041666658653847 0.5725 0.7041666658653847 0.5925 0.6958333341346153 0.5975 0.6883333341346154 0.605 0.6908333341346153 0.6174999999999999 0.6883333341346154 0.62125 0.6908333341346153 0.63875 0.6833333341346154 0.64375 0.6866666658653846 0.6499999999999999 0.6908333341346153 0.66 0.6866666658653846 0.6787500000000001 0.6900000000000001 0.6849999999999999 0.6875 0.7 0.6825 0.7 0.6783333341346154 0.70625 0.6766666658653846 0.7162499999999999 0.6716666658653847 0.72875 0.6716666658653847 0.7424999999999999 0.6583333341346154 0.75375 0.6575 0.7775 0.7124999999999999 0.80125 0.7158333341346155 0.7837500000000001 0.7116666658653846 0.76625 0.7124999999999999 0.74625
281 0.7841666658653845 0.845 0.795 0.81625 0.795 0.78125 0.7966666658653847 0.76375 0.8016666658653846 0.7250000000000001 0.8125 0.7212500000000001 0.8183333341346154 0.6925 0.84 0.6950000000000001 0.8483333341346154 0.68875 0.8458333341346154 0.67 0.8575 0.6375 0.8633333341346153 0.61375 0.84 0.60625 0.8433333341346153 0.5925 0.7474999999999999 0.58 0.7216666658653845 0.6375 0.72 0.6625000000000001 0.7116666658653846 0.6950000000000001 0.7116666658653846 0.7112499999999999 0.6991666658653847 0.7175 0.6991666658653847 0.73375 0.7083333341346154 0.74875 0.7124999999999999 0.75 0.7124999999999999 0.7725000000000001 0.7158333341346155 0.7837500000000001 0.7141666658653846 0.79375 0.7091666658653846 0.81125 0.7100000000000001 0.825 0.7158333341346155 0.8374999999999999 0.7258333341346154 0.8374999999999999 0.7225 0.85375 0.7258333341346154 0.865 0.7341666658653847 0.8674999999999999 0.7366666658653845 0.895 0.7283333341346154 0.92125 0.7341666658653847 0.93375 0.7825 0.9400000000000001 0.7833333341346154 0.89625 0.7833333341346154 0.87375 0.7841666658653845 0.845
279 0.8025 0.7274999999999999 0.7941666658653846 0.7925 0.7899999999999999 0.8175 0.7858333341346154 0.8412499999999999 0.7816666658653847 0.94125 0.7775 0.985 0.7775 0.99625 0.9349999999999999 0.9912500000000001 0.9349999999999999 0.97375 0.9383333341346154 0.97375 0.9358333341346154 0.9624999999999999 0.9358333341346154 0.9525 0.9633333341346154 0.95 0.9624999999999999 0.9400000000000001 0.9558333341346154 0.9349999999999999 0.9541666658653847 0.9175 0.9600000000000001 0.9149999999999999 0.9558333341346154 0.8975000000000001 0.9658333341346155 0.89625 0.965 0.8812500000000001 0.97 0.8812500000000001 0.9666666658653846 0.86 0.9624999999999999 0.8500000000000001 0.9708333341346154 0.8412499999999999 0.9450000000000001 0.7175 0.8166666658653846 0.6925 0.8099999999999999 0.7262500000000001 0.8025 0.7274999999999999
279 0.8516666658653846 0.6787500000000001 0.8583333341346153 0.68875 0.8575 0.6962499999999999 0.9441666658653846 0.71375 0.9708333341346154 0.8350000000000001 0.965 0.85375 0.9683333341346153 0.87125 0.9641666658653846 0.8925 0.9541666658653847 0.9037499999999999 0.9575 0.9149999999999999 0.95 0.92375 0.965 0.94125 0.9408333341346153 0.95875 0.9400000000000001 0.9912500000000001 0.9966666658653847 0.9912500000000001 0.9916666658653847 0.90625 0.9883333341346153 0.895 0.9875 0.8775000000000001 0.9774999999999999 0.8475 0.9958333341346154 0.8462500000000001 0.9941666658653846 0.7212500000000001 0.9941666658653846 0.6962499999999999 0.9866666658653845 0.68375 0.9966666658653847 0.61375 0.8816666658653846 0.5875 0.8508333341346154 0.65625 0.8516666658653846 0.6787500000000001
268 0.9325 0.55875 0.9316666658653846 0.5399999999999999 0.9349999999999999 0.52125 0.8408333341346155 0.505 0.8108333341346154 0.54875 0.8099999999999999 0.575 0.9125000000000001 0.5925 0.9325 0.55875
423 0.7141666658653846 0.3525 0.6991666658653847 0.34625 0.6691666658653846 0.33999999999999997 0.6416666658653847 0.34375 0.6358333341346154 0.35624999999999996 0.6258333341346154 0.37374999999999997 0.7241666658653846 0.385 0.7233333341346154 0.3725 0.7141666658653846 0.3525
423 0.8666666658653847 0.37124999999999997 0.8524999999999999 0.3525 0.8316666658653846 0.35 0.795 0.35 0.7766666658653846 0.36 0.7733333341346154 0.37875000000000003 0.7658333341346153 0.38875 0.8724999999999999 0.39375000000000004 0.8716666658653847 0.39125 0.8666666658653847 0.37124999999999997
605 0.2375 0.36125 0.23583333413461538 0.3125 0.3491666658653846 0.30625 0.35333333413461543 0.40750000000000003 0.3633333341346154 0.40625 0.36250000000000004 0.3125 0.45833333413461536 0.3125 0.6008333341346154 0.3175 0.6 0.3775 0.6125 0.3775 0.6108333341346154 0.32 0.7325 0.3275 0.7291666658653846 0.385 0.74 0.38625000000000004 0.745 0.3275 0.8724999999999999 0.3375 0.8733333341346154 0.3925 0.8808333341346154 0.39499999999999996 0.8833333341346153 0.33875 0.9966666658653847 0.35 0.9974999999999999 0.31124999999999997 0.9025 0.30625 0.76 0.295 0.5966666658653846 0.28500000000000003 0.11333333413461538 0.28 0.0975 0.29125 0.0975 0.31625000000000003 0.22666666586538461 0.30625 0.2258333341346154 0.35624999999999996 0.2375 0.36125
1027 0.9566666658653846 0.43624999999999997 0.9566666658653846 0.42875 0.9400000000000001 0.42375 0.9491666658653847 0.3125 0.9974999999999999 0.30625 0.9708333341346154 0.22 0.9283333341346154 0.22 0.8941666658653846 0.305 0.9441666658653846 0.3125 0.9366666658653846 0.42500000000000004 0.9258333341346153 0.42375 0.9191666658653846 0.42875 0.9166666658653846 0.44 0.9283333341346154 0.4425 0.9383333341346154 0.44375 0.9566666658653846 0.43624999999999997
1132 0.8724999999999999 0.22125 0.8158333341346153 0.22 0.8108333341346154 0.2975 0.8658333341346154 0.29625 0.8724999999999999 0.22125
17 0.8025 0.30625 0.8033333341346154 0.21625 0.7733333341346154 0.2175 0.7708333341346154 0.305 0.7883333341346154 0.30874999999999997 0.8025 0.30625
17 0.6341666658653846 0.29375 0.6433333341346154 0.21125 0.6275000000000001 0.20625 0.6108333341346154 0.21 0.6091666658653846 0.29625 0.6275000000000001 0.29625 0.6341666658653846 0.29375
17 0.2466666658653846 0.20625 0.2341666658653846 0.20500000000000002 0.22333333413461537 0.2075 0.2258333341346154 0.28625 0.24916666586538463 0.28625 0.2466666658653846 0.20625
1132 0.19833333413461537 0.20875000000000002 0.14833333413461539 0.2075 0.14916666586538463 0.27749999999999997 0.19916666586538462 0.27875 0.19833333413461537 0.20875000000000002
1134 0.34416666586538464 0.2075 0.3 0.21 0.295 0.28 0.34500000000000003 0.2825 0.34416666586538464 0.2075
1135 0.5666666658653846 0.21125 0.5191666658653846 0.21125 0.5191666658653846 0.275 0.5691666658653847 0.27625 0.5666666658653846 0.21125
1291 0.62 0.38125 0.6475000000000001 0.34750000000000003 0.6791666658653847 0.33625 0.6833333341346154 0.27749999999999997 0.7033333341346153 0.30124999999999996 0.7183333341346153 0.30124999999999996 0.7325 0.295 0.7291666658653846 0.28500000000000003 0.7083333341346154 0.29375 0.6933333341346154 0.275 0.6833333341346154 0.2475 0.6625000000000001 0.23125 0.6666666658653846 0.2175 0.6608333341346154 0.20249999999999999 0.6491666658653846 0.20124999999999998 0.64 0.21 0.64 0.23 0.6391666658653846 0.24125 0.6291666658653846 0.24625 0.6283333341346153 0.265 0.6308333341346154 0.2875 0.635 0.2825 0.6358333341346154 0.30375 0.6366666658653847 0.335 0.6141666658653846 0.36125 0.62 0.38125
1291 0.5258333341346154 0.20375000000000001 0.5158333341346154 0.19125 0.5033333341346153 0.19749999999999998 0.5025 0.215 0.5075000000000001 0.23125 0.4975 0.23875 0.4833333341346154 0.25875 0.4833333341346154 0.29 0.485 0.32875 0.4841666658653846 0.36250000000000004 0.51 0.37374999999999997 0.5358333341346154 0.3775 0.5491666658653845 0.37124999999999997 0.5558333341346153 0.35875 0.5558333341346153 0.34625 0.5458333341346153 0.33375 0.5375 0.3175 0.5408333341346154 0.295 0.5533333341346154 0.29375 0.5608333341346154 0.29625 0.5666666658653846 0.2875 0.5658333341346153 0.28 0.5566666658653846 0.26625 0.55 0.25875 0.5416666658653846 0.24625 0.5225000000000001 0.23500000000000001 0.5283333341346154 0.2225 0.5258333341346154 0.20375000000000001
1291 0.3008333341346154 0.19374999999999998 0.28916666586538464 0.18625 0.2791666658653846 0.19749999999999998 0.275 0.22125 0.27416666586538463 0.22874999999999998 0.2658333341346154 0.23625000000000002 0.2525 0.26 0.24416666586538463 0.29625 0.25 0.3 0.2633333341346154 0.29 0.2966666658653846 0.29125 0.3191666658653846 0.29625 0.3258333341346154 0.28500000000000003 0.32499999999999996 0.265 0.3125 0.23500000000000001 0.2983333341346154 0.23125 0.3033333341346154 0.2175 0.3008333341346154 0.19374999999999998
423 0.2525 0.29875 0.2616666658653846 0.33625 0.2791666658653846 0.33 0.3008333341346154 0.33 0.3191666658653846 0.3225 0.31583333413461534 0.29375 0.2833333341346154 0.2875 0.2641666658653846 0.2875 0.2525 0.29875
423 0.5433333341346154 0.37875000000000003 0.5433333341346154 0.35624999999999996 0.5383333341346154 0.30124999999999996 0.5241666658653846 0.30124999999999996 0.5025 0.29875 0.4808333341346154 0.3 0.47833333413461543 0.32 0.4841666658653846 0.3525 0.4833333341346154 0.38749999999999996 0.49666666586538466 0.39125 0.5075000000000001 0.39 0.5433333341346154 0.37875000000000003
1027 0.08166666586538461 0.27125 0.10833333413461539 0.26375 0.08166666586538461 0.19625 0.0475 0.19374999999999998 0.026666665865384614 0.26625 0.05583333413461538 0.27125 0.06666666586538461 0.2725 0.07083333413461539 0.36625 0.05583333413461538 0.36625 0.054166665865384614 0.3775 0.065 0.3775 0.075 0.37625000000000003 0.08583333413461539 0.3725 0.07166666586538462 0.3675 0.06916666586538461 0.26875 0.08166666586538461 0.27125
682 0.06833333413461538 0.1275 0.0008333341346153846 0.12875 0.0008333341346153846 0.32875 0.0775 0.335 0.06833333413461538 0.1275
1885 0.9983333341346154 0.45125 0.9966666658653847 0 0.1 0.0037500000000000003 0.11666666586538461 0.39375000000000004 0.47166666586538464 0.42125 0.9983333341346154 0.45125
1509 0.0617176875 0 0.07916666586538461 0.4275 0.1 0.43 0.11583333413461538 0.39499999999999996 0.1008806514423077 0 0.0617176875 0
1885 0 0 0 0.36627840865384614 0.0725 0.36875 0.060833334134615384 0.00125 0.030000000000000002 0 0 0
792 0 0.76625 0.0008333341346153846 0.9974999999999999 0.9966666658653847 0.995 0.9983333341346154 0.44999999999999996 0.11583333413461538 0.39125 0.0975 0.43 0.07583333413461538 0.42500000000000004 0.0725 0.36875 0 0.36627840865384614 0 0.76625