1075 0.8229895096153845 0.48598130769230774 0.9252622379807692 0.5040887860576923 0.9409965024038461 0.28796729086538464 0.9401223774038462 0.26460280288461535 0.8505244759615385 0.2564252331730769 0.8395979014423076 0.28037383173076924 0.8229895096153845 0.48598130769230774
1075 0.6547202788461538 0.3808411225961538 0.6783216778846154 0.40011682211538463 0.7408216778846154 0.39894859855769227 0.7443181826923078 0.26577102884615383 0.7207167836538461 0.2523364495192308 0.6691433557692308 0.2523364495192308 0.6656468533653845 0.3732476634615385 0.6547202788461538 0.3732476634615385 0.6547202788461538 0.3808411225961538
1075 0.19536713221153848 0.27219626201923075 0.20192307692307693 0.4176401875 0.26966783173076925 0.41004672836538464 0.27972027884615386 0.3884345793269231 0.2722902091346154 0.2575934591346154 0.20454545432692306 0.2610981298076923 0.19536713221153848 0.27219626201923075
1075 0.010489509615384614 0.4813084110576923 0.03540209855769231 0.5140186923076923 0.13243006971153848 0.4970794399038461 0.11582167788461538 0.28037383173076924 0.0847902091346154 0.2564252331730769 0.0017482524038461536 0.26985981249999996 0.010489509615384614 0.4813084110576923
992 0.2849650360576923 0.5864485985576923 0.28802447596153846 0.6121495336538462 0.6800699302884615 0.5946261682692308 0.6822552451923076 0.5730140192307692 0.6691433557692308 0.5309579447115385 0.45541957932692306 0.5309579447115385 0.2932692307692308 0.5443925240384615 0.2849650360576923 0.5864485985576923
992 0.44318181730769235 0.6337616826923077 0.44798950961538464 0.6985981298076923 0.6437937067307692 0.6816588774038461 0.6245629374999999 0.6226635504807692 0.44318181730769235 0.6337616826923077
1132 0.5485139855769231 0.4030373822115385 0.5686188822115384 0.4042056081730769 0.5996503485576923 0.4042056081730769 0.6271853149038461 0.39661214903846154 0.6306818173076922 0.3931074759615385 0.6298076923076923 0.3732476634615385 0.6656468533653845 0.37091121394230775 0.6748251754807693 0.17406542067307693 0.6691433557692308 0.164719625 0.6389860144230769 0.1629672908653846 0.6381118870192307 0.15946261778846155 0.5192307692307693 0.15829439182692306 0.5166083918269231 0.1629672908653846 0.4925699302884615 0.16179906490384616 0.4908216778846154 0.3685747668269231 0.5292832163461538 0.3720794399038461 0.5292832163461538 0.3831775697115385 0.5340909086538461 0.39661214903846154 0.5485139855769231 0.4030373822115385
1132 0.4899475528846154 0.3697429903846154 0.4916958052884616 0.20210280288461538 0.34440559375 0.20969626201923075 0.3492132860576923 0.38434579326923074 0.3968531466346154 0.3808411225961538 0.3959790216346154 0.39077102884615383 0.38111888221153845 0.39661214903846154 0.37674825240384613 0.40654205528846155 0.3894230769230769 0.41121495432692307 0.42788461538461536 0.41355140144230773 0.44711538461538464 0.41004672836538464 0.4606643365384615 0.40537383173076924 0.4589160841346154 0.39661214903846154 0.4462412596153846 0.39193925240384614 0.4379370625 0.3884345793269231 0.4414335673076923 0.375 0.4899475528846154 0.3697429903846154
462 0.4733391610576923 0.3732476634615385 0.4724650360576923 0.4088785048076923 0.5139860144230769 0.40771028125 0.5126748245192307 0.37091121394230775 0.4733391610576923 0.3732476634615385
17 0.6319930072115384 0.8393691586538462 0.6481643365384616 0.858644860576923 0.7041083918269231 0.8563084110576923 0.7115384615384616 0.6985981298076923 0.6756993004807692 0.6226635504807692 0.6472902091346153 0.6238317764423077 0.6319930072115384 0.8393691586538462
605 0.628059439903846 0.9001168221153846 0.6420454543269231 0.9001168221153846 0.7753496514423077 0.8720794399038462 0.8028846153846154 0.8639018701923077 0.8063811177884616 0.8528037379807691 0.8028846153846154 0.8393691586538462 0.8347902091346153 0.5730140192307692 0.746940560096154 0.47488317788461537 0.1700174831730769 0.4994158870192308 0.12325174759615386 0.6045560745192308 0.12237762259615384 0.6255841129807693 0.12980769230769232 0.6360981298076923 0.15340909134615385 0.8966121490384615 0.15603146875 0.9199766346153846 0.20367132932692306 0.9322429903846154 0.3544580408653846 0.9275700937500001 0.3684440552884615 0.9234813076923077 0.3684440552884615 0.8732476634615385 0.37849650240384614 0.8452102812500001 0.39947552403846154 0.8393691586538462 0.5751748245192307 0.825934579326923 0.5878496514423077 0.8271028028846155 0.5961538461538461 0.8294392524038462 0.6035839158653846 0.8382009350961539 0.6197552451923076 0.8954439254807693 0.628059439903846 0.9001168221153846
395 0.22552447596153843 0.5969626177884615 0.22552447596153843 0.6068925240384615 0.24650349759615386 0.6179906538461538 0.2757867139423077 0.5998831778846154 0.26966783173076925 0.5765186923076923 0.25043706250000003 0.5677570096153846 0.2229020985576923 0.5823598125 0.22552447596153843 0.5969626177884615
1428 0.2403846153846154 0.4813084110576923 0.11494755288461539 0.5473130841346154 0.11582167788461538 0.5969626177884615 0.18094405528846155 0.6168224302884616 0.22115384615384615 0.59228971875 0.22202797115384615 0.5811915889423077 0.24956293749999997 0.5665887860576923 0.26048950961538464 0.5700934591346154 0.2950174831730769 0.5397196249999999 0.2941433557692308 0.5040887860576923 0.2403846153846154 0.4813084110576923
1885 0.0061175 0 0.004370629807692308 0.7389018701923077 0.8933566442307692 0.6939252331730769 0.9536206009615384 0 0.0061175 0
1885 1 0.0005841129807692308 0.9536713293269231 0.0005841129807692308 0.8951048942307692 0.6962616826923077 1 0.8376119759615384 1 0.0005841129807692308
792 1 0.8352756057692308 0.8933566442307692 0.6915887860576924 0.0017482524038461536 0.7412383173076923 0.004370629807692308 0.9959112139423076 1 0.9982466394230769 1 0.8352756057692308
1146 0.42220279807692307 0.6425233653846154 0.41870629326923076 0.6471962620192309 0.4095279711538462 0.664719625 0.4160839158653846 0.6804906538461538 0.43050699278846155 0.6728971971153845 0.43618881009615385 0.6670560745192307 0.4423076923076923 0.6512850456730769 0.4353146850961539 0.6436915889423077 0.42220279807692307 0.6425233653846154