1714 1 0.36094387740384615 0.9600000000000001 0.34625 0.635 0.37124999999999997 0.6375 0.3775 0.6483333341346154 0.38749999999999996 0.6499999999999999 0.4125 0.6541666658653846 0.4125 0.6566666658653847 0.39375000000000004 0.7424999999999999 0.445 0.7424999999999999 0.5525 0.76 0.55625 0.7641666658653846 0.46 0.9991666658653846 0.43374999999999997 1 0.3975 1 0.36094387740384615
126 0.9149999999999999 0.64125 0.9233333341346154 0.67125 0.9349999999999999 0.6725 0.9258333341346153 0.6162500000000001 0.9241666658653845 0.58375 0.9233333341346154 0.56125 0.9266666658653846 0.5525 0.9283333341346154 0.535 0.9358333341346154 0.535 0.9483333341346154 0.50375 0.9458333341346153 0.46375 0.9433333341346154 0.4375 0.95 0.41000000000000003 0.9458333341346153 0.4 0.9066666658653847 0.40750000000000003 0.8658333341346154 0.41125 0.8466666658653845 0.42125 0.8291666658653847 0.43624999999999997 0.8133333341346154 0.43624999999999997 0.7933333341346154 0.4275 0.7883333341346154 0.42875 0.7933333341346154 0.45875 0.7925 0.49375 0.7841666658653845 0.50375 0.7775 0.505 0.7766666658653846 0.525 0.7741666658653846 0.5549999999999999 0.7891666658653846 0.5775 0.7925 0.54875 0.8225 0.5625 0.8500000000000001 0.56875 0.8500000000000001 0.6 0.8483333341346154 0.6337499999999999 0.855 0.6425 0.86 0.57625 0.8733333341346154 0.58125 0.8674999999999999 0.6499999999999999 0.8724999999999999 0.6537499999999999 0.8791666658653846 0.65125 0.8866666658653847 0.57625 0.9041666658653846 0.57625 0.9083333341346154 0.60625 0.9149999999999999 0.64125
1714 0.4708333341346154 0.5075000000000001 0.47916666586538464 0.5087499999999999 0.4858333341346154 0.5125 0.4858333341346154 0.45125 0.5166666658653847 0.44875000000000004 0.5166666658653847 0.43374999999999997 0.4525 0.3775 0.05833333413461539 0.40249999999999997 0.009166665865384616 0.46499999999999997 0.009166665865384616 0.48375 0.03416666586538462 0.48874999999999996 0.4708333341346154 0.47875 0.4708333341346154 0.5075000000000001
1714 1 0.9128691057692309 0.6649999999999999 0.55875 0.0033333341346153847 0.6 0.0016666658653846154 0.99625 1 0.99875 1 0.9128691057692309
279 1 0.7317792788461539 0.9083333341346154 0.6525 0.7458333341346154 0.6787500000000001 0.7433333341346154 0.71875 0.7633333341346155 0.74 0.7541666658653846 0.74875 0.7525000000000001 0.7787499999999999 0.7583333341346153 0.8025 0.8541666658653846 0.9349999999999999 0.9991666658653846 0.91875 1 0.8256249999999999 1 0.7317792788461539
279 0.6508333341346154 0.63625 0.6483333341346154 0.6775 0.7008333341346155 0.755 0.7516666658653846 0.74875 0.7625 0.74 0.7433333341346154 0.7212500000000001 0.7466666658653847 0.67625 0.86 0.66 0.8591666658653847 0.6499999999999999 0.8425 0.63625 0.8433333341346153 0.625 0.8374999999999999 0.6174999999999999 0.7691666658653846 0.5549999999999999 0.6625000000000001 0.5625 0.6608333341346154 0.58 0.6316666658653846 0.57875 0.6291666658653846 0.6125 0.6508333341346154 0.63625
279 0.5816666658653846 0.5525 0.5916666658653846 0.5537500000000001 0.6174999999999999 0.595 0.6283333341346153 0.59 0.63 0.57625 0.6591666658653845 0.5775 0.6608333341346154 0.55875 0.7333333341346153 0.55625 0.7341666658653847 0.53125 0.7366666658653845 0.52625 0.7366666658653845 0.51 0.7433333341346154 0.5087499999999999 0.7424999999999999 0.48874999999999996 0.7066666658653846 0.44999999999999996 0.6849999999999999 0.4125 0.5816666658653846 0.415 0.5858333341346154 0.42624999999999996 0.575 0.43374999999999997 0.5791666658653847 0.44375 0.5733333341346154 0.44999999999999996 0.565 0.45125 0.5666666658653846 0.46875 0.5758333341346155 0.48750000000000004 0.5716666658653846 0.48874999999999996 0.5708333341346153 0.51125 0.5875 0.5225000000000001 0.5916666658653846 0.54125 0.5908333341346154 0.5525 0.5816666658653846 0.5525
279 0.4633333341346154 0.75375 0.4775 0.7737499999999999 0.6441666658653846 0.74625 0.6441666658653846 0.72375 0.6283333341346153 0.705 0.6516666658653846 0.6925 0.6499999999999999 0.6799999999999999 0.64 0.6775 0.6391666658653846 0.655 0.6308333341346154 0.6525 0.6291666658653846 0.6275000000000001 0.6283333341346153 0.6187499999999999 0.6341666658653846 0.6187499999999999 0.5983333341346154 0.5549999999999999 0.4866666658653846 0.5575 0.485 0.5675 0.46749999999999997 0.5675 0.47250000000000003 0.59875 0.47166666586538464 0.6187499999999999 0.46749999999999997 0.625 0.4625 0.625 0.46499999999999997 0.64 0.46166666586538463 0.64 0.46833333413461536 0.65625 0.4666666658653846 0.6675 0.4666666658653846 0.67375 0.4525 0.6849999999999999 0.46499999999999997 0.7162499999999999 0.46416666586538463 0.75 0.4633333341346154 0.75375
268 0.5883333341346154 0.5375 0.5866666658653846 0.525 0.5116666658653846 0.50375 0.46416666586538463 0.52625 0.46416666586538463 0.5425 0.5416666658653846 0.56125 0.5883333341346154 0.5375
281 0.4316666658653846 0.63625 0.4433333341346154 0.6499999999999999 0.4541666658653846 0.6487499999999999 0.4525 0.635 0.4466666658653846 0.62875 0.4475 0.62 0.4475 0.61375 0.4508333341346154 0.61125 0.45833333413461536 0.59875 0.45833333413461536 0.5862499999999999 0.44833333413461535 0.57875 0.4466666658653846 0.56 0.4141666658653846 0.52625 0.3558333341346154 0.5375 0.3558333341346154 0.5425 0.4233333341346154 0.5625 0.4216666658653846 0.57625 0.4258333341346154 0.59 0.4258333341346154 0.6024999999999999 0.4358333341346154 0.60375 0.4358333341346154 0.6125 0.4316666658653846 0.6187499999999999 0.4316666658653846 0.63625
279 0.3358333341346154 0.7175 0.35 0.82375 0.4566666658653846 0.82375 0.45833333413461536 0.8062499999999999 0.4541666658653846 0.7899999999999999 0.45916666586538457 0.7749999999999999 0.45833333413461536 0.7587499999999999 0.4525 0.75125 0.4633333341346154 0.75125 0.4633333341346154 0.7162499999999999 0.4491666658653846 0.67625 0.455 0.67625 0.4541666658653846 0.6525 0.4216666658653846 0.6312500000000001 0.41750000000000004 0.6224999999999999 0.39916666586538463 0.56875 0.3225 0.5725 0.3241666658653846 0.61375 0.3125 0.62125 0.3108333341346154 0.6425 0.3241666658653846 0.6525 0.3225 0.6675 0.335 0.6875 0.3358333341346154 0.7175
281 0.28833333413461537 0.76625 0.28416666586538464 0.7837500000000001 0.2875 0.80125 0.34249999999999997 0.7775 0.3416666658653846 0.75375 0.3283333341346154 0.7424999999999999 0.3283333341346154 0.72875 0.32333333413461535 0.7162499999999999 0.3216666658653846 0.70625 0.3175 0.7 0.3125 0.7 0.31 0.6849999999999999 0.3133333341346154 0.6787500000000001 0.30916666586538466 0.66 0.3133333341346154 0.6499999999999999 0.3166666658653846 0.64375 0.30916666586538466 0.63875 0.3116666658653846 0.62125 0.30916666586538466 0.6174999999999999 0.3116666658653846 0.605 0.3041666658653846 0.5975 0.2958333341346154 0.5925 0.2958333341346154 0.5725 0.2508333341346154 0.5375 0.1908333341346154 0.55 0.1908333341346154 0.5725 0.20083333413461538 0.5775 0.2508333341346154 0.57375 0.27749999999999997 0.635 0.28083333413461536 0.66 0.2866666658653846 0.68625 0.29 0.6975 0.29 0.7112499999999999 0.2966666658653846 0.7162499999999999 0.2991666658653846 0.73625 0.2875 0.74625 0.28833333413461537 0.76625
281 0.2166666658653846 0.87375 0.2166666658653846 0.89625 0.2175 0.9400000000000001 0.2658333341346154 0.93375 0.2716666658653846 0.92125 0.2633333341346154 0.895 0.2658333341346154 0.8674999999999999 0.27416666586538463 0.865 0.27749999999999997 0.85375 0.27416666586538463 0.8374999999999999 0.28416666586538464 0.8374999999999999 0.29 0.825 0.2908333341346154 0.81125 0.28583333413461537 0.79375 0.28416666586538464 0.7837500000000001 0.2875 0.7725000000000001 0.2875 0.75 0.2916666658653846 0.74875 0.3008333341346154 0.73375 0.3008333341346154 0.7175 0.28833333413461537 0.7112499999999999 0.28833333413461537 0.6950000000000001 0.28 0.6625000000000001 0.27833333413461536 0.6375 0.2525 0.58 0.1566666658653846 0.5925 0.16 0.60625 0.13666666586538462 0.61375 0.14250000000000002 0.6375 0.1541666658653846 0.67 0.15166666586538463 0.68875 0.16 0.6950000000000001 0.18166666586538463 0.6925 0.1875 0.7212500000000001 0.19833333413461537 0.7250000000000001 0.2033333341346154 0.76375 0.20500000000000002 0.78125 0.20500000000000002 0.81625 0.21583333413461536 0.845 0.2166666658653846 0.87375
279 0.19 0.7262500000000001 0.1833333341346154 0.6925 0.055 0.7175 0.029166665865384616 0.8412499999999999 0.0375 0.8500000000000001 0.03333333413461538 0.86 0.030000000000000002 0.8812500000000001 0.035 0.8812500000000001 0.03416666586538462 0.89625 0.04416666586538461 0.8975000000000001 0.04 0.9149999999999999 0.045833334134615385 0.9175 0.04416666586538461 0.9349999999999999 0.0375 0.9400000000000001 0.03666666586538461 0.95 0.06416666586538461 0.9525 0.06416666586538461 0.9624999999999999 0.061666665865384614 0.97375 0.065 0.97375 0.065 0.9912500000000001 0.2225 0.99625 0.2225 0.985 0.2183333341346154 0.94125 0.21416666586538463 0.8412499999999999 0.21 0.8175 0.20583333413461538 0.7925 0.19749999999999998 0.7274999999999999 0.19 0.7262500000000001
279 0.14916666586538463 0.65625 0.11833333413461539 0.5875 0.0033333341346153847 0.61375 0.013333334134615385 0.68375 0.005833334134615385 0.6962499999999999 0.005833334134615385 0.7212500000000001 0.0041666658653846155 0.8462500000000001 0.0225 0.8475 0.0125 0.8775000000000001 0.011666665865384616 0.895 0.008333334134615384 0.90625 0.0033333341346153847 0.9912500000000001 0.060000000000000005 0.9912500000000001 0.05916666586538462 0.95875 0.035 0.94125 0.05 0.92375 0.042499999999999996 0.9149999999999999 0.045833334134615385 0.9037499999999999 0.03583333413461538 0.8925 0.031666665865384615 0.87125 0.035 0.85375 0.029166665865384616 0.8350000000000001 0.05583333413461538 0.71375 0.14250000000000002 0.6962499999999999 0.14166666586538462 0.68875 0.14833333413461539 0.6787500000000001 0.14916666586538463 0.65625
268 0.0875 0.5925 0.19 0.575 0.1891666658653846 0.54875 0.15916666586538464 0.505 0.065 0.52125 0.06833333413461538 0.5399999999999999 0.06749999999999999 0.55875 0.0875 0.5925
423 0.27666666586538463 0.3725 0.2758333341346154 0.385 0.3741666658653846 0.37374999999999997 0.36416666586538465 0.35624999999999996 0.3583333341346154 0.34375 0.33083333413461535 0.33999999999999997 0.3008333341346154 0.34625 0.28583333413461537 0.3525 0.27666666586538463 0.3725
423 0.1283333341346154 0.39125 0.1275 0.39375000000000004 0.2341666658653846 0.38875 0.22666666586538461 0.37875000000000003 0.22333333413461537 0.36 0.20500000000000002 0.35 0.1683333341346154 0.35 0.1475 0.3525 0.1333333341346154 0.37124999999999997 0.1283333341346154 0.39125
605 0.7741666658653846 0.35624999999999996 0.7733333341346154 0.30625 0.9025 0.31625000000000003 0.9025 0.29125 0.8866666658653847 0.28 0.40333333413461536 0.28500000000000003 0.24000000000000002 0.295 0.0975 0.30625 0.0025 0.31124999999999997 0.0033333341346153847 0.35 0.11666666586538461 0.33875 0.11916666586538462 0.39499999999999996 0.1266666658653846 0.3925 0.1275 0.3375 0.255 0.3275 0.26 0.38625000000000004 0.2708333341346154 0.385 0.2675 0.3275 0.3891666658653846 0.32 0.38749999999999996 0.3775 0.4 0.3775 0.39916666586538463 0.3175 0.5416666658653846 0.3125 0.6375 0.3125 0.6366666658653847 0.40625 0.6466666658653846 0.40750000000000003 0.6508333341346154 0.30625 0.7641666658653846 0.3125 0.7625 0.36125 0.7741666658653846 0.35624999999999996
1027 0.061666665865384614 0.44375 0.07166666586538462 0.4425 0.08333333413461538 0.44 0.08083333413461538 0.42875 0.07416666586538462 0.42375 0.06333333413461538 0.42500000000000004 0.05583333413461538 0.3125 0.10583333413461539 0.305 0.07166666586538462 0.22 0.029166665865384616 0.22 0.0025 0.30625 0.05083333413461539 0.3125 0.060000000000000005 0.42375 0.04333333413461538 0.42875 0.04333333413461538 0.43624999999999997 0.061666665865384614 0.44375
1132 0.13416666586538462 0.29625 0.1891666658653846 0.2975 0.1841666658653846 0.22 0.1275 0.22125 0.13416666586538462 0.29625
17 0.2116666658653846 0.30874999999999997 0.22916666586538462 0.305 0.22666666586538461 0.2175 0.19666666586538462 0.21625 0.19749999999999998 0.30625 0.2116666658653846 0.30874999999999997
17 0.3725 0.29625 0.3908333341346154 0.29625 0.3891666658653846 0.21 0.3725 0.20625 0.35666666586538465 0.21125 0.3658333341346154 0.29375 0.3725 0.29625
17 0.7508333341346154 0.28625 0.7741666658653846 0.28625 0.7766666658653846 0.2075 0.7658333341346153 0.20500000000000002 0.7533333341346153 0.20625 0.7508333341346154 0.28625
1132 0.8008333341346153 0.27875 0.8508333341346154 0.27749999999999997 0.8516666658653846 0.2075 0.8016666658653846 0.20875000000000002 0.8008333341346153 0.27875
1134 0.655 0.2825 0.705 0.28 0.7 0.21 0.6558333341346153 0.2075 0.655 0.2825
1135 0.4308333341346154 0.27625 0.4808333341346154 0.275 0.4808333341346154 0.21125 0.4333333341346154 0.21125 0.4308333341346154 0.27625
1291 0.38583333413461535 0.36125 0.3633333341346154 0.335 0.36416666586538465 0.30375 0.365 0.2825 0.3691666658653846 0.2875 0.37166666586538466 0.265 0.3708333341346154 0.24625 0.3608333341346154 0.24125 0.36 0.23 0.36 0.21 0.35083333413461537 0.20124999999999998 0.33916666586538463 0.20249999999999999 0.33333333413461536 0.2175 0.3375 0.23125 0.3166666658653846 0.2475 0.3066666658653846 0.275 0.2916666658653846 0.29375 0.2708333341346154 0.28500000000000003 0.2675 0.295 0.28166666586538464 0.30124999999999996 0.2966666658653846 0.30124999999999996 0.3166666658653846 0.27749999999999997 0.3208333341346154 0.33625 0.3525 0.34750000000000003 0.38 0.38125 0.38583333413461535 0.36125
1291 0.47166666586538464 0.2225 0.4775 0.23500000000000001 0.45833333413461536 0.24625 0.44999999999999996 0.25875 0.4433333341346154 0.26625 0.43416666586538466 0.28 0.4333333341346154 0.2875 0.4391666658653846 0.29625 0.4466666658653846 0.29375 0.45916666586538457 0.295 0.4625 0.3175 0.4541666658653846 0.33375 0.4441666658653846 0.34625 0.4441666658653846 0.35875 0.4508333341346154 0.37124999999999997 0.46416666586538463 0.3775 0.49 0.37374999999999997 0.5158333341346154 0.36250000000000004 0.515 0.32875 0.5166666658653847 0.29 0.5166666658653847 0.25875 0.5025 0.23875 0.4925 0.23125 0.4975 0.215 0.49666666586538466 0.19749999999999998 0.4841666658653846 0.19125 0.4741666658653846 0.20375000000000001 0.47166666586538464 0.2225
1291 0.6966666658653846 0.2175 0.7016666658653846 0.23125 0.6875 0.23500000000000001 0.675 0.265 0.6741666658653845 0.28500000000000003 0.6808333341346154 0.29625 0.7033333341346153 0.29125 0.7366666658653845 0.29 0.75 0.3 0.7558333341346154 0.29625 0.7474999999999999 0.26 0.7341666658653847 0.23625000000000002 0.7258333341346154 0.22874999999999998 0.7250000000000001 0.22125 0.7208333341346154 0.19749999999999998 0.7108333341346154 0.18625 0.6991666658653847 0.19374999999999998 0.6966666658653846 0.2175
423 0.7358333341346154 0.2875 0.7166666658653846 0.2875 0.6841666658653847 0.29375 0.6808333341346154 0.3225 0.6991666658653847 0.33 0.7208333341346154 0.33 0.7383333341346153 0.33625 0.7474999999999999 0.29875 0.7358333341346154 0.2875
423 0.4925 0.39 0.5033333341346153 0.39125 0.5166666658653847 0.38749999999999996 0.5158333341346154 0.3525 0.5216666658653846 0.32 0.5191666658653846 0.3 0.4975 0.29875 0.47583333413461537 0.30124999999999996 0.46166666586538463 0.30124999999999996 0.4566666658653846 0.35624999999999996 0.4566666658653846 0.37875000000000003 0.4925 0.39
1027 0.9308333341346154 0.26875 0.9283333341346154 0.3675 0.9141666658653846 0.3725 0.925 0.37625000000000003 0.9349999999999999 0.3775 0.9458333341346153 0.3775 0.9441666658653846 0.36625 0.9291666658653847 0.36625 0.9333333341346154 0.2725 0.9441666658653846 0.27125 0.9733333341346154 0.26625 0.9525 0.19374999999999998 0.9183333341346154 0.19625 0.8916666658653847 0.26375 0.9183333341346154 0.27125 0.9308333341346154 0.26875
682 0.9225 0.335 0.9991666658653846 0.32875 0.9991666658653846 0.12875 0.9316666658653846 0.1275 0.9225 0.335
1885 0.5283333341346154 0.42125 0.8833333341346153 0.39375000000000004 0.8999999999999999 0.0037500000000000003 0.0033333341346153847 0 0.0016666658653846154 0.45125 0.5283333341346154 0.42125
1509 0.8991193485576924 0 0.8841666658653846 0.39499999999999996 0.8999999999999999 0.43 0.9208333341346153 0.4275 0.9382823125 0 0.8991193485576924 0
1885 0.97 0 0.9391666658653846 0.00125 0.9275 0.36875 1 0.36627840865384614 1 0 0.97 0
792 1 0.36627840865384614 0.9275 0.36875 0.9241666658653845 0.42500000000000004 0.9025 0.43 0.8841666658653846 0.39125 0.0016666658653846154 0.44999999999999996 0.0033333341346153847 0.995 0.9991666658653846 0.9974999999999999 1 0.76625 1 0.36627840865384614