402 0.002143149038461538 0 0 0.40156250000000004 0 0.8062499999999999 0.021598271634615383 0.8062499999999999 0.5097192235576923 0.03125 0.5853131754807692 0.0125 0.6695464350961539 0.021875 0.73866090625 0.046875 0.8012958966346153 0.0625 0.8639308846153846 0.10625000000000001 0.9200863942307692 0.134375 0.9287257019230769 0.153125 0.9719222451923077 0.540625 0.9956803461538463 0.525 0.993533298076923 0 0.002143149038461538 0
1810 0.33477321875 0.996875 0.6025917932692308 0.9937499999999999 0.6047516201923077 0.9624999999999999 0.6177105841346153 0.95 0.630669545673077 0.9281250000000001 0.6522678197115385 0.965625 0.6760259182692308 0.9875 0.740820733173077 0.9937499999999999 0.7559395240384615 0.953125 0.7710583149038462 0.953125 0.7926565865384615 0.9750000000000001 0.8207343413461538 0.98125 0.8444924399038461 0.9750000000000001 0.8660907139423077 0.9437500000000001 0.8768898485576924 0.890625 0.8833693293269231 0.925 0.9028077764423077 0.940625 0.9244060480769231 0.903125 0.9395248389423076 0.89375 0.9308855288461538 0.859375 0.9416846658653846 0.825 0.9416846658653846 0.778125 0.9827213822115385 0.778125 0.9352051826923078 0.16875 0.9179265649038462 0.1375 0.8941684663461539 0.115625 0.8336933052884615 0.078125 0.7235421177884616 0.0375 0.6241900649038462 0.009375 0.5399568028846153 0.0125 0.5118790504807692 0.028124999999999997 0.01943844471153846 0.809375 0.01727861778846154 0.8875 0.02591792548076923 0.90625 0.030237581730769233 0.91875 0.3196544278846154 0.996875 0.33477321875 0.996875
1885 0.9460043197115385 0.7875000000000001 0.9244060480769231 0.784375 0.9200863942307692 0.95 0.9956803461538463 0.9437500000000001 0.9978401730769231 0.525 0.965442764423077 0.546875 0.9848812091346153 0.778125 0.9460043197115385 0.7875000000000001
1885 0.002159826923076923 0.8062499999999999 0.002159826923076923 0.925 0.030237581730769233 0.921875 0.015118790865384616 0.8843749999999999 0.01727861778846154 0.8 0.002159826923076923 0.8062499999999999
1367 0.002159826923076923 0.9281250000000001 0.002159826923076923 0.9937499999999999 0.30453563701923075 0.9937499999999999 0.030237581730769233 0.925 0.002159826923076923 0.9281250000000001
1367 0.8768898485576924 0.90625 0.62850971875 0.934375 0.6025917932692308 0.9593750000000001 0.6025917932692308 0.9937499999999999 0.9956803461538463 0.996875 0.9956803461538463 0.9468749999999999 0.9200863942307692 0.953125 0.9179265649038462 0.925 0.8768898485576924 0.90625
1942 0.6047516201923077 0.40625 0.6220302379807693 0.415625 0.8833693293269231 0.4625 0.9028077764423077 0.453125 0.9071274302884615 0.428125 0.8984881201923076 0.265625 0.8941684663461539 0.24375000000000002 0.8790496754807692 0.234375 0.6090712740384615 0.15625 0.5939524831730769 0.15625 0.5831533485576923 0.171875 0.5809935216346154 0.1875 0.5809935216346154 0.221875 0.5853131754807692 0.2875 0.5874730024038461 0.36250000000000004 0.59179265625 0.38749999999999996 0.6047516201923077 0.40625
655 0.4708423317307692 0.159375 0.42980561538461537 0.21250000000000002 0.4168466514423077 0.703125 0.4665226778846154 0.6875 0.4708423317307692 0.159375
670 0.3650107980769231 0.296875 0.2915766730769231 0.40625 0.28077753846153847 0.765625 0.35421166346153843 0.7375 0.3650107980769231 0.296875
670 0.23974081971153846 0.484375 0.20518358413461538 0.534375 0.19654427644230768 0.796875 0.2332613389423077 0.784375 0.23974081971153846 0.484375
670 0.14686825 0.8187500000000001 0.16630669471153844 0.8062499999999999 0.17494600480769232 0.578125 0.15550756009615385 0.6125 0.14686825 0.8187500000000001
1942 0.2829373653846154 0.4375 0.2570194375 0.475 0.2548596105769231 0.484375 0.25269978365384616 0.49687499999999996 0.25053995673076923 0.6 0.2829373653846154 0.58125 0.28725701923076924 0.4375 0.2829373653846154 0.4375
1027 0.049676026442307696 0 0.04319654326923077 0.009375 0.0367170625 0.053125000000000006 0.015118790865384616 0.084375 0.030237581730769233 0.1 0.04751619951923077 0.109375 0.06695464423076923 0.11249999999999999 0.073434125 0.109375 0.07127429807692308 0.084375 0.0647948173076923 0.065625 0.0647948173076923 0.015625 0.06047516105769231 0.015625 0.058315334134615385 0 0.049676026442307696 0
1027 0.02591792548076923 0.33125000000000004 0.03887688942307692 0.33125000000000004 0.04319654326923077 0.328125 0.03887688942307692 0.31875 0.03455723557692308 0.30937499999999996 0.03455723557692308 0.271875 0.023758098557692307 0.271875 0.023758098557692307 0.303125 0.008639307692307693 0.31875 0.008639307692307693 0.328125 0.02591792548076923 0.33125000000000004
1029 0.9827213822115385 0 0.9503239735576923 0.034375 0.9956803461538463 0.053125000000000006 0.9936405096153845 0 0.9827213822115385 0
1942 0.8898488124999999 0.20937499999999998 0.8941684663461539 0.19687500000000002 0.8941684663461539 0.18125000000000002 0.8898488124999999 0.16875 0.8855291586538462 0.159375 0.8768898485576924 0.153125 0.5939524831730769 0.06875 0.5853131754807692 0.075 0.5788336923076923 0.0875 0.5788336923076923 0.109375 0.5853131754807692 0.125 0.6004319663461538 0.13125 0.8898488124999999 0.20937499999999998