402 0.006466701923076924 0 0.004319653846153846 0.525 0.02807775480769231 0.540625 0.07127429807692308 0.153125 0.07991360576923076 0.134375 0.13606911538461539 0.10625000000000001 0.1987041033653846 0.0625 0.26133909375 0.046875 0.33045356490384614 0.021875 0.4146868245192307 0.0125 0.4902807764423077 0.03125 0.9784017283653846 0.8062499999999999 1 0.8062499999999999 1 0.40156250000000004 0.9978568509615384 0 0.006466701923076924 0
1810 0.6803455721153846 0.996875 0.9697624182692308 0.91875 0.9740820745192308 0.90625 0.9827213822115385 0.8875 0.9805615552884616 0.809375 0.48812094951923074 0.028124999999999997 0.4600431971153846 0.0125 0.3758099350961538 0.009375 0.27645788221153844 0.0375 0.16630669471153844 0.078125 0.10583153365384615 0.115625 0.08207343509615385 0.1375 0.0647948173076923 0.16875 0.01727861778846154 0.778125 0.058315334134615385 0.778125 0.058315334134615385 0.825 0.06911447115384615 0.859375 0.06047516105769231 0.89375 0.07559395192307693 0.903125 0.0971922235576923 0.940625 0.11663067067307692 0.925 0.12311015144230769 0.890625 0.1339092860576923 0.9437500000000001 0.15550756009615385 0.9750000000000001 0.17926565865384614 0.98125 0.20734341346153845 0.9750000000000001 0.22894168509615384 0.953125 0.24406047596153846 0.953125 0.25917926682692305 0.9937499999999999 0.32397408173076925 0.9875 0.34773218028846153 0.965625 0.3693304543269231 0.9281250000000001 0.3822894158653846 0.95 0.39524837980769234 0.9624999999999999 0.3974082067307692 0.9937499999999999 0.6652267812499999 0.996875 0.6803455721153846 0.996875
1885 0.015118790865384616 0.778125 0.03455723557692308 0.546875 0.002159826923076923 0.525 0.004319653846153846 0.9437500000000001 0.07991360576923076 0.95 0.07559395192307693 0.784375 0.05399568028846154 0.7875000000000001 0.015118790865384616 0.778125
1885 0.9827213822115385 0.8 0.9848812091346153 0.8843749999999999 0.9697624182692308 0.921875 0.9978401730769231 0.925 0.9978401730769231 0.8062499999999999 0.9827213822115385 0.8
1367 0.9697624182692308 0.925 0.6954643629807692 0.9937499999999999 0.9978401730769231 0.9937499999999999 0.9978401730769231 0.9281250000000001 0.9697624182692308 0.925
1367 0.08207343509615385 0.925 0.07991360576923076 0.953125 0.004319653846153846 0.9468749999999999 0.004319653846153846 0.996875 0.3974082067307692 0.9937499999999999 0.3974082067307692 0.9593750000000001 0.37149028124999994 0.934375 0.12311015144230769 0.90625 0.08207343509615385 0.925
1942 0.40820734375 0.38749999999999996 0.41252699759615385 0.36250000000000004 0.4146868245192307 0.2875 0.41900647836538457 0.221875 0.41900647836538457 0.1875 0.4168466514423077 0.171875 0.406047516826923 0.15625 0.3909287259615385 0.15625 0.12095032451923077 0.234375 0.10583153365384615 0.24375000000000002 0.10151187980769232 0.265625 0.09287256971153846 0.428125 0.0971922235576923 0.453125 0.11663067067307692 0.4625 0.37796976201923077 0.415625 0.39524837980769234 0.40625 0.40820734375 0.38749999999999996
655 0.5334773221153847 0.6875 0.5831533485576923 0.703125 0.5701943846153846 0.21250000000000002 0.5291576682692308 0.159375 0.5334773221153847 0.6875
670 0.6457883365384615 0.7375 0.7192224615384616 0.765625 0.7084233269230769 0.40625 0.634989201923077 0.296875 0.6457883365384615 0.7375
670 0.7667386610576923 0.784375 0.8034557235576922 0.796875 0.7948164158653845 0.534375 0.7602591802884615 0.484375 0.7667386610576923 0.784375
670 0.8444924399038461 0.6125 0.8250539951923077 0.578125 0.8336933052884615 0.8062499999999999 0.85313175 0.8187500000000001 0.8444924399038461 0.6125
1942 0.7127429807692308 0.4375 0.7170626346153846 0.58125 0.7494600432692308 0.6 0.7473002163461538 0.49687499999999996 0.7451403894230769 0.484375 0.7429805624999999 0.475 0.7170626346153846 0.4375 0.7127429807692308 0.4375
1027 0.9416846658653846 0 0.9395248389423076 0.015625 0.9352051826923078 0.015625 0.9352051826923078 0.065625 0.9287257019230769 0.084375 0.9265658750000001 0.109375 0.9330453557692308 0.11249999999999999 0.9524838004807693 0.109375 0.9697624182692308 0.1 0.9848812091346153 0.084375 0.9632829375 0.053125000000000006 0.9568034567307693 0.009375 0.9503239735576923 0 0.9416846658653846 0
1027 0.9913606923076923 0.328125 0.9913606923076923 0.31875 0.9762419014423076 0.303125 0.9762419014423076 0.271875 0.965442764423077 0.271875 0.965442764423077 0.30937499999999996 0.9611231105769231 0.31875 0.9568034567307693 0.328125 0.9611231105769231 0.33125000000000004 0.9740820745192308 0.33125000000000004 0.9913606923076923 0.328125
1029 0.0063594903846153844 0 0.004319653846153846 0.053125000000000006 0.049676026442307696 0.034375 0.01727861778846154 0 0.0063594903846153844 0
1942 0.3995680336538462 0.13125 0.4146868245192307 0.125 0.4211663076923077 0.109375 0.4211663076923077 0.0875 0.4146868245192307 0.075 0.406047516826923 0.06875 0.12311015144230769 0.153125 0.11447084134615385 0.159375 0.1101511875 0.16875 0.10583153365384615 0.18125000000000002 0.10583153365384615 0.19687500000000002 0.1101511875 0.20937499999999998 0.3995680336538462 0.13125