402 0.0033333341346153847 0 0.0033333341346153847 0.4278606971153846 0.305 0.45024875721153845 0.37 0.44029850721153846 0.3883333341346154 0.4029850745192308 0.5783333341346154 0.10945273557692309 0.5180370360576924 0 0.0033333341346153847 0
501 0.3166666658653846 0.8034825865384616 0.37166666586538466 0.7860696514423077 0.3683333341346154 0.25124378125 0.3666666658653846 0.12189054807692308 0.305 0.11691542307692308 0.3166666658653846 0.8034825865384616
1648 0.07833333413461538 0.43532338221153843 0.0033333341346153847 0.4278606971153846 0.0033333341346153847 0.8109452740384615 0.028333334134615383 0.8084577115384615 0.09333333413461539 0.7363184086538461 0.07 0.6940298509615384 0.075 0.6915422884615385 0.07833333413461538 0.43532338221153843
1648 0.08166666586538461 0.43532338221153843 0.075 0.6915422884615385 0.075 0.6990049759615384 0.1333333341346154 0.6940298509615384 0.165 0.6716417908653847 0.1633333341346154 0.6467661682692308 0.1533333341346154 0.6417910456730769 0.15166666586538463 0.43532338221153843 0.13 0.44029850721153846 0.08166666586538461 0.43532338221153843
1648 0.1533333341346154 0.45771144230769234 0.1566666658653846 0.6393034831730768 0.165 0.6467661682692308 0.1916666658653846 0.6417910456730769 0.2066666658653846 0.6268656706730769 0.20500000000000002 0.6169154230769232 0.2 0.4701492548076923 0.1533333341346154 0.45771144230769234
1648 0.2183333341346154 0.4751243774038461 0.20166666586538462 0.4751243774038461 0.2066666658653846 0.6144278605769231 0.22 0.6144278605769231 0.22666666586538461 0.6094527355769231 0.22499999999999998 0.5820895528846154 0.22333333413461537 0.5796019903846154 0.2183333341346154 0.4751243774038461
1648 0.22166666586538464 0.47761193990384615 0.22833333413461537 0.5920398004807692 0.23833333413461538 0.5945273629807692 0.2533333341346154 0.5796019903846154 0.2483333341346154 0.47761193990384615 0.22166666586538464 0.47761193990384615
1885 0.37 0.4726368149038462 0.3883333341346154 0.4701492548076923 0.6683333341346154 0.28606965144230767 0.5783333341346154 0.11194029807692307 0.3683333341346154 0.4378109447115385 0.37 0.4726368149038462
402 0.5183333341346154 0 0.67 0.28606965144230767 0.3883333341346154 0.4751243774038461 0.5033333341346153 0.4800995024038462 1 0.3486996466346154 1 0.1741293533653846 0.9983333341346154 0 0.5183333341346154 0
1027 0.005 0.09452736298076923 0.006666665865384615 0.1368159206730769 0.42 0.19900497596153846 0.4283333341346154 0.18407960096153844 0.42500000000000004 0.15920398076923076 0.005 0.09452736298076923
1027 0.006666665865384615 0.2661691538461538 0.006666665865384615 0.2985074615384615 0.305 0.31840795913461534 0.3033333341346154 0.2910447764423077 0.006666665865384615 0.2661691538461538
1027 0.7533333341346153 0.3084577115384616 0.8033333341346154 0.31840795913461534 0.8466666658653845 0.2935323389423077 0.795 0.28606965144230767 0.7533333341346153 0.3084577115384616
1027 0.7733333341346154 0.3532338317307693 0.8083333341346154 0.35820895432692307 0.8433333341346153 0.3432835817307692 0.8049999999999999 0.33830845673076926 0.7733333341346154 0.3532338317307693
1027 0.7100000000000001 0.3756218894230769 0.74 0.3805970144230769 0.7683333341346154 0.3656716418269231 0.7366666658653845 0.36069651682692305 0.7100000000000001 0.3756218894230769
1027 0.6799999999999999 0.3482587067307692 0.7216666658653845 0.3532338317307693 0.7516666658653846 0.3308457716346154 0.7083333341346154 0.3233830841346154 0.6799999999999999 0.3482587067307692
1027 0.6283333341346153 0.36815920432692306 0.6633333341346154 0.3756218894230769 0.6849999999999999 0.36069651682692305 0.6483333341346154 0.3557213942307692 0.6283333341346153 0.36815920432692306
1027 0.6616666658653846 0.3905472644230769 0.6883333341346154 0.3955223870192308 0.7116666658653846 0.38557213942307694 0.6816666658653846 0.3805970144230769 0.6616666658653846 0.3905472644230769
1027 0.5916666658653846 0.3830845769230769 0.62 0.3905472644230769 0.6366666658653847 0.3805970144230769 0.605 0.3756218894230769 0.5916666658653846 0.3830845769230769
1027 0.5583333341346154 0.39800994951923074 0.58 0.40547263701923075 0.5983333341346154 0.39800994951923074 0.5733333341346154 0.3930348269230769 0.5583333341346154 0.39800994951923074
1027 0.535 0.41293532451923076 0.5566666658653846 0.4179104471153846 0.5700000000000001 0.4104477620192308 0.5466666658653846 0.40547263701923075 0.535 0.41293532451923076
1027 0.6499999999999999 0.4104477620192308 0.6666666658653846 0.4004975120192308 0.6383333341346155 0.3955223870192308 0.625 0.40547263701923075 0.6499999999999999 0.4104477620192308
1027 0.8183333341346154 0.23383084615384617 0.8116666658653846 0.23383084615384617 0.7966666658653847 0.24129353125 0.7966666658653847 0.25373134375 0.8066666658653846 0.25124378125 0.8133333341346154 0.25124378125 0.8216666658653846 0.25124378125 0.825 0.24626865625 0.825 0.23631840865384615 0.8183333341346154 0.23383084615384617
1027 0.8633333341346153 0.25621890625 0.9183333341346154 0.27114427884615383 0.99 0.23383084615384617 0.9333333341346154 0.21890547355769233 0.8633333341346153 0.25621890625
1830 0.7749999999999999 0.8233830841346154 0.7866666658653846 0.8407960192307692 0.8066666658653846 0.8457711442307693 0.8066666658653846 0.6616915432692309 0.7716666658653846 0.6368159206730769 0.7633333341346155 0.6517412932692307 0.7066666658653846 0.6517412932692307 0.6833333341346154 0.6492537307692309 0.6766666658653846 0.6492537307692309 0.6733333341346154 0.8233830841346154 0.6983333341346154 0.8631840793269231 0.7133333341346154 0.8631840793269231 0.7133333341346154 0.8333333341346154 0.7749999999999999 0.8233830841346154
1648 0.6466666658653846 0.74378109375 0.6483333341346154 0.7512437812499999 0.6566666658653847 0.74378109375 0.6533333341346155 0.6044776129807692 0.6233333341346154 0.5870646754807692 0.6 0.5970149254807692 0.5816666658653846 0.7164179110576924 0.5833333341346154 0.7338308461538462 0.5916666658653846 0.7363184086538461 0.59 0.7288557211538461 0.61 0.7388059711538462 0.61 0.74626865625 0.6083333341346153 0.75621890625 0.6133333341346154 0.75870646875 0.6133333341346154 0.7487562187500001 0.6466666658653846 0.74378109375
531 0.8066666658653846 0.6641791033653845 0.8066666658653846 0.8333333341346154 0.83 0.8457711442307693 0.885 0.8383084567307691 0.885 0.6965174134615384 0.8866666658653847 0.6815920408653846 0.875 0.6791044783653846 0.9283333341346154 0.6766169158653846 0.9266666658653846 0.6194029855769231 0.7749999999999999 0.6368159206730769 0.8066666658653846 0.6641791033653845
1704 0.8933333341346154 0.8034825865384616 0.8999999999999999 0.7935323389423077 0.9116666658653846 0.8109452740384615 0.9183333341346154 0.8059701490384616 0.9066666658653847 0.7910447764423078 0.9216666658653847 0.7910447764423078 0.9216666658653847 0.7860696514423077 0.8999999999999999 0.7761194038461539 0.8999999999999999 0.7313432836538462 0.9066666658653847 0.7338308461538462 0.9166666658653846 0.7164179110576924 0.9233333341346154 0.7238805961538461 0.925 0.6965174134615384 0.9333333341346154 0.6741293533653846 0.9316666658653846 0.6567164182692308 0.9149999999999999 0.6542288557692307 0.9033333341346155 0.6592039807692308 0.8999999999999999 0.6791044783653846 0.9033333341346155 0.6940298509615384 0.9183333341346154 0.6940298509615384 0.9233333341346154 0.6965174134615384 0.92 0.7139303485576923 0.9033333341346155 0.6990049759615384 0.8866666658653847 0.7014925384615385 0.885 0.7114427860576923 0.8916666658653847 0.7288557211538461 0.8883333341346155 0.7761194038461539 0.8833333341346153 0.7885572139423077 0.8916666658653847 0.7960199014423076 0.8933333341346154 0.8034825865384616
1648 0.5016666658653846 0.6741293533653846 0.5166666658653847 0.6915422884615385 0.5566666658653846 0.6840796009615384 0.5583333341346154 0.5472636826923076 0.5383333341346154 0.5447761201923077 0.5333333341346154 0.5621890552884615 0.5183333341346154 0.5671641802884616 0.5016666658653846 0.6741293533653846
1648 0.47333333413461537 0.5149253725961539 0.475 0.6393034831730768 0.48166666586538465 0.6517412932692307 0.5033333341346153 0.6467661682692308 0.5166666658653847 0.5671641802884616 0.515 0.5149253725961539 0.47333333413461537 0.5149253725961539
1648 0.445 0.5398009951923076 0.43 0.6094527355769231 0.4466666658653846 0.6318407956730769 0.475 0.6293532331730769 0.47000000000000003 0.5398009951923076 0.445 0.5398009951923076
1648 0.375 0.7711442788461539 0.38 0.7711442788461539 0.3816666658653846 0.8631840793269231 0.3816666658653846 0.6815920408653846 0.37166666586538466 0.6592039807692308 0.2666666658653846 0.6666666658653846 0.255 0.6915422884615385 0.2583333341346154 0.8830845769230768 0.265 0.7860696514423077 0.37 0.7711442788461539 0.37 0.8258706466346154 0.375 0.7711442788461539
1885 0.5333333341346154 0.5497512427884615 0.9983333341346154 0.5970149254807692 0.9983333341346154 0.42288557211538463 0.9983333341346154 0.34577114423076927 0.505 0.47761193990384615 0.37 0.4751243774038461 0.37166666586538466 0.5671641802884616 0.5333333341346154 0.5497512427884615
732 0.3083333341346154 0.45024875721153845 0.2533333341346154 0.45024875721153845 0.2533333341346154 0.5771144278846154 0.28500000000000003 0.5746268653846154 0.31 0.5771144278846154 0.3083333341346154 0.45024875721153845
1885 0.22166666586538464 0.4726368149038462 0.22166666586538464 0.47761193990384615 0.2483333341346154 0.4726368149038462 0.25 0.45024875721153845 0.15166666586538463 0.4378109447115385 0.15166666586538463 0.4552238798076923 0.2 0.46766169230769233 0.2033333341346154 0.4726368149038462 0.22166666586538464 0.4726368149038462
792 1 0.7960199014423076 0.9983333341346154 0.5995024879807692 0.5383333341346154 0.5472636826923076 0.52 0.5522388052884616 0.37166666586538466 0.5671641802884616 0.2533333341346154 0.5771144278846154 0.22666666586538461 0.5970149254807692 0.22666666586538461 0.6069651730769231 0.22166666586538464 0.6169154230769232 0.2066666658653846 0.6169154230769232 0.2066666658653846 0.624378110576923 0.1916666658653846 0.6417910456730769 0.1633333341346154 0.6467661682692308 0.1633333341346154 0.6716417908653847 0.13666666586538462 0.6940298509615384 0.0766666658653846 0.6965174134615384 0.09333333413461539 0.7338308461538462 0.028333334134615383 0.8109452740384615 0.0033333341346153847 0.8084577115384615 0.0033333341346153847 0.9950248749999999 1 0.9925414663461538 1 0.7960199014423076
1648 0.9533333341346153 0.8606965168269232 0.9383333341346154 0.8805970144230769 0.9366666658653846 0.9228855721153846 0.9333333341346154 0.9601990048076924 0.9349999999999999 0.9925373125000001 0.9983333341346154 0.9900497524038462 0.9983333341346154 0.27611940384615385 0.9299999999999999 0.25870646875000003 0.9283333341346154 0.24378109375 0.89 0.25373134375 0.8916666658653847 0.29601990144230766 0.8966666658653846 0.2985074615384615 0.9066666658653847 0.5099502475961539 0.9233333341346154 0.5124378100961539 0.925 0.6542288557692307 0.9333333341346154 0.6542288557692307 0.9349999999999999 0.6741293533653846 0.9349999999999999 0.7114427860576923 0.9633333341346154 0.7263681586538462 0.9616666658653846 0.7388059711538462 0.9600000000000001 0.7512437812499999 0.9683333341346153 0.7686567163461538 0.9616666658653846 0.8034825865384616 0.9266666658653846 0.7935323389423077 0.9166666658653846 0.8432835817307692 0.9516666658653846 0.8532338317307692 0.9533333341346153 0.8606965168269232
339 0.9299999999999999 0.46766169230769233 0.9349999999999999 0.46766169230769233 0.9383333341346154 0.4527363173076923 0.9366666658653846 0.4203980096153846 0.9316666658653846 0.4203980096153846 0.9283333341346154 0.37064676682692305 0.9216666658653847 0.3631840793269231 0.9149999999999999 0.3631840793269231 0.91 0.3656716418269231 0.905 0.36815920432692306 0.905 0.42288557211538463 0.9033333341346155 0.4278606971153846 0.905 0.4751243774038461 0.91 0.4751243774038461 0.9149999999999999 0.49004975240384613 0.9216666658653847 0.4925373125 0.9299999999999999 0.49004975240384613 0.9299999999999999 0.46766169230769233