1298 0.044989774038461536 0.4141104302884615 0.053169733173076925 0.4539877307692307 0.05112474519230769 0.49693251442307695 0.05112474519230769 0.5306748461538462 0.05521472355769231 0.5613496923076923 0.061349692307692306 0.5858895697115385 0.06543967307692308 0.6226993870192307 0.06543967307692308 0.6380368100961539 0.07361963221153846 0.6472392644230769 0.07157464182692308 0.665644170673077 0.07770961057692308 0.665644170673077 0.07770961057692308 0.674846625 0.07770961057692308 0.6871165649038461 0.08179959134615385 0.6932515336538461 0.09202454086538461 0.6871165649038461 0.09406952884615385 0.6809815961538461 0.08997955048076924 0.6595092019230768 0.09406952884615385 0.6380368100961539 0.09815950961538461 0.5981595096153847 0.10429447836538461 0.50613496875 0.10838445913461539 0.503067485576923 0.1124744375 0.48773006249999995 0.1124744375 0.41104294471153846 0.12065439663461539 0.3987730072115384 0.11860940625 0.3680981586538462 0.1124744375 0.3343558293269231 0.10633946875000001 0.3220858894230769 0.08997955048076924 0.3128834350961539 0.09202454086538461 0.30061349759615386 0.09406952884615385 0.2760736201923077 0.09815950961538461 0.25766871153846155 0.09815950961538461 0.24846625721153848 0.08997955048076924 0.2392638028846154 0.07770961057692308 0.23619631971153848 0.06748466346153846 0.24846625721153848 0.06748466346153846 0.26993865144230766 0.06952965144230769 0.2822085889423077 0.06952965144230769 0.2944785264423077 0.06748466346153846 0.30061349759615386 0.057259713942307694 0.30981595192307687 0.044989774038461536 0.31595092067307695 0.04089979567307692 0.3282208581730769 0.034764826923076926 0.3650306754807692 0.02862985576923077 0.39570552163461536 0.036809814903846154 0.40184049038461533 0.04703476442307693 0.40184049038461533 0.044989774038461536 0.4141104302884615
1405 0.05112474519230769 0.4754601225961539 0.05112474519230769 0.4447852764423077 0.06339468269230769 0.4202453990384616 0.09202454086538461 0.35582822115384616 0.10633946875000001 0.3282208581730769 0.1002045 0.3190184038461539 0.08997955048076924 0.3374233125 0.04703476442307693 0.4325153365384615 0.04089979567307692 0.4294478533653846 0.022494887019230768 0.4907975456730769 0.036809814903846154 0.5092024543269231 0.044989774038461536 0.5153374230769231 0.049079754807692305 0.5092024543269231 0.05112474519230769 0.4754601225961539
402 0 0 0 0.18711656490384615 0.057259713942307694 0.18711656490384615 0.05930470432692307 0.18098159615384615 0.2885480576923077 0 0 0
1885 0 0.3773006129807692 0.0020449903846153847 0.3773006129807692 0.06339468269230769 0.3742331298076923 0.05930470432692307 0.18711656490384615 0 0.18711656490384615 0 0.3773006129807692
1542 0.2886117548076923 0 0.05930470432692307 0.1840490793269231 0.06543967307692308 0.42638036778846156 0.31697341586538463 0.7791411033653847 0.5194274038461538 0.7822085889423077 0.5214644038461539 0 0.2886117548076923 0
296 0.37218813942307694 0.5245398774038461 0.38036809855769227 0.5306748461538462 0.3905930480769231 0.5429447860576923 0.4008179951923077 0.5460122692307693 0.40286298557692307 0.5460122692307693 0.40899795432692304 0.5490797548076923 0.41104294471153846 0.4907975456730769 0.41104294471153846 0.4693251538461538 0.41104294471153846 0.4325153365384615 0.3353783221153846 0.4079754591346154 0.3353783221153846 0.43558282211538457 0.32924335336538463 0.4478527596153846 0.3271983629807692 0.4601226995192308 0.32515337499999997 0.5 0.3374233125 0.5092024543269231 0.3517382403846154 0.5122699375 0.3619631899038461 0.5214723918269231 0.37218813942307694 0.5245398774038461
296 0.30470347596153846 0.37116564423076925 0.31697341586538463 0.37116564423076925 0.3231083846153846 0.3773006129807692 0.33333333413461536 0.3773006129807692 0.3456032716346154 0.38036809855769227 0.35991819951923076 0.38650306730769235 0.36400818028846155 0.38650306730769235 0.3619631899038461 0.28527607451923076 0.3271983629807692 0.28527607451923076 0.2822085889423077 0.28527607451923076 0.2781186105769231 0.30061349759615386 0.27402862980769227 0.30981595192307687 0.27402862980769227 0.3619631899038461 0.2862985673076923 0.3619631899038461 0.29243353846153847 0.37116564423076925 0.29856850721153844 0.3680981586538462 0.30470347596153846 0.37116564423076925
296 0.4846625769230769 0.12883435576923077 0.4846625769230769 0.11656441826923077 0.41922290384615385 0.13496932451923077 0.41717791346153843 0.15950920192307694 0.41104294471153846 0.174846625 0.4069529663461538 0.18711656490384615 0.4069529663461538 0.20245398798076925 0.4069529663461538 0.2607361971153846 0.47034764903846155 0.2607361971153846 0.5194274038461538 0.2607361971153846 0.5153374230769231 0.1196319014423077 0.4846625769230769 0.12883435576923077
296 0.35991819951923076 0.15950920192307694 0.32106339423076924 0.174846625 0.32106339423076924 0.1656441706730769 0.25562372115384613 0.18098159615384615 0.25357873317307694 0.2055214735576923 0.24948875240384616 0.21165644230769232 0.2515337427884615 0.2607361971153846 0.2965235168269231 0.2607361971153846 0.3394683028846154 0.2607361971153846 0.36400818028846155 0.2607361971153846 0.35991819951923076 0.15950920192307694
296 0.35582822115384616 0.6411042956730769 0.3680981586538462 0.6472392644230769 0.38036809855769227 0.6687116562500001 0.3967280168269231 0.684049079326923 0.4069529663461538 0.684049079326923 0.4130879350961539 0.684049079326923 0.41104294471153846 0.5766871153846154 0.3353783221153846 0.5306748461538462 0.33128834375000005 0.5736196322115384 0.3271983629807692 0.5797546009615384 0.32515337499999997 0.6165644182692307 0.3271983629807692 0.6226993870192307 0.3394683028846154 0.6319018413461539 0.3496932524038462 0.6411042956730769 0.35582822115384616 0.6411042956730769
296 0.29856850721153844 0.5797546009615384 0.30879345673076924 0.5858895697115385 0.3128834350961539 0.5981595096153847 0.3190184038461539 0.6042944783653846 0.32515337499999997 0.6042944783653846 0.32515337499999997 0.5797546009615384 0.33128834375000005 0.5736196322115384 0.33128834375000005 0.5306748461538462 0.3067484663461538 0.5122699375 0.2822085889423077 0.503067485576923 0.27402862980769227 0.5 0.27402862980769227 0.5276073629807693 0.26993865144230766 0.5337423317307692 0.26993865144230766 0.5582822091346153 0.2719836394230769 0.5644171778846154 0.2781186105769231 0.5705521466346154 0.2842535793269231 0.5797546009615384 0.29243353846153847 0.5797546009615384 0.29856850721153844 0.5797546009615384
321 0.1656441706730769 0.1257668701923077 0.1635991826923077 0.19325153365384617 0.17382412980769232 0.19018404807692307 0.19222903846153847 0.1840490793269231 0.20040899759615385 0.18098159615384615 0.20040899759615385 0.11042944711538462 0.1656441706730769 0.1257668701923077
296 0.4501898918269231 0 0.4519427403846154 0.018404908653846155 0.4458077716346154 0.03374233173076923 0.44171779086538465 0.09815950961538461 0.5194274038461538 0.07361963221153846 0.5194274038461538 0 0.4501898918269231 0
1753 0.3619631899038461 0.19631901923076922 0.3619631899038461 0.2883435576923077 0.3660531706730769 0.4141104302884615 0.3967280168269231 0.41104294471153846 0.3946830264423077 0.35582822115384616 0.4008179951923077 0.23619631971153848 0.4069529663461538 0.08588956971153847 0.35991819951923076 0.07361963221153846 0.35991819951923076 0.08282208653846154 0.3619631899038461 0.12883435576923077 0.3619631899038461 0.19631901923076922
296 0.2229038846153846 0.4294478533653846 0.23721881490384614 0.4447852764423077 0.24948875240384616 0.45092024519230767 0.26175869230769233 0.4601226995192308 0.2719836394230769 0.46319018509615384 0.2862985673076923 0.47239263701923073 0.29243353846153847 0.4754601225961539 0.2944785264423077 0.39570552163461536 0.26175869230769233 0.38036809855769227 0.20858895673076921 0.3588957043269231 0.18200408894230768 0.3527607355769231 0.17995910096153847 0.3588957043269231 0.17995910096153847 0.3834355817307692 0.1758691201923077 0.3926380360576923 0.1758691201923077 0.4049079759615385 0.19018404807692307 0.4141104302884615 0.19836400721153843 0.42331288461538463 0.2106339471153846 0.42638036778846156 0.2229038846153846 0.4294478533653846
792 0.06339468269230769 0.37116564423076925 0.0020449903846153847 0.3773006129807692 0.0020449903846153847 0.7822085889423077 0.31697341586538463 0.7791411033653847 0.06543967307692308 0.42331288461538463 0.06339468269230769 0.37116564423076925
1027 0.07566462259615385 0 0.07566462259615385 0.006134968750000001 0.06952965144230769 0.012269937500000001 0.06339468269230769 0.03374233173076923 0.0429447860576923 0.036809814903846154 0.03271983653846154 0.0429447860576923 0.03885480528846154 0.05521472355769231 0.07770961057692308 0.06748466346153846 0.09406952884615385 0.06748466346153846 0.10633946875000001 0.06441717788461539 0.12065439663461539 0.06441717788461539 0.12883435576923077 0.061349692307692306 0.12883435576923077 0.052147240384615386 0.12065439663461539 0.039877300480769234 0.10633946875000001 0.03374233173076923 0.1002045 0.009202454326923078 0.08997955048076924 0.009202454326923078 0.08997955048076924 0 0.07566462259615385 0
1027 0.022494887019230768 0.09202454086538461 0.05112474519230769 0.10122699278846155 0.07361963221153846 0.10429447836538461 0.08793456009615384 0.10429447836538461 0.09406952884615385 0.09815950961538461 0.08179959134615385 0.08895705528846154 0.07566462259615385 0.07975460096153847 0.06952965144230769 0.06441717788461539 0.04089979567307692 0.06441717788461539 0.03885480528846154 0.07975460096153847 0.024539877403846153 0.08282208653846154 0.018404908653846155 0.08588956971153847 0.022494887019230768 0.09202454086538461
1027 0.06952965144230769 0.1257668701923077 0.05521472355769231 0.11349693269230768 0.05112474519230769 0.10122699278846155 0.030674846153846153 0.09815950961538461 0.022494887019230768 0.10122699278846155 0.024539877403846153 0.11042944711538462 0.014314927884615384 0.11349693269230768 0.004089978365384615 0.1196319014423077 0.01022494951923077 0.1257668701923077 0.03885480528846154 0.13190184134615385 0.06543967307692308 0.13190184134615385 0.06952965144230769 0.1257668701923077
296 0.5173824134615385 0.43865030769230773 0.5153374230769231 0.2944785264423077 0.4867075673076923 0.29754601201923075 0.4846625769230769 0.2791411033653846 0.4212678942307692 0.2822085889423077 0.4212678942307692 0.3190184038461539 0.41104294471153846 0.32515337499999997 0.41104294471153846 0.3619631899038461 0.41104294471153846 0.4079754591346154 0.44376278125 0.41717791346153843 0.47034764903846155 0.42638036778846156 0.4989775048076923 0.43558282211538457 0.5173824134615385 0.43865030769230773