402 0.0013003894230769232 0.24778761057692306 0.3732119639423077 0.33982300961538464 0.9973992187499999 0.27256637259615385 0.9973992187499999 0.0035398221153846157 0.0013003894230769232 0.0035398221153846157 0.0013003894230769232 0.24778761057692306
792 0.0013003894230769232 0.952212389423077 0.0013003894230769232 0.9982300889423077 0.9973992187499999 1 0.9973992187499999 0.8371681418269231 0.95968790625 0.8389380528846153 0.9583875168269231 0.826548673076923 0.6228868653846154 0.7858407091346155 0.5279583870192307 0.8902654855769231 0.4603381009615385 0.8814159302884617 0.43172951923076924 0.9699115048076923 0.33420025961538463 0.952212389423077 0.33029908894230775 0.8530973461538461 0.3081924567307693 0.8371681418269231 0.0013003894230769232 0.952212389423077
1877 0.0026007812500000002 0.24778761057692306 0.0013003894230769232 0.8247787620192307 0.36801040384615386 0.7309734519230768 0.3693107932692307 0.4353982307692308 0.3719115745192308 0.3469026538461539 0.0026007812500000002 0.24778761057692306
406 0.6137841346153846 0.15044247836538463 0.6579973990384616 0.18407079567307694 0.8829648894230769 0.14336283173076925 0.8504551370192307 0.09557522115384616 0.6137841346153846 0.15044247836538463
406 0.23667100240384614 0.2176991153846154 0.30039011778846153 0.24778761057692306 0.45513654086538463 0.21415929086538463 0.39791937499999996 0.18407079567307694 0.23667100240384614 0.2176991153846154
406 0.00910273076923077 0.014159290865384616 0.005201560096153846 0.10796460096153847 0.12613784134615386 0.06902654807692307 0.00910273076923077 0.014159290865384616
406 0.4915474639423077 0.30796460096153844 0.6306892067307692 0.2884955745192308 0.6007802331730769 0.26548672596153844 0.46553966105769234 0.29203539903846154 0.4915474639423077 0.30796460096153844
406 0.7919375817307692 0.2778761057692308 0.9583875168269231 0.2566371682692308 0.9466840048076922 0.23185840625 0.7633289975961539 0.25486725721153847 0.7919375817307692 0.2778761057692308
779 0.7295188557692308 0.033628319711538464 0.7139141730769231 0.02477876201923077 0.7009102740384615 0.03539823076923077 0.7165149543269231 0.05663716826923077 0.7295188557692308 0.033628319711538464
779 0.13003901201923077 0.16814159375 0.14954486298076922 0.19469026442307694 0.16514954567307694 0.1858407091346154 0.15474642307692307 0.1610619471153846 0.13003901201923077 0.16814159375
1814 0.9622886875 0.8336283197115384 0.9960988293269231 0.8300884951923078 0.9960988293269231 0.7522123894230769 0.9557867355769231 0.7522123894230769 0.9622886875 0.8336283197115384
1398 0.4928478533653846 0.3716814158653846 0.49804941586538465 0.5115044254807692 0.7698309495192308 0.5097345144230769 0.7737321201923077 0.3415929206730769 0.4928478533653846 0.3716814158653846
776 0.7776332908653847 0.44070796394230766 0.7776332908653847 0.46725663701923076 0.7958387524038462 0.4690265480769231 0.799739923076923 0.4442477884615385 0.7776332908653847 0.44070796394230766
701 0.7737321201923077 0.5132743365384616 0.49804941586538465 0.5132743365384616 0.4941482451923077 0.6530973461538461 0.7685305600961538 0.658407079326923 0.7737321201923077 0.5132743365384616
1708 0.6189856947115384 0.7185840697115384 0.4928478533653846 0.7061946899038462 0.0013003894230769232 0.826548673076923 0.0013003894230769232 0.8584070793269232 0.0026007812500000002 0.9451327427884616 0.17945383653846153 0.8761061947115384 0.1781534471153846 0.9893805312499999 0.2925877764423077 0.9911504423076922 0.29128738701923074 0.8353982307692308 0.6189856947115384 0.7185840697115384
417 0.1183355 0.7274336274038462 0.09102730769230769 0.7168141586538461 0.0702210673076923 0.6743362836538461 0.013003901442307692 0.6831858413461538 0.02080624278846154 0.7398230096153846 0.019505850961538458 0.7787610625 0.0507152139423077 0.8035398221153845 0.12873862259615385 0.7769911514423077 0.12093628125000001 0.757522125 0.1183355 0.7274336274038462
417 0.2223667091346154 0.7185840697115384 0.19635890865384614 0.7008849567307693 0.17945383653846153 0.6619469038461538 0.12613784134615386 0.6672566370192308 0.13524057211538462 0.7168141586538461 0.12873862259615385 0.7398230096153846 0.13654096153846154 0.7592920360576922 0.161248375 0.7734513269230768 0.23537061057692307 0.7504424783653847 0.22106631971153845 0.7362831850961539 0.2223667091346154 0.7185840697115384
417 0.2938881658653846 0.7185840697115384 0.2925877764423077 0.6991150432692308 0.2678803629807692 0.6849557524038462 0.2522756826923077 0.6477876105769231 0.20546163942307694 0.6548672572115385 0.21586475961538462 0.6991150432692308 0.2275682716346154 0.7309734519230768 0.24057217067307693 0.7486725673076923 0.30949284855769227 0.7274336274038462 0.2938881658653846 0.7185840697115384
417 0.3407022115384616 0.6796460168269232 0.32509752884615384 0.6814159302884615 0.3146944086538461 0.6424778750000001 0.27048114423076924 0.6424778750000001 0.27698309375 0.6831858413461538 0.2977893365384615 0.7079646009615386 0.3081924567307693 0.7362831850961539 0.36801040384615386 0.7256637163461538 0.3485045504807692 0.6938053100961539 0.3407022115384616 0.6796460168269232
417 0.3368010408653846 0.6725663725961539 0.3732119639423077 0.7256637163461538 0.4291287379807692 0.7097345144230769 0.4096228870192308 0.6761061947115384 0.3862158653846154 0.6725663725961539 0.37581274278846155 0.637168141826923 0.33550064903846155 0.637168141826923 0.3368010408653846 0.6725663725961539
417 0.5435630697115384 0.7061946899038462 0.6150845264423077 0.7132743365384615 0.6124837451923077 0.6973451322115385 0.5448634591346153 0.6955752211538461 0.5422626778846154 0.7044247788461538 0.5435630697115384 0.7061946899038462
417 0.6228868653846154 0.9026548677884616 0.6267880360576924 0.8867256634615385 0.6176853052884616 0.8035398221153845 0.6306892067307692 0.7309734519230768 0.6241872572115384 0.7221238942307693 0.5877763317307692 0.7362831850961539 0.5773732115384616 0.7539823004807692 0.56176853125 0.8336283197115384 0.5747724326923077 0.8442477884615385 0.5734720408653846 0.9203539831730769 0.5812743822115385 0.9292035408653846 0.5916775024038462 0.9150442475961539 0.5916775024038462 0.842477875 0.6059817956730769 0.8389380528846153 0.6137841346153846 0.9026548677884616 0.6228868653846154 0.9026548677884616
1198 0.6553966177884616 0.7309734519230768 0.6657997403846154 0.7292035408653846 0.6671001298076923 0.7061946899038462 0.6540962283653846 0.7044247788461538 0.6553966177884616 0.7309734519230768
1198 0.6827048125 0.7309734519230768 0.6931079326923076 0.7309734519230768 0.6957087115384616 0.7061946899038462 0.6840052019230769 0.7061946899038462 0.6827048125 0.7309734519230768
1184 0.8296488942307693 0.5805309735576923 0.8439531850961538 0.5823008846153847 0.845253576923077 0.5522123894230769 0.8335500649038461 0.5522123894230769 0.8296488942307693 0.5805309735576923
417 0.5500650192307692 0.9203539831730769 0.5461638485576923 0.9380530961538462 0.5591677500000001 0.9469026538461538 0.5669700913461538 0.9292035408653846 0.5643693100961539 0.8283185841346155 0.5786736009615384 0.757522125 0.5734720408653846 0.7451327427884615 0.5240572163461539 0.7592920360576922 0.5006501947115385 0.8053097355769231 0.4733420024038461 0.8 0.46293888221153845 0.8761061947115384 0.48894668509615385 0.8761061947115384 0.48894668509615385 0.9256637163461539 0.4954486346153846 0.9256637163461539 0.5006501947115385 0.9044247788461538 0.5006501947115385 0.9699115048076923 0.5110533149038461 0.9716814158653846 0.51885565625 0.9628318581730769 0.5214564375 0.9061946899038461 0.5487646298076924 0.8796460168269231 0.5500650192307692 0.9203539831730769
417 0.444733420673077 0.9150442475961539 0.4577373221153846 0.9716814158653846 0.4707412235576923 0.9699115048076923 0.4590377115384615 0.8973451322115384 0.4759427836538462 0.7805309735576924 0.4668400528846154 0.7734513269230768 0.4538361514423077 0.7840707956730769 0.4018205456730769 0.7911504423076923 0.38231469471153845 0.83185840625 0.3328998701923077 0.8371681418269231 0.31339401923076926 0.8796460168269231 0.3068920673076923 0.8884955745192307 0.30949284855769227 0.9716814158653846 0.3237971394230769 0.9716814158653846 0.32769831009615386 0.9150442475961539 0.38491547355769234 0.9398230096153846 0.3901170360576923 0.9716814158653846 0.41352405769230766 0.9628318581730769 0.41482444711538463 0.9274336274038462 0.444733420673077 0.9150442475961539
417 0.01820546153846154 0.794690264423077 0.005201560096153846 0.7805309735576924 0.0065019495192307685 0.8053097355769231 0.01820546153846154 0.794690264423077
1885 0.36671001201923076 0.762831858173077 0.9986996105769231 0.8300884951923078 0.9986996105769231 0.442477875 0.9986996105769231 0.26902654807692306 0.3693107932692307 0.3415929206730769 0.36671001201923076 0.762831858173077