402 0.9986996105769231 0.0035398221153846157 0.0026007812500000002 0.0035398221153846157 0.0026007812500000002 0.27256637259615385 0.6267880360576924 0.33982300961538464 0.9986996105769231 0.24778761057692306 0.9986996105769231 0.0035398221153846157
792 0.6918075432692308 0.8371681418269231 0.6697009110576922 0.8530973461538461 0.6657997403846154 0.952212389423077 0.5682704807692308 0.9699115048076923 0.5396618990384615 0.8814159302884617 0.47204161298076924 0.8902654855769231 0.3771131346153846 0.7858407091346155 0.041612483173076927 0.826548673076923 0.04031209375 0.8389380528846153 0.0026007812500000002 0.8371681418269231 0.0026007812500000002 1 0.9986996105769231 0.9982300889423077 0.9986996105769231 0.952212389423077 0.6918075432692308 0.8371681418269231
1877 0.6280884254807693 0.3469026538461539 0.6306892067307692 0.4353982307692308 0.6319895961538461 0.7309734519230768 0.9986996105769231 0.8247787620192307 0.9973992187499999 0.24778761057692306 0.6280884254807693 0.3469026538461539
406 0.14954486298076922 0.09557522115384616 0.11703511057692308 0.14336283173076925 0.34200260096153845 0.18407079567307694 0.3862158653846154 0.15044247836538463 0.14954486298076922 0.09557522115384616
406 0.602080625 0.18407079567307694 0.5448634591346153 0.21415929086538463 0.6996098822115384 0.24778761057692306 0.7633289975961539 0.2176991153846154 0.602080625 0.18407079567307694
406 0.8738621586538462 0.06902654807692307 0.9947984399038461 0.10796460096153847 0.9908972692307692 0.014159290865384616 0.8738621586538462 0.06902654807692307
406 0.5344603389423077 0.29203539903846154 0.39921976682692306 0.26548672596153844 0.3693107932692307 0.2884955745192308 0.5084525360576924 0.30796460096153844 0.5344603389423077 0.29203539903846154
406 0.23667100240384614 0.25486725721153847 0.05331599519230769 0.23185840625 0.041612483173076927 0.2566371682692308 0.20806241826923078 0.2778761057692308 0.23667100240384614 0.25486725721153847
779 0.2834850456730769 0.05663716826923077 0.29908972596153843 0.03539823076923077 0.28608582692307694 0.02477876201923077 0.27048114423076924 0.033628319711538464 0.2834850456730769 0.05663716826923077
779 0.845253576923077 0.1610619471153846 0.8348504543269232 0.1858407091346154 0.8504551370192307 0.19469026442307694 0.8699609879807693 0.16814159375 0.845253576923077 0.1610619471153846
1814 0.04421326442307692 0.7522123894230769 0.003901170673076923 0.7522123894230769 0.003901170673076923 0.8300884951923078 0.0377113125 0.8336283197115384 0.04421326442307692 0.7522123894230769
1398 0.2262678798076923 0.3415929206730769 0.23016905048076924 0.5097345144230769 0.5019505841346154 0.5115044254807692 0.5071521466346154 0.3716814158653846 0.2262678798076923 0.3415929206730769
776 0.20026007692307693 0.4442477884615385 0.20416124759615384 0.4690265480769231 0.2223667091346154 0.46725663701923076 0.2223667091346154 0.44070796394230766 0.20026007692307693 0.4442477884615385
701 0.23146943990384614 0.658407079326923 0.5058517548076923 0.6530973461538461 0.5019505841346154 0.5132743365384616 0.2262678798076923 0.5132743365384616 0.23146943990384614 0.658407079326923
1708 0.7087126129807693 0.8353982307692308 0.7074122235576923 0.9911504423076922 0.8218465528846154 0.9893805312499999 0.8205461634615384 0.8761061947115384 0.9973992187499999 0.9451327427884616 0.9986996105769231 0.8584070793269232 0.9986996105769231 0.826548673076923 0.5071521466346154 0.7061946899038462 0.38101430528846153 0.7185840697115384 0.7087126129807693 0.8353982307692308
417 0.8790637187500001 0.757522125 0.8712613774038461 0.7769911514423077 0.9492847860576923 0.8035398221153845 0.9804941490384615 0.7787610625 0.9791937572115385 0.7398230096153846 0.9869960985576923 0.6831858413461538 0.9297789326923076 0.6743362836538461 0.9089726923076923 0.7168141586538461 0.8816645 0.7274336274038462 0.8790637187500001 0.757522125
417 0.7789336802884615 0.7362831850961539 0.7646293894230769 0.7504424783653847 0.838751625 0.7734513269230768 0.8634590384615385 0.7592920360576922 0.8712613774038461 0.7398230096153846 0.8647594278846154 0.7168141586538461 0.8738621586538462 0.6672566370192308 0.8205461634615384 0.6619469038461538 0.8036410913461538 0.7008849567307693 0.7776332908653847 0.7185840697115384 0.7789336802884615 0.7362831850961539
417 0.6905071514423077 0.7274336274038462 0.7594278293269231 0.7486725673076923 0.7724317283653845 0.7309734519230768 0.7841352403846155 0.6991150432692308 0.7945383605769231 0.6548672572115385 0.7477243173076923 0.6477876105769231 0.7321196370192309 0.6849557524038462 0.7074122235576923 0.6991150432692308 0.7061118341346154 0.7185840697115384 0.6905071514423077 0.7274336274038462
417 0.6514954495192308 0.6938053100961539 0.6319895961538461 0.7256637163461538 0.6918075432692308 0.7362831850961539 0.7022106634615385 0.7079646009615386 0.72301690625 0.6831858413461538 0.7295188557692308 0.6424778750000001 0.6853055913461539 0.6424778750000001 0.6749024711538462 0.6814159302884615 0.6592977884615384 0.6796460168269232 0.6514954495192308 0.6938053100961539
417 0.6644993509615384 0.637168141826923 0.6241872572115384 0.637168141826923 0.6137841346153846 0.6725663725961539 0.5903771129807692 0.6761061947115384 0.5708712620192308 0.7097345144230769 0.6267880360576924 0.7256637163461538 0.6631989591346154 0.6725663725961539 0.6644993509615384 0.637168141826923
417 0.4577373221153846 0.7044247788461538 0.45513654086538463 0.6955752211538461 0.3875162548076923 0.6973451322115385 0.38491547355769234 0.7132743365384615 0.4564369302884615 0.7061946899038462 0.4577373221153846 0.7044247788461538
417 0.3862158653846154 0.9026548677884616 0.3940182043269231 0.8389380528846153 0.4083224975961538 0.842477875 0.4083224975961538 0.9150442475961539 0.4187256177884615 0.9292035408653846 0.4265279591346154 0.9203539831730769 0.4252275673076923 0.8442477884615385 0.43823146875 0.8336283197115384 0.4226267884615385 0.7539823004807692 0.4122236682692308 0.7362831850961539 0.37581274278846155 0.7221238942307693 0.3693107932692307 0.7309734519230768 0.38231469471153845 0.8035398221153845 0.3732119639423077 0.8867256634615385 0.3771131346153846 0.9026548677884616 0.3862158653846154 0.9026548677884616
1198 0.3459037716346154 0.7044247788461538 0.3328998701923077 0.7061946899038462 0.33420025961538463 0.7292035408653846 0.34460338221153847 0.7309734519230768 0.3459037716346154 0.7044247788461538
1198 0.31599479807692304 0.7061946899038462 0.30429128846153847 0.7061946899038462 0.3068920673076923 0.7309734519230768 0.3172951875 0.7309734519230768 0.31599479807692304 0.7061946899038462
1184 0.16644993509615386 0.5522123894230769 0.15474642307692307 0.5522123894230769 0.15604681490384614 0.5823008846153847 0.1703511057692308 0.5805309735576923 0.16644993509615386 0.5522123894230769
417 0.45123537019230764 0.8796460168269231 0.47854356249999996 0.9061946899038461 0.48114434375 0.9628318581730769 0.48894668509615385 0.9716814158653846 0.49934980528846157 0.9699115048076923 0.49934980528846157 0.9044247788461538 0.5045513653846154 0.9256637163461539 0.5110533149038461 0.9256637163461539 0.5110533149038461 0.8761061947115384 0.5370611177884616 0.8761061947115384 0.5266579975961538 0.8 0.49934980528846157 0.8053097355769231 0.4759427836538462 0.7592920360576922 0.4265279591346154 0.7451327427884615 0.42132639903846153 0.757522125 0.4356306899038461 0.8283185841346155 0.43302990865384616 0.9292035408653846 0.44083225 0.9469026538461538 0.4538361514423077 0.9380530961538462 0.4499349807692308 0.9203539831730769 0.45123537019230764 0.8796460168269231
417 0.5851755528846154 0.9274336274038462 0.5864759423076923 0.9628318581730769 0.6098829639423077 0.9716814158653846 0.6150845264423077 0.9398230096153846 0.6723016899038462 0.9150442475961539 0.676202860576923 0.9716814158653846 0.6905071514423077 0.9716814158653846 0.6931079326923076 0.8884955745192307 0.6866059807692307 0.8796460168269231 0.6671001298076923 0.8371681418269231 0.6176853052884616 0.83185840625 0.5981794543269231 0.7911504423076923 0.5461638485576923 0.7840707956730769 0.5331599471153846 0.7734513269230768 0.5240572163461539 0.7805309735576924 0.5409622884615385 0.8973451322115384 0.5292587764423077 0.9699115048076923 0.5422626778846154 0.9716814158653846 0.555266579326923 0.9150442475961539 0.5851755528846154 0.9274336274038462
417 0.9934980504807692 0.8053097355769231 0.9947984399038461 0.7805309735576924 0.9817945384615385 0.794690264423077 0.9934980504807692 0.8053097355769231
1885 0.6306892067307692 0.3415929206730769 0.0013003894230769232 0.26902654807692306 0.0013003894230769232 0.442477875 0.0013003894230769232 0.8300884951923078 0.6332899879807693 0.762831858173077 0.6306892067307692 0.3415929206730769