1542 1 0.5155790432692308 0.0078125 0.50390625 0.0078125 0.9921875 1 0.9921875 1 0.5155790432692308
1523 0.06575520673076923 0 0.00390625 0.01953125 0.0078125 0.5 1 0.5116727932692308 1 0 0.06575520673076923 0
340 0.26171875 0 0.00390625 0.0625 0.0078125 0.2109375 0.80078125 0.109375 0.796875 0 0.26171875 0
1120 0.02734375 0.33984375 0.98828125 0.27734375 0.98046875 0.14453125 0.03125 0.25 0.02734375 0.33984375
352 0.76953125 0.78515625 0.8125 0.7890625 0.859375 0.7890625 0.90234375 0.78515625 0.9140625 0.765625 0.90625 0.74609375 0.87890625 0.74609375 0.828125 0.734375 0.77734375 0.73828125 0.71875 0.7421875 0.71484375 0.76953125 0.734375 0.78515625 0.76953125 0.78515625
352 0.32421875 0.73828125 0.36328125 0.73828125 0.40625 0.73828125 0.41015625 0.7109375 0.39453125 0.69921875 0.37109375 0.69921875 0.32421875 0.69921875 0.28125 0.70703125 0.28125 0.73046875 0.29296875 0.734375 0.32421875 0.73828125
352 0.07421875 0.703125 0.09765625 0.71484375 0.1875 0.71484375 0.19140625 0.68359375 0.15625 0.6796875 0.0859375 0.68359375 0.07421875 0.703125
352 0.28515625 0.84765625 0.12890625 0.8359375 0.109375 0.87109375 0.26171875 0.90234375 0.28515625 0.890625 0.29296875 0.875 0.296875 0.8515625 0.28515625 0.84765625
352 0.203125 0.78515625 0.18359375 0.78515625 0.15234375 0.7890625 0.140625 0.8359375 0.2578125 0.84375 0.265625 0.796875 0.2421875 0.78515625 0.203125 0.78515625
352 0.0390625 0.86328125 0.08203125 0.859375 0.11328125 0.8515625 0.11328125 0.82421875 0.08984375 0.81640625 0.0625 0.80859375 0.03125 0.8125 0.01171875 0.81640625 0.0078125 0.84765625 0.0390625 0.86328125
352 0.4453125 0.8125 0.4375 0.90625 0.640625 0.94921875 0.78515625 0.83203125 0.77734375 0.81640625 0.4921875 0.78515625 0.4453125 0.8125
1885 0.0078125 0 0.0078125 0.05859375 0.25 0 0.0078125 0