1542 0 0.9921875 0.9921875 0.9921875 0.9921875 0.50390625 0 0.5155790432692308 0 0.9921875
1523 0 0 0 0.5116727932692308 0.9921875 0.5 0.99609375 0.01953125 0.9342447932692307 0 0 0
340 0.203125 0 0.19921875 0.109375 0.9921875 0.2109375 0.99609375 0.0625 0.73828125 0 0.203125 0
1120 0.96875 0.25 0.01953125 0.14453125 0.01171875 0.27734375 0.97265625 0.33984375 0.96875 0.25
352 0.265625 0.78515625 0.28515625 0.76953125 0.28125 0.7421875 0.22265625 0.73828125 0.171875 0.734375 0.12109375 0.74609375 0.09375 0.74609375 0.0859375 0.765625 0.09765625 0.78515625 0.140625 0.7890625 0.1875 0.7890625 0.23046875 0.78515625 0.265625 0.78515625
352 0.70703125 0.734375 0.71875 0.73046875 0.71875 0.70703125 0.67578125 0.69921875 0.62890625 0.69921875 0.60546875 0.69921875 0.58984375 0.7109375 0.59375 0.73828125 0.63671875 0.73828125 0.67578125 0.73828125 0.70703125 0.734375
352 0.9140625 0.68359375 0.84375 0.6796875 0.80859375 0.68359375 0.8125 0.71484375 0.90234375 0.71484375 0.92578125 0.703125 0.9140625 0.68359375
352 0.703125 0.8515625 0.70703125 0.875 0.71484375 0.890625 0.73828125 0.90234375 0.890625 0.87109375 0.87109375 0.8359375 0.71484375 0.84765625 0.703125 0.8515625
352 0.7578125 0.78515625 0.734375 0.796875 0.7421875 0.84375 0.859375 0.8359375 0.84765625 0.7890625 0.81640625 0.78515625 0.796875 0.78515625 0.7578125 0.78515625
352 0.9921875 0.84765625 0.98828125 0.81640625 0.96875 0.8125 0.9375 0.80859375 0.91015625 0.81640625 0.88671875 0.82421875 0.88671875 0.8515625 0.91796875 0.859375 0.9609375 0.86328125 0.9921875 0.84765625
352 0.5078125 0.78515625 0.22265625 0.81640625 0.21484375 0.83203125 0.359375 0.94921875 0.5625 0.90625 0.5546875 0.8125 0.5078125 0.78515625
1885 0.75 0 0.9921875 0.05859375 0.9921875 0 0.75 0