1648 0.09448818990384616 0.02228826201923077 0.09055118028846154 0.06389301682692308 0.00590551201923077 0.06835066826923077 0.00590551201923077 0.7592867764423077 0.13976377884615385 0.7934621105769231 0.14173228365384616 0.8142644879807693 0.15551181009615386 0.8172362548076924 0.15551181009615386 0.803863298076923 0.5944881899038461 0.9093610697115384 0.649606298076923 0.04309063942307693 0.23818897596153846 0.057949480769230774 0.10433070913461538 0.057949480769230774 0.10236220432692307 0.029717682692307693 0.09448818990384616 0.02228826201923077
1648 0.9980314951923077 0.8796433870192307 0.9980314951923077 0.04606240625000001 0.647637795673077 0.014858841346153846 0.6102362211538461 0.9940564639423077 0.6555118100961538 0.9955423485576923 0.6830708653846155 0.9821693918269231 0.8425196850961538 0.9940564639423077 0.9980314951923077 0.8796433870192307
1806 0.8208661418269231 0.16196136778846154 0.6555118100961538 0.16344725 0.6437007884615386 0.2763744423076923 0.8307086610576923 0.2674591370192308 0.8700787403846154 0.2659732548076923 0.8208661418269231 0.16196136778846154
1806 0.6417322836538462 0.40564636057692305 0.6968503942307692 0.41158989663461537 0.76574803125 0.4086181274038462 0.7736220480769231 0.3135215456730769 0.6594488197115385 0.3016344735576923 0.6417322836538462 0.40564636057692305
1806 0.5039370072115384 0.4933135216346154 0.5216535432692307 0.5052005937499999 0.5669291346153846 0.49925705769230766 0.600393701923077 0.5260029711538462 0.618110235576923 0.5215453197115385 0.6299212596153846 0.38781575 0.5925196850961538 0.37890044471153844 0.5551181105769231 0.37890044471153844 0.5570866129807692 0.36701337259615385 0.507874016826923 0.3714710264423077 0.4862204735576923 0.48736998557692307 0.5039370072115384 0.4933135216346154
1243 0.5708661418269231 0.7786032692307692 0.54724409375 0.7800891538461538 0.5216535432692307 0.7949479951923077 0.51574803125 0.8707280841346154 0.539370079326923 0.8841010408653845 0.5531496057692308 0.8870728076923077 0.5748031490384615 0.8870728076923077 0.5866141730769231 0.8855869230769231 0.5944881899038461 0.7875185745192308 0.5905511802884615 0.7786032692307692 0.5708661418269231 0.7786032692307692
1243 0.20275590625 0.7949479951923077 0.2185039375 0.803863298076923 0.25787401682692307 0.81129271875 0.27952756009615387 0.81129271875 0.29724409375 0.81129271875 0.3070866129807692 0.8083209519230768 0.3149606298076923 0.7830609206730769 0.31692913461538463 0.7518573557692307 0.3011811033653846 0.73997028125 0.26968503846153846 0.736998514423077 0.23031496153846154 0.73997028125 0.20669291346153845 0.7563150072115385 0.20275590625 0.7949479951923077
1242 0.5177165360576923 0.8662704302884615 0.5196850384615385 0.72956909375 0.48031496153846154 0.7265973245192308 0.47047243990384613 0.8573551274038462 0.5039370072115384 0.8662704302884615 0.5177165360576923 0.8662704302884615
1806 0.4763779519230769 0.18424962740384615 0.5236220480769231 0.18127786057692308 0.5413385817307692 0.20059435336538461 0.6141732283653846 0.2050520048076923 0.631889764423077 0.2020802379807692 0.6417322836538462 0.07726597355769231 0.6377952764423077 0.05200594471153846 0.6043307091346154 0.04309063942307693 0.5846456682692308 0.05497771153846154 0.5590551177884615 0.05497771153846154 0.5196850384615385 0.060921247596153846 0.45866141826923074 0.06240713221153846 0.40551181009615384 0.06389301682692308 0.35826771634615384 0.060921247596153846 0.35826771634615384 0.09658246634615385 0.35236220432692306 0.13967310576923075 0.3622047235576923 0.17979197596153848 0.4094488197115385 0.19019316586538462 0.4488188966346154 0.18573551201923078 0.4763779519230769 0.18424962740384615
156 0.4153543317307692 0.22585438221153845 0.37401574759615386 0.2332838028846154 0.3602362211538462 0.35215453125 0.4862204735576923 0.35215453125 0.4763779519230769 0.23031203605769232 0.437007875 0.22882615144230767 0.43307086538461537 0.20653788942307694 0.4173228341346154 0.20950965865384616 0.4153543317307692 0.22585438221153845
156 0.3366141730769231 0.4219910841346154 0.3366141730769231 0.5066864783653846 0.3307086610576923 0.5066864783653846 0.3484251971153846 0.5631500745192308 0.47440944951923075 0.57652303125 0.4980314951923077 0.5601783052884616 0.4901574807692307 0.4175334326923077 0.44488188942307694 0.4175334326923077 0.4350393701923077 0.38187221394230775 0.4094488197115385 0.38187221394230775 0.39763779567307694 0.38187221394230775 0.38582677163461543 0.41456166346153844 0.3366141730769231 0.4219910841346154
1885 0.647637795673077 0.008915305288461538 0.9980314951923077 0.04457652403846154 0.9980314951923077 0 0.00590551201923077 0.0014858846153846155 0.003937007211538461 0.06835066826923077 0.649606298076923 0.04457652403846154 0.647637795673077 0.008915305288461538
792 1 0.9368499254807693 0.9980314951923077 0.8781575048076923 0.00590551201923077 0.7607726586538461 0.00590551201923077 0.9955423485576923 1 0.9955423485576923 1 0.9368499254807693
1243 0.6397637788461539 0.6894502235576923 0.6673228341346154 0.7117384855769231 0.6948818894230769 0.7355126298076923 0.7303149615384614 0.73997028125 0.7480314951923077 0.7325408629807693 0.7736220480769231 0.7221396730769231 0.7933070865384615 0.7117384855769231 0.7933070865384615 0.6939078750000001 0.76574803125 0.6686478461538462 0.7322834639423077 0.6567607716346154 0.687007875 0.6493313509615385 0.6437007884615386 0.6745913822115385 0.6397637788461539 0.6894502235576923
1243 0.8090551177884616 0.9866270432692308 0.8228346466346154 0.9806835072115384 0.8366141730769231 0.9806835072115384 0.8366141730769231 0.9331352163461539 0.7952755913461539 0.9049034182692307 0.7598425192307693 0.9049034182692307 0.7381889759615384 0.9049034182692307 0.7322834639423077 0.9138187211538462 0.7322834639423077 0.9212481418269232 0.7165354326923077 0.925705795673077 0.7145669302884615 0.9390787524038462 0.7047244086538461 0.9747399711538461 0.7165354326923077 0.9866270432692308 0.7696850384615386 0.9881129278846154 0.8090551177884616 0.9866270432692308