1648 0.897637795673077 0.029717682692307693 0.8956692908653847 0.057949480769230774 0.7618110240384616 0.057949480769230774 0.3503937019230769 0.04309063942307693 0.40551181009615384 0.9093610697115384 0.8444881899038462 0.803863298076923 0.8444881899038462 0.8172362548076924 0.8582677163461538 0.8142644879807693 0.8602362211538461 0.7934621105769231 0.9940944879807693 0.7592867764423077 0.9940944879807693 0.06835066826923077 0.9094488197115385 0.06389301682692308 0.9055118100961538 0.02228826201923077 0.897637795673077 0.029717682692307693
1648 0.15748031490384615 0.9940564639423077 0.31692913461538463 0.9821693918269231 0.34448818990384616 0.9955423485576923 0.3897637788461538 0.9940564639423077 0.35236220432692306 0.014858841346153846 0.001968504807692308 0.04606240625000001 0.001968504807692308 0.8796433870192307 0.15748031490384615 0.9940564639423077
1806 0.12992125961538462 0.2659732548076923 0.1692913389423077 0.2674591370192308 0.35629921153846156 0.2763744423076923 0.34448818990384616 0.16344725 0.17913385817307692 0.16196136778846154 0.12992125961538462 0.2659732548076923
1806 0.3405511802884615 0.3016344735576923 0.22637795192307691 0.3135215456730769 0.23425196875 0.4086181274038462 0.3031496057692308 0.41158989663461537 0.35826771634615384 0.40564636057692305 0.3405511802884615 0.3016344735576923
1806 0.5137795264423077 0.48736998557692307 0.49212598317307693 0.3714710264423077 0.4429133870192308 0.36701337259615385 0.44488188942307694 0.37890044471153844 0.4074803149038461 0.37890044471153844 0.37007874038461536 0.38781575 0.3818897644230769 0.5215453197115385 0.3996062980769231 0.5260029711538462 0.43307086538461537 0.49925705769230766 0.47834645673076925 0.5052005937499999 0.4960629927884615 0.4933135216346154 0.5137795264423077 0.48736998557692307
1243 0.4094488197115385 0.7786032692307692 0.40551181009615384 0.7875185745192308 0.4133858269230769 0.8855869230769231 0.4251968509615385 0.8870728076923077 0.4468503942307693 0.8870728076923077 0.46062992067307695 0.8841010408653845 0.48425196875 0.8707280841346154 0.47834645673076925 0.7949479951923077 0.45275590624999995 0.7800891538461538 0.4291338581730769 0.7786032692307692 0.4094488197115385 0.7786032692307692
1243 0.7933070865384615 0.7563150072115385 0.7696850384615386 0.73997028125 0.7303149615384614 0.736998514423077 0.6988188966346154 0.73997028125 0.6830708653846155 0.7518573557692307 0.6850393701923078 0.7830609206730769 0.6929133870192307 0.8083209519230768 0.70275590625 0.81129271875 0.7204724399038462 0.81129271875 0.7421259831730769 0.81129271875 0.7814960625 0.803863298076923 0.79724409375 0.7949479951923077 0.7933070865384615 0.7563150072115385
1242 0.4960629927884615 0.8662704302884615 0.5295275600961539 0.8573551274038462 0.5196850384615385 0.7265973245192308 0.48031496153846154 0.72956909375 0.4822834639423077 0.8662704302884615 0.4960629927884615 0.8662704302884615
1806 0.5511811033653846 0.18573551201923078 0.5905511802884615 0.19019316586538462 0.6377952764423077 0.17979197596153848 0.647637795673077 0.13967310576923075 0.6417322836538462 0.09658246634615385 0.6417322836538462 0.060921247596153846 0.5944881899038461 0.06389301682692308 0.5413385817307692 0.06240713221153846 0.48031496153846154 0.060921247596153846 0.4409448822115385 0.05497771153846154 0.4153543317307692 0.05497771153846154 0.3956692908653846 0.04309063942307693 0.3622047235576923 0.05200594471153846 0.35826771634615384 0.07726597355769231 0.3681102355769231 0.2020802379807692 0.38582677163461543 0.2050520048076923 0.45866141826923074 0.20059435336538461 0.4763779519230769 0.18127786057692308 0.5236220480769231 0.18424962740384615 0.5511811033653846 0.18573551201923078
156 0.5826771658653846 0.20950965865384616 0.5669291346153846 0.20653788942307694 0.562992125 0.22882615144230767 0.5236220480769231 0.23031203605769232 0.5137795264423077 0.35215453125 0.6397637788461539 0.35215453125 0.6259842524038461 0.2332838028846154 0.5846456682692308 0.22585438221153845 0.5826771658653846 0.20950965865384616
156 0.6141732283653846 0.41456166346153844 0.602362204326923 0.38187221394230775 0.5905511802884615 0.38187221394230775 0.5649606298076922 0.38187221394230775 0.5551181105769231 0.4175334326923077 0.5098425192307693 0.4175334326923077 0.5019685048076923 0.5601783052884616 0.5255905504807692 0.57652303125 0.6515748028846153 0.5631500745192308 0.6692913389423077 0.5066864783653846 0.6633858269230769 0.5066864783653846 0.6633858269230769 0.4219910841346154 0.6141732283653846 0.41456166346153844
1885 0.3503937019230769 0.04457652403846154 0.9960629927884616 0.06835066826923077 0.9940944879807693 0.0014858846153846155 0.001968504807692308 0 0.001968504807692308 0.04457652403846154 0.35236220432692306 0.008915305288461538 0.3503937019230769 0.04457652403846154
792 0 0.9955423485576923 0.9940944879807693 0.9955423485576923 0.9940944879807693 0.7607726586538461 0.001968504807692308 0.8781575048076923 0 0.9368499254807693 0 0.9955423485576923
1243 0.35629921153846156 0.6745913822115385 0.312992125 0.6493313509615385 0.2677165360576923 0.6567607716346154 0.23425196875 0.6686478461538462 0.20669291346153845 0.6939078750000001 0.20669291346153845 0.7117384855769231 0.22637795192307691 0.7221396730769231 0.25196850480769234 0.7325408629807693 0.26968503846153846 0.73997028125 0.30511811057692306 0.7355126298076923 0.3326771658653846 0.7117384855769231 0.3602362211538462 0.6894502235576923 0.35629921153846156 0.6745913822115385
1243 0.23031496153846154 0.9881129278846154 0.2834645673076923 0.9866270432692308 0.2952755913461539 0.9747399711538461 0.2854330697115385 0.9390787524038462 0.2834645673076923 0.925705795673077 0.2677165360576923 0.9212481418269232 0.2677165360576923 0.9138187211538462 0.26181102403846157 0.9049034182692307 0.24015748076923077 0.9049034182692307 0.20472440865384614 0.9049034182692307 0.1633858269230769 0.9331352163461539 0.1633858269230769 0.9806835072115384 0.17716535336538464 0.9806835072115384 0.19094488221153846 0.9866270432692308 0.23031496153846154 0.9881129278846154