402 0.7683333341346154 0.22759856730769232 0.8033333341346154 0.20071684615384616 0.87 0.20609318990384617 0.8783333341346153 0 0.005 0.0017921153846153846 0.0033333341346153847 0.1612903221153846 0.46833333413461536 0.18279569951923078 0.4666666658653846 0.20788530528846155 0.5216666658653846 0.21326164903846154 0.5416666658653846 0.18458781249999998 0.72 0.19534050240384618 0.7183333341346153 0.22759856730769232 0.7683333341346154 0.22759856730769232
1885 0.4666666658653846 0.21326164903846154 0.46833333413461536 0.17741935576923076 0.0033333341346153847 0.1612903221153846 0.005 0.5896057355769231 0.031666665865384615 0.5896057355769231 0.1616666658653846 0.5519713269230769 0.18833333413461537 0.5376344086538462 0.27666666586538463 0.5394265240384615 0.38 0.5878136201923077 0.49 0.584229391826923 0.4916666658653846 0.5465949831730769 0.6166666658653847 0.5483870961538462 0.6183333341346154 0.5931899639423077 0.7066666658653846 0.600358423076923 0.715 0.5967741947115385 0.7466666658653847 0.5913978485576923 0.755 0.5555555552884616 0.8633333341346153 0.5609318990384615 0.87 0.2043010745192308 0.8049999999999999 0.19892473076923078 0.765 0.2329749110576923 0.7233333341346154 0.22939068028846155 0.7233333341346154 0.19175627163461537 0.5433333341346154 0.18100358413461537 0.5216666658653846 0.21684587740384617 0.4666666658653846 0.21326164903846154
663 0.52 0.5430107524038461 0.575 0.5412186370192308 0.5783333341346154 0.46236559134615385 0.5216666658653846 0.4587813629807692 0.52 0.5430107524038461
663 0.7866666658653846 0.5537634399038461 0.8366666658653846 0.5501792115384615 0.84 0.4713261658653846 0.7866666658653846 0.4713261658653846 0.7866666658653846 0.5537634399038461
224 0.4433333341346154 0.600358423076923 0.56 0.6362007163461538 0.6066666658653846 0.6415770600961538 0.6216666658653847 0.6236559134615385 0.6133333341346154 0.5501792115384615 0.4916666658653846 0.5430107524038461 0.4883333341346154 0.5824372764423077 0.4433333341346154 0.5878136201923077 0.4433333341346154 0.600358423076923
224 0.7433333341346154 0.5913978485576923 0.7133333341346154 0.5967741947115385 0.715 0.6254480288461538 0.8483333341346154 0.6594982067307692 0.86 0.5591397860576923 0.755 0.5537634399038461 0.7433333341346154 0.5913978485576923
224 1 0.5733572283653846 0.9766666658653846 0.5716845889423077 0.9683333341346153 0.6362007163461538 0.9566666658653846 0.6845878125 0.8666666658653847 0.6827956995192307 0.8566666658653846 0.6881720432692308 0.855 0.7078853052884615 1 0.7433203004807692 1 0.5733572283653846
531 1 0.8691756274038462 0.9983333341346154 0.7437275985576922 0.38 0.5896057355769231 0.27333333413461536 0.5430107524038461 0.18666666586538463 0.5376344086538462 0.018333334134615385 0.5878136201923077 0.005 0.5913978485576923 0.0033333341346153847 0.9964157716346154 1 0.9946266466346153 1 0.8691756274038462
1032 0.005 0.03584229326923077 0.030000000000000002 0.10931899759615385 0.17833333413461538 0.12007168509615385 0.17833333413461538 0.04121863701923077 0.005 0.03584229326923077
1032 0.32 0.12365591346153847 0.4633333341346154 0.13620071634615386 0.5066666658653847 0.06093189903846154 0.3266666658653846 0.051971326923076926 0.32 0.12365591346153847
501 0.18159492307692307 0 0.16 0.5394265240384615 0.1833333341346154 0.5358422932692307 0.275 0.5340501802884615 0.3066666658653846 0.5555555552884616 0.32333333413461535 0.026881721153846152 0.32333333413461535 0 0.18159492307692307 0
1942 0.58 0.2508960576923077 0.5516666658653846 0.2724014326923077 0.535 0.29749103846153846 0.5266666658653846 0.33333333413461536 0.6316666658653846 0.3369175625 0.635 0.2526881730769231 0.6266666658653846 0.2455197139423077 0.6016666658653846 0.2437275985576923 0.58 0.2508960576923077
1942 0.07333333413461539 0.23476702403846156 0.056666665865384616 0.2544802860576923 0.038333334134615385 0.2724014326923077 0.031666665865384615 0.3100358413461538 0.1633333341346154 0.3172043004807692 0.16999999999999998 0.2455197139423077 0.1616666658653846 0.23655913942307694 0.13833333413461538 0.22580645192307694 0.11666666586538461 0.22222222115384616 0.09166666586538462 0.22401433653846153 0.07333333413461539 0.23476702403846156
792 0.7183333341346153 0.6702508966346153 0.855 0.7043010745192307 0.855 0.673835125 0.8516666658653846 0.6594982067307692 0.7100000000000001 0.6236559134615385 0.7083333341346154 0.6290322572115384 0.7166666658653846 0.6397849471153846 0.715 0.6451612908653845 0.7183333341346153 0.6541218629807692 0.7183333341346153 0.6702508966346153
501 0.7166666658653846 0.6415770600961538 0.7066666658653846 0.6254480288461538 0.7216666658653845 0.04121863701923077 0.7233333341346154 0 0.6466666658653846 0.0017921153846153846 0.6233333341346154 0.6236559134615385 0.6133333341346154 0.6415770600961538 0.7166666658653846 0.6702508966346153 0.7166666658653846 0.6415770600961538
501 0.8799362475961539 0 0.8566666658653846 0.6541218629807692 0.8566666658653846 0.6845878125 0.9583333341346154 0.6810035841346154 0.9716666658653845 0.6075268822115384 0.9750000000000001 0.5734767019230769 1 0.5717965961538461 1 0.28494623557692306 0.99834375 0 0.8799362475961539 0
1291 0.47833333413461543 0.5681003581730769 0.47166666586538464 0.5573476706730769 0.46 0.5519713269230769 0.4383333341346154 0.5430107524038461 0.4216666658653846 0.5483870961538462 0.42 0.5555555552884616 0.42500000000000004 0.5681003581730769 0.4416666658653846 0.5645161298076923 0.435 0.5770609326923076 0.43 0.5931899639423077 0.445 0.5967741947115385 0.44833333413461535 0.584229391826923 0.4666666658653846 0.584229391826923 0.47833333413461543 0.5806451610576923 0.47833333413461543 0.5681003581730769