792 0.28 0.9523809519230769 0.14400000000000002 0.9973544975961539 0.998 0.9973544975961539 0.998 0.9100529110576924 0.978 0.9259259254807692 0.8140000000000001 0.8941798942307693 0.8119999999999999 0.8544973533653846 0.786 0.8492063485576923 0.712 0.8862433870192308 0.55 0.8492063485576923 0.40599999999999997 0.9047619038461538 0.28 0.8677248677884616 0.268 0.8730158725961539 0.268 0.9021164014423076 0.282 0.9021164014423076 0.28 0.9523809519230769
1219 0.638 0.08730158653846153 0.638 0.3174603173076923 0.768 0.3121693125 0.77 0.06878306971153846 0.638 0.08730158653846153
1219 0.082 0.007936507211538461 0.082 0.2883597884615385 0.14400000000000002 0.29365079326923077 0.148 0.021164021634615386 0.082 0.007936507211538461
1885 0.08600000000000001 0 0.002 0.002645502403846154 0.004 0.41534391586538466 0.062000000000000006 0.42063492067307695 0.074 0.4259259254807692 0.058 0.4656084663461538 0.058 0.9973544975961539 0.096 0.9973544975961539 0.096 0.9629629639423077 0.084 0.9523809519230769 0.082 0.4814814807692308 0.094 0.47089947115384617 0.16599999999999998 0.47089947115384617 0.174 0.5 0.20199999999999999 0.49735449759615386 0.20199999999999999 0.5132275144230769 0.196 0.5291005288461539 0.19799999999999998 0.5529100528846154 0.21 0.5449735456730769 0.218 0.5264550264423077 0.24000000000000002 0.5264550264423077 0.24400000000000002 0.5476190480769231 0.286 0.5502645504807693 0.28 0.3703703701923077 0.438 0.3703703701923077 0.454 0.5423280432692308 0.516 0.5449735456730769 0.544 0.44179894230769234 0.6159999999999999 0.4444444447115385 0.628 0.44708994711538463 0.74 0.4497354495192308 0.748 0.5158730168269231 0.784 0.5211640216346154 0.786 0.53174603125 0.778 0.5555555552884616 0.782 0.8068783076923077 0.786 0.84391534375 0.8140000000000001 0.8492063485576923 0.822 0.8412698413461539 0.822 0.23544973557692309 0.804 0.2089947091346154 0.98 0.1878306875 0.998 0.1878306875 0.998 0 0.506 0 0.08600000000000001 0
273 0.07 0.42857142788461544 0.062000000000000006 0.42063492067307695 0.004 0.42328042307692304 0.002 0.9947089951923077 0.056 0.9973544975961539 0.060000000000000005 0.4603174591346154 0.07 0.42857142788461544
692 1 0.18805346875 0.8119999999999999 0.2089947091346154 0.824 0.2328042331730769 0.824 0.84391534375 0.8160000000000001 0.8518518509615384 0.8200000000000001 0.8915343918269231 0.98 0.920634920673077 0.998 0.9047619038461538 1 0.5714285721153846 1 0.18805346875
1665 0.982 0.10052910096153847 0.9299999999999999 0.08730158653846153 0.8680000000000001 0.10317460336538462 0.8680000000000001 0.14550264663461537 0.9299999999999999 0.13492063461538462 0.982 0.14550264663461537 0.982 0.10052910096153847
1665 0.99 0.14814814903846155 0.9339999999999999 0.13492063461538462 0.8659999999999999 0.14814814903846155 0.8659999999999999 0.17989418028846152 0.8680000000000001 0.1931216923076923 0.9339999999999999 0.1878306875 0.988 0.18518518509615384 0.99 0.14814814903846155
417 0.522 0.8412698413461539 0.554 0.84391534375 0.5700000000000001 0.9417989423076923 0.59 0.9338624326923076 0.584 0.9179894182692308 0.582 0.84391534375 0.582 0.78042328125 0.584 0.7037037043269231 0.6 0.5687830697115385 0.62 0.4788359783653846 0.6180000000000001 0.4497354495192308 0.544 0.4444444447115385 0.516 0.5423280432692308 0.506 0.59259259375 0.494 0.6984126995192308 0.376 0.6957671947115384 0.364 0.7063492067307693 0.36200000000000004 0.7883597884615384 0.36 0.923280423076923 0.38 0.9312169302884615 0.38799999999999996 0.8042328052884616 0.40599999999999997 0.8148148149038461 0.40399999999999997 0.9576719567307692 0.41000000000000003 0.96825396875 0.428 0.96825396875 0.436 0.8174603173076923 0.504 0.8333333341346154 0.514 0.9100529110576924 0.532 0.9021164014423076 0.522 0.8412698413461539
1273 0.20199999999999999 0.5105820096153846 0.2 0.5 0.168 0.5 0.168 0.5634920625000001 0.192 0.5608465600961539 0.2 0.5529100528846154 0.19399999999999998 0.5238095240384616 0.20199999999999999 0.5105820096153846
1253 0.214 0.5370370360576924 0.212 0.5502645504807693 0.218 0.5634920625000001 0.238 0.5634920625000001 0.242 0.5555555552884616 0.24400000000000002 0.5423280432692308 0.24400000000000002 0.53174603125 0.24000000000000002 0.5264550264423077 0.23 0.5211640216346154 0.22 0.5264550264423077 0.214 0.5370370360576924
1132 0.43400000000000005 0.3730158725961538 0.286 0.37830687740384616 0.292 0.5264550264423077 0.366 0.5238095240384616 0.448 0.5185185192307692 0.43400000000000005 0.3730158725961538
1146 0.292 0.5634920625000001 0.312 0.5687830697115385 0.338 0.5687830697115385 0.35400000000000004 0.5634920625000001 0.35 0.5529100528846154 0.33999999999999997 0.5476190480769231 0.326 0.5476190480769231 0.31599999999999995 0.5582010576923077 0.298 0.5502645504807693 0.29 0.5529100528846154 0.292 0.5634920625000001
991 0.3 0.5370370360576924 0.298 0.5555555552884616 0.36 0.5582010576923077 0.452 0.5555555552884616 0.43400000000000005 0.5291005288461539 0.3 0.5370370360576924
268 0.21 0.5476190480769231 0.16999999999999998 0.5661375673076923 0.16999999999999998 0.5740740745192308 0.252 0.5740740745192308 0.298 0.5634920625000001 0.298 0.5502645504807693 0.252 0.5476190480769231 0.21 0.5476190480769231
1665 0.1 0.4735449735576923 0.09 0.4788359783653846 0.09 0.576719576923077 0.136 0.576719576923077 0.16999999999999998 0.576719576923077 0.16599999999999998 0.4735449735576923 0.1 0.4735449735576923
1086 0.004 0.9920634927884616 0.032 0.9894179903846154 0.028 0.8280423269230769 0.006 0.8253968245192307 0.004 0.9920634927884616
279 0.008 0.4920634927884615 0.006 0.6455026466346154 0.028 0.6455026466346154 0.028 0.4947089951923077 0.008 0.4920634927884615
759 0.6159999999999999 0.5264550264423077 0.6799999999999999 0.5291005288461539 0.7 0.5291005288461539 0.7260000000000001 0.5264550264423077 0.746 0.5211640216346154 0.74 0.44708994711538463 0.624 0.4523809519230769 0.624 0.4788359783653846 0.6159999999999999 0.5264550264423077
605 0.08600000000000001 0.9444444447115384 0.1 0.9576719567307692 0.1 0.9973544975961539 0.116 0.9973544975961539 0.14200000000000002 0.9973544975961539 0.27799999999999997 0.9497354495192307 0.27799999999999997 0.9047619038461538 0.268 0.9047619038461538 0.26999999999999996 0.8677248677884616 0.286 0.8624338629807693 0.40399999999999997 0.9021164014423076 0.544 0.8465608461538461 0.712 0.8809523798076923 0.786 0.8412698413461539 0.7759999999999999 0.5449735456730769 0.782 0.5211640216346154 0.756 0.5185185192307692 0.72 0.53174603125 0.51 0.5476190480769231 0.454 0.5423280432692308 0.088 0.5740740745192308 0.08600000000000001 0.9444444447115384
696 0.542 0.2883597884615385 0.562 0.1693121682692308 0.524 0.3042328052884615 0.534 0.14021163942307693 0.508 0.22751322836538462 0.49 0.23544973557692309 0.482 0.3571428581730769 0.45799999999999996 0.20105820192307694 0.446 0.32010581971153845 0.41800000000000004 0.2619047620192308 0.398 0.2592592596153846 0.41800000000000004 0.36243386298076924 0.44200000000000006 0.36243386298076924 0.456 0.5343915336538462 0.516 0.5370370360576924 0.5399999999999999 0.4365079375 0.624 0.43915343990384614 0.698 0.2724867716346154 0.7080000000000001 0.2407407403846154 0.6880000000000001 0.25132275240384616 0.608 0.3809523798076923 0.61 0.3174603173076923 0.5760000000000001 0.33333333413461536 0.6159999999999999 0.20634920673076923 0.566 0.2724867716346154 0.542 0.2883597884615385