792 0.718 0.9021164014423076 0.732 0.9021164014423076 0.732 0.8730158725961539 0.72 0.8677248677884616 0.5940000000000001 0.9047619038461538 0.44999999999999996 0.8492063485576923 0.28800000000000003 0.8862433870192308 0.214 0.8492063485576923 0.188 0.8544973533653846 0.186 0.8941798942307693 0.022 0.9259259254807692 0.002 0.9100529110576924 0.002 0.9973544975961539 0.856 0.9973544975961539 0.72 0.9523809519230769 0.718 0.9021164014423076
1219 0.23 0.06878306971153846 0.232 0.3121693125 0.36200000000000004 0.3174603173076923 0.36200000000000004 0.08730158653846153 0.23 0.06878306971153846
1219 0.8520000000000001 0.021164021634615386 0.856 0.29365079326923077 0.9179999999999999 0.2883597884615385 0.9179999999999999 0.007936507211538461 0.8520000000000001 0.021164021634615386
1885 0.002 0 0.002 0.1878306875 0.02 0.1878306875 0.196 0.2089947091346154 0.178 0.23544973557692309 0.178 0.8412698413461539 0.186 0.8492063485576923 0.214 0.84391534375 0.218 0.8068783076923077 0.222 0.5555555552884616 0.214 0.53174603125 0.216 0.5211640216346154 0.252 0.5158730168269231 0.26 0.4497354495192308 0.372 0.44708994711538463 0.384 0.4444444447115385 0.456 0.44179894230769234 0.484 0.5449735456730769 0.546 0.5423280432692308 0.562 0.3703703701923077 0.72 0.3703703701923077 0.714 0.5502645504807693 0.756 0.5476190480769231 0.76 0.5264550264423077 0.782 0.5264550264423077 0.7899999999999999 0.5449735456730769 0.802 0.5529100528846154 0.804 0.5291005288461539 0.798 0.5132275144230769 0.798 0.49735449759615386 0.826 0.5 0.8340000000000001 0.47089947115384617 0.906 0.47089947115384617 0.9179999999999999 0.4814814807692308 0.9159999999999999 0.9523809519230769 0.904 0.9629629639423077 0.904 0.9973544975961539 0.9420000000000001 0.9973544975961539 0.9420000000000001 0.4656084663461538 0.926 0.4259259254807692 0.9380000000000001 0.42063492067307695 0.996 0.41534391586538466 0.998 0.002645502403846154 0.9139999999999999 0 0.494 0 0.002 0
273 0.9400000000000001 0.4603174591346154 0.9440000000000001 0.9973544975961539 0.998 0.9947089951923077 0.996 0.42328042307692304 0.9380000000000001 0.42063492067307695 0.9299999999999999 0.42857142788461544 0.9400000000000001 0.4603174591346154
692 0 0.5714285721153846 0.002 0.9047619038461538 0.02 0.920634920673077 0.18 0.8915343918269231 0.184 0.8518518509615384 0.176 0.84391534375 0.176 0.2328042331730769 0.188 0.2089947091346154 0 0.18805346875 0 0.5714285721153846
1665 0.018000000000000002 0.14550264663461537 0.07 0.13492063461538462 0.132 0.14550264663461537 0.132 0.10317460336538462 0.07 0.08730158653846153 0.018000000000000002 0.10052910096153847 0.018000000000000002 0.14550264663461537
1665 0.012 0.18518518509615384 0.066 0.1878306875 0.132 0.1931216923076923 0.134 0.17989418028846152 0.134 0.14814814903846155 0.066 0.13492063461538462 0.01 0.14814814903846155 0.012 0.18518518509615384
417 0.46799999999999997 0.9021164014423076 0.486 0.9100529110576924 0.49600000000000005 0.8333333341346154 0.564 0.8174603173076923 0.572 0.96825396875 0.59 0.96825396875 0.596 0.9576719567307692 0.5940000000000001 0.8148148149038461 0.612 0.8042328052884616 0.62 0.9312169302884615 0.64 0.923280423076923 0.638 0.7883597884615384 0.636 0.7063492067307693 0.624 0.6957671947115384 0.506 0.6984126995192308 0.494 0.59259259375 0.484 0.5423280432692308 0.456 0.4444444447115385 0.382 0.4497354495192308 0.38 0.4788359783653846 0.4 0.5687830697115385 0.41600000000000004 0.7037037043269231 0.41800000000000004 0.78042328125 0.41800000000000004 0.84391534375 0.41600000000000004 0.9179894182692308 0.41000000000000003 0.9338624326923076 0.43 0.9417989423076923 0.446 0.84391534375 0.47800000000000004 0.8412698413461539 0.46799999999999997 0.9021164014423076
1273 0.8059999999999999 0.5238095240384616 0.8 0.5529100528846154 0.8079999999999999 0.5608465600961539 0.8320000000000001 0.5634920625000001 0.8320000000000001 0.5 0.8 0.5 0.798 0.5105820096153846 0.8059999999999999 0.5238095240384616
1253 0.78 0.5264550264423077 0.77 0.5211640216346154 0.76 0.5264550264423077 0.756 0.53174603125 0.756 0.5423280432692308 0.7579999999999999 0.5555555552884616 0.762 0.5634920625000001 0.782 0.5634920625000001 0.788 0.5502645504807693 0.786 0.5370370360576924 0.78 0.5264550264423077
1132 0.552 0.5185185192307692 0.6340000000000001 0.5238095240384616 0.7080000000000001 0.5264550264423077 0.714 0.37830687740384616 0.566 0.3730158725961538 0.552 0.5185185192307692
1146 0.7100000000000001 0.5529100528846154 0.702 0.5502645504807693 0.6839999999999999 0.5582010576923077 0.674 0.5476190480769231 0.66 0.5476190480769231 0.6499999999999999 0.5529100528846154 0.646 0.5634920625000001 0.662 0.5687830697115385 0.6880000000000001 0.5687830697115385 0.7080000000000001 0.5634920625000001 0.7100000000000001 0.5529100528846154
991 0.566 0.5291005288461539 0.5479999999999999 0.5555555552884616 0.64 0.5582010576923077 0.702 0.5555555552884616 0.7 0.5370370360576924 0.566 0.5291005288461539
268 0.748 0.5476190480769231 0.702 0.5502645504807693 0.702 0.5634920625000001 0.748 0.5740740745192308 0.83 0.5740740745192308 0.83 0.5661375673076923 0.7899999999999999 0.5476190480769231 0.748 0.5476190480769231
1665 0.8340000000000001 0.4735449735576923 0.83 0.576719576923077 0.864 0.576719576923077 0.91 0.576719576923077 0.91 0.4788359783653846 0.8999999999999999 0.4735449735576923 0.8340000000000001 0.4735449735576923
1086 0.994 0.8253968245192307 0.972 0.8280423269230769 0.968 0.9894179903846154 0.996 0.9920634927884616 0.994 0.8253968245192307
279 0.972 0.4947089951923077 0.972 0.6455026466346154 0.994 0.6455026466346154 0.9920000000000001 0.4920634927884615 0.972 0.4947089951923077
759 0.376 0.4788359783653846 0.376 0.4523809519230769 0.26 0.44708994711538463 0.254 0.5211640216346154 0.27399999999999997 0.5264550264423077 0.3 0.5291005288461539 0.32 0.5291005288461539 0.384 0.5264550264423077 0.376 0.4788359783653846
605 0.912 0.5740740745192308 0.546 0.5423280432692308 0.49 0.5476190480769231 0.28 0.53174603125 0.24400000000000002 0.5185185192307692 0.218 0.5211640216346154 0.224 0.5449735456730769 0.214 0.8412698413461539 0.28800000000000003 0.8809523798076923 0.456 0.8465608461538461 0.596 0.9021164014423076 0.714 0.8624338629807693 0.73 0.8677248677884616 0.732 0.9047619038461538 0.722 0.9047619038461538 0.722 0.9497354495192307 0.858 0.9973544975961539 0.8840000000000001 0.9973544975961539 0.8999999999999999 0.9973544975961539 0.8999999999999999 0.9576719567307692 0.9139999999999999 0.9444444447115384 0.912 0.5740740745192308
696 0.43400000000000005 0.2724867716346154 0.384 0.20634920673076923 0.424 0.33333333413461536 0.39 0.3174603173076923 0.392 0.3809523798076923 0.312 0.25132275240384616 0.292 0.2407407403846154 0.302 0.2724867716346154 0.376 0.43915343990384614 0.46 0.4365079375 0.484 0.5370370360576924 0.544 0.5343915336538462 0.5579999999999999 0.36243386298076924 0.582 0.36243386298076924 0.602 0.2592592596153846 0.582 0.2619047620192308 0.554 0.32010581971153845 0.542 0.20105820192307694 0.518 0.3571428581730769 0.51 0.23544973557692309 0.492 0.22751322836538462 0.46599999999999997 0.14021163942307693 0.476 0.3042328052884615 0.438 0.1693121682692308 0.45799999999999996 0.2883597884615385 0.43400000000000005 0.2724867716346154