402 0.0078125 0 0.0078125 0.19140625 0.1171875 0.203125 0.15625 0.18359375 0.25 0.1484375 0.453125 0.15234375 1 0.05150155048076924 1 0 0.0078125 0
1027 0.1565667235576923 0 0.02734375 0.140625 0.0625 0.14453125 0.2265625 0 0.1565667235576923 0
655 0.10546875 0.58984375 0.10546875 0.84765625 0.2109375 0.83984375 0.21484375 0.5859375 0.10546875 0.58984375
1027 0.607421875 0 0.5390625 0.02734375 0.54296875 0.08984375 0.59375 0.09375 0.73046875 0.0546875 0.7341145817307692 0 0.607421875 0
1509 0.22265625 0.5234375 0.24609375 0.14453125 0.01171875 0.13671875 0.0078125 0.859375 0.1015625 0.85546875 0.10546875 0.8515625 0.10546875 0.58984375 0.21875 0.5859375 0.21484375 0.83984375 0.23828125 0.83984375 0.2421875 0.84765625 0.43359375 0.83984375 0.44140625 0.6640625 0.22265625 0.5234375
655 0.33203125 0.48046875 0.43359375 0.4765625 0.4453125 0.2109375 0.3359375 0.20703125 0.33203125 0.48046875
655 0.5234375 0.51171875 0.5546875 0.5234375 0.5703125 0.2109375 0.53125 0.21484375 0.5234375 0.51171875
655 0.55859375 0.53515625 0.609375 0.55859375 0.625 0.18359375 0.578125 0.1875 0.55859375 0.53515625
655 0.66015625 0.57421875 0.75390625 0.6015625 0.77734375 0.16015625 0.6875 0.171875 0.66015625 0.57421875
655 0.828125 0.62109375 0.93359375 0.66015625 0.96875 0.16796875 0.859375 0.1796875 0.828125 0.62109375
1509 0.2734375 0.484375 0.44921875 0.484375 0.45703125 0.1953125 0.45703125 0.1484375 0.24609375 0.1484375 0.24609375 0.47265625 0.2734375 0.484375
1885 1 0.04763376923076923 0.4609375 0.15234375 0.44921875 0.484375 1 0.6860695432692308 1 0.04763376923076923
1422 0.86328125 0.45703125 0.99609375 0.48046875 0.99609375 0.46484375 0.234375 0.33984375 0.23046875 0.46875 0.24609375 0.46875 0.25 0.3515625 0.30859375 0.3671875 0.30859375 0.50390625 0.3125 0.5078125 0.32421875 0.3671875 0.36328125 0.375 0.36328125 0.53515625 0.3671875 0.53515625 0.375 0.37890625 0.4453125 0.390625 0.4296875 0.5703125 0.4375 0.57421875 0.44921875 0.390625 0.52734375 0.40234375 0.51953125 0.6171875 0.53125 0.6171875 0.5390625 0.40234375 0.65625 0.42578125 0.64453125 0.67578125 0.65234375 0.6796875 0.671875 0.42578125 0.84765625 0.4609375 0.828125 0.76953125 0.83984375 0.77734375 0.86328125 0.45703125
792 1 0.6860522307692307 0.4453125 0.48046875 0.27734375 0.484375 0.23046875 0.47265625 0.22265625 0.51953125 0.93359375 0.9765625 1 0.9654947932692307 1 0.6860522307692307
1885 0.93359375 0.9765625 0.44140625 0.66796875 0.43359375 0.83984375 0.48828125 0.890625 0.5859375 0.9921875 0.93359375 0.9921875 0.93359375 0.9765625
913 1 0.845703125 0.99609375 0.828125 0.953125 0.8359375 0.9375 0.83984375 0.80859375 0.765625 0.76171875 0.79296875 0.7734375 0.80859375 0.4296875 0.99609375 0.47265625 0.98828125 0.4765625 0.99609375 0.50390625 0.99609375 0.50390625 0.98046875 0.78515625 0.84375 0.7734375 0.9765625 0.796875 0.984375 0.8203125 0.81640625 0.8359375 0.82421875 0.82421875 0.98828125 0.8515625 0.98828125 0.859375 0.96875 0.91796875 0.9921875 1 0.9921875 1 0.9765625 0.99609375 0.9609375 0.9375 0.97265625 0.85546875 0.92578125 0.8671875 0.83984375 0.93359375 0.87109375 1 0.8637152764423077 1 0.845703125
792 0.11328125 0.84765625 0.10546875 0.85546875 0.0078125 0.859375 0.0078125 0.99609375 0.578125 0.9921875 0.4296875 0.83984375 0.2421875 0.84765625 0.23828125 0.83984375 0.11328125 0.84765625
1027 0.359375 0.14453125 0.40625 0.1484375 0.46484375 0.125 0.46875 0.0859375 0.41796875 0.078125 0.35546875 0.1015625 0.359375 0.14453125
1711 0.33984375 0.9765625 0.34765625 0.9609375 0.33984375 0.94921875 0.3046875 0.92578125 0.26953125 0.921875 0.22265625 0.91796875 0.18359375 0.92578125 0.1640625 0.93359375 0.14453125 0.953125 0.15234375 0.97265625 0.171875 0.984375 0.19140625 0.9921875 0.3125 0.9921875 0.328125 0.984375 0.33984375 0.9765625