1474 0.12109375 0.21875 0.15234375 0.22265625 0.15625 0.0390625 0.1171875 0.00390625 0.04296875 0 0 0.03125 0.00390625 0.28125 0.08203125 0.19140625 0.12109375 0.21875
1645 0 0.9921875 0.18359375 0.99609375 0.19921875 0.2265625 0.1015625 0.21875 0.09375 0.2265625 0.08203125 0.25 0.06640625 0.25390625 0.05859375 0.2890625 0.02734375 0.30078125 0.01953125 0.3359375 0 0.34375 0 0.9921875
1641 0.07421875 0.2421875 0.1015625 0.2109375 0.08203125 0.1953125 0 0.29296875 0.00390625 0.3359375 0.01171875 0.328125 0.0234375 0.296875 0.046875 0.28515625 0.0546875 0.2734375 0.07421875 0.2421875
1883 0.125 0 0.16796875 0.04296875 0.15625 0.2109375 0.19921875 0.21875 0.203125 0 0.125 0
1885 0.2109375 0 0.19140625 0.9921875 0.1953125 0.99609375 0.2890625 0.9921875 0.30859375 0.015625 0.30859375 0 0.2109375 0
659 0.296875 0.9921875 0.3671875 0.9921875 0.3828125 0.00390625 0.31640625 0.00390625 0.296875 0.9921875
1885 0.96875 0 0.96484375 0.9921875 0.99609375 0.99609375 0.99609375 0.9921875 0.99609375 0.00390625 0.99609375 0 0.96875 0
659 0.8671875 0 0.85546875 0.9921875 0.89453125 0.9921875 0.96484375 0.9921875 0.96484375 0.00390625 0.8984375 0 0.8671875 0
861 0.71484375 0.546875 0.734375 0.55078125 0.73046875 0.9609375 0.7578125 0.99609375 0.8515625 0.9921875 0.8515625 0.00390625 0.74609375 0.00390625 0.74609375 0.01171875 0.7421875 0.0546875 0.73828125 0.08203125 0.734375 0.5078125 0.734375 0.515625 0.71484375 0.51953125 0.71484375 0.546875
1896 0.66796875 0.19140625 0.671875 0.234375 0.6953125 0.26171875 0.7109375 0.23828125 0.71875 0.2109375 0.72265625 0.06640625 0.6953125 0.046875 0.68359375 0.11328125 0.6796875 0.1484375 0.66796875 0.19140625
662 0.6171875 0.78125 0.421875 0.78125 0.41796875 0.83203125 0.640625 0.828125 0.6171875 0.78125
402 0.65234375 0.26953125 0.65234375 0.23046875 0.69921875 0.00390625 0.5390625 0.00390625 0.38671875 0.00390625 0.40234375 0.22265625 0.3984375 0.26953125 0.4140625 0.31640625 0.6171875 0.31640625 0.65234375 0.26953125
1885 0.390625 0.12109375 0.37890625 0.80078125 0.3984375 0.74609375 0.40234375 0.3046875 0.3984375 0.22265625 0.390625 0.12109375
792 0.64453125 0.8125 0.6328125 0.7734375 0.62109375 0.71875 0.41015625 0.72265625 0.41015625 0.78515625 0.3984375 0.796875 0.375 0.85546875 0.375 0.9921875 0.3828125 0.99609375 0.75390625 0.99609375 0.72265625 0.91796875 0.6640625 0.8125 0.64453125 0.8125
151 0.41015625 0.7109375 0.4140625 0.71484375 0.5859375 0.70703125 0.62109375 0.7109375 0.6015625 0.6796875 0.6015625 0.31640625 0.40625 0.31640625 0.41015625 0.7109375
1885 0.84375 0.984375 0.859375 0 0.73046875 0.00390625 0.7109375 0.00390625 0.703125 0.00390625 0.66015625 0.23046875 0.66015625 0.26953125 0.625 0.3203125 0.61328125 0.328125 0.609375 0.671875 0.62890625 0.71875 0.63671875 0.75 0.6484375 0.8046875 0.6640625 0.8046875 0.76171875 0.98828125 0.84375 0.984375