1885 0.0015625 0 0.0015625 0.5083333341346153 0.328125 0.4375 0.30937499999999996 0 0.0015625 0
1885 0.30781250000000004 0 0.3296875 0.4375 0.9984375000000001 0.6666666658653846 0.9984375000000001 0 0.30781250000000004 0
792 0.9984375000000001 0.6666666658653846 0.328125 0.4354166658653846 0.0015625 0.5083333341346153 0.0015625 0.9979166658653846 0.9984375000000001 0.9979166658653846 0.9984375000000001 0.6666666658653846
1329 0.54375 0.39583333413461536 0.47187500000000004 0.4645833341346154 0.590625 0.4958333341346154 0.6546875000000001 0.42708333413461536 0.54375 0.39583333413461536
345 0.353125 0.4291666658653846 0.4125 0.39375000000000004 0.4078125 0.1875 0.353125 0.16875 0.2734375 0.1854166658653846 0.2828125 0.4354166658653846 0.33125000000000004 0.4375 0.353125 0.4291666658653846
1942 0.15468749999999998 0.020833334134615387 0.009375 0.01875 0.014062499999999999 0.2625 0.17031249999999998 0.23333333413461538 0.15468749999999998 0.020833334134615387
1329 0.3578125 0.4416666658653846 0.45781249999999996 0.47916666586538464 0.5328125 0.38125 0.4203125 0.3916666658653846 0.3578125 0.4416666658653846
1099 0.4671875 0.8083333341346154 0.603125 0.8979166658653847 0.7953125000000001 0.7666666658653847 0.6734374999999999 0.6958333341346153 0.4671875 0.8083333341346154
1861 0.96875 0.5 0.9609375 0.4354166658653846 0.9671875000000001 0.3479166658653846 0.953125 0.35 0.9109375 0.5458333341346153 0.9578125 0.55625 0.96875 0.5
207 0.009375 0.5604166658653846 0.0109375 0.60625 0.24062499999999998 0.8416666658653846 0.7859375 0.5645833341346154 0.7859375 0.5520833341346154 0.734375 0.53125 0.7265625 0.49375 0.690625 0.4708333341346154 0.6375 0.4229166658653846 0.534375 0.3979166658653846 0.43281250000000004 0.375 0.37968749999999996 0.41874999999999996 0.053125000000000006 0.5020833341346154 0.009375 0.5604166658653846
1760 0.8296874999999999 0.7749999999999999 0.7515624999999999 0.8458333341346154 0.9015625 0.9229166658653847 0.9750000000000001 0.84375 0.8296874999999999 0.7749999999999999
1760 0.22812500000000002 0.9958333341346154 0.2640625 0.9958333341346154 0.39531249999999996 0.9166666658653846 0.3 0.8395833341346154 0.15 0.9083333341346154 0.22812500000000002 0.9958333341346154