1885 0.690625 0 0.671875 0.4375 0.9984375000000001 0.5083333341346153 0.9984375000000001 0 0.690625 0
1885 0.0015625 0 0.0015625 0.6666666658653846 0.6703125000000001 0.4375 0.6921875 0 0.0015625 0
792 0.0015625 0.9979166658653846 0.9984375000000001 0.9979166658653846 0.9984375000000001 0.5083333341346153 0.671875 0.4354166658653846 0.0015625 0.6666666658653846 0.0015625 0.9979166658653846
1329 0.3453125 0.42708333413461536 0.40937500000000004 0.4958333341346154 0.528125 0.4645833341346154 0.45625000000000004 0.39583333413461536 0.3453125 0.42708333413461536
345 0.66875 0.4375 0.7171875000000001 0.4354166658653846 0.7265625 0.1854166658653846 0.6468750000000001 0.16875 0.5921875 0.1875 0.5875 0.39375000000000004 0.6468750000000001 0.4291666658653846 0.66875 0.4375
1942 0.8296874999999999 0.23333333413461538 0.9859374999999999 0.2625 0.9906250000000001 0.01875 0.8453124999999999 0.020833334134615387 0.8296874999999999 0.23333333413461538
1329 0.5796875 0.3916666658653846 0.4671875 0.38125 0.5421875 0.47916666586538464 0.6421874999999999 0.4416666658653846 0.5796875 0.3916666658653846
1099 0.3265625 0.6958333341346153 0.20468750000000002 0.7666666658653847 0.396875 0.8979166658653847 0.5328125 0.8083333341346154 0.3265625 0.6958333341346153
1861 0.0421875 0.55625 0.08906249999999999 0.5458333341346153 0.046875 0.35 0.0328125 0.3479166658653846 0.0390625 0.4354166658653846 0.03125 0.5 0.0421875 0.55625
207 0.9468749999999999 0.5020833341346154 0.6203125 0.41874999999999996 0.5671875 0.375 0.46562499999999996 0.3979166658653846 0.36250000000000004 0.4229166658653846 0.30937499999999996 0.4708333341346154 0.2734375 0.49375 0.265625 0.53125 0.2140625 0.5520833341346154 0.2140625 0.5645833341346154 0.7593749999999999 0.8416666658653846 0.9890625 0.60625 0.9906250000000001 0.5604166658653846 0.9468749999999999 0.5020833341346154
1760 0.025 0.84375 0.09843750000000001 0.9229166658653847 0.24843749999999998 0.8458333341346154 0.17031249999999998 0.7749999999999999 0.025 0.84375
1760 0.8500000000000001 0.9083333341346154 0.7 0.8395833341346154 0.6046875 0.9166666658653846 0.7359374999999999 0.9958333341346154 0.7718750000000001 0.9958333341346154 0.8500000000000001 0.9083333341346154