402 0.008 0 0.048 0.03003002884615385 0.49 0.09609609615384616 0.5636969711538462 0 0.008 0
1885 0.001986971153846154 0 0 0.4579579591346154 0 0.9139639639423076 0.078 0.7207207211538461 0.078 0.1981981971153846 0.05 0.1201201201923077 0.052000000000000005 0.0360360360576923 0.005846153846153846 0 0.001986971153846154 0
1885 0.056 0.03003002884615385 0.05 0.11711711778846154 0.078 0.19519519471153846 0.078 0.7207207211538461 0.12400000000000001 0.7147147139423077 0.492 0.6876876875 0.492 0.09609609615384616 0.056 0.03003002884615385
1885 0.5680000000000001 0 0.492 0.0990990985576923 0.49600000000000005 0.6906906899038462 0.922 0.9969969975961538 0.996 0.9969969975961538 0.996 0 0.5680000000000001 0
1523 0.492 0.6846846850961538 0.484 0.3663663653846154 0.132 0.35435435336538457 0.128 0.3003003004807692 0.084 0.3003003004807692 0.08 0.7207207211538461 0.492 0.6846846850961538
1523 0.016 0.9339339350961539 0.034 0.891891891826923 0.07 0.8558558557692308 0.07 0.7627627620192308 0.074 0.7267267259615384 0.074 0.3273273269230769 0.006 0.2882882884615384 0.002 0.9969969975961538 0.022 0.9969969975961538 0.016 0.9339339350961539
1523 0.8140000000000001 0.9969969975961538 0.994 0.9879879879807691 0.996 0.1771771778846154 0.49600000000000005 0.3663663653846154 0.492 0.6906906899038462 0.498 0.732732733173077 0.8140000000000001 0.9969969975961538
1294 0.464 0.6636636634615385 0.46599999999999997 0.7297297307692308 0.464 0.7867867860576924 0.464 0.8138138149038461 0.47800000000000004 0.8138138149038461 0.48000000000000004 0.8078078076923076 0.492 0.8078078076923076 0.504 0.7987987980769231 0.486 0.7927927932692308 0.49600000000000005 0.7897897908653846 0.498 0.777777778846154 0.486 0.7747747740384615 0.484 0.75075075 0.49 0.7207207211538461 0.49600000000000005 0.6846846850961538 0.49600000000000005 0.6426426418269231 0.49600000000000005 0.5795795793269231 0.51 0.5735735745192307 0.516 0.5675675673076923 0.51 0.5585585576923077 0.5 0.5555555552884616 0.49600000000000005 0.5495495504807693 0.49600000000000005 0.5255255264423077 0.48800000000000004 0.49849849759615383 0.492 0.48348348317307693 0.492 0.4654654663461538 0.492 0.4474474471153846 0.492 0.4384384375 0.474 0.42942943028846153 0.46599999999999997 0.45045044951923074 0.46599999999999997 0.46846846875 0.454 0.4864864855769231 0.448 0.5105105096153847 0.448 0.5255255264423077 0.454 0.5525525528846154 0.45799999999999996 0.5915915913461538 0.454 0.6336336346153846 0.464 0.6636636634615385
792 0.492 0.6906906899038462 0.078 0.7237237235576923 0.07 0.8528528533653846 0.036000000000000004 0.891891891826923 0.018000000000000002 0.9279279278846153 0.024 0.9939939951923077 0.114 0.9939939951923077 0.8079999999999999 0.9939939951923077 0.504 0.7357357355769231 0.492 0.6906906899038462
1942 0.5780000000000001 0.10810810817307694 0.514 0.1711711706730769 0.516 0.3393393389423077 0.5780000000000001 0.31831831730769233 0.5780000000000001 0.10810810817307694
1942 0.662 0 0.628 0.0360360360576923 0.63 0.2402402403846154 0.7100000000000001 0.1981981971153846 0.7080000000000001 0 0.662 0
1880 0.132 0.35735735817307696 0.132 0.39939939903846156 0.3 0.40540540625 0.298 0.3693693701923077 0.132 0.35735735817307696
1880 0.134 0.40540540625 0.136 0.45045044951923074 0.3 0.45045044951923074 0.3 0.4114114110576923 0.134 0.40540540625
1880 0.134 0.4594594591346154 0.132 0.5045045048076923 0.302 0.5045045048076923 0.3 0.4594594591346154 0.134 0.4594594591346154
1880 0.136 0.5615615625 0.136 0.6066066057692308 0.302 0.6006006009615384 0.3 0.5615615625 0.136 0.5615615625
1880 0.718 0.4444444447115385 0.704 0.5045045048076923 0.99 0.5285285288461539 0.988 0.43543543509615384 0.718 0.4444444447115385
1880 0.716 0.6906906899038462 0.7 0.7447447451923076 0.996 0.9039039038461538 0.99 0.7987987980769231 0.716 0.6906906899038462