402 0.7396470576923077 0 0.798 0.04266666586538462 0.798 0.053333334134615384 0.8119999999999999 0.05866666586538461 0.8119999999999999 0.088 0.804 0.09066666586538462 0.804 0.09866666586538461 0.864 0.11466666586538461 0.996 0.08 0.9979354831730769 0 0.7396470576923077 0
1523 0.8059999999999999 0.1253333341346154 0.8360000000000001 0.18666666586538463 0.844 0.232 0.842 0.27733333413461536 0.8360000000000001 0.3173333341346154 0.8340000000000001 0.368 0.8340000000000001 0.40266666586538463 0.8360000000000001 0.424 0.8840000000000001 0.4853333341346154 0.902 0.52 0.88 0.5893333341346154 0.894 0.5973333341346154 0.906 0.624 0.908 0.6826666658653846 0.998 0.704 0.996 0.08 0.86 0.11466666586538461 0.802 0.09333333413461539 0.8059999999999999 0.1253333341346154
1885 0.0015 0 0 0.008 0 0.0192 0.008 0.021333334134615387 0.024 0.010666665865384615 0.032 0.010666665865384615 0.036000000000000004 0.026666665865384614 0.168 0.05866666586538461 0.192 0.05066666586538461 0.19399999999999998 0.088 0.272 0.10666666586538462 0.272 0.088 0.3 0.08533333413461539 0.3096969711538462 0 0.0015 0
1523 0.21 0.3306666658653846 0.252 0.3066666658653846 0.286 0.2933333341346154 0.3 0.088 0.272 0.088 0.268 0.10400000000000001 0.192 0.088 0.192 0.04266666586538462 0.168 0.05866666586538461 0.034 0.024 0.030000000000000002 0.008 0.022 0.008 0.016 0.024 0.002 0.021333334134615387 0.002 0.72 0.21 0.6746666658653846 0.214 0.5253333341346154 0.21 0.3306666658653846
1523 0.31151724278846155 0 0.298 0.07466666586538462 0.28400000000000003 0.2906666658653846 0.302 0.28 0.32 0.26933333413461535 0.318 0.23733333413461538 0.306 0.18666666586538463 0.31599999999999995 0.14666666586538463 0.336 0.09866666586538461 0.358 0.053333334134615384 0.40599999999999997 0.053333334134615384 0.436 0.09866666586538461 0.44999999999999996 0.17066666586538462 0.43 0.23466666586538462 0.414 0.2746666658653846 0.42 0.304 0.49 0.368 0.494 0.368 0.52 0.34133333413461536 0.56 0.312 0.5579999999999999 0.28533333413461537 0.546 0.2586666658653846 0.522 0.232 0.512 0.17333333413461538 0.504 0.13866666586538462 0.51 0.09333333413461539 0.518 0.056 0.55 0.032 0.582 0.032 0.6159999999999999 0.05066666586538461 0.6340000000000001 0.096 0.6479999999999999 0.136 0.66 0.14133333413461538 0.72 0.11466666586538461 0.804 0.12000000000000001 0.8059999999999999 0.09066666586538462 0.8099999999999999 0.088 0.8079999999999999 0.056 0.796 0.05066666586538461 0.796 0.04 0.736 0 0.31151724278846155 0
152 0.8320000000000001 0.3946666658653846 0.838 0.20800000000000002 0.822 0.15733333413461537 0.7939999999999999 0.11466666586538461 0.7420000000000001 0.11466666586538461 0.7060000000000001 0.1253333341346154 0.662 0.14133333413461538 0.6479999999999999 0.1493333341346154 0.646 0.2 0.638 0.24800000000000003 0.66 0.2746666658653846 0.732 0.312 0.75 0.328 0.768 0.8186666658653846 0.796 0.8106666658653846 0.8140000000000001 0.7973333341346154 0.8340000000000001 0.7146666658653846 0.8360000000000001 0.6773333341346154 0.8320000000000001 0.3946666658653846
1098 0.902 0.6906666658653846 0.904 0.6693333341346153 0.902 0.6266666658653846 0.8999999999999999 0.6053333341346154 0.8840000000000001 0.5946666658653846 0.8680000000000001 0.6213333341346154 0.838 0.6826666658653846 0.8360000000000001 0.704 0.838 0.728 0.876 0.728 0.888 0.7333333341346153 0.892 0.7173333341346153 0.902 0.6906666658653846
792 0.89 0.7333333341346153 0.872 0.7306666658653846 0.8320000000000001 0.7306666658653846 0.8140000000000001 0.7973333341346154 0.756 0.8266666658653846 0.764 0.9946666658653847 0.998 0.9946666658653847 0.994 0.7066666658653846 0.908 0.6853333341346153 0.894 0.7093333341346154 0.89 0.7333333341346153
531 0 0.9946666658653847 0.19399999999999998 0.9946666658653847 0.19799999999999998 0.9813333341346154 0.19 0.9253333341346154 0.19399999999999998 0.8586666658653846 0.192 0.8320000000000001 0.192 0.784 0.206 0.7333333341346153 0.21 0.6773333341346154 0.002 0.7173333341346153 0 0.856 0 0.9946666658653847
1285 0 0.8320000000000001 0.002 0.872 0.024 0.864 0.038 0.84 0.05 0.8160000000000001 0.064 0.784 0.094 0.7466666658653847 0.134 0.696 0.16 0.6533333341346155 0.188 0.5866666658653846 0.20800000000000002 0.5306666658653846 0.212 0.528 0.214 0.6053333341346154 0.20800000000000002 0.7066666658653846 0.2 0.7493333341346153 0.196 0.784 0.192 0.8506666658653846 0.19399999999999998 0.896 0.192 0.9733333341346154 0.19399999999999998 0.9946666658653847 0.508 0.9920000000000001 0.508 0.9706666658653845 0.504 0.912 0.512 0.888 0.522 0.864 0.512 0.84 0.518 0.8186666658653846 0.52 0.7493333341346153 0.522 0.6933333341346154 0.518 0.6453333341346154 0.518 0.5866666658653846 0.526 0.5653333341346154 0.518 0.5306666658653846 0.51 0.47200000000000003 0.51 0.41600000000000004 0.5 0.3786666658653846 0.452 0.336 0.42 0.304 0.414 0.2826666658653846 0.424 0.2426666658653846 0.44200000000000006 0.216 0.448 0.17066666586538462 0.448 0.12266666586538462 0.42600000000000005 0.088 0.4 0.048 0.364 0.053333334134615384 0.33999999999999997 0.07466666586538462 0.312 0.14400000000000002 0.304 0.17866666586538463 0.30799999999999994 0.19466666586538464 0.312 0.22933333413461537 0.318 0.2666666658653846 0.29 0.2933333341346154 0.24000000000000002 0.312 0.21 0.3173333341346154 0.196 0.36 0.15399999999999997 0.448 0.14400000000000002 0.4693333341346154 0.128 0.4773333341346154 0.14 0.4933333341346154 0.138 0.52 0.12200000000000001 0.5493333341346154 0.10400000000000001 0.5760000000000001 0.09 0.6053333341346154 0.068 0.6586666658653846 0.060000000000000005 0.696 0.042 0.7493333341346153 0.018000000000000002 0.7813333341346154 0 0.7909333341346154 0 0.8320000000000001
1285 0.782 0.8160000000000001 0.796 0.7866666658653846 0.8180000000000001 0.744 0.8360000000000001 0.6826666658653846 0.886 0.5866666658653846 0.8979999999999999 0.5173333341346154 0.872 0.4666666658653846 0.8140000000000001 0.3786666658653846 0.752 0.32 0.6839999999999999 0.28533333413461537 0.6499999999999999 0.2613333341346154 0.6479999999999999 0.20800000000000002 0.6499999999999999 0.16 0.636 0.112 0.614 0.053333334134615384 0.574 0.026666665865384614 0.53 0.04266666586538462 0.518 0.064 0.504 0.10666666586538462 0.506 0.1333333341346154 0.508 0.17333333413461538 0.518 0.216 0.524 0.24000000000000002 0.546 0.2666666658653846 0.554 0.28533333413461537 0.554 0.3066666658653846 0.5399999999999999 0.32533333413461535 0.498 0.36 0.494 0.368 0.508 0.392 0.508 0.4666666658653846 0.518 0.5413333341346154 0.522 0.5680000000000001 0.52 0.6053333341346154 0.528 0.6693333341346153 0.526 0.7093333341346154 0.516 0.8266666658653846 0.52 0.856 0.504 0.9146666658653846 0.51 0.9946666658653847 0.728 0.9946666658653847 0.766 0.9946666658653847 0.754 0.8613333341346153 0.76 0.8293333341346153 0.782 0.8160000000000001
1880 0.032 0.22933333413461537 0.16 0.2426666658653846 0.138 0.168 0.034 0.15466666586538463 0.032 0.22933333413461537
1880 0.034 0.3306666658653846 0.15 0.33333333413461536 0.134 0.2613333341346154 0.032 0.2533333341346154 0.034 0.3306666658653846
1880 0.034 0.4293333341346154 0.168 0.424 0.156 0.36 0.036000000000000004 0.34933333413461537 0.034 0.4293333341346154
1880 0.88 0.312 0.87 0.34666666586538464 0.982 0.34133333413461536 0.9920000000000001 0.3093333341346154 0.88 0.312
1880 0.886 0.35466666586538464 0.874 0.3893333341346154 0.9920000000000001 0.3893333341346154 0.994 0.35466666586538464 0.886 0.35466666586538464
1030 0.8099999999999999 0.056 0.8119999999999999 0.064 0.896 0.096 0.8999999999999999 0.07466666586538462 0.796 0.03466666586538462 0.796 0.05066666586538461 0.8099999999999999 0.056