402 0.8558558557692308 0 0.9879879879807691 0.15799999999999997 1 0.1548 1 0 0.8558558557692308 0
1885 0.006018338942307693 0 0.01201201201923077 0.972 0.9879879879807691 0.47200000000000003 0.9969969975961538 0.47200000000000003 1 0.31700000000000006 1 0.1617142860576923 0.9819819831730769 0.16 0.8468468461538462 0 0.006018338942307693 0
792 1 0.47333333413461537 0.9849849855769232 0.47000000000000003 0.01201201201923077 0.97 0.009009009615384615 0.996 0.9969969975961538 0.996 1 0.735 1 0.47333333413461537
1523 0.8258258269230769 0.216 0.8018018028846154 0.216 0.8168168173076923 0.252 0.02402402403846154 0.04 0.009009009615384615 0.99 0.37837837740384617 0.9920000000000001 0.8078078076923076 0.646 0.8288288293269231 0.6499999999999999 0.8648648653846155 0.6159999999999999 0.8588588581730769 0.602 0.9939939951923077 0.48800000000000004 0.9939939951923077 0.304 0.9429429423076924 0.292 0.9489489495192308 0.264 0.9369369375 0.264 0.9429429423076924 0.29 0.8288288293269231 0.254 0.8258258269230769 0.216
1379 0.7357357355769231 0.002 0.6786786778846154 0.002 0.6786786778846154 0.178 0.7537537548076922 0.206 0.7537537548076922 0.014 0.7357357355769231 0.002
1379 0.8288288293269231 0.214 0.8828828822115384 0.242 0.8798798798076923 0.11800000000000001 0.8198198197115385 0.082 0.8288288293269231 0.214
1880 0.02402402403846154 0.24400000000000002 0.02402402403846154 0.364 0.8108108100961539 0.352 0.7897897908653846 0.31599999999999995 0.02402402403846154 0.24400000000000002
1880 0.02402402403846154 0.402 0.02402402403846154 0.52 0.8228228221153846 0.4 0.7957957956730769 0.36 0.02402402403846154 0.402
1880 0.02402402403846154 0.5479999999999999 0.018018016826923076 0.674 0.8168168173076923 0.448 0.7957957956730769 0.414 0.02402402403846154 0.5479999999999999
1880 0.02402402403846154 0.698 0.018018016826923076 0.8340000000000001 0.8168168173076923 0.494 0.7957957956730769 0.46 0.02402402403846154 0.698
1880 0.021021021634615385 0.844 0.018018016826923076 0.962 0.8198198197115385 0.542 0.7987987980769231 0.51 0.021021021634615385 0.844
1880 0.8678678677884615 0.28400000000000003 0.8708708701923077 0.312 0.9399399399038462 0.318 0.9279279278846153 0.292 0.8678678677884615 0.28400000000000003
1880 0.8708708701923077 0.39599999999999996 0.873873875 0.428 0.9399399399038462 0.412 0.9279279278846153 0.39 0.8708708701923077 0.39599999999999996
1381 0.6066066057692308 0 0.4534534543269231 0.002 0.46246246153846154 0.106 0.6096096105769231 0.15399999999999997 0.6066066057692308 0
1880 0.009609610576923076 0 0.021021021634615385 0.038 0.8078078076923076 0.24800000000000003 0.7807807812499999 0.216 0.3393393389423077 0.062000000000000006 0.15015014903846155 0 0.009609610576923076 0