402 0 0 0 0.1548 0.01201201201923077 0.15799999999999997 0.1441441442307692 0 0 0
1885 0.15315315384615386 0 0.018018016826923076 0.16 0 0.1617142860576923 0 0.31700000000000006 0.003003002403846154 0.47200000000000003 0.01201201201923077 0.47200000000000003 0.9879879879807691 0.972 0.9939816610576924 0 0.15315315384615386 0
792 0 0.735 0.003003002403846154 0.996 0.9909909903846154 0.996 0.9879879879807691 0.97 0.015015014423076924 0.47000000000000003 0 0.47333333413461537 0 0.735
1523 0.1711711706730769 0.254 0.05705705769230769 0.29 0.0630630625 0.264 0.05105105048076923 0.264 0.05705705769230769 0.292 0.006006004807692308 0.304 0.006006004807692308 0.48800000000000004 0.14114114182692308 0.602 0.13513513461538462 0.6159999999999999 0.1711711706730769 0.6499999999999999 0.19219219230769233 0.646 0.6216216225961539 0.9920000000000001 0.9909909903846154 0.99 0.9759759759615385 0.04 0.1831831826923077 0.252 0.1981981971153846 0.216 0.1741741730769231 0.216 0.1711711706730769 0.254
1379 0.2462462451923077 0.014 0.2462462451923077 0.206 0.3213213221153846 0.178 0.3213213221153846 0.002 0.26426426442307693 0.002 0.2462462451923077 0.014
1379 0.18018018028846153 0.082 0.1201201201923077 0.11800000000000001 0.11711711778846154 0.242 0.1711711706730769 0.214 0.18018018028846153 0.082
1880 0.21021020913461538 0.31599999999999995 0.18918918990384614 0.352 0.9759759759615385 0.364 0.9759759759615385 0.24400000000000002 0.21021020913461538 0.31599999999999995
1880 0.20420420432692307 0.36 0.1771771778846154 0.4 0.9759759759615385 0.52 0.9759759759615385 0.402 0.20420420432692307 0.36
1880 0.20420420432692307 0.414 0.1831831826923077 0.448 0.9819819831730769 0.674 0.9759759759615385 0.5479999999999999 0.20420420432692307 0.414
1880 0.20420420432692307 0.46 0.1831831826923077 0.494 0.9819819831730769 0.8340000000000001 0.9759759759615385 0.698 0.20420420432692307 0.46
1880 0.20120120192307694 0.51 0.18018018028846153 0.542 0.9819819831730769 0.962 0.9789789783653846 0.844 0.20120120192307694 0.51
1880 0.0720720721153846 0.292 0.06006006009615385 0.318 0.1291291298076923 0.312 0.13213213221153847 0.28400000000000003 0.0720720721153846 0.292
1880 0.0720720721153846 0.39 0.06006006009615385 0.412 0.126126125 0.428 0.1291291298076923 0.39599999999999996 0.0720720721153846 0.39
1381 0.3903903894230769 0.15399999999999997 0.5375375384615384 0.106 0.5465465456730769 0.002 0.39339339423076924 0 0.3903903894230769 0.15399999999999997
1880 0.8498498509615384 0 0.6606606610576923 0.062000000000000006 0.21921921875 0.216 0.19219219230769233 0.24800000000000003 0.9789789783653846 0.038 0.990390389423077 0 0.8498498509615384 0