1523 0.05 0 0.044 0.9920000000000001 0.964 0.9946666658653847 0.9659946514423077 0 0.05 0
1880 0.9359999999999999 0.021333334134615387 0.534 0.005333334134615384 0.53 0.152 0.9400000000000001 0.16 0.9359999999999999 0.021333334134615387
1880 0.506 0.008 0.068 0.005333334134615384 0.07 0.15733333413461537 0.506 0.152 0.506 0.008
1880 0.068 0.1813333341346154 0.07200000000000001 0.328 0.506 0.32533333413461535 0.504 0.16 0.42600000000000005 0.1626666658653846 0.42600000000000005 0.1813333341346154 0.068 0.1813333341346154
1880 0.532 0.16533333413461537 0.534 0.32 0.948 0.32533333413461535 0.948 0.17333333413461538 0.532 0.16533333413461537
1880 0.552 0.34933333413461537 0.554 0.48800000000000004 0.9380000000000001 0.48800000000000004 0.9380000000000001 0.34933333413461537 0.552 0.34933333413461537
1880 0.508 0.34133333413461536 0.398 0.34400000000000003 0.4 0.4986666658653846 0.506 0.48800000000000004 0.508 0.34133333413461536
1880 0.382 0.3573333341346154 0.066 0.36 0.07200000000000001 0.5013333341346153 0.382 0.5013333341346153 0.382 0.3573333341346154
1880 0.91 0.5013333341346153 0.532 0.5066666658653847 0.532 0.6613333341346154 0.9319999999999999 0.6453333341346154 0.9339999999999999 0.5146666658653847 0.91 0.5013333341346153
1880 0.844 0.8293333341346153 0.844 0.8213333341346154 0.926 0.8133333341346154 0.928 0.6826666658653846 0.906 0.6666666658653846 0.8160000000000001 0.6746666658653846 0.8140000000000001 0.7173333341346153 0.782 0.72 0.782 0.6906666658653846 0.76 0.6746666658653846 0.722 0.6799999999999999 0.718 0.8026666658653846 0.736 0.8266666658653846 0.786 0.8213333341346154 0.784 0.8320000000000001 0.844 0.8293333341346153
1880 0.602 0.6799999999999999 0.534 0.6799999999999999 0.53 0.8426666658653846 0.712 0.8266666658653846 0.716 0.696 0.696 0.6773333341346154 0.604 0.6853333341346153 0.602 0.6799999999999999
707 0.504 0.6693333341346153 0.502 0.512 0.42600000000000005 0.512 0.42600000000000005 0.6693333341346153 0.504 0.6693333341346153
707 0.41800000000000004 0.6639999999999999 0.41800000000000004 0.536 0.348 0.536 0.34600000000000003 0.672 0.41800000000000004 0.6639999999999999
1880 0.34400000000000003 0.52 0.304 0.5146666658653847 0.3 0.5333333341346154 0.3 0.6746666658653846 0.338 0.6746666658653846 0.34199999999999997 0.6639999999999999 0.34400000000000003 0.52
707 0.074 0.5253333341346154 0.076 0.6746666658653846 0.148 0.6746666658653846 0.14400000000000002 0.5226666658653847 0.074 0.5253333341346154
1880 0.506 0.6880000000000001 0.082 0.6986666658653846 0.084 0.8506666658653846 0.51 0.8373333341346154 0.506 0.6880000000000001
1880 0.34199999999999997 0.9866666658653845 0.508 0.9893333341346153 0.506 0.8666666658653847 0.506 0.8506666658653846 0.32 0.8666666658653847 0.34199999999999997 0.9866666658653845
1880 0.294 0.88 0.298 0.8533333341346154 0.10400000000000001 0.856 0.094 0.8773333341346153 0.09 0.9920000000000001 0.298 0.9920000000000001 0.294 0.88
1880 0.744 0.968 0.7579999999999999 0.9786666658653846 0.926 0.9706666658653845 0.9299999999999999 0.8373333341346154 0.9179999999999999 0.8213333341346154 0.7420000000000001 0.8373333341346154 0.744 0.968
1880 0.7420000000000001 0.984 0.74 0.8533333341346154 0.7260000000000001 0.84 0.532 0.8506666658653846 0.534 0.9920000000000001 0.7420000000000001 0.984
1885 0.966 0 0.964 0.9946666658653847 1 0.9946666658653847 1 0 0.966 0
1885 0.004 0 0.004 0.9946666658653847 0.042 0.9973333341346154 0.04997866586538462 0 0.004 0