1523 0.03400534855769231 0 0.036000000000000004 0.9946666658653847 0.9560000000000001 0.9920000000000001 0.95 0 0.03400534855769231 0
1880 0.060000000000000005 0.16 0.47000000000000003 0.152 0.46599999999999997 0.005333334134615384 0.064 0.021333334134615387 0.060000000000000005 0.16
1880 0.494 0.152 0.9299999999999999 0.15733333413461537 0.9319999999999999 0.005333334134615384 0.494 0.008 0.494 0.152
1880 0.574 0.1813333341346154 0.574 0.1626666658653846 0.49600000000000005 0.16 0.494 0.32533333413461535 0.928 0.328 0.9319999999999999 0.1813333341346154 0.574 0.1813333341346154
1880 0.052000000000000005 0.17333333413461538 0.052000000000000005 0.32533333413461535 0.46599999999999997 0.32 0.46799999999999997 0.16533333413461537 0.052000000000000005 0.17333333413461538
1880 0.062000000000000006 0.34933333413461537 0.062000000000000006 0.48800000000000004 0.446 0.48800000000000004 0.448 0.34933333413461537 0.062000000000000006 0.34933333413461537
1880 0.494 0.48800000000000004 0.6 0.4986666658653846 0.602 0.34400000000000003 0.492 0.34133333413461536 0.494 0.48800000000000004
1880 0.6180000000000001 0.5013333341346153 0.928 0.5013333341346153 0.9339999999999999 0.36 0.6180000000000001 0.3573333341346154 0.6180000000000001 0.5013333341346153
1880 0.066 0.5146666658653847 0.068 0.6453333341346154 0.46799999999999997 0.6613333341346154 0.46799999999999997 0.5066666658653847 0.09 0.5013333341346153 0.066 0.5146666658653847
1880 0.216 0.8320000000000001 0.214 0.8213333341346154 0.264 0.8266666658653846 0.282 0.8026666658653846 0.27799999999999997 0.6799999999999999 0.24000000000000002 0.6746666658653846 0.218 0.6906666658653846 0.218 0.72 0.186 0.7173333341346153 0.184 0.6746666658653846 0.094 0.6666666658653846 0.07200000000000001 0.6826666658653846 0.074 0.8133333341346154 0.156 0.8213333341346154 0.156 0.8293333341346153 0.216 0.8320000000000001
1880 0.39599999999999996 0.6853333341346153 0.304 0.6773333341346154 0.28400000000000003 0.696 0.28800000000000003 0.8266666658653846 0.47000000000000003 0.8426666658653846 0.46599999999999997 0.6799999999999999 0.398 0.6799999999999999 0.39599999999999996 0.6853333341346153
707 0.574 0.6693333341346153 0.574 0.512 0.498 0.512 0.49600000000000005 0.6693333341346153 0.574 0.6693333341346153
707 0.654 0.672 0.652 0.536 0.582 0.536 0.582 0.6639999999999999 0.654 0.672
1880 0.658 0.6639999999999999 0.662 0.6746666658653846 0.7 0.6746666658653846 0.7 0.5333333341346154 0.696 0.5146666658653847 0.656 0.52 0.658 0.6639999999999999
707 0.856 0.5226666658653847 0.8520000000000001 0.6746666658653846 0.924 0.6746666658653846 0.926 0.5253333341346154 0.856 0.5226666658653847
1880 0.49 0.8373333341346154 0.9159999999999999 0.8506666658653846 0.9179999999999999 0.6986666658653846 0.494 0.6880000000000001 0.49 0.8373333341346154
1880 0.6799999999999999 0.8666666658653847 0.494 0.8506666658653846 0.494 0.8666666658653847 0.492 0.9893333341346153 0.658 0.9866666658653845 0.6799999999999999 0.8666666658653847
1880 0.702 0.9920000000000001 0.91 0.9920000000000001 0.906 0.8773333341346153 0.896 0.856 0.702 0.8533333341346154 0.7060000000000001 0.88 0.702 0.9920000000000001
1880 0.258 0.8373333341346154 0.082 0.8213333341346154 0.07 0.8373333341346154 0.074 0.9706666658653845 0.242 0.9786666658653846 0.256 0.968 0.258 0.8373333341346154
1880 0.46599999999999997 0.9920000000000001 0.46799999999999997 0.8506666658653846 0.27399999999999997 0.84 0.26 0.8533333341346154 0.258 0.984 0.46599999999999997 0.9920000000000001
1885 0 0 0 0.9946666658653847 0.036000000000000004 0.9946666658653847 0.034 0 0 0
1885 0.9500213341346153 0 0.9580000000000001 0.9973333341346154 0.996 0.9946666658653847 0.996 0 0.9500213341346153 0