1942 0.6420289855769231 0.16150081490384613 0.6434782620192308 0.4502446971153846 0.9985507235576924 0.48613376923076923 0.9956521730769231 0.06362153365384615 0.6420289855769231 0.16150081490384613
207 0.8130434783653846 0.7977161490384616 0.8492753629807692 0.8156606850961539 0.8724637692307693 0.8026101153846154 0.865217391826923 0.4991843389423077 0.8478260865384615 0.482871125 0.8086956514423077 0.47634583894230764 0.8101449278846153 0.5220228389423076 0.77681159375 0.5318107668269231 0.7391304350961538 0.528548125 0.7101449278846155 0.5318107668269231 0.7 0.5367047307692308 0.57681159375 0.5008156610576923 0.5043478269230769 0.46003262740384615 0.5014492764423077 0.32789559615384617 0.47826087019230773 0.31158238221153844 0.4666666658653846 0.31484502403846154 0.4637681153846154 0.3344208798076923 0.4318840576923077 0.3376835240384616 0.38840579807692305 0.32789559615384617 0.3536231875 0.32789559615384617 0.31884057932692306 0.33278956009615385 0.2565217379807692 0.33115823798076927 0.2565217379807692 0.30668841826923077 0.24927536298076922 0.30342577403846155 0.21884057932692308 0.3197389879807692 0.22318840625 0.5481239807692307 0.2144927548076923 0.5791190865384616 0.21304347836538462 0.6068515504807692 0.21739130528846154 0.6313213701923076 0.21884057932692308 0.6688417620192308 0.22753623076923077 0.6786296899038462 0.2362318846153846 0.6786296899038462 0.3985507235576923 0.9233278966346153 0.3985507235576923 0.9314845024038461 0.4202898557692307 0.9477977163461537 0.4173913052884615 0.9836867860576923 0.4318840576923077 0.9918433942307693 0.5536231875 0.996737358173077 0.5536231875 0.9608482860576923 0.8159420288461539 0.7814029375 0.8130434783653846 0.7977161490384616
402 0.0681159423076923 0 0.6 0.1370309951923077 0.9579710144230769 0 0.0681159423076923 0
572 0.28840579807692307 0.4241435552884615 0.26231884134615385 0.44045676923076926 0.2855072451923077 0.47797716105769233 0.2913043485576923 0.5122349110576923 0.30579710096153845 0.5220228389423076 0.29710144951923073 0.4730831971153846 0.2956521730769231 0.44535073317307694 0.31304347836538465 0.44861337740384616 0.35507246394230774 0.4502446971153846 0.38260869471153847 0.44208809134615384 0.3782608701923077 0.42088091346153844 0.34492753605769233 0.40293637740384614 0.32028985576923075 0.41761827163461535 0.28840579807692307 0.4241435552884615
572 0.4550724639423077 0.44045676923076926 0.4724637692307692 0.44045676923076926 0.4971014495192308 0.43066884134615385 0.4971014495192308 0.4143556274038461 0.49130434855769234 0.40619902163461535 0.48405797115384613 0.3915171298076923 0.4710144927884615 0.40619902163461535 0.4565217379807692 0.4013050576923077 0.4449275360576923 0.4110929855769231 0.43913043509615385 0.42088091346153844 0.4318840576923077 0.42088091346153844 0.4550724639423077 0.44045676923076926
572 0.2985507235576923 0.4469820552884615 0.2985507235576923 0.46003262740384615 0.30579710096153845 0.5252854807692308 0.3246376802884615 0.5252854807692308 0.3521739134615384 0.5301794447115384 0.36521739182692303 0.5106035889423077 0.3797101442307692 0.4910277331730769 0.4043478269230769 0.47797716105769233 0.38840579807692305 0.44535073317307694 0.36086956490384614 0.44861337740384616 0.33043478365384615 0.4502446971153846 0.2985507235576923 0.4469820552884615
572 0.3942028990384615 0.4502446971153846 0.4246376802884615 0.45350734134615384 0.4608695649038462 0.45187601923076925 0.4144927548076923 0.4110929855769231 0.4014492764423077 0.42088091346153844 0.3898550721153846 0.4355628052884616 0.38405797115384616 0.44208809134615384 0.3942028990384615 0.4502446971153846
572 0.4666666658653846 0.46003262740384615 0.49275362259615385 0.4584013052884615 0.5362318846153846 0.4469820552884615 0.5260869567307692 0.43066884134615385 0.5202898557692308 0.42088091346153844 0.4826086947115385 0.4355628052884616 0.4579710144230769 0.44208809134615384 0.4666666658653846 0.46003262740384615
572 0.5202898557692308 0.482871125 0.5434782620192308 0.47634583894230764 0.5565217379807692 0.4681892331730769 0.5478260865384615 0.4584013052884615 0.5347826081730769 0.45350734134615384 0.5173913052884616 0.45350734134615384 0.47826087019230773 0.4584013052884615 0.4666666658653846 0.4665579110576923 0.4666666658653846 0.47960848317307697 0.4681159423076923 0.5073409471153846 0.4826086947115385 0.5073409471153846 0.49275362259615385 0.5008156610576923 0.4985507235576923 0.494290375 0.5028985504807693 0.4893964110576923 0.5202898557692308 0.482871125
572 0.4623188413461538 0.45187601923076925 0.3927536225961538 0.45350734134615384 0.4057971009615385 0.482871125 0.44347826201923074 0.47960848317307697 0.4666666658653846 0.47960848317307697 0.4623188413461538 0.45187601923076925
572 0.36811594230769235 0.5220228389423076 0.3797101442307692 0.5220228389423076 0.39710144951923076 0.5269168028846154 0.43623188461538465 0.5269168028846154 0.4579710144230769 0.5252854807692308 0.4710144927884615 0.5171288749999999 0.4710144927884615 0.5073409471153846 0.4652173918269231 0.47797716105769233 0.41014492788461543 0.482871125 0.38405797115384616 0.4910277331730769 0.37246376923076924 0.5040783028846154 0.3666666658653846 0.5122349110576923 0.35797101442307694 0.5252854807692308 0.36811594230769235 0.5220228389423076
572 0.5144927548076923 0.5138662307692308 0.5144927548076923 0.5236541610576924 0.5318840576923077 0.5220228389423076 0.5797101442307693 0.5008156610576923 0.5753623197115385 0.48613376923076923 0.5608695649038462 0.47797716105769233 0.5536231875 0.47471451923076924 0.52318840625 0.48613376923076923 0.5173913052884616 0.4926590528846154 0.5144927548076923 0.5040783028846154 0.5014492764423077 0.5122349110576923 0.49130434855769234 0.5122349110576923 0.4898550721153846 0.5203915168269231 0.4956521730769231 0.5269168028846154 0.5057971009615385 0.5236541610576924 0.5144927548076923 0.5138662307692308
1170 0.5826086947115384 0.5040783028846154 0.6289855072115385 0.5171288749999999 0.6260869567307693 0.4926590528846154 0.6376811586538461 0.4893964110576923 0.634782608173077 0.47960848317307697 0.5753623197115385 0.4616639471153846 0.5492753629807692 0.4681892331730769 0.5782608701923077 0.4877650889423077 0.5826086947115384 0.5040783028846154
1027 0.5565217379807692 0.4632952692307692 0.5594202908653846 0.46003262740384615 0.5565217379807692 0.4437194134615385 0.5565217379807692 0.40619902163461535 0.5913043485576923 0.40293637740384614 0.5666666658653846 0.36215334374999997 0.5565217379807692 0.36215334374999997 0.5536231875 0.3556280576923077 0.5536231875 0.3605220240384615 0.5434782620192308 0.36215334374999997 0.5144927548076923 0.4013050576923077 0.5492753629807692 0.40619902163461535 0.5492753629807692 0.46003262740384615 0.5565217379807692 0.4632952692307692
895 0.6043478269230769 0.4323001634615385 0.6014492764423077 0.422512235576923 0.6086956514423076 0.40946166346153845 0.6 0.4013050576923077 0.5971014495192308 0.3947797716346154 0.6086956514423076 0.3262642740384616 0.5942028990384615 0.3246329519230769 0.5884057980769231 0.38662316586538464 0.5826086947115384 0.4013050576923077 0.5724637692307692 0.40619902163461535 0.5739130432692308 0.42088091346153844 0.5608695649038462 0.4437194134615385 0.5652173918269231 0.4665579110576923 0.5869565216346154 0.4665579110576923 0.6 0.4665579110576923 0.6086956514423076 0.45187601923076925 0.6072463774038461 0.4437194134615385 0.6043478269230769 0.4323001634615385
1309 0.6 0.47960848317307697 0.6217391298076923 0.47471451923076924 0.618840579326923 0.44535073317307694 0.5942028990384615 0.44535073317307694 0.6 0.47960848317307697
1027 0.6173913052884615 0.21696574278846154 0.6028985504807692 0.21533442067307693 0.6057971009615385 0.2691680264423077 0.634782608173077 0.2659053822115385 0.6333333341346153 0.21044045673076922 0.6173913052884615 0.21696574278846154
1314 0.29710144951923073 0.26101141826923074 0.42318840625000004 0.2724306682692308 0.42318840625000004 0.1484502451923077 0.3014492764423077 0.12398042307692309 0.29710144951923073 0.26101141826923074
1168 0.02463768028846154 0.7128874399038462 0.03188405769230769 0.7699836875 0.21739130528846154 0.7194127235576923 0.21739130528846154 0.7096247956730769 0.21014492788461536 0.7014681899038462 0.20579710096153844 0.5530179447115384 0.21739130528846154 0.5448613365384616 0.21739130528846154 0.5367047307692308 0.18550724519230768 0.5154975528846154 0.027536230769230768 0.5399673725961539 0.03043478365384615 0.5725938004807692 0.03623188461538462 0.5774877644230769 0.03478260817307692 0.7079934735576923 0.02463768028846154 0.7128874399038462
1027 0.15652173798076924 0.4355628052884616 0.15507246394230767 0.5122349110576923 0.13768115865384617 0.5367047307692308 0.19420289903846152 0.5269168028846154 0.17391304326923077 0.5106035889423077 0.17246376923076923 0.43719412740384617 0.22898550721153846 0.4274061995192308 0.1884057980769231 0.36215334374999997 0.17101449278846154 0.36215334374999997 0.17101449278846154 0.3556280576923077 0.16521739182692308 0.35399673798076925 0.16231884134615385 0.36215334374999997 0.15217391346153847 0.36215334374999997 0.10434782692307693 0.4257748774038462 0.12028985576923076 0.4355628052884616 0.15652173798076924 0.4355628052884616
1309 0.03478260817307692 0.5497553028846154 0.11884057932692307 0.5318107668269231 0.10579710096153846 0.4469820552884615 0.08115942067307692 0.4355628052884616 0.06086956490384616 0.4355628052884616 0.03913043509615385 0.4437194134615385 0.02173912980769231 0.4584013052884615 0.03478260817307692 0.5497553028846154
1469 0.04057970913461539 0.996737358173077 0.34347826201923076 0.996737358173077 0.22608695673076923 0.7553017932692309 0.04202898557692308 0.8107667211538462 0.04057970913461539 0.996737358173077
1885 0.9566069903846154 0 0.5985507235576922 0.1370309951923077 0.6130434783653846 0.5954323004807692 1 0.717324875 1 0 0.9566069903846154 0
1885 0.0028985504807692306 0 0.0028985504807692306 0.7259380096153846 0.6159420288461538 0.5954323004807692 0.6 0.13539967307692308 0.07246376923076923 0 0.0028985504807692306 0
792 0.0028985504807692306 0.7243066874999999 0.004347826923076923 0.996737358173077 0.9985507235576924 0.996737358173077 0.9985507235576924 0.7161500817307692 0.6159420288461538 0.5954323004807692 0.0028985504807692306 0.7243066874999999