1942 0.004347826923076923 0.06362153365384615 0.0014492764423076922 0.48613376923076923 0.3565217379807692 0.4502446971153846 0.35797101442307694 0.16150081490384613 0.004347826923076923 0.06362153365384615
207 0.18405797115384617 0.7814029375 0.4463768125 0.9608482860576923 0.4463768125 0.996737358173077 0.5681159423076922 0.9918433942307693 0.5826086947115384 0.9836867860576923 0.5797101442307693 0.9477977163461537 0.6014492764423077 0.9314845024038461 0.6014492764423077 0.9233278966346153 0.7637681153846153 0.6786296899038462 0.7724637692307692 0.6786296899038462 0.7811594206730769 0.6688417620192308 0.7826086947115385 0.6313213701923076 0.7869565216346154 0.6068515504807692 0.7855072451923076 0.5791190865384616 0.77681159375 0.5481239807692307 0.7811594206730769 0.3197389879807692 0.7507246370192308 0.30342577403846155 0.7434782620192307 0.30668841826923077 0.7434782620192307 0.33115823798076927 0.681159420673077 0.33278956009615385 0.6463768125 0.32789559615384617 0.6115942019230769 0.32789559615384617 0.5681159423076922 0.3376835240384616 0.5362318846153846 0.3344208798076923 0.5333333341346154 0.31484502403846154 0.5217391298076923 0.31158238221153844 0.4985507235576923 0.32789559615384617 0.4956521730769231 0.46003262740384615 0.42318840625000004 0.5008156610576923 0.3 0.5367047307692308 0.28985507211538464 0.5318107668269231 0.26086956490384616 0.528548125 0.22318840625 0.5318107668269231 0.1898550721153846 0.5220228389423076 0.19130434855769232 0.47634583894230764 0.15217391346153847 0.482871125 0.1347826081730769 0.4991843389423077 0.12753623076923076 0.8026101153846154 0.15072463701923075 0.8156606850961539 0.18695652163461537 0.7977161490384616 0.18405797115384617 0.7814029375
402 0.04202898557692308 0 0.4 0.1370309951923077 0.9318840576923078 0 0.04202898557692308 0
572 0.6797101442307691 0.41761827163461535 0.6550724639423078 0.40293637740384614 0.6217391298076923 0.42088091346153844 0.6173913052884615 0.44208809134615384 0.6449275360576923 0.4502446971153846 0.6869565216346154 0.44861337740384616 0.7043478269230768 0.44535073317307694 0.7028985504807692 0.4730831971153846 0.6942028990384616 0.5220228389423076 0.7086956514423076 0.5122349110576923 0.7144927548076924 0.47797716105769233 0.7376811586538461 0.44045676923076926 0.711594201923077 0.4241435552884615 0.6797101442307691 0.41761827163461535
572 0.5681159423076922 0.42088091346153844 0.5608695649038462 0.42088091346153844 0.5550724639423077 0.4110929855769231 0.5434782620192308 0.4013050576923077 0.5289855072115385 0.40619902163461535 0.5159420288461539 0.3915171298076923 0.5086956514423077 0.40619902163461535 0.5028985504807693 0.4143556274038461 0.5028985504807693 0.43066884134615385 0.5275362307692307 0.44045676923076926 0.5449275360576923 0.44045676923076926 0.5681159423076922 0.42088091346153844
572 0.6695652163461538 0.4502446971153846 0.6391304350961539 0.44861337740384616 0.6115942019230769 0.44535073317307694 0.5956521730769231 0.47797716105769233 0.6202898557692307 0.4910277331730769 0.634782608173077 0.5106035889423077 0.6478260865384615 0.5301794447115384 0.6753623197115384 0.5252854807692308 0.6942028990384616 0.5252854807692308 0.7014492764423077 0.46003262740384615 0.7014492764423077 0.4469820552884615 0.6695652163461538 0.4502446971153846
572 0.6159420288461538 0.44208809134615384 0.6101449278846154 0.4355628052884616 0.5985507235576922 0.42088091346153844 0.5855072451923077 0.4110929855769231 0.5391304350961538 0.45187601923076925 0.5753623197115385 0.45350734134615384 0.6057971009615385 0.4502446971153846 0.6159420288461538 0.44208809134615384
572 0.5420289855769231 0.44208809134615384 0.5173913052884616 0.4355628052884616 0.4797101442307692 0.42088091346153844 0.4739130432692308 0.43066884134615385 0.4637681153846154 0.4469820552884615 0.5072463774038461 0.4584013052884615 0.5333333341346154 0.46003262740384615 0.5420289855769231 0.44208809134615384
572 0.4971014495192308 0.4893964110576923 0.5014492764423077 0.494290375 0.5072463774038461 0.5008156610576923 0.5173913052884616 0.5073409471153846 0.5318840576923077 0.5073409471153846 0.5333333341346154 0.47960848317307697 0.5333333341346154 0.4665579110576923 0.5217391298076923 0.4584013052884615 0.4826086947115385 0.45350734134615384 0.4652173918269231 0.45350734134615384 0.45217391346153846 0.4584013052884615 0.44347826201923074 0.4681892331730769 0.4565217379807692 0.47634583894230764 0.4797101442307692 0.482871125 0.4971014495192308 0.4893964110576923
572 0.5333333341346154 0.47960848317307697 0.5565217379807692 0.47960848317307697 0.5942028990384615 0.482871125 0.6072463774038461 0.45350734134615384 0.5376811586538461 0.45187601923076925 0.5333333341346154 0.47960848317307697
572 0.6420289855769231 0.5252854807692308 0.6333333341346153 0.5122349110576923 0.6275362307692307 0.5040783028846154 0.6159420288461538 0.4910277331730769 0.5898550721153846 0.482871125 0.5347826081730769 0.47797716105769233 0.5289855072115385 0.5073409471153846 0.5289855072115385 0.5171288749999999 0.5420289855769231 0.5252854807692308 0.5637681153846154 0.5269168028846154 0.6028985504807692 0.5269168028846154 0.6202898557692307 0.5220228389423076 0.6318840576923077 0.5220228389423076 0.6420289855769231 0.5252854807692308
572 0.49420289903846154 0.5236541610576924 0.5043478269230769 0.5269168028846154 0.5101449278846154 0.5203915168269231 0.5086956514423077 0.5122349110576923 0.4985507235576923 0.5122349110576923 0.4855072451923077 0.5040783028846154 0.4826086947115385 0.4926590528846154 0.47681159375 0.48613376923076923 0.4463768125 0.47471451923076924 0.43913043509615385 0.47797716105769233 0.4246376802884615 0.48613376923076923 0.4202898557692307 0.5008156610576923 0.4681159423076923 0.5220228389423076 0.4855072451923077 0.5236541610576924 0.4855072451923077 0.5138662307692308 0.49420289903846154 0.5236541610576924
1170 0.4217391298076923 0.4877650889423077 0.45072463701923077 0.4681892331730769 0.4246376802884615 0.4616639471153846 0.36521739182692303 0.47960848317307697 0.36231884134615383 0.4893964110576923 0.37391304326923075 0.4926590528846154 0.37101449278846155 0.5171288749999999 0.4173913052884615 0.5040783028846154 0.4217391298076923 0.4877650889423077
1027 0.45072463701923077 0.46003262740384615 0.45072463701923077 0.40619902163461535 0.4855072451923077 0.4013050576923077 0.4565217379807692 0.36215334374999997 0.4463768125 0.3605220240384615 0.4463768125 0.3556280576923077 0.44347826201923074 0.36215334374999997 0.4333333341346154 0.36215334374999997 0.4086956514423077 0.40293637740384614 0.44347826201923074 0.40619902163461535 0.44347826201923074 0.4437194134615385 0.4405797091346154 0.46003262740384615 0.44347826201923074 0.4632952692307692 0.45072463701923077 0.46003262740384615
895 0.3927536225961538 0.4437194134615385 0.3913043485576923 0.45187601923076925 0.4 0.4665579110576923 0.41304347836538463 0.4665579110576923 0.4347826081730769 0.4665579110576923 0.43913043509615385 0.4437194134615385 0.42608695673076924 0.42088091346153844 0.4275362307692308 0.40619902163461535 0.4173913052884615 0.4013050576923077 0.4115942019230769 0.38662316586538464 0.4057971009615385 0.3246329519230769 0.3913043485576923 0.3262642740384616 0.4028985504807692 0.3947797716346154 0.4 0.4013050576923077 0.3913043485576923 0.40946166346153845 0.3985507235576923 0.422512235576923 0.3956521730769231 0.4323001634615385 0.3927536225961538 0.4437194134615385
1309 0.4057971009615385 0.44535073317307694 0.38115942067307695 0.44535073317307694 0.3782608701923077 0.47471451923076924 0.4 0.47960848317307697 0.4057971009615385 0.44535073317307694
1027 0.3666666658653846 0.21044045673076922 0.36521739182692303 0.2659053822115385 0.3942028990384615 0.2691680264423077 0.39710144951923076 0.21533442067307693 0.38260869471153847 0.21696574278846154 0.3666666658653846 0.21044045673076922
1314 0.6985507235576923 0.12398042307692309 0.57681159375 0.1484502451923077 0.57681159375 0.2724306682692308 0.7028985504807692 0.26101141826923074 0.6985507235576923 0.12398042307692309
1168 0.9652173918269231 0.7079934735576923 0.9637681153846154 0.5774877644230769 0.9695652163461539 0.5725938004807692 0.9724637692307693 0.5399673725961539 0.8144927548076922 0.5154975528846154 0.7826086947115385 0.5367047307692308 0.7826086947115385 0.5448613365384616 0.7942028990384615 0.5530179447115384 0.7898550721153845 0.7014681899038462 0.7826086947115385 0.7096247956730769 0.7826086947115385 0.7194127235576923 0.9681159423076923 0.7699836875 0.9753623197115384 0.7128874399038462 0.9652173918269231 0.7079934735576923
1027 0.8797101442307693 0.4355628052884616 0.895652173076923 0.4257748774038462 0.8478260865384615 0.36215334374999997 0.8376811586538462 0.36215334374999997 0.8347826081730769 0.35399673798076925 0.8289855072115385 0.3556280576923077 0.8289855072115385 0.36215334374999997 0.811594201923077 0.36215334374999997 0.7710144927884616 0.4274061995192308 0.8275362307692308 0.43719412740384617 0.8260869567307693 0.5106035889423077 0.8057971009615384 0.5269168028846154 0.8623188413461539 0.5367047307692308 0.8449275360576922 0.5122349110576923 0.8434782620192307 0.4355628052884616 0.8797101442307693 0.4355628052884616
1309 0.9782608701923077 0.4584013052884615 0.9608695649038462 0.4437194134615385 0.9391304350961539 0.4355628052884616 0.9188405793269231 0.4355628052884616 0.8942028990384615 0.4469820552884615 0.881159420673077 0.5318107668269231 0.9652173918269231 0.5497553028846154 0.9782608701923077 0.4584013052884615
1469 0.9579710144230769 0.8107667211538462 0.7739130432692308 0.7553017932692309 0.6565217379807693 0.996737358173077 0.9594202908653846 0.996737358173077 0.9579710144230769 0.8107667211538462
1885 0 0 0 0.717324875 0.3869565216346154 0.5954323004807692 0.4014492764423077 0.1370309951923077 0.043393009615384615 0 0 0
1885 0.9275362307692308 0 0.4 0.13539967307692308 0.38405797115384616 0.5954323004807692 0.9971014495192307 0.7259380096153846 0.9971014495192307 0 0.9275362307692308 0
792 0.38405797115384616 0.5954323004807692 0.0014492764423076922 0.7161500817307692 0.0014492764423076922 0.996737358173077 0.9956521730769231 0.996737358173077 0.9971014495192307 0.7243066874999999 0.38405797115384616 0.5954323004807692