402 0.004 0 0.004 0.07076923076923078 0.32399999999999995 0.18153846153846154 0.44999999999999996 0.033846153846153845 0.4518333341346154 0 0.004 0
1885 0.452 0 0.44999999999999996 0.03692307692307692 0.322 0.1846153846153846 0.31599999999999995 0.5938461538461538 1 0.805534875 1 0 0.452 0
1523 0.998 0.003076923076923077 0.9920000000000001 0.003076923076923077 0.988 0.12307692307692308 0.886 0.1630769230769231 0.886 0.05230769230769231 0.874 0.05230769230769231 0.874 0.06153846153846154 0.83 0.04 0.83 0.024615384615384615 0.8140000000000001 0.024615384615384615 0.8099999999999999 0.19076923076923077 0.678 0.24923076923076926 0.678 0.15076923076923077 0.6639999999999999 0.15384615384615385 0.6639999999999999 0.1630769230769231 0.624 0.1630769230769231 0.624 0.14153846153846156 0.614 0.14153846153846156 0.606 0.27692307692307694 0.542 0.29846153846153844 0.544 0.2030769230769231 0.534 0.2030769230769231 0.536 0.21846153846153846 0.504 0.2246153846153846 0.506 0.21230769230769228 0.5 0.21230769230769228 0.49600000000000005 0.3169230769230769 0.448 0.3169230769230769 0.46 0.3630769230769231 0.532 0.3538461538461538 0.874 0.23692307692307693 0.896 0.19076923076923077 0.988 0.15692307692307692 0.984 0.3107692307692308 0.8840000000000001 0.32923076923076927 0.504 0.39384615384615385 0.43 0.4030769230769231 0.42600000000000005 0.42769230769230765 0.534 0.4184615384615385 0.984 0.34461538461538466 0.982 0.48923076923076925 0.492 0.4584615384615385 0.43 0.47692307692307695 0.982 0.52 0.982 0.6584615384615385 0.486 0.5292307692307692 0.428 0.5415384615384615 0.428 0.5538461538461539 0.48800000000000004 0.5692307692307692 0.492 0.6215384615384616 0.49600000000000005 0.6215384615384616 0.5 0.5753846153846154 0.608 0.6 0.608 0.6738461538461539 0.612 0.6738461538461539 0.614 0.6061538461538462 0.8079999999999999 0.6584615384615385 0.802 0.7384615384615384 0.8079999999999999 0.7384615384615384 0.8200000000000001 0.6584615384615385 0.9760000000000001 0.7015384615384614 0.984 0.8615384615384615 0.998 0.8676923076923077 0.998 0.003076923076923077
1108 0.876 0.16923076923076924 0.872 0.08615384615384616 0.7899999999999999 0.07076923076923078 0.7080000000000001 0.12000000000000001 0.702 0.23076923076923078 0.798 0.19692307692307692 0.876 0.16923076923076924
1108 0.698 0.14769230769230768 0.624 0.17846153846153845 0.624 0.25846153846153846 0.6920000000000001 0.23692307692307693 0.698 0.14769230769230768
1108 0.596 0.1630769230769231 0.554 0.18153846153846154 0.554 0.28615384615384615 0.61 0.27384615384615385 0.61 0.1630769230769231 0.596 0.1630769230769231
314 0.464 0.8769230769230769 0.482 0.9046153846153846 0.538 0.8923076923076922 0.542 0.8153846153846154 0.546 0.7846153846153846 0.53 0.7661538461538462 0.522 0.7846153846153846 0.522 0.7692307692307693 0.46799999999999997 0.7723076923076923 0.46799999999999997 0.7938461538461539 0.44999999999999996 0.7784615384615384 0.464 0.8061538461538462 0.464 0.8769230769230769
538 0.89 0.8092307692307692 0.888 0.8338461538461538 0.904 0.8338461538461538 0.978 0.7907692307692307 0.9740000000000001 0.7015384615384614 0.8659999999999999 0.6830769230769231 0.8079999999999999 0.6984615384615385 0.804 0.7815384615384615 0.8200000000000001 0.7969230769230768 0.8200000000000001 0.7846153846153846 0.844 0.7938461538461539 0.842 0.8092307692307692 0.864 0.8184615384615385 0.864 0.803076923076923 0.89 0.8092307692307692
538 0.76 0.716923076923077 0.786 0.7138461538461538 0.788 0.7292307692307692 0.8 0.7323076923076923 0.802 0.6584615384615385 0.704 0.6307692307692307 0.646 0.6492307692307692 0.6479999999999999 0.7230769230769231 0.656 0.7230769230769231 0.658 0.7138461538461538 0.672 0.7138461538461538 0.6679999999999999 0.7323076923076923 0.6799999999999999 0.7384615384615384 0.6839999999999999 0.7261538461538461 0.6940000000000001 0.7261538461538461 0.6940000000000001 0.7415384615384616 0.704 0.7446153846153846 0.714 0.7446153846153846 0.714 0.7261538461538461 0.74 0.72 0.74 0.7384615384615384 0.76 0.7353846153846154 0.76 0.716923076923077
1108 0.696 0.44307692307692303 0.6920000000000001 0.4676923076923077 0.786 0.4646153846153846 0.8680000000000001 0.47384615384615386 0.8680000000000001 0.4215384615384616 0.76 0.4123076923076923 0.696 0.44307692307692303
1708 0.554 0.8953846153846154 0.562 0.8984615384615384 0.562 0.7046153846153846 0.56 0.6553846153846153 0.494 0.6215384615384616 0.254 0.6338461538461538 0.258 0.8861538461538461 0.26 0.8892307692307693 0.262 0.676923076923077 0.27799999999999997 0.6984615384615385 0.27799999999999997 0.9661538461538461 0.29 0.9661538461538461 0.294 0.7015384615384614 0.49 0.6861538461538461 0.492 0.8338461538461538 0.5 0.836923076923077 0.502 0.6799999999999999 0.554 0.676923076923077 0.554 0.8953846153846154
1523 0.492 0.3569230769230769 0.49 0.32923076923076927 0.432 0.3261538461538462 0.424 0.23692307692307693 0.348 0.23384615384615384 0.348 0.21846153846153846 0.33999999999999997 0.21846153846153846 0.338 0.31384615384615383 0.20800000000000002 0.4030769230769231 0.20199999999999999 0.6061538461538462 0.322 0.8123076923076924 0.34199999999999997 0.836923076923077 0.484 0.8061538461538462 0.482 0.7846153846153846 0.428 0.7907692307692307 0.43 0.5138461538461538 0.492 0.5138461538461538 0.492 0.48615384615384616 0.428 0.48923076923076925 0.428 0.37538461538461537 0.492 0.3569230769230769
655 0.054 0.6215384615384616 0.12200000000000001 0.6184615384615384 0.12200000000000001 0.42769230769230765 0.052000000000000005 0.42461538461538456 0.054 0.6215384615384616
1523 0.128 0.40923076923076923 0.126 0.37846153846153846 0.12200000000000001 0.6184615384615384 0.19 0.6215384615384616 0.19 0.6061538461538462 0.2 0.6153846153846154 0.20800000000000002 0.44 0.206 0.40923076923076923 0.19 0.40923076923076923 0.19 0.37846153846153846 0.184 0.37846153846153846 0.184 0.4123076923076923 0.128 0.40923076923076923
538 0.6839999999999999 0.6338461538461538 0.6499999999999999 0.6246153846153846 0.604 0.6338461538461538 0.6 0.6984615384615385 0.606 0.7046153846153846 0.608 0.6861538461538461 0.6159999999999999 0.6892307692307693 0.6159999999999999 0.7046153846153846 0.622 0.7076923076923076 0.624 0.6923076923076923 0.636 0.6984615384615385 0.636 0.716923076923077 0.644 0.716923076923077 0.644 0.6492307692307692 0.6839999999999999 0.6338461538461538
1885 0.31599999999999995 0.6 0.32 0.18153846153846154 0.004 0.07692307692307693 0.004 0.18153846153846154 0.004 0.5261538461538462 0.046 0.5353846153846153 0.046 0.6215384615384616 0.31599999999999995 0.6
792 0.046 0.6215384615384616 0.046 0.5384615384615384 0.004 0.5261538461538462 0.006 0.9938461538461538 0.998 0.9938461538461538 0.998 0.8061538461538462 0.318 0.6 0.046 0.6215384615384616