402 0.0015625 0 0.3109375 0.14583333413461538 0.31875 0.07291666586538462 0.44999999999999996 0.020833334134615387 0.66875 0.2166666658653846 0.8609374999999999 0.1895833341346154 0.8578125000000001 0 0.0015625 0
1885 0.8703125 0.2583333341346154 0.8734375000000001 0.23333333413461538 0.8656250000000001 0.2270833341346154 0.8625 0.1916666658653846 0.6765625 0.2208333341346154 0.6812499999999999 0.2604166658653846 0.7359374999999999 0.2958333341346154 0.7359374999999999 0.2770833341346154 0.8703125 0.2583333341346154
1227 0.6078125 0.3395833341346154 0.6468750000000001 0.36875 0.6812499999999999 0.3979166658653846 0.7078125 0.4145833341346154 0.7359374999999999 0.4229166658653846 0.7375 0.41666666586538464 0.70625 0.4020833341346154 0.6765625 0.3833333341346154 0.6765625 0.3729166658653846 0.578125 0.3083333341346154 0.5703125 0.3104166658653846 0.43281250000000004 0.2166666658653846 0.3125 0.2541666658653846 0.3125 0.2708333341346154 0.4390625 0.2479166658653846 0.56875 0.32499999999999996 0.6078125 0.3395833341346154
1227 0.6781250000000001 0.5458333341346153 0.7 0.5583333341346154 0.70625 0.54375 0.6734374999999999 0.5354166658653846 0.671875 0.5270833341346154 0.6265624999999999 0.5208333341346154 0.625 0.5145833341346153 0.56875 0.5 0.421875 0.4541666658653846 0.2921875 0.4666666658653846 0.2921875 0.4854166658653846 0.42656249999999996 0.48124999999999996 0.571875 0.525 0.6781250000000001 0.5458333341346153
1227 0.41874999999999996 0.73125 0.625 0.7145833341346154 0.6937500000000001 0.7104166658653847 0.6921875 0.7 0.6375 0.7 0.6265624999999999 0.6958333341346153 0.5734375 0.6958333341346153 0.5625 0.7 0.41718750000000004 0.7020833341346153 0.2859375 0.7 0.2859375 0.7229166658653846 0.321875 0.7250000000000001 0.353125 0.7270833341346153 0.41874999999999996 0.73125
1226 0.0546875 0.16666666586538462 0.046875 0.1875 0.140625 0.23333333413461538 0.14375 0.2104166658653846 0.0546875 0.16666666586538462
1226 0.15468749999999998 0.19791666586538462 0.1515625 0.22916666586538462 0.234375 0.2791666658653846 0.2390625 0.25 0.15468749999999998 0.19791666586538462
1226 0.2421875 0.24375000000000002 0.23593750000000002 0.2729166658653846 0.259375 0.275 0.2953125 0.2958333341346154 0.2953125 0.2729166658653846 0.2421875 0.24375000000000002
1226 0.115625 0.4125 0.1171875 0.38749999999999996 0.01875 0.3479166658653846 0.0078125 0.35 0.0046875 0.38125 0.01875 0.38125 0.10468749999999999 0.41666666586538464 0.115625 0.4125
1226 0.0015625 0.1875 0.0234375 0.20416666586538462 0.0296875 0.21875 0.0390625 0.20833333413461538 0.045312500000000006 0.1854166658653846 0.0015625 0.1541666658653846 0.0015625 0.1875
1226 0.1171875 0.3833333341346154 0.1171875 0.4083333341346154 0.125 0.40625 0.20937499999999998 0.4416666658653846 0.2140625 0.41874999999999996 0.125 0.3791666658653846 0.1171875 0.3833333341346154
1226 0.2140625 0.43125 0.22499999999999998 0.4291666658653846 0.2890625 0.45833333413461536 0.290625 0.4354166658653846 0.221875 0.4125 0.2140625 0.4125 0.2140625 0.43125
1226 0.09062500000000001 0.6020833341346153 0.09062500000000001 0.5666666658653846 0.0015625 0.55 0.0015625 0.5854166658653847 0.09062500000000001 0.6020833341346153
1226 0.1 0.5625 0.09687499999999999 0.59375 0.190625 0.6041666658653846 0.1953125 0.5729166658653846 0.1 0.5625
1226 0.265625 0.6104166658653847 0.2703125 0.58125 0.1984375 0.5708333341346153 0.1921875 0.60625 0.265625 0.6104166658653847
1226 0.890625 0.32499999999999996 0.89375 0.3770833341346154 0.9953125 0.3666666658653846 0.9953125 0.30625 0.890625 0.32499999999999996
1226 0.909375 0.8270833341346153 0.9078124999999999 0.8666666658653847 0.9953125 0.875 0.996875 0.8374999999999999 0.909375 0.8270833341346153
1226 0.8046875 0.3375 0.8031250000000001 0.36250000000000004 0.890625 0.36250000000000004 0.8890625000000001 0.33125000000000004 0.8046875 0.3375
1226 0.778125 0.5791666658653847 0.778125 0.6041666658653846 0.8890625000000001 0.6041666658653846 0.8859375 0.5791666658653847 0.778125 0.5791666658653847
1226 0.7765625 0.7791666658653846 0.7765625 0.8083333341346154 0.903125 0.8187500000000001 0.9015625 0.7958333341346153 0.7765625 0.7791666658653846
1226 0.7375 0.4020833341346154 0.7375 0.41666666586538464 0.784375 0.4125 0.796875 0.4145833341346154 0.796875 0.4020833341346154 0.7375 0.4020833341346154
1226 0.7984374999999999 0.4229166658653846 0.8656250000000001 0.42500000000000004 0.8828125 0.4229166658653846 0.8812500000000001 0.4 0.8 0.40625 0.7984374999999999 0.4229166658653846
1226 0.76875 0.7208333341346154 0.76875 0.7 0.6953125 0.7 0.6953125 0.7166666658653846 0.76875 0.7208333341346154
1226 0.6937500000000001 0.85625 0.6937500000000001 0.8791666658653846 0.7734375 0.8875 0.7734375 0.8708333341346154 0.6937500000000001 0.85625
1227 0.3671875 0.9416666658653846 0.3671875 0.9604166658653847 0.4140625 0.9750000000000001 0.6875 0.8687499999999999 0.6890624999999999 0.8541666658653846 0.4140625 0.95 0.3671875 0.9416666658653846
1226 0.0015625 0.7604166658653846 0.0015625 0.79375 0.084375 0.7916666658653846 0.084375 0.7625 0.0015625 0.7604166658653846
1473 0.046875 0.1854166658653846 0.0578125 0.16875 0.14375 0.21250000000000002 0.153125 0.21250000000000002 0.159375 0.19791666586538462 0.24062499999999998 0.2479166658653846 0.24375000000000002 0.24375000000000002 0.2984375 0.2729166658653846 0.30781250000000004 0.2770833341346154 0.30781250000000004 0.26875 0.30781250000000004 0.2625 0.30625 0.2479166658653846 0.30625 0.2375 0.30625 0.22916666586538462 0.30781250000000004 0.20625 0.3125 0.1875 0.30937499999999996 0.17708333413461538 0.3140625 0.1583333341346154 0.3140625 0.14375 0.2671875 0.10833333413461539 0.253125 0.11666666586538461 0.2515625 0.10625000000000001 0.1875 0.0625 0.1671875 0.07708333413461539 0.16249999999999998 0.0625 0.134375 0.039583334134615386 0.1015625 0.025 0.003125 0 0.0015625 0.08958333413461537 0.0015625 0.15 0.003125 0.1541666658653846 0.046875 0.1854166658653846
1473 0.0109375 0.3479166658653846 0.0125 0.35 0.12031249999999999 0.38541666586538464 0.125 0.3770833341346154 0.21250000000000002 0.41666666586538464 0.21718749999999998 0.4104166658653846 0.2921875 0.4333333341346154 0.2921875 0.42500000000000004 0.2921875 0.4125 0.290625 0.3979166658653846 0.2875 0.38749999999999996 0.290625 0.3708333341346154 0.290625 0.35416666586538464 0.2953125 0.33125000000000004 0.2953125 0.3145833341346154 0.3 0.2958333341346154 0.2578125 0.275 0.2390625 0.2729166658653846 0.234375 0.2791666658653846 0.1515625 0.2270833341346154 0.1453125 0.2229166658653846 0.140625 0.2375 0.045312500000000006 0.1895833341346154 0.0421875 0.20833333413461538 0.0328125 0.2208333341346154 0.026562500000000003 0.2104166658653846 0.0015625 0.1875 0.0015625 0.3145833341346154 0.0015625 0.3520833341346154 0.0046875 0.3520833341346154 0.0109375 0.3479166658653846
1473 0.0953125 0.5666666658653846 0.10468749999999999 0.5666666658653846 0.20468750000000002 0.56875 0.271875 0.5770833341346153 0.2796875 0.5729166658653846 0.278125 0.55625 0.28125 0.5270833341346154 0.284375 0.4979166658653846 0.2875 0.4666666658653846 0.284375 0.45833333413461536 0.246875 0.4395833341346154 0.2140625 0.4333333341346154 0.20625 0.4416666658653846 0.1234375 0.40625 0.1171875 0.4125 0.1015625 0.41874999999999996 0.0171875 0.38125 0.0015625 0.38125 0.0015625 0.45833333413461536 0.0015625 0.5479166658653847 0.0515625 0.5583333341346154 0.0953125 0.5666666658653846
1473 0.5859375 0.14375 0.5734375 0.13541666586538462 0.4515625 0.025 0.41093749999999996 0.025 0.4078125 0.0375 0.4 0.03541666586538462 0.375 0.045833334134615385 0.31875 0.06666666586538461 0.3125 0.11458333413461538 0.3125 0.14166666586538462 0.3140625 0.16666666586538462 0.3125 0.18125000000000002 0.30937499999999996 0.19374999999999998 0.30937499999999996 0.21250000000000002 0.30781250000000004 0.23125 0.30781250000000004 0.24375000000000002 0.30781250000000004 0.2541666658653846 0.3125 0.2541666658653846 0.43281250000000004 0.2208333341346154 0.5734375 0.3104166658653846 0.5796875 0.30625 0.6765625 0.3708333341346154 0.6765625 0.38125 0.734375 0.4145833341346154 0.734375 0.4020833341346154 0.7390625 0.4020833341346154 0.7390625 0.36250000000000004 0.7375 0.2979166658653846 0.6796875 0.2625 0.6796875 0.22499999999999998 0.5859375 0.14375
1473 0.4375 0.25 0.3015625 0.2708333341346154 0.296875 0.2833333341346154 0.296875 0.2979166658653846 0.296875 0.31875 0.29375 0.3416666658653846 0.290625 0.35416666586538464 0.290625 0.3729166658653846 0.290625 0.3895833341346154 0.29375 0.4104166658653846 0.29375 0.4333333341346154 0.29375 0.4458333341346154 0.290625 0.4604166658653846 0.2921875 0.4666666658653846 0.421875 0.4541666658653846 0.625 0.5145833341346153 0.6296875 0.5208333341346154 0.671875 0.525 0.675 0.5354166658653846 0.7046874999999999 0.54375 0.715625 0.55 0.7359374999999999 0.55 0.734375 0.4708333341346154 0.7359374999999999 0.42500000000000004 0.70625 0.41666666586538464 0.6078125 0.34375 0.4375 0.25
1473 0.428125 0.4833333341346154 0.296875 0.48958333413461536 0.2859375 0.48958333413461536 0.28125 0.5104166658653846 0.2796875 0.53125 0.278125 0.55625 0.2796875 0.5833333341346154 0.2796875 0.60625 0.2796875 0.64375 0.2828125 0.6708333341346153 0.28125 0.6916666658653846 0.28125 0.6979166658653846 0.41874999999999996 0.7 0.571875 0.7 0.60625 0.6958333341346153 0.6312500000000001 0.6979166658653846 0.6421874999999999 0.7 0.6953125 0.7020833341346153 0.6953125 0.6499999999999999 0.6984375 0.5583333341346154 0.6781250000000001 0.5479166658653847 0.5796875 0.5270833341346154 0.428125 0.4833333341346154
1473 0.37187499999999996 0.7541666658653846 0.365625 0.7729166658653847 0.365625 0.8 0.3671875 0.8208333341346153 0.3671875 0.8354166658653847 0.3671875 0.85625 0.37187499999999996 0.8770833341346154 0.3671875 0.8916666658653847 0.36406249999999996 0.8958333341346154 0.36406249999999996 0.9083333341346154 0.365625 0.9375 0.3671875 0.9395833341346154 0.41718750000000004 0.95 0.6937500000000001 0.8541666658653846 0.6921875 0.8166666658653846 0.6921875 0.7145833341346154 0.4203125 0.73125 0.37187499999999996 0.73125 0.37187499999999996 0.7541666658653846
1473 0.8703125 0.2604166658653846 0.7406250000000001 0.2729166658653846 0.7375 0.28125 0.7406250000000001 0.40625 0.7578125 0.4 0.7953125000000001 0.4020833341346154 0.7921875 0.3708333341346154 0.8031250000000001 0.3666666658653846 0.8031250000000001 0.3354166658653846 0.8328125 0.3354166658653846 0.83125 0.3145833341346154 0.8359375 0.2958333341346154 0.8374999999999999 0.2833333341346154 0.8734375000000001 0.28125 0.8703125 0.2604166658653846
1473 0.8359375 0.2979166658653846 0.8343750000000001 0.3104166658653846 0.8343750000000001 0.3270833341346154 0.8343750000000001 0.33333333413461536 0.890625 0.33333333413461536 0.8890625000000001 0.3145833341346154 0.8828125 0.29375 0.8765624999999999 0.28125 0.8421875000000001 0.2854166658653846 0.8359375 0.2979166658653846
1473 0.796875 0.4020833341346154 0.878125 0.3979166658653846 0.890625 0.3895833341346154 0.8921874999999999 0.3666666658653846 0.8046875 0.36458333413461536 0.796875 0.3729166658653846 0.796875 0.4020833341346154
1473 0.784375 0.44375 0.7875000000000001 0.4291666658653846 0.8 0.42708333413461536 0.7984374999999999 0.41666666586538464 0.7421875 0.41874999999999996 0.7359374999999999 0.4229166658653846 0.7359374999999999 0.4375 0.7359374999999999 0.4708333341346154 0.7359374999999999 0.5104166658653846 0.7359374999999999 0.5395833341346153 0.734375 0.5479166658653847 0.7281249999999999 0.55 0.7078125 0.5479166658653847 0.6984375 0.5583333341346154 0.6953125 0.6958333341346153 0.7234375 0.7 0.7703125 0.7 0.76875 0.6812499999999999 0.7671874999999999 0.6666666658653846 0.7703125 0.6499999999999999 0.76875 0.6333333341346153 0.76875 0.6145833341346154 0.7718750000000001 0.6041666658653846 0.7796875000000001 0.6020833341346153 0.778125 0.575 0.7796875000000001 0.56875 0.78125 0.5541666658653847 0.7828124999999999 0.5208333341346154 0.7828124999999999 0.4958333341346154 0.7828124999999999 0.47916666586538464 0.7828124999999999 0.4645833341346154 0.784375 0.44375
1473 0.7875000000000001 0.4416666658653846 0.7828124999999999 0.5 0.78125 0.575 0.8859375 0.575 0.8812500000000001 0.5416666658653846 0.8812500000000001 0.51875 0.8828125 0.4729166658653846 0.8843749999999999 0.42500000000000004 0.8 0.42708333413461536 0.7906249999999999 0.4291666658653846 0.7875000000000001 0.4416666658653846
1473 0.7703125 0.6354166658653846 0.7703125 0.6541666658653846 0.76875 0.6708333341346153 0.76875 0.6916666658653846 0.76875 0.7104166658653847 0.76875 0.7291666658653846 0.76875 0.7416666658653847 0.76875 0.7541666658653846 0.7718750000000001 0.7645833341346153 0.7718750000000001 0.7708333341346154 0.7765625 0.7833333341346154 0.8640625 0.7854166658653846 0.8953125 0.7854166658653846 0.8968750000000001 0.7791666658653846 0.8890625000000001 0.75 0.8890625000000001 0.7270833341346153 0.903125 0.7208333341346154 0.9046875000000001 0.7020833341346153 0.9015625 0.6833333341346154 0.89375 0.6708333341346153 0.8859375 0.6645833341346153 0.8875 0.6458333341346154 0.8875 0.60625 0.7734375 0.6083333341346153 0.7703125 0.6208333341346154 0.7703125 0.6354166658653846
1473 0.76875 0.76875 0.76875 0.7375 0.7671874999999999 0.7208333341346154 0.6953125 0.7208333341346154 0.6968749999999999 0.8520833341346153 0.6984375 0.85625 0.7749999999999999 0.8666666658653847 0.7734375 0.8395833341346154 0.7765625 0.8104166658653846 0.7765625 0.79375 0.7734375 0.7833333341346154 0.76875 0.76875
1473 0.9046875000000001 0.8208333341346153 0.7765625 0.8083333341346154 0.7749999999999999 0.8291666658653847 0.7749999999999999 0.8458333341346154 0.7749999999999999 0.8729166658653846 0.7734375 0.8979166658653847 0.7734375 0.9166666658653846 0.7734375 0.925 0.7953125000000001 0.91875 0.8265625000000001 0.9125000000000001 0.8421875000000001 0.9125000000000001 0.8687499999999999 0.9354166658653846 0.8859375 0.9416666658653846 0.8890625000000001 0.9291666658653847 0.8859375 0.9125000000000001 0.8828125 0.8875 0.890625 0.8708333341346154 0.8999999999999999 0.8625 0.9046875000000001 0.85625 0.9046875000000001 0.8208333341346153
1473 0.08906249999999999 0.75 0.09062500000000001 0.7354166658653847 0.0921875 0.7250000000000001 0.1 0.7166666658653846 0.1328125 0.7124999999999999 0.16249999999999998 0.7124999999999999 0.20468750000000002 0.7124999999999999 0.25625 0.7208333341346154 0.284375 0.7208333341346154 0.284375 0.7 0.2796875 0.6916666658653846 0.28125 0.6791666658653847 0.28125 0.6604166658653846 0.28125 0.6375 0.2796875 0.5833333341346154 0.2734375 0.58125 0.271875 0.59375 0.265625 0.6125 0.246875 0.6125 0.190625 0.6083333341346153 0.1328125 0.5958333341346154 0.0953125 0.5958333341346154 0.08906249999999999 0.6020833341346153 0.0015625 0.5875 0.0015625 0.6875 0.0015625 0.7562500000000001 0.0875 0.7625 0.08906249999999999 0.75
1473 0.115625 0.9270833341346154 0.1109375 0.9458333341346153 0.134375 0.9541666658653847 0.14375 0.9479166658653846 0.1875 0.9645833341346154 0.18906250000000002 0.9958333341346154 0.33125000000000004 0.9958333341346154 0.35624999999999996 0.9833333341346153 0.359375 0.9770833341346153 0.36406249999999996 0.9645833341346154 0.3671875 0.95 0.3671875 0.9229166658653847 0.36875 0.8979166658653847 0.37187499999999996 0.8770833341346154 0.3671875 0.8583333341346153 0.365625 0.8333333341346154 0.36875 0.8208333341346153 0.3671875 0.7979166658653847 0.3671875 0.7708333341346154 0.375 0.7541666658653846 0.3734375 0.73125 0.284375 0.7229166658653846 0.2828125 0.7145833341346154 0.20625 0.7145833341346154 0.1078125 0.7145833341346154 0.0921875 0.7229166658653846 0.08906249999999999 0.7416666658653847 0.0875 0.7770833341346154 0.08906249999999999 0.7895833341346153 0.08906249999999999 0.7958333341346153 0.08906249999999999 0.8208333341346153 0.08906249999999999 0.83125 0.08906249999999999 0.8520833341346153 0.08281250000000001 0.8604166658653847 0.0859375 0.8854166658653846 0.0796875 0.9083333341346154 0.1109375 0.9166666658653846 0.115625 0.9270833341346154
1473 0.025 0.8958333341346154 0.04375 0.9020833341346154 0.0640625 0.9041666658653846 0.08124999999999999 0.9083333341346154 0.08281250000000001 0.8875 0.08281250000000001 0.8770833341346154 0.08281250000000001 0.8604166658653847 0.0875 0.85625 0.08906249999999999 0.8416666658653846 0.08906249999999999 0.8125 0.08906249999999999 0.7916666658653846 0.0015625 0.79375 0.0015625 0.8395833341346154 0.0015625 0.8958333341346154 0.015625 0.8958333341346154 0.025 0.8958333341346154
1473 0.14375 0.9479166658653846 0.134375 0.95625 0.1234375 0.9520833341346153 0.11406250000000001 0.9458333341346153 0.115625 0.9270833341346154 0.109375 0.9166666658653846 0.1 0.9145833341346153 0.0765625 0.9083333341346154 0.046875 0.9041666658653846 0.0296875 0.8979166658653847 0.0015625 0.8979166658653847 0.0015625 0.9958333341346154 0.1875 0.9979166658653846 0.18906250000000002 0.9624999999999999 0.14375 0.9479166658653846
1473 0.859375 0 0.859375 0.05833333413461539 0.8625 0.06666666586538461 0.8625 0.10625000000000001 0.8625 0.1479166658653846 0.8625 0.17708333413461538 0.8625 0.1916666658653846 0.8640625 0.2208333341346154 0.8703125 0.23125 0.8734375000000001 0.2479166658653846 0.871875 0.2729166658653846 0.8796875 0.2854166658653846 0.8859375 0.3104166658653846 0.890625 0.32499999999999996 0.996875 0.3041666658653846 0.9937499999999999 0 0.859375 0
1473 0.8812500000000001 0.39583333413461536 0.8812500000000001 0.41874999999999996 0.8843749999999999 0.4291666658653846 0.8828125 0.5166666658653847 0.8843749999999999 0.55625 0.8859375 0.5791666658653847 0.8890625000000001 0.60625 0.8890625000000001 0.6645833341346153 0.90625 0.6875 0.9046875000000001 0.7145833341346154 0.89375 0.7291666658653846 0.89375 0.7625 0.8999999999999999 0.7895833341346153 0.9015625 0.8041666658653847 0.9078124999999999 0.8229166658653846 0.934375 0.83125 0.98125 0.8374999999999999 0.9953125 0.8354166658653847 0.996875 0.39583333413461536 0.996875 0.3666666658653846 0.89375 0.375 0.89375 0.38749999999999996 0.8812500000000001 0.39583333413461536
1473 0.8859375 0.9020833341346154 0.8890625000000001 0.9229166658653847 0.8875 0.9437500000000001 0.8843749999999999 0.9750000000000001 0.8828125 0.9958333341346154 0.996875 0.9979166658653846 0.9953125 0.875 0.903125 0.8645833341346154 0.8859375 0.8791666658653846 0.8859375 0.9020833341346154
729 0.846875 0.91875 0.8062499999999999 0.9208333341346153 0.7734375 0.9229166658653847 0.7375 0.9229166658653847 0.7 0.9270833341346154 0.6781250000000001 0.9375 0.6656249999999999 0.9375 0.625 0.9708333341346154 0.6296875 0.9979166658653846 0.8828125 0.9979166658653846 0.8828125 0.9437500000000001 0.846875 0.91875
792 0.7 0.9291666658653847 0.7765625 0.925 0.7703125 0.8875 0.6890624999999999 0.8729166658653846 0.415625 0.9750000000000001 0.3671875 0.9604166658653847 0.33125000000000004 0.9979166658653846 0.5109375 0.9958333341346154 0.6312500000000001 0.9979166658653846 0.628125 0.9750000000000001 0.6703125000000001 0.9395833341346154 0.7 0.9291666658653847