402 0.6921875 0 0.7328125000000001 0.054166665865384614 0.7359374999999999 0.09375 0.903125 0.08541666586538461 0.9061755961538461 0 0.6921875 0
1523 0.0015625 0 0.0015625 0.70625 0.15 0.6416666658653847 0.153125 0.6666666658653846 0.175 0.6625000000000001 0.175 0.6312500000000001 0.34687500000000004 0.5520833341346154 0.34687500000000004 0.5791666658653847 0.359375 0.575 0.359375 0.5479166658653847 0.4703125 0.5 0.4703125 0.5229166658653847 0.4859375 0.5145833341346153 0.4859375 0.49375 0.7328125000000001 0.38749999999999996 0.7328125000000001 0.047916665865384615 0.6875 0 0.0015625 0
1885 0.8921874999999999 0.3729166658653846 0.903125 0.08541666586538461 0.7328125000000001 0.09375 0.7328125000000001 0.36250000000000004 0.8921874999999999 0.3729166658653846
861 0.89375 0.25625 0.8343750000000001 0.25625 0.83125 0.36458333413461536 0.8921874999999999 0.36875 0.89375 0.25625
321 0.7359374999999999 0.2979166658653846 0.7359374999999999 0.38749999999999996 0.75 0.38749999999999996 0.7765625 0.38749999999999996 0.7749999999999999 0.3 0.7359374999999999 0.2979166658653846
1523 0.9077138149038462 0 0.8890625000000001 0.39375000000000004 0.9125000000000001 0.7666666658653847 0.95625 0.9937499999999999 0.996875 0.9958333341346154 0.996875 0 0.9077138149038462 0
792 0 0.9937499999999999 0.9578125 0.9937499999999999 0.8890625000000001 0.375 0.78125 0.36458333413461536 0.78125 0.3895833341346154 0.73125 0.38541666586538464 0 0.709723701923077 0 0.9937499999999999
314 0.31875 0.575 0.2734375 0.56875 0.246875 0.5791666658653847 0.246875 0.6291666658653846 0.29375 0.6312500000000001 0.31875 0.6208333341346154 0.31875 0.575
314 0.5015625 0.4979166658653846 0.47968750000000004 0.48958333413461536 0.47343749999999996 0.4541666658653846 0.4515625 0.45833333413461536 0.4625 0.50625 0.4609375 0.5270833341346154 0.48750000000000004 0.5333333341346154 0.5015625 0.525 0.5015625 0.4979166658653846
321 0.56875 0.4375 0.53125 0.4395833341346154 0.53125 0.4958333341346154 0.5828125 0.4979166658653846 0.58125 0.4520833341346154 0.56875 0.4520833341346154 0.56875 0.4375
1108 0.7281249999999999 0.8979166658653847 0.7250000000000001 0.9104166658653846 0.7562500000000001 0.9145833341346153 0.7546875 0.8958333341346154 0.85625 0.90625 0.85625 0.9229166658653847 0.890625 0.9229166658653847 0.8984375 0.6020833341346153 0.8953125 0.4 0.7609375 0.39583333413461536 0.7046874999999999 0.4625 0.6656249999999999 0.4854166658653846 0.609375 0.55625 0.6156250000000001 0.8916666658653847 0.64375 0.9041666658653846 0.6421874999999999 0.8854166658653846 0.7281249999999999 0.8979166658653847
321 0.2 0.24375000000000002 0.19687500000000002 0.2604166658653846 0.22499999999999998 0.2625 0.22812500000000002 0.3041666658653846 0.24843749999999998 0.30625 0.3421875 0.3 0.34062499999999996 0.24375000000000002 0.2 0.24375000000000002
321 0.03125 0.4291666658653846 0.059375 0.4291666658653846 0.09375 0.41874999999999996 0.0875 0.3270833341346154 0.0046875 0.32291666586538464 0.0015625 0.4395833341346154 0.03125 0.4291666658653846
321 0.590625 0.175 0.590625 0.1541666658653846 0.5671875 0.15 0.5671875 0.13125 0.5515625 0.13125 0.5546875 0.23125 0.6 0.24375000000000002 0.6015625 0.175 0.590625 0.175
321 0.47343749999999996 0.36458333413461536 0.540625 0.35624999999999996 0.5375 0.32499999999999996 0.4703125 0.3291666658653846 0.47343749999999996 0.36458333413461536
321 0.24375000000000002 0.4291666658653846 0.16249999999999998 0.4520833341346154 0.1640625 0.5083333341346153 0.22499999999999998 0.48958333413461536 0.23281249999999998 0.4979166658653846 0.24843749999999998 0.4833333341346154 0.2625 0.4854166658653846 0.303125 0.4708333341346154 0.3203125 0.4708333341346154 0.31562500000000004 0.41874999999999996 0.2671875 0.4208333341346154 0.24375000000000002 0.4291666658653846