402 0.33203125 0 0.4453125 0.3046875 0.609375 0.30859375 0.66015625 0.30078125 0.82421875 0 0.33203125 0
1885 0.625 0.640625 0.625 0.3125 0.4453125 0.3046875 0.44140625 0.62890625 0.625 0.640625
1226 0.5859375 0.7109375 0.6015625 0.71484375 0.73046875 0.71484375 0.73046875 0.6796875 0.68359375 0.671875 0.58984375 0.671875 0.5859375 0.7109375
1523 0.84375 0 0.625 0.3671875 0.609375 0.51953125 0.58984375 0.53125 0.59375 0.6328125 0.99609375 0.84375 1 0.419921875 1 0 0.84375 0
1209 0.7578125 0.14453125 0.7578125 0.125 0.70703125 0.140625 0.69140625 0.15625 0.6796875 0.15625 0.67578125 0.20703125 0.66796875 0.25 0.6328125 0.2890625 0.625 0.30078125 0.625 0.359375 0.7578125 0.14453125
1209 0.79296875 0 0.75 0.078125 0.73046875 0.08984375 0.73046875 0.125 0.75390625 0.12109375 0.76171875 0.13671875 0.84375 0 0.79296875 0
1523 0.0078125 0 0.0078125 0.95703125 0.4375 0.6328125 0.4453125 0.296875 0.32421875 0 0.0078125 0
321 0.0078125 0 0.0078125 0.328125 0.11328125 0.3515625 0.11328125 0.22265625 0.08203125 0.2109375 0.08984375 0.09765625 0.06640625 0.09375 0.0625 0 0.0078125 0
321 0.08984375 0.76953125 0.078125 0.7734375 0.0859375 0.6015625 0.0703125 0.6015625 0.06640625 0.5703125 0.0078125 0.57421875 0.0078125 0.91796875 0.08984375 0.859375 0.08984375 0.76953125
1226 0.92578125 0.78515625 0.92578125 0.765625 0.90234375 0.76953125 0.859375 0.7421875 0.84765625 0.75 0.84765625 0.76953125 0.8984375 0.79296875 0.92578125 0.78515625
321 0.94140625 0.6640625 0.9375 0.51171875 0.92578125 0.51171875 0.87890625 0.51171875 0.87109375 0.53125 0.8671875 0.55859375 0.8515625 0.55859375 0.85546875 0.7421875 0.89453125 0.765625 0.92578125 0.765625 0.92578125 0.67578125 0.94140625 0.6640625
321 0.07421875 0.6015625 0.19140625 0.61328125 0.19140625 0.46484375 0.03515625 0.45703125 0.01171875 0.453125 0.0078125 0.5703125 0.0625 0.56640625 0.07421875 0.6015625
321 0.21484375 0.3046875 0.1640625 0.27734375 0.16015625 0.36328125 0.25 0.4140625 0.25 0.35546875 0.2109375 0.34765625 0.21484375 0.3046875
1027 0.484375 0.0625 0.4765625 0.05859375 0.48046875 0.03515625 0.4609375 0.03515625 0.4609375 0.05859375 0.45703125 0.05859375 0.453125 0.078125 0.4609375 0.0859375 0.47265625 0.08984375 0.48828125 0.078125 0.48828125 0.0703125 0.484375 0.0625
1027 0.4921875 0.21875 0.48828125 0.2109375 0.48828125 0.1953125 0.47265625 0.1953125 0.47265625 0.20703125 0.47265625 0.2109375 0.47265625 0.22265625 0.48046875 0.2265625 0.4921875 0.21875
1226 0.7734375 0.7265625 0.80859375 0.73828125 0.80859375 0.72265625 0.7734375 0.7109375 0.7734375 0.7265625
321 0.8046875 0.71875 0.8125 0.71875 0.8125 0.5625 0.79296875 0.56640625 0.79296875 0.6015625 0.77734375 0.6015625 0.78125 0.66796875 0.77734375 0.671875 0.77734375 0.70703125 0.8046875 0.71875
792 1 0.8454996754807692 0.62890625 0.640625 0.4375 0.62890625 0.0078125 0.95703125 0.0078125 0.99609375 0.99609375 0.99609375 1 0.921875 1 0.8454996754807692