402 0.5481666658653845 0 0.55 0.033846153846153845 0.676 0.18153846153846154 0.996 0.07076923076923078 0.996 0 0.5481666658653845 0
1885 0 0 0 0.805534875 0.6839999999999999 0.5938461538461538 0.678 0.1846153846153846 0.55 0.03692307692307692 0.5479999999999999 0 0 0
1523 0.002 0.8676923076923077 0.016 0.8615384615384615 0.024 0.7015384615384614 0.18 0.6584615384615385 0.192 0.7384615384615384 0.19799999999999998 0.7384615384615384 0.192 0.6584615384615385 0.386 0.6061538461538462 0.38799999999999996 0.6738461538461539 0.392 0.6738461538461539 0.392 0.6 0.5 0.5753846153846154 0.504 0.6215384615384616 0.508 0.6215384615384616 0.512 0.5692307692307692 0.572 0.5538461538461539 0.572 0.5415384615384615 0.514 0.5292307692307692 0.018000000000000002 0.6584615384615385 0.018000000000000002 0.52 0.5700000000000001 0.47692307692307695 0.508 0.4584615384615385 0.018000000000000002 0.48923076923076925 0.016 0.34461538461538466 0.46599999999999997 0.4184615384615385 0.574 0.42769230769230765 0.5700000000000001 0.4030769230769231 0.49600000000000005 0.39384615384615385 0.116 0.32923076923076927 0.016 0.3107692307692308 0.012 0.15692307692307692 0.10400000000000001 0.19076923076923077 0.126 0.23692307692307693 0.46799999999999997 0.3538461538461538 0.5399999999999999 0.3630769230769231 0.552 0.3169230769230769 0.504 0.3169230769230769 0.5 0.21230769230769228 0.494 0.21230769230769228 0.49600000000000005 0.2246153846153846 0.464 0.21846153846153846 0.46599999999999997 0.2030769230769231 0.456 0.2030769230769231 0.45799999999999996 0.29846153846153844 0.394 0.27692307692307694 0.386 0.14153846153846156 0.376 0.14153846153846156 0.376 0.1630769230769231 0.336 0.1630769230769231 0.336 0.15384615384615385 0.322 0.15076923076923077 0.322 0.24923076923076926 0.19 0.19076923076923077 0.186 0.024615384615384615 0.16999999999999998 0.024615384615384615 0.16999999999999998 0.04 0.126 0.06153846153846154 0.126 0.05230769230769231 0.114 0.05230769230769231 0.114 0.1630769230769231 0.012 0.12307692307692308 0.008 0.003076923076923077 0.002 0.003076923076923077 0.002 0.8676923076923077
1108 0.20199999999999999 0.19692307692307692 0.298 0.23076923076923078 0.292 0.12000000000000001 0.21 0.07076923076923078 0.128 0.08615384615384616 0.12400000000000001 0.16923076923076924 0.20199999999999999 0.19692307692307692
1108 0.30799999999999994 0.23692307692307693 0.376 0.25846153846153846 0.376 0.17846153846153845 0.302 0.14769230769230768 0.30799999999999994 0.23692307692307693
1108 0.39 0.1630769230769231 0.39 0.27384615384615385 0.446 0.28615384615384615 0.446 0.18153846153846154 0.40399999999999997 0.1630769230769231 0.39 0.1630769230769231
314 0.536 0.8061538461538462 0.55 0.7784615384615384 0.532 0.7938461538461539 0.532 0.7723076923076923 0.47800000000000004 0.7692307692307693 0.47800000000000004 0.7846153846153846 0.47000000000000003 0.7661538461538462 0.454 0.7846153846153846 0.45799999999999996 0.8153846153846154 0.462 0.8923076923076922 0.518 0.9046153846153846 0.536 0.8769230769230769 0.536 0.8061538461538462
538 0.136 0.803076923076923 0.136 0.8184615384615385 0.15799999999999997 0.8092307692307692 0.156 0.7938461538461539 0.18 0.7846153846153846 0.18 0.7969230769230768 0.196 0.7815384615384615 0.192 0.6984615384615385 0.134 0.6830769230769231 0.026000000000000002 0.7015384615384614 0.022 0.7907692307692307 0.096 0.8338461538461538 0.112 0.8338461538461538 0.11 0.8092307692307692 0.136 0.803076923076923
538 0.24000000000000002 0.7353846153846154 0.26 0.7384615384615384 0.26 0.72 0.286 0.7261538461538461 0.286 0.7446153846153846 0.296 0.7446153846153846 0.306 0.7415384615384616 0.306 0.7261538461538461 0.31599999999999995 0.7261538461538461 0.32 0.7384615384615384 0.33199999999999996 0.7323076923076923 0.328 0.7138461538461538 0.34199999999999997 0.7138461538461538 0.34400000000000003 0.7230769230769231 0.352 0.7230769230769231 0.35400000000000004 0.6492307692307692 0.296 0.6307692307692307 0.19799999999999998 0.6584615384615385 0.2 0.7323076923076923 0.212 0.7292307692307692 0.214 0.7138461538461538 0.24000000000000002 0.716923076923077 0.24000000000000002 0.7353846153846154
1108 0.24000000000000002 0.4123076923076923 0.132 0.4215384615384616 0.132 0.47384615384615386 0.214 0.4646153846153846 0.30799999999999994 0.4676923076923077 0.304 0.44307692307692303 0.24000000000000002 0.4123076923076923
1708 0.446 0.676923076923077 0.498 0.6799999999999999 0.5 0.836923076923077 0.508 0.8338461538461538 0.51 0.6861538461538461 0.7060000000000001 0.7015384615384614 0.7100000000000001 0.9661538461538461 0.722 0.9661538461538461 0.722 0.6984615384615385 0.738 0.676923076923077 0.74 0.8892307692307693 0.7420000000000001 0.8861538461538461 0.746 0.6338461538461538 0.506 0.6215384615384616 0.44 0.6553846153846153 0.438 0.7046153846153846 0.438 0.8984615384615384 0.446 0.8953846153846154 0.446 0.676923076923077
1523 0.572 0.37538461538461537 0.572 0.48923076923076925 0.508 0.48615384615384616 0.508 0.5138461538461538 0.5700000000000001 0.5138461538461538 0.572 0.7907692307692307 0.518 0.7846153846153846 0.516 0.8061538461538462 0.658 0.836923076923077 0.678 0.8123076923076924 0.798 0.6061538461538462 0.7919999999999999 0.4030769230769231 0.662 0.31384615384615383 0.66 0.21846153846153846 0.652 0.21846153846153846 0.652 0.23384615384615384 0.5760000000000001 0.23692307692307693 0.5680000000000001 0.3261538461538462 0.51 0.32923076923076927 0.508 0.3569230769230769 0.572 0.37538461538461537
655 0.948 0.42461538461538456 0.878 0.42769230769230765 0.878 0.6184615384615384 0.946 0.6215384615384616 0.948 0.42461538461538456
1523 0.8160000000000001 0.4123076923076923 0.8160000000000001 0.37846153846153846 0.8099999999999999 0.37846153846153846 0.8099999999999999 0.40923076923076923 0.7939999999999999 0.40923076923076923 0.7919999999999999 0.44 0.8 0.6153846153846154 0.8099999999999999 0.6061538461538462 0.8099999999999999 0.6215384615384616 0.878 0.6184615384615384 0.874 0.37846153846153846 0.872 0.40923076923076923 0.8160000000000001 0.4123076923076923
538 0.356 0.6492307692307692 0.356 0.716923076923077 0.364 0.716923076923077 0.364 0.6984615384615385 0.376 0.6923076923076923 0.378 0.7076923076923076 0.384 0.7046153846153846 0.384 0.6892307692307693 0.392 0.6861538461538461 0.394 0.7046153846153846 0.4 0.6984615384615385 0.39599999999999996 0.6338461538461538 0.35 0.6246153846153846 0.31599999999999995 0.6338461538461538 0.356 0.6492307692307692
1885 0.954 0.6215384615384616 0.954 0.5353846153846153 0.996 0.5261538461538462 0.996 0.18153846153846154 0.996 0.07692307692307693 0.6799999999999999 0.18153846153846154 0.6839999999999999 0.6 0.954 0.6215384615384616
792 0.6819999999999999 0.6 0.002 0.8061538461538462 0.002 0.9938461538461538 0.994 0.9938461538461538 0.996 0.5261538461538462 0.954 0.5384615384615384 0.954 0.6215384615384616 0.6819999999999999 0.6