402 0.17578125 0 0.33984375 0.30078125 0.390625 0.30859375 0.5546875 0.3046875 0.66796875 0 0.17578125 0
1885 0.55859375 0.62890625 0.5546875 0.3046875 0.375 0.3125 0.375 0.640625 0.55859375 0.62890625
1226 0.41015625 0.671875 0.31640625 0.671875 0.26953125 0.6796875 0.26953125 0.71484375 0.3984375 0.71484375 0.4140625 0.7109375 0.41015625 0.671875
1523 0 0 0 0.419921875 0.00390625 0.84375 0.40625 0.6328125 0.41015625 0.53125 0.390625 0.51953125 0.375 0.3671875 0.15625 0 0 0
1209 0.375 0.359375 0.375 0.30078125 0.3671875 0.2890625 0.33203125 0.25 0.32421875 0.20703125 0.3203125 0.15625 0.30859375 0.15625 0.29296875 0.140625 0.2421875 0.125 0.2421875 0.14453125 0.375 0.359375
1209 0.15625 0 0.23828125 0.13671875 0.24609375 0.12109375 0.26953125 0.125 0.26953125 0.08984375 0.25 0.078125 0.20703125 0 0.15625 0
1523 0.67578125 0 0.5546875 0.296875 0.5625 0.6328125 0.9921875 0.95703125 0.9921875 0 0.67578125 0
321 0.9375 0 0.93359375 0.09375 0.91015625 0.09765625 0.91796875 0.2109375 0.88671875 0.22265625 0.88671875 0.3515625 0.9921875 0.328125 0.9921875 0 0.9375 0
321 0.91015625 0.859375 0.9921875 0.91796875 0.9921875 0.57421875 0.93359375 0.5703125 0.9296875 0.6015625 0.9140625 0.6015625 0.921875 0.7734375 0.91015625 0.76953125 0.91015625 0.859375
1226 0.1015625 0.79296875 0.15234375 0.76953125 0.15234375 0.75 0.140625 0.7421875 0.09765625 0.76953125 0.07421875 0.765625 0.07421875 0.78515625 0.1015625 0.79296875
321 0.07421875 0.67578125 0.07421875 0.765625 0.10546875 0.765625 0.14453125 0.7421875 0.1484375 0.55859375 0.1328125 0.55859375 0.12890625 0.53125 0.12109375 0.51171875 0.07421875 0.51171875 0.0625 0.51171875 0.05859375 0.6640625 0.07421875 0.67578125
321 0.9375 0.56640625 0.9921875 0.5703125 0.98828125 0.453125 0.96484375 0.45703125 0.80859375 0.46484375 0.80859375 0.61328125 0.92578125 0.6015625 0.9375 0.56640625
321 0.7890625 0.34765625 0.75 0.35546875 0.75 0.4140625 0.83984375 0.36328125 0.8359375 0.27734375 0.78515625 0.3046875 0.7890625 0.34765625
1027 0.51171875 0.0703125 0.51171875 0.078125 0.52734375 0.08984375 0.5390625 0.0859375 0.546875 0.078125 0.54296875 0.05859375 0.5390625 0.05859375 0.5390625 0.03515625 0.51953125 0.03515625 0.5234375 0.05859375 0.515625 0.0625 0.51171875 0.0703125
1027 0.51953125 0.2265625 0.52734375 0.22265625 0.52734375 0.2109375 0.52734375 0.20703125 0.52734375 0.1953125 0.51171875 0.1953125 0.51171875 0.2109375 0.5078125 0.21875 0.51953125 0.2265625
1226 0.2265625 0.7109375 0.19140625 0.72265625 0.19140625 0.73828125 0.2265625 0.7265625 0.2265625 0.7109375
321 0.22265625 0.70703125 0.22265625 0.671875 0.21875 0.66796875 0.22265625 0.6015625 0.20703125 0.6015625 0.20703125 0.56640625 0.1875 0.5625 0.1875 0.71875 0.1953125 0.71875 0.22265625 0.70703125
792 0 0.921875 0.00390625 0.99609375 0.9921875 0.99609375 0.9921875 0.95703125 0.5625 0.62890625 0.37109375 0.640625 0 0.8454996754807692 0 0.921875