402 0.6264929423076923 0 0.5070575456730769 0.0016286634615384616 0.5157437572115385 0.037459283653846154 0.5168295336538461 0.2345276875 0.5841476658653846 0.2214983701923077 0.5852334423076923 0.15472312740384617 0.7155266009615384 0.14657980528846154 0.7455942548076924 0 0.6264929423076923 0
321 0.25841476682692305 0.9902280120192307 0.23018458173076925 0.6498371346153846 0.2225841466346154 0.5146579807692307 0.23018458173076925 0.5065146586538462 0.22584147596153845 0.31921824038461544 0.0010857764423076923 0.21498371394230767 0.0010857764423076923 0.9967426706730769 0.25841476682692305 0.9902280120192307
321 0 0.2089886778846154 0.22692725240384615 0.31758957692307693 0.2312703581730769 0.5065146586538462 0.22366992307692307 0.5146579807692307 0.2573289903846154 0.9951140072115384 0.4017372427884615 0.9967426706730769 0.3963083605769231 0.6123778509615385 0.36916395192307694 0.6123778509615385 0.3680781754807692 0.5814332235576922 0.38436481971153846 0.5765472307692308 0.3854505961538462 0.12214983653846154 0.37785016346153844 0.11563518028846155 0.38002171634615384 0.0016286634615384616 0.0010857764423076923 0 0 0.10423452884615385 0 0.2089886778846154
321 0.448425625 0.4495114014423077 0.4657980456730769 0.4462540721153846 0.4668838221153846 0.2214983701923077 0.45168295432692307 0.19543974038461537 0.45168295432692307 0 0.38110749278846157 0.0016286634615384616 0.37785016346153844 0.11563518028846155 0.3865363725961538 0.12214983653846154 0.38436481971153846 0.5765472307692308 0.3680781754807692 0.5781758966346154 0.3680781754807692 0.614006514423077 0.39305103125 0.614006514423077 0.40065146634615384 0.9951140072115384 0.4495114014423077 0.9967426706730769 0.4831704663461539 0.94462540625 0.4744842572115384 0.4739413677884615 0.448425625 0.4560260576923077 0.448425625 0.4495114014423077
321 0.510314875 0.5830618894230769 0.5255157427884616 0.5798045600961539 0.5244299663461539 0.31433224759615386 0.5200868629807692 0.3110749182692307 0.5190010865384616 0.2964169375 0.5168295336538461 0.03583061778846154 0.5081433221153846 0 0.4538545048076923 0.0016286634615384616 0.45276873076923074 0.19381107451923077 0.469055375 0.21986970673076925 0.4647122692307692 0.4462540721153846 0.448425625 0.4462540721153846 0.4462540721153846 0.4560260576923077 0.47339848076923075 0.469055375 0.4842562427884615 0.9299674278846154 0.4940282307692308 0.9299674278846154 0.5287730721153846 0.8697068413461538 0.5266015192307693 0.6026058629807692 0.5092290985576923 0.6026058629807692 0.510314875 0.5830618894230769
321 0.5960912043269231 0.3159609110576923 0.58631921875 0.3110749182692307 0.5841476658653846 0.2214983701923077 0.5200868629807692 0.2312703581730769 0.5200868629807692 0.3110749182692307 0.5266015192307693 0.31270358413461535 0.5244299663461539 0.5798045600961539 0.510314875 0.5814332235576922 0.5124864278846154 0.6026058629807692 0.5276872956730769 0.6042345288461538 0.5298588485576923 0.8094462548076924 0.568946798076923 0.8045602596153846 0.5993485336538462 0.7573289903846153 0.5939196514423076 0.4967426706730769 0.5960912043269231 0.3159609110576923
321 0.5993485336538462 0.31758957692307693 0.7252985889423077 0.31270358413461535 0.7252985889423077 0.2996742668269231 0.7176981538461539 0.14657980528846154 0.5841476658653846 0.15472312740384617 0.5874049951923077 0.3110749182692307 0.5993485336538462 0.31758957692307693
321 0.6243213894230769 0.7589576538461539 0.7155266009615384 0.7557003269230769 0.6981541802884615 0.32084690625 0.5960912043269231 0.31921824038461544 0.5993485336538462 0.7540716610576923 0.6243213894230769 0.7589576538461539
726 0.7100977187499999 0.7915309447115385 0.7068403918269232 0.6856677524038461 0.700325733173077 0.6807817596153847 0.7014115096153847 0.5358306177884615 0.6807817596153847 0.5358306177884615 0.6742671009615384 0.30944625480769233 0.6862106394230769 0.2996742668269231 0.6916395216346154 0.28664495192307693 0.6905537451923076 0.24755700240384615 0.6699239951923077 0.23615635096153845 0.6460369158653846 0.24104234615384618 0.6264929423076923 0.2508143317307692 0.6286644951923077 0.30618892548076926 0.6449511394230769 0.30618892548076926 0.6482084687499999 0.530944625 0.6254071658653846 0.5342019543269231 0.6243213894230769 0.552117264423077 0.6297502716346154 0.6368078173076923 0.6308360480769231 0.6840390889423078 0.6264929423076923 0.8013029326923077 0.6514657980769231 0.8045602596153846 0.6894679687499999 0.8029315961538461 0.7100977187499999 0.7915309447115385
321 0.7466606057692308 0 0.7166123774038462 0.1384364831730769 0.7263843653846155 0.30944625480769233 0.700325733173077 0.31433224759615386 0.7166123774038462 0.7394136802884616 0.7926167211538462 0.9951140072115384 0.9967426706730769 0.9967426706730769 0.9967426706730769 0 0.7466606057692308 0
792 0.568946798076923 0.8078175889423077 0.5287730721153846 0.8094462548076924 0.5276872956730769 0.8713355048076923 0.4940282307692308 0.9315960913461538 0.4831704663461539 0.9283387620192307 0.4831704663461539 0.94462540625 0.448425625 0.9951140072115384 0.7046688389423077 0.9967426706730769 0.7904451682692308 0.9967426706730769 0.7155266009615384 0.7459283389423077 0.5993485336538462 0.7508143317307692 0.568946798076923 0.8078175889423077