402 0 0 0 0.484375 0.4140625 0.484375 0.7473125 0 0 0
1027 0 0.0625 0.52734375 0.0625 0.52734375 0.04296875 0 0.04684627644230769 0 0.0625
1029 0 0.1875 0.09765625 0.1875 0.08203125 0.15234375 0 0.1560724423076923 0 0.1875
1027 0 0.2734375 0.4609375 0.2734375 0.4609375 0.2578125 0 0.2578125 0 0.2734375
1027 0.43359375 0.37890625 0.43359375 0.36328125 0.00390625 0.375 0.00390625 0.38671875 0.43359375 0.37890625
1027 0.1953125 0.3984375 0.1953125 0.38671875 0.07421875 0.38671875 0.08984375 0.41015625 0.1953125 0.3984375
1027 0.40625 0.4453125 0.41796875 0.4296875 0.00390625 0.44140625 0.00390625 0.4609375 0.40625 0.4453125
1523 0.7476174639423078 0 0.4140625 0.546875 0.42578125 0.72265625 0.953125 0.90234375 0.96875 0.90625 0.96875 0.88671875 0.9921875 0.88671875 0.9921875 0 0.7476174639423078 0
1108 0.6162860576923077 0 0.60546875 0.046875 0.5859375 0.0859375 0.59375 0.1171875 0.578125 0.12109375 0.55859375 0.1796875 0.53125 0.1796875 0.5234375 0.19921875 0.52734375 0.21875 0.5078125 0.21875 0.4921875 0.2421875 0.50390625 0.27734375 0.484375 0.3046875 0.48828125 0.35546875 0.4609375 0.375 0.4609375 0.40234375 0.4375 0.41015625 0.43359375 0.44140625 0.4140625 0.47265625 0.4140625 0.53515625 0.7359318389423077 0 0.6162860576923077 0
1226 0.82421875 0.34765625 0.9140625 0.28515625 0.90625 0.25 0.8125 0.31640625 0.82421875 0.34765625
1108 0.8359375 0 0.8046875 0.04296875 0.81640625 0.3046875 0.98828125 0.171875 0.98828125 0 0.8359375 0
1226 0.70703125 0.40625 0.70703125 0.43359375 0.8125 0.3515625 0.8125 0.328125 0.70703125 0.40625
1226 0.77734375 0.625 0.78125 0.65234375 0.84765625 0.640625 0.84375 0.6171875 0.77734375 0.625
1108 0.796875 0.0546875 0.74609375 0.1171875 0.74609375 0.20703125 0.69140625 0.26171875 0.6953125 0.40625 0.8125 0.3125 0.796875 0.0546875
374 0.8359375 0.421875 0.80859375 0.42578125 0.80859375 0.44140625 0.796875 0.44140625 0.77734375 0.4453125 0.78515625 0.62109375 0.875 0.60546875 0.87109375 0.41796875 0.8359375 0.421875
374 0.7890625 0.8203125 0.80859375 0.82421875 0.82421875 0.82421875 0.83203125 0.83203125 0.859375 0.83984375 0.84765625 0.64453125 0.8203125 0.64453125 0.78125 0.65234375 0.7890625 0.8203125
1226 0.85546875 0.84375 0.78515625 0.82421875 0.77734375 0.84375 0.85546875 0.87109375 0.85546875 0.84375
1226 0.94140625 0.890625 0.9375 0.86328125 0.8671875 0.84765625 0.85546875 0.83984375 0.85546875 0.8671875 0.94140625 0.890625
1227 0.69140625 0.44140625 0.65625 0.4375 0.625 0.47265625 0.5859375 0.50390625 0.55078125 0.52734375 0.546875 0.55078125 0.671875 0.46484375 0.69140625 0.44140625
1108 0.54296875 0.375 0.54296875 0.5234375 0.6015625 0.484375 0.59375 0.3515625 0.54296875 0.375
1108 0.5546875 0.609375 0.51171875 0.609375 0.515625 0.75390625 0.55078125 0.765625 0.5546875 0.609375
1226 0.20703125 0.78125 0.24609375 0.76171875 0.25 0.75 0.20703125 0.765625 0.1171875 0.765625 0.1171875 0.78125 0.20703125 0.78125
1108 0.25 0.7421875 0.24609375 0.5703125 0.20703125 0.51953125 0.1171875 0.51953125 0.11328125 0.76171875 0.20703125 0.765625 0.25 0.7421875
1108 0.34765625 0.7265625 0.38671875 0.7265625 0.40234375 0.71875 0.39453125 0.62109375 0.34765625 0.6171875 0.34765625 0.7265625
1108 0.25 0.5859375 0.25 0.73828125 0.28515625 0.734375 0.3046875 0.7265625 0.3046875 0.62109375 0.2890625 0.59375 0.25 0.5859375
1226 0 0.8515625 0.0390625 0.8515625 0.08203125 0.83203125 0.078125 0.8125 0.0390625 0.828125 0 0.8245738629807692 0 0.8515625
1108 0 0.8245738629807692 0.0390625 0.828125 0.07421875 0.80859375 0.0703125 0.5625 0.04296875 0.546875 0 0.5504557307692308 0 0.8245738629807692
1108 0.0703125 0.5625 0.07421875 0.7734375 0.09375 0.7734375 0.109375 0.765625 0.11328125 0.53125 0.09375 0.5234375 0.0078125 0.52734375 0.0078125 0.546875 0.046875 0.546875 0.0703125 0.5625
1885 0 0.738139204326923 0.42578125 0.72265625 0.4140625 0.484375 0 0.484375 0 0.738139204326923
792 0 0.9921875 0.99609375 0.9921875 0.99609375 0.88671875 0.96484375 0.88671875 0.96484375 0.90625 0.42578125 0.72265625 0.00390625 0.73828125 0 0.865234375 0 0.9921875