402 0.0078125 0 0.0078125 0.08203125 0.140625 0.08203125 0.5545099423076923 0 0.0078125 0
1523 1 0.039478901442307694 0.234375 0.12109375 0.23046875 0.39453125 1 0.549992108173077 1 0.039478901442307694
1885 0.55078125 0 0.140625 0.08203125 0.15234375 0.1953125 0.234375 0.19921875 0.234375 0.12109375 1 0.039478901442307694 1 0 0.55078125 0
1078 0.77734375 0.74609375 0.83984375 0.7578125 0.84375 0.77734375 0.96484375 0.72265625 0.9765625 0.44140625 0.9609375 0.44140625 0.96875 0.37109375 0.8359375 0.359375 0.734375 0.37109375 0.73046875 0.44140625 0.70703125 0.44140625 0.6953125 0.63671875 0.703125 0.640625 0.69921875 0.7265625 0.6953125 0.734375 0.72265625 0.72265625 0.765625 0.7421875 0.7578125 0.7578125 0.77734375 0.74609375
1078 0.4765625 0.65234375 0.640625 0.625 0.62890625 0.34765625 0.6171875 0.328125 0.54296875 0.32421875 0.421875 0.328125 0.4140625 0.3359375 0.421875 0.37890625 0.40625 0.3828125 0.40625 0.53515625 0.41015625 0.546875 0.41015625 0.62109375 0.4765625 0.65234375
1078 0.19921875 0.3046875 0.109375 0.30859375 0.11328125 0.4609375 0.16015625 0.47265625 0.2421875 0.4609375 0.23828125 0.31640625 0.19921875 0.3046875
314 0.796875 0.1171875 0.7890625 0.21484375 0.859375 0.21875 0.90234375 0.21484375 0.90234375 0.1171875 0.796875 0.1171875
314 0.5859375 0.1328125 0.5859375 0.22265625 0.66796875 0.22265625 0.671875 0.1328125 0.5859375 0.1328125
321 0.44140625 0.1484375 0.4375 0.20703125 0.48046875 0.2109375 0.53125 0.2109375 0.52734375 0.21875 0.58203125 0.21875 0.5859375 0.125 0.52734375 0.12890625 0.52734375 0.11328125 0.46484375 0.1171875 0.4609375 0.1484375 0.44140625 0.1484375
1027 0.06640625 0.03515625 0.0625 0.046875 0.23046875 0.0546875 0.234375 0.0390625 0.06640625 0.03515625
1027 0.01171875 0.0625 0.0078125 0.078125 0.11328125 0.078125 0.11328125 0.06640625 0.01171875 0.0625
792 1 0.76953125 0.99609375 0.546875 0.23046875 0.3984375 0.01171875 0.39453125 0.0078125 0.9921875 1 0.9921875 1 0.76953125
1885 0.15234375 0.1953125 0.140625 0.08203125 0.0078125 0.08203125 0.0078125 0.2578125 0.00390625 0.3984375 0.2265625 0.39453125 0.23046875 0.203125 0.15234375 0.1953125