402 0.006666665865384615 0 0.006666665865384615 0.1612903221153846 0.060000000000000005 0.18279569951923078 0.19 0.16487455288461536 0.29 0.1505376346153846 0.3766666658653846 0.14336917548076922 0.44 0.1397849471153846 0.4833333341346154 0.1397849471153846 0.5633333341346154 0.14695340384615385 0.6266666658653846 0.15770609375 0.6766666658653846 0.16845878125 0.7433333341346154 0.18996415865384617 0.9966666658653847 0.15412186298076921 1 0.07706093269230768 1 0 0.006666665865384615 0
1187 0.2933333341346154 0.5376344086538462 0.31 0.5017921153846154 0.3066666658653846 0.34767024999999996 0.2966666658653846 0.3440860216346154 0.06333333413461538 0.34767024999999996 0.006666665865384615 0.37275985576923076 0.006666665865384615 0.5340501802884615 0.2933333341346154 0.5376344086538462
655 0.03666666586538461 0.5268817211538461 0.08666666586538462 0.5232974903846154 0.08333333413461538 0.41935483894230774 0.04 0.41935483894230774 0.03666666586538461 0.5268817211538461
237 0.55 0.49103942548076923 0.56 0.49103942548076923 0.56 0.2616487451923077 0.32333333413461535 0.2616487451923077 0.3266666658653846 0.4982078846153846 0.55 0.49103942548076923
1858 0.5433333341346154 0.4229390673076923 0.5333333341346154 0.38709677403846154 0.49666666586538466 0.36200716826923074 0.41000000000000003 0.36559139903846155 0.4 0.4982078846153846 0.41333333413461537 0.5412186370192308 0.41666666586538464 0.4301075264423077 0.5433333341346154 0.4229390673076923
1856 0.6333333341346153 0.5878136201923077 0.6133333341346154 0.50537634375 0.5966666658653846 0.4587813629807692 0.5433333341346154 0.4229390673076923 0.42 0.4301075264423077 0.40333333413461536 0.6272401442307692 0.40666666586538464 0.6523297499999999 0.41333333413461537 0.6451612908653845 0.43 0.6845878125 0.4333333341346154 0.7419354831730769 0.4533333341346154 0.7419354831730769 0.4566666658653846 0.7383512548076923 0.6033333341346154 0.7347670240384615 0.6133333341346154 0.7311827956730769 0.6366666658653847 0.7347670240384615 0.64 0.7204301081730768 0.6433333341346154 0.6559139783653846 0.6366666658653847 0.6487455192307692 0.6333333341346153 0.5878136201923077
1885 0.3033333341346154 0.1505376346153846 0.23333333413461538 0.1612903221153846 0.060000000000000005 0.18279569951923078 0.06333333413461538 0.31182795673076924 0.060000000000000005 0.34767024999999996 0.3 0.3440860216346154 0.3066666658653846 0.3512544807692307 0.31 0.50537634375 0.74 0.49462365625 0.74 0.18996415865384617 0.7066666658653846 0.17921146875 0.6499999999999999 0.16487455288461536 0.6233333341346154 0.1612903221153846 0.5633333341346154 0.14695340384615385 0.4833333341346154 0.1397849471153846 0.38 0.14336917548076922 0.3033333341346154 0.1505376346153846
1885 0.060000000000000005 0.34767024999999996 0.060000000000000005 0.18279569951923078 0.006666665865384615 0.1612903221153846 0.006666665865384615 0.3154121875 0.006666665865384615 0.37275985576923076 0.060000000000000005 0.34767024999999996
1885 1 0.17921146875 0.9966666658653847 0.15412186298076921 0.74 0.19354838701923077 0.74 0.4982078846153846 1 0.6822285745192308 1 0.17921146875
1108 0.5766666658653846 0.44086021394230773 0.6 0.45519713221153846 0.6133333341346154 0.4982078846153846 0.9966666658653847 0.8745519711538462 0.9966666658653847 0.21863799278846155 0.8366666658653846 0.21505376442307694 0.83 0.19354838701923077 0.7866666658653846 0.19354838701923077 0.7833333341346154 0.20788530528846155 0.7166666658653846 0.21146953365384616 0.7066666658653846 0.23655913942307694 0.62 0.22939068028846155 0.6133333341346154 0.37275985576923076 0.5833333341346154 0.3763440865384616 0.5766666658653846 0.44086021394230773
1108 0.6666666658653846 0.8673835120192308 0.7166666658653846 0.888888889423077 0.86 0.8709677427884616 0.86 0.84229390625 0.87 0.84229390625 0.8666666658653847 0.8100358413461539 0.86 0.8100358413461539 0.86 0.7706093197115386 0.8466666658653845 0.7670250889423078 0.8466666658653845 0.7526881730769232 0.83 0.7491039423076923 0.83 0.7240143365384615 0.7966666658653847 0.7275985673076922 0.7933333341346154 0.6630824375 0.7566666658653846 0.6630824375 0.7533333341346153 0.6881720432692308 0.7 0.6810035841346154 0.6966666658653846 0.7060931899038461 0.6733333341346154 0.7096774182692307 0.6666666658653846 0.8673835120192308
1108 0.006666665865384615 0.777777778846154 0.006666665865384615 0.9964157716346154 0.22666666586538461 0.9928315408653846 0.26 0.7419354831730769 0.2566666658653846 0.6666666658653846 0.2666666658653846 0.6630824375 0.26999999999999996 0.5448028677884615 0.2933333341346154 0.5448028677884615 0.3066666658653846 0.5340501802884615 0.3066666658653846 0.49462365625 0.2666666658653846 0.4874551971153846 0.2633333341346154 0.4014336923076923 0.22666666586538461 0.4014336923076923 0.22666666586538461 0.43369175721153846 0.18 0.43369175721153846 0.17666666586538463 0.4587813629807692 0.13666666586538462 0.4587813629807692 0.1333333341346154 0.4874551971153846 0.11333333413461538 0.49103942548076923 0.11333333413461538 0.5232974903846154 0.056666665865384616 0.5268817211538461 0.056666665865384616 0.6881720432692308 0.016666665865384615 0.7598566298076924 0.006666665865384615 0.777777778846154
1359 0.03666666586538461 0.39784946153846157 0.023333334134615382 0.37275985576923076 0.006666665865384615 0.35483870913461535 0.006666665865384615 0.6881720432692308 0.01 0.7849462355769231 0.02 0.7598566298076924 0.03333333413461538 0.7383512548076923 0.04666666586538462 0.7168458774038461 0.05 0.6881720432692308 0.05 0.6093189975961538 0.04666666586538462 0.6057347668269231 0.07333333413461539 0.6129032259615385 0.11666666586538461 0.5734767019230769 0.11666666586538461 0.5483870961538462 0.09333333413461539 0.5376344086538462 0.07333333413461539 0.5232974903846154 0.03666666586538461 0.48028673798076926 0.016666665865384615 0.4516129038461539 0.016666665865384615 0.4372759855769231 0.04333333413461538 0.4301075264423077 0.053333334134615384 0.41935483894230774 0.03666666586538461 0.39784946153846157
1294 0.40333333413461536 0.7598566298076924 0.4 0.7275985673076922 0.40666666586538464 0.7025089615384614 0.41000000000000003 0.6881720432692308 0.42 0.6845878125 0.41666666586538464 0.6559139783653846 0.41000000000000003 0.6451612908653845 0.40333333413461536 0.6415770600961538 0.40333333413461536 0.6308243725961538 0.40333333413461536 0.6200716850961538 0.3866666658653846 0.6164874543269231 0.3833333341346154 0.6272401442307692 0.3866666658653846 0.6415770600961538 0.3766666658653846 0.6487455192307692 0.36 0.673835125 0.3766666658653846 0.6845878125 0.37 0.7240143365384615 0.3733333341346154 0.7275985673076922 0.3733333341346154 0.7598566298076924 0.3866666658653846 0.7706093197115386 0.4 0.7706093197115386 0.40333333413461536 0.7598566298076924
1286 0.3066666658653846 0.5698924735576922 0.31 0.5770609326923076 0.31 0.584229391826923 0.2933333341346154 0.5913978485576923 0.2933333341346154 0.594982079326923 0.3033333341346154 0.5913978485576923 0.31 0.5985663076923077 0.3166666658653846 0.5985663076923077 0.32333333413461535 0.5985663076923077 0.33666666586538463 0.6093189975961538 0.33666666586538463 0.6200716850961538 0.3266666658653846 0.6272401442307692 0.3266666658653846 0.6379928317307691 0.34333333413461536 0.6559139783653846 0.34333333413461536 0.6487455192307692 0.35 0.6415770600961538 0.34666666586538464 0.6272401442307692 0.35 0.6200716850961538 0.34666666586538464 0.5878136201923077 0.33666666586538463 0.584229391826923 0.33 0.5770609326923076 0.33 0.5663082427884615 0.3266666658653846 0.5591397860576923 0.3133333341346154 0.5591397860576923 0.3066666658653846 0.5698924735576922
1286 0.2866666658653846 0.6057347668269231 0.2866666658653846 0.6200716850961538 0.2866666658653846 0.6379928317307691 0.2866666658653846 0.6630824375 0.2966666658653846 0.6810035841346154 0.2966666658653846 0.6702508966346153 0.3 0.6379928317307691 0.31 0.6308243725961538 0.3 0.6236559134615385 0.31 0.6164874543269231 0.31 0.6021505384615384 0.3033333341346154 0.5913978485576923 0.2933333341346154 0.5913978485576923 0.2866666658653846 0.5985663076923077 0.2866666658653846 0.6057347668269231
1294 0.3066666658653846 0.6200716850961538 0.3066666658653846 0.6308243725961538 0.3 0.6415770600961538 0.2966666658653846 0.7204301081730768 0.3066666658653846 0.7311827956730769 0.3066666658653846 0.7706093197115386 0.3033333341346154 0.8136200721153847 0.3166666658653846 0.8172043004807693 0.33999999999999997 0.8172043004807693 0.33333333413461536 0.8136200721153847 0.34666666586538464 0.8136200721153847 0.34666666586538464 0.8064516129807693 0.33666666586538463 0.8028673846153846 0.33333333413461536 0.7275985673076922 0.33666666586538463 0.7204301081730768 0.34666666586538464 0.7311827956730769 0.34666666586538464 0.7240143365384615 0.34666666586538464 0.6989247307692307 0.34666666586538464 0.6666666658653846 0.34333333413461536 0.6594982067307692 0.33 0.6415770600961538 0.32333333413461535 0.6308243725961538 0.33 0.6308243725961538 0.33666666586538463 0.6200716850961538 0.33333333413461536 0.6093189975961538 0.33 0.5985663076923077 0.3166666658653846 0.5985663076923077 0.3066666658653846 0.6021505384615384 0.3066666658653846 0.6129032259615385 0.3066666658653846 0.6200716850961538
792 1 0.937275985576923 0.9966666658653847 0.8781361995192308 0.61 0.4982078846153846 0.32333333413461535 0.5017921153846154 0.27333333413461536 0.5448028677884615 0.006666665865384615 0.9928315408653846 1 0.9964037860576924 1 0.937275985576923
1027 0.8099999999999999 0 0.8099999999999999 0.028673834134615384 0.8166666658653846 0.028673834134615384 0.8166666658653846 0.03584229326923077 0.8033333341346154 0.05017921153846154 0.7966666658653847 0.06810035817307693 0.8033333341346154 0.07885304567307692 0.83 0.08243727644230768 0.8500000000000001 0.0752688173076923 0.8500000000000001 0.06451612980769231 0.84 0.05017921153846154 0.8333333341346154 0.03942652403846154 0.83 0.028673834134615384 0.8366666658653846 0.021505377403846154 0.8333333341346154 0 0.8099999999999999 0
1027 0.6900000000000001 0.09677419471153846 0.6933333341346154 0.09677419471153846 0.6933333341346154 0.07885304567307692 0.6766666658653846 0.07885304567307692 0.6766666658653846 0.09677419471153846 0.6833333341346154 0.1039426514423077 0.6766666658653846 0.10752688221153847 0.6666666658653846 0.11469534134615385 0.6633333341346154 0.13261648798076922 0.67 0.1397849471153846 0.6866666658653846 0.1397849471153846 0.7 0.1397849471153846 0.7100000000000001 0.13261648798076922 0.7066666658653846 0.11827956971153847 0.7033333341346153 0.10752688221153847 0.6933333341346154 0.10752688221153847 0.6900000000000001 0.1039426514423077 0.6900000000000001 0.09677419471153846
1027 0.2933333341346154 0 0.2933333341346154 0.017921146634615383 0.3033333341346154 0.01433691826923077 0.3033333341346154 0.02508960576923077 0.2966666658653846 0.028673834134615384 0.2866666658653846 0.03942652403846154 0.2833333341346154 0.05376343990384615 0.2866666658653846 0.06810035817307693 0.3033333341346154 0.0716845889423077 0.32 0.0716845889423077 0.33999999999999997 0.06093189903846154 0.33333333413461536 0.03584229326923077 0.32333333413461535 0.032258064903846154 0.3133333341346154 0.028673834134615384 0.3133333341346154 0.017921146634615383 0.32333333413461535 0.01433691826923077 0.32333333413461535 0 0.2933333341346154 0