402 0.4619140625 0.36328125 0.7666015625 0.35546875 0.8134765625 0.001953125 0.0029296875 0.0006510408653846154 0.0029296875 0.2903645841346154 0.384765625 0.36197916586538464 0.4619140625 0.36328125
1885 0.92724609375 0.87109375 1 0.994140625 0.99951171875 0.004557290865384616 0.8125 0.001953125 0.7646484375 0.35807291586538464 0.765625 0.521484375 0.8544921875 0.71484375 0.89453125 0.71484375 0.95947265625 0.8098958341346154 0.95654296875 0.8385416658653846 0.92822265625 0.8359375 0.92724609375 0.87109375
1885 0.68408203125 0.5162760408653846 0.68603515625 0.517578125 0.63525390625 0.5188802091346154 0.76171875 0.517578125 0.763671875 0.35807291586538464 0.4287109375 0.36197916586538464 0.4306640625 0.5149739591346154 0.68408203125 0.5162760408653846
792 0.76171875 0.517578125 0.4287109375 0.5162760408653846 0.00390625 0.517578125 0.0029296875 0.998046875 0.99853515625 0.9967447908653846 0.92529296875 0.8756510408653846 0.92724609375 0.8372395841346154 0.95556640625 0.8385416658653846 0.95849609375 0.80859375 0.89453125 0.71484375 0.85546875 0.71484375 0.76171875 0.517578125
655 0.95751953125 0.8111979158653846 0.96044921875 0.009765625 0.92626953125 0.007161459134615384 0.9013671875 0.06575520913461538 0.8916015625 0.7109375 0.95751953125 0.8111979158653846
1377 0.892578125 0.8671875 0.8955078125 0.42122395913461536 0.880859375 0.42252604086538464 0.865234375 0.42252604086538464 0.861328125 0.8645833341346154 0.875 0.8697916658653846 0.892578125 0.8671875
1377 0.78515625 0.7122395841346154 0.8046875 0.7122395841346154 0.8056640625 0.45377604086538464 0.806640625 0.44205729086538464 0.7861328125 0.443359375 0.78515625 0.7122395841346154
663 0.61669921875 0.501953125 0.62939453125 0.501953125 0.62841796875 0.46549479086538464 0.61669921875 0.46549479086538464 0.61669921875 0.501953125
1523 0.65673828125 0.09440104086538462 0.65576171875 0.08658854086538462 0.64794921875 0.087890625 0.64794921875 0.67578125 0.759765625 0.6809895841346154 0.8408203125 0.6901041658653846 0.8466796875 0.076171875 0.837890625 0.076171875 0.8310546875 0.115234375 0.763671875 0.125 0.765625 0.07747395913461538 0.7548828125 0.07747395913461538 0.7548828125 0.09309895913461538 0.65673828125 0.09440104086538462
1523 0.26513671875 0.18098958413461538 0.26123046875 0.5592447908653846 0.25537109375 0.560546875 0.25439453125 0.67578125 0.33056640625 0.68359375 0.34326171875 0.67578125 0.34228515625 0.5696614591346154 0.35546875 0.5709635408653846 0.3564453125 0.63671875 0.4228515625 0.6393229158653846 0.4248046875 0.6100260408653846 0.478515625 0.611328125 0.478515625 0.591796875 0.517578125 0.5944010408653846 0.517578125 0.5774739591346154 0.54736328125 0.5774739591346154 0.54541015625 0.564453125 0.57080078125 0.5670572908653846 0.57080078125 0.548828125 0.58544921875 0.556640625 0.58642578125 0.5436197908653846 0.60107421875 0.5475260408653846 0.68115234375 0.501953125 0.67822265625 0.41471354086538464 0.33740234375 0.1796875 0.33544921875 0.21875 0.26513671875 0.18098958413461538
1526 0.0029296875 0.23177083413461538 0.0048828125 0.6536458341346154 0.0166015625 0.6536458341346154 0.017578125 0.5240885408653846 0.0244140625 0.5240885408653846 0.0263671875 0.6178385408653846 0.078125 0.6263020841346154 0.0771484375 0.5904947908653846 0.09375 0.5904947908653846 0.0927734375 0.623046875 0.1494140625 0.62890625 0.1494140625 0.595703125 0.23876953125 0.599609375 0.23876953125 0.580078125 0.25048828125 0.583984375 0.25341796875 0.583984375 0.64306640625 0.501953125 0.64306640625 0.43684895913461536 0.0146484375 0.20703125 0.0107421875 0.23697916586538462 0.0029296875 0.23177083413461538
501 0.16259765625 0.04752604086538462 0.15966796875 0.6061197908653846 0.17822265625 0.6061197908653846 0.17919921875 0.05533854086538462 0.16259765625 0.04752604086538462
104 0.142578125 0.2565104158653846 0.1455078125 0.18619791586538462 0.0595703125 0.14583333413461538 0.0234375 0.1484375 0.025390625 0.2265625 0.05859375 0.22916666586538462 0.142578125 0.2565104158653846
1027 0.419921875 0.12630208413461538 0.4169921875 0.111328125 0.4052734375 0.11263020913461538 0.404296875 0.10091145913461538 0.40234375 0.115234375 0.3955078125 0.119140625 0.3955078125 0.13020833413461538 0.4013671875 0.13802083413461538 0.4111328125 0.13802083413461538 0.41796875 0.13541666586538462 0.419921875 0.12630208413461538
1027 0.61572265625 0.11263020913461538 0.61376953125 0.099609375 0.60498046875 0.09309895913461538 0.60400390625 0.064453125 0.60205078125 0.09440104086538462 0.59521484375 0.09700520913461538 0.59130859375 0.099609375 0.59130859375 0.107421875 0.59326171875 0.119140625 0.59912109375 0.12630208413461538 0.60791015625 0.125 0.61376953125 0.123046875 0.61572265625 0.11263020913461538