864 0.008888889423076923 0.2557377043269231 0.9977777788461538 0.2 0.9977777788461538 0.07868852403846154 0.008888889423076923 0.18032786778846152 0.008888889423076923 0.2557377043269231
402 0.006666665865384615 0 0.006666665865384615 0.17377049278846154 0.9977777788461538 0.07540983653846153 0.9977777788461538 0 0.006666665865384615 0
262 0.9088888894230769 0.8131147548076924 0.9244444447115385 0.7311475408653846 0.9266666658653846 0.6065573774038462 0.7422222211538462 0.5704918028846154 0.7377777788461538 0.7639344254807692 0.9088888894230769 0.8131147548076924
1347 0.1311111105769231 0.5737704927884615 0.3911111105769231 0.6655737716346154 0.4311111105769231 0.6065573774038462 0.17111111057692308 0.5377049182692308 0.1311111105769231 0.5737704927884615
1348 0.30888888942307696 0.7704918028846154 0.34666666586538464 0.7737704927884616 0.38444444471153844 0.7409836057692308 0.38444444471153844 0.6786885240384616 0.11555555528846154 0.5934426225961539 0.07111111057692308 0.6327868846153847 0.07333333413461539 0.655737704326923 0.3111111105769231 0.7409836057692308 0.30888888942307696 0.7704918028846154
1348 0.21777777884615385 0.7639344254807692 0.22444444471153846 0.8 0.2577777788461538 0.8131147548076924 0.3066666658653846 0.7770491802884615 0.3066666658653846 0.7475409831730769 0.048888889423076926 0.6393442620192308 0.011111110576923076 0.6655737716346154 0.21777777884615385 0.7639344254807692
1348 0.0044444447115384615 0.7836065576923077 0.16444444471153846 0.8655737716346154 0.22222222115384616 0.8196721322115385 0.21777777884615385 0.7639344254807692 0.006666665865384615 0.6721311466346154 0.0044444447115384615 0.7836065576923077
262 0.5022222211538462 0.9934426225961539 0.5511111105769231 0.9213114759615385 0.5399999999999999 0.7213114759615386 0.4911111105769231 0.7049180336538462 0.3666666658653846 0.8491803269230769 0.3644444447115385 0.9934426225961539 0.5022222211538462 0.9934426225961539
1904 0.006666665865384615 0 0.006666665865384615 0.9934426225961539 0.9977777788461538 0.9901639350961537 0.9977777788461538 0 0.006666665865384615 0
1885 0.5866666658653846 0.2163934423076923 0.5955555552884616 0.4163934423076923 0.971111110576923 0.4524590168269231 0.9977777788461538 0.4524590168269231 0.9977777788461538 0.2032786875 0.5866666658653846 0.2163934423076923
1885 0.011111110576923076 0.6754098365384615 0.011111110576923076 0.7114754086538462 0.5711111105769231 0.43934426201923077 0.5955555552884616 0.4196721322115385 0.5844444447115384 0.22622950721153845 0.008888889423076923 0.2655737716346154 0.011111110576923076 0.6754098365384615
792 0.006666665865384615 0.9901639350961537 0.9977777788461538 0.9836065576923076 0.9866666658653845 0.9770491802884614 0.9977777788461538 0.9704918028846153 0.9933333341346154 0.45901639423076923 0.5977777788461538 0.4163934423076923 0.0044444447115384615 0.7180327860576923 0.006666665865384615 0.9901639350961537
1348 0.07111111057692308 0.9377049182692307 0.12000000000000001 0.9114754086538461 0.10888888942307692 0.8655737716346154 0.011111110576923076 0.8 0.008888889423076923 0.9180327860576922 0.07111111057692308 0.9377049182692307