402 0 0 0 0.07706093269230768 0.0033333341346153847 0.15412186298076921 0.2566666658653846 0.18996415865384617 0.32333333413461535 0.16845878125 0.3733333341346154 0.15770609375 0.4366666658653846 0.14695340384615385 0.5166666658653847 0.1397849471153846 0.56 0.1397849471153846 0.6233333341346154 0.14336917548076922 0.7100000000000001 0.1505376346153846 0.8099999999999999 0.16487455288461536 0.9400000000000001 0.18279569951923078 0.9933333341346154 0.1612903221153846 0.9933333341346154 0 0 0
1187 0.9933333341346154 0.5340501802884615 0.9933333341346154 0.37275985576923076 0.9366666658653846 0.34767024999999996 0.7033333341346153 0.3440860216346154 0.6933333341346154 0.34767024999999996 0.6900000000000001 0.5017921153846154 0.7066666658653846 0.5376344086538462 0.9933333341346154 0.5340501802884615
655 0.9600000000000001 0.41935483894230774 0.9166666658653846 0.41935483894230774 0.9133333341346154 0.5232974903846154 0.9633333341346154 0.5268817211538461 0.9600000000000001 0.41935483894230774
237 0.6733333341346154 0.4982078846153846 0.6766666658653846 0.2616487451923077 0.44 0.2616487451923077 0.44 0.49103942548076923 0.44999999999999996 0.49103942548076923 0.6733333341346154 0.4982078846153846
1858 0.5833333341346154 0.4301075264423077 0.5866666658653846 0.5412186370192308 0.6 0.4982078846153846 0.59 0.36559139903846155 0.5033333341346153 0.36200716826923074 0.4666666658653846 0.38709677403846154 0.4566666658653846 0.4229390673076923 0.5833333341346154 0.4301075264423077
1856 0.3633333341346154 0.6487455192307692 0.35666666586538465 0.6559139783653846 0.36 0.7204301081730768 0.3633333341346154 0.7347670240384615 0.3866666658653846 0.7311827956730769 0.39666666586538457 0.7347670240384615 0.5433333341346154 0.7383512548076923 0.5466666658653846 0.7419354831730769 0.5666666658653846 0.7419354831730769 0.5700000000000001 0.6845878125 0.5866666658653846 0.6451612908653845 0.5933333341346153 0.6523297499999999 0.5966666658653846 0.6272401442307692 0.58 0.4301075264423077 0.4566666658653846 0.4229390673076923 0.40333333413461536 0.4587813629807692 0.3866666658653846 0.50537634375 0.3666666658653846 0.5878136201923077 0.3633333341346154 0.6487455192307692
1885 0.62 0.14336917548076922 0.5166666658653847 0.1397849471153846 0.4366666658653846 0.14695340384615385 0.3766666658653846 0.1612903221153846 0.35 0.16487455288461536 0.2933333341346154 0.17921146875 0.26 0.18996415865384617 0.26 0.49462365625 0.6900000000000001 0.50537634375 0.6933333341346154 0.3512544807692307 0.7 0.3440860216346154 0.9400000000000001 0.34767024999999996 0.9366666658653846 0.31182795673076924 0.9400000000000001 0.18279569951923078 0.7666666658653847 0.1612903221153846 0.6966666658653846 0.1505376346153846 0.62 0.14336917548076922
1885 0.9933333341346154 0.37275985576923076 0.9933333341346154 0.3154121875 0.9933333341346154 0.1612903221153846 0.9400000000000001 0.18279569951923078 0.9400000000000001 0.34767024999999996 0.9933333341346154 0.37275985576923076
1885 0 0.6822285745192308 0.26 0.4982078846153846 0.26 0.19354838701923077 0.0033333341346153847 0.15412186298076921 0 0.17921146875 0 0.6822285745192308
1108 0.41666666586538464 0.3763440865384616 0.3866666658653846 0.37275985576923076 0.38 0.22939068028846155 0.2933333341346154 0.23655913942307694 0.2833333341346154 0.21146953365384616 0.2166666658653846 0.20788530528846155 0.2133333341346154 0.19354838701923077 0.16999999999999998 0.19354838701923077 0.1633333341346154 0.21505376442307694 0.0033333341346153847 0.21863799278846155 0.0033333341346153847 0.8745519711538462 0.3866666658653846 0.4982078846153846 0.4 0.45519713221153846 0.4233333341346154 0.44086021394230773 0.41666666586538464 0.3763440865384616
1108 0.3266666658653846 0.7096774182692307 0.3033333341346154 0.7060931899038461 0.3 0.6810035841346154 0.2466666658653846 0.6881720432692308 0.2433333341346154 0.6630824375 0.2066666658653846 0.6630824375 0.2033333341346154 0.7275985673076922 0.16999999999999998 0.7240143365384615 0.16999999999999998 0.7491039423076923 0.1533333341346154 0.7526881730769232 0.1533333341346154 0.7670250889423078 0.14 0.7706093197115386 0.14 0.8100358413461539 0.1333333341346154 0.8100358413461539 0.13 0.84229390625 0.14 0.84229390625 0.14 0.8709677427884616 0.2833333341346154 0.888888889423077 0.33333333413461536 0.8673835120192308 0.3266666658653846 0.7096774182692307
1108 0.9833333341346153 0.7598566298076924 0.9433333341346154 0.6881720432692308 0.9433333341346154 0.5268817211538461 0.8866666658653847 0.5232974903846154 0.8866666658653847 0.49103942548076923 0.8666666658653847 0.4874551971153846 0.8633333341346153 0.4587813629807692 0.8233333341346154 0.4587813629807692 0.8200000000000001 0.43369175721153846 0.7733333341346154 0.43369175721153846 0.7733333341346154 0.4014336923076923 0.7366666658653845 0.4014336923076923 0.7333333341346153 0.4874551971153846 0.6933333341346154 0.49462365625 0.6933333341346154 0.5340501802884615 0.7066666658653846 0.5448028677884615 0.73 0.5448028677884615 0.7333333341346153 0.6630824375 0.7433333341346154 0.6666666658653846 0.74 0.7419354831730769 0.7733333341346154 0.9928315408653846 0.9933333341346154 0.9964157716346154 0.9933333341346154 0.777777778846154 0.9833333341346153 0.7598566298076924
1359 0.9466666658653846 0.41935483894230774 0.9566666658653846 0.4301075264423077 0.9833333341346153 0.4372759855769231 0.9833333341346153 0.4516129038461539 0.9633333341346154 0.48028673798076926 0.9266666658653846 0.5232974903846154 0.9066666658653847 0.5376344086538462 0.8833333341346153 0.5483870961538462 0.8833333341346153 0.5734767019230769 0.9266666658653846 0.6129032259615385 0.9533333341346153 0.6057347668269231 0.95 0.6093189975961538 0.95 0.6881720432692308 0.9533333341346153 0.7168458774038461 0.9666666658653846 0.7383512548076923 0.98 0.7598566298076924 0.99 0.7849462355769231 0.9933333341346154 0.6881720432692308 0.9933333341346154 0.35483870913461535 0.9766666658653846 0.37275985576923076 0.9633333341346154 0.39784946153846157 0.9466666658653846 0.41935483894230774
1294 0.6 0.7706093197115386 0.6133333341346154 0.7706093197115386 0.6266666658653846 0.7598566298076924 0.6266666658653846 0.7275985673076922 0.63 0.7240143365384615 0.6233333341346154 0.6845878125 0.64 0.673835125 0.6233333341346154 0.6487455192307692 0.6133333341346154 0.6415770600961538 0.6166666658653847 0.6272401442307692 0.6133333341346154 0.6164874543269231 0.5966666658653846 0.6200716850961538 0.5966666658653846 0.6308243725961538 0.5966666658653846 0.6415770600961538 0.59 0.6451612908653845 0.5833333341346154 0.6559139783653846 0.58 0.6845878125 0.59 0.6881720432692308 0.5933333341346153 0.7025089615384614 0.6 0.7275985673076922 0.5966666658653846 0.7598566298076924 0.6 0.7706093197115386
1286 0.6866666658653846 0.5591397860576923 0.6733333341346154 0.5591397860576923 0.67 0.5663082427884615 0.67 0.5770609326923076 0.6633333341346154 0.584229391826923 0.6533333341346155 0.5878136201923077 0.6499999999999999 0.6200716850961538 0.6533333341346155 0.6272401442307692 0.6499999999999999 0.6415770600961538 0.6566666658653847 0.6487455192307692 0.6566666658653847 0.6559139783653846 0.6733333341346154 0.6379928317307691 0.6733333341346154 0.6272401442307692 0.6633333341346154 0.6200716850961538 0.6633333341346154 0.6093189975961538 0.6766666658653846 0.5985663076923077 0.6833333341346154 0.5985663076923077 0.6900000000000001 0.5985663076923077 0.6966666658653846 0.5913978485576923 0.7066666658653846 0.594982079326923 0.7066666658653846 0.5913978485576923 0.6900000000000001 0.584229391826923 0.6900000000000001 0.5770609326923076 0.6933333341346154 0.5698924735576922 0.6866666658653846 0.5591397860576923
1286 0.7133333341346154 0.5985663076923077 0.7066666658653846 0.5913978485576923 0.6966666658653846 0.5913978485576923 0.6900000000000001 0.6021505384615384 0.6900000000000001 0.6164874543269231 0.7 0.6236559134615385 0.6900000000000001 0.6308243725961538 0.7 0.6379928317307691 0.7033333341346153 0.6702508966346153 0.7033333341346153 0.6810035841346154 0.7133333341346154 0.6630824375 0.7133333341346154 0.6379928317307691 0.7133333341346154 0.6200716850961538 0.7133333341346154 0.6057347668269231 0.7133333341346154 0.5985663076923077
1294 0.6933333341346154 0.6129032259615385 0.6933333341346154 0.6021505384615384 0.6833333341346154 0.5985663076923077 0.67 0.5985663076923077 0.6666666658653846 0.6093189975961538 0.6633333341346154 0.6200716850961538 0.67 0.6308243725961538 0.6766666658653846 0.6308243725961538 0.67 0.6415770600961538 0.6566666658653847 0.6594982067307692 0.6533333341346155 0.6666666658653846 0.6533333341346155 0.6989247307692307 0.6533333341346155 0.7240143365384615 0.6533333341346155 0.7311827956730769 0.6633333341346154 0.7204301081730768 0.6666666658653846 0.7275985673076922 0.6633333341346154 0.8028673846153846 0.6533333341346155 0.8064516129807693 0.6533333341346155 0.8136200721153847 0.6666666658653846 0.8136200721153847 0.66 0.8172043004807693 0.6833333341346154 0.8172043004807693 0.6966666658653846 0.8136200721153847 0.6933333341346154 0.7706093197115386 0.6933333341346154 0.7311827956730769 0.7033333341346153 0.7204301081730768 0.7 0.6415770600961538 0.6933333341346154 0.6308243725961538 0.6933333341346154 0.6200716850961538 0.6933333341346154 0.6129032259615385
792 0 0.9964037860576924 0.9933333341346154 0.9928315408653846 0.7266666658653846 0.5448028677884615 0.6766666658653846 0.5017921153846154 0.39 0.4982078846153846 0.0033333341346153847 0.8781361995192308 0 0.937275985576923 0 0.9964037860576924
1027 0.16666666586538462 0 0.1633333341346154 0.021505377403846154 0.16999999999999998 0.028673834134615384 0.16666666586538462 0.03942652403846154 0.16 0.05017921153846154 0.15 0.06451612980769231 0.15 0.0752688173076923 0.16999999999999998 0.08243727644230768 0.19666666586538462 0.07885304567307692 0.2033333341346154 0.06810035817307693 0.19666666586538462 0.05017921153846154 0.1833333341346154 0.03584229326923077 0.1833333341346154 0.028673834134615384 0.19 0.028673834134615384 0.19 0 0.16666666586538462 0
1027 0.31 0.1039426514423077 0.3066666658653846 0.10752688221153847 0.2966666658653846 0.10752688221153847 0.2933333341346154 0.11827956971153847 0.29 0.13261648798076922 0.3 0.1397849471153846 0.3133333341346154 0.1397849471153846 0.33 0.1397849471153846 0.33666666586538463 0.13261648798076922 0.33333333413461536 0.11469534134615385 0.32333333413461535 0.10752688221153847 0.3166666658653846 0.1039426514423077 0.32333333413461535 0.09677419471153846 0.32333333413461535 0.07885304567307692 0.3066666658653846 0.07885304567307692 0.3066666658653846 0.09677419471153846 0.31 0.09677419471153846 0.31 0.1039426514423077
1027 0.6766666658653846 0 0.6766666658653846 0.01433691826923077 0.6866666658653846 0.017921146634615383 0.6866666658653846 0.028673834134615384 0.6766666658653846 0.032258064903846154 0.6666666658653846 0.03584229326923077 0.66 0.06093189903846154 0.6799999999999999 0.0716845889423077 0.6966666658653846 0.0716845889423077 0.7133333341346154 0.06810035817307693 0.7166666658653846 0.05376343990384615 0.7133333341346154 0.03942652403846154 0.7033333341346153 0.028673834134615384 0.6966666658653846 0.02508960576923077 0.6966666658653846 0.01433691826923077 0.7066666658653846 0.017921146634615383 0.7066666658653846 0 0.6766666658653846 0