321 0.26953125 0.921875 0.29296875 0.99609375 0.6875 0.98828125 0.703125 0.703125 0.6328125 0.66796875 0.5859375 0.66796875 0.58984375 0.640625 0.56640625 0.6171875 0.44921875 0.62109375 0.4453125 0.6484375 0.28125 0.65234375 0.26953125 0.921875
314 0.125 0.99609375 0.140625 0.98046875 0.12890625 0.8203125 0.0078125 0.81640625 0.0078125 0.99609375 0.125 0.99609375
402 0.0078125 0 0.00390625 0.20703125 0.12109375 0.265625 0.55078125 0.26953125 0.99609375 0.0546875 1 0.02734375 1 0 0.0078125 0
1523 0.09375 0.10546875 0.0859375 0.21484375 0.0078125 0.203125 0.0078125 0.66796875 0.55859375 0.6484375 0.5625 0.609375 0.55859375 0.27734375 0.484375 0.2734375 0.48046875 0.28125 0.46484375 0.2734375 0.46484375 0.27734375 0.33203125 0.28125 0.328125 0.30859375 0.109375 0.3046875 0.109375 0.10546875 0.09375 0.10546875
1523 0.5625 0.265625 0.5625 0.2734375 0.5546875 0.640625 0.99609375 0.9453125 0.99609375 0.28125 0.98828125 0.27734375 0.98828125 0.13671875 0.97265625 0.13671875 0.97265625 0.15625 0.921875 0.17578125 0.921875 0.1640625 0.91015625 0.1640625 0.90625 0.28125 0.6640625 0.2734375 0.66796875 0.0234375 0.65625 0.0234375 0.65234375 0.26171875 0.62890625 0.26953125 0.62890625 0.02734375 0.6171875 0.0234375 0.6171875 0.234375 0.5625 0.265625
321 1 0.7756696442307691 0.9765625 0.765625 0.9296875 0.7734375 0.92578125 0.88671875 0.9140625 0.890625 0.91796875 0.91796875 0.97265625 0.94921875 0.99609375 0.94140625 1 0.859375 1 0.7756696442307691
1108 0.2109375 0.32421875 0.171875 0.3203125 0.171875 0.42578125 0.37109375 0.4296875 0.37109375 0.37109375 0.3203125 0.3671875 0.31640625 0.34375 0.26953125 0.34375 0.26953125 0.32421875 0.23828125 0.32421875 0.23828125 0.3359375 0.2109375 0.3359375 0.2109375 0.32421875
1885 1 0.103515625 0.99609375 0.0546875 0.5625 0.26953125 0.5625 0.640625 0.99609375 0.94140625 1 0.546875 1 0.103515625
792 1 0.96875 0.99609375 0.9453125 0.55078125 0.64453125 0.0078125 0.6640625 0.0078125 0.9921875 1 0.9921875 1 0.96875
321 0.66015625 0.359375 0.66015625 0.4296875 0.9375 0.43359375 0.9375 0.36328125 0.78515625 0.35546875 0.77734375 0.3203125 0.69140625 0.31640625 0.69140625 0.36328125 0.66015625 0.359375
1027 0.18359375 0.13671875 0.18359375 0.12890625 0.171875 0.12890625 0.171875 0.1171875 0.16796875 0.1328125 0.16015625 0.1328125 0.16015625 0.13671875 0.16796875 0.13671875 0.15625 0.140625 0.140625 0.15625 0.140625 0.1796875 0.14453125 0.1875 0.1640625 0.1875 0.1953125 0.1875 0.203125 0.17578125 0.19921875 0.1484375 0.17578125 0.13671875 0.18359375 0.13671875