402 0.615234375 0.36197916586538464 0.9970703125 0.2903645841346154 0.9970703125 0.0006510408653846154 0.1865234375 0.001953125 0.2333984375 0.35546875 0.5380859375 0.36328125 0.615234375 0.36197916586538464
1885 0.07177734375 0.8359375 0.04345703125 0.8385416658653846 0.04052734375 0.8098958341346154 0.10546875 0.71484375 0.1455078125 0.71484375 0.234375 0.521484375 0.2353515625 0.35807291586538464 0.1875 0.001953125 0.00048828125 0.004557290865384616 0 0.994140625 0.07275390625 0.87109375 0.07177734375 0.8359375
1885 0.5693359375 0.5149739591346154 0.5712890625 0.36197916586538464 0.236328125 0.35807291586538464 0.23828125 0.517578125 0.36474609375 0.5188802091346154 0.31396484375 0.517578125 0.31591796875 0.5162760408653846 0.5693359375 0.5149739591346154
792 0.14453125 0.71484375 0.10546875 0.71484375 0.04150390625 0.80859375 0.04443359375 0.8385416658653846 0.07275390625 0.8372395841346154 0.07470703125 0.8756510408653846 0.00146484375 0.9967447908653846 0.9970703125 0.998046875 0.99609375 0.517578125 0.5712890625 0.5162760408653846 0.23828125 0.517578125 0.14453125 0.71484375
655 0.1083984375 0.7109375 0.0986328125 0.06575520913461538 0.07373046875 0.007161459134615384 0.03955078125 0.009765625 0.04248046875 0.8111979158653846 0.1083984375 0.7109375
1377 0.125 0.8697916658653846 0.138671875 0.8645833341346154 0.134765625 0.42252604086538464 0.119140625 0.42252604086538464 0.1044921875 0.42122395913461536 0.107421875 0.8671875 0.125 0.8697916658653846
1377 0.2138671875 0.443359375 0.193359375 0.44205729086538464 0.1943359375 0.45377604086538464 0.1953125 0.7122395841346154 0.21484375 0.7122395841346154 0.2138671875 0.443359375
663 0.38330078125 0.46549479086538464 0.37158203125 0.46549479086538464 0.37060546875 0.501953125 0.38330078125 0.501953125 0.38330078125 0.46549479086538464
1523 0.2451171875 0.09309895913461538 0.2451171875 0.07747395913461538 0.234375 0.07747395913461538 0.236328125 0.125 0.1689453125 0.115234375 0.162109375 0.076171875 0.1533203125 0.076171875 0.1591796875 0.6901041658653846 0.240234375 0.6809895841346154 0.35205078125 0.67578125 0.35205078125 0.087890625 0.34423828125 0.08658854086538462 0.34326171875 0.09440104086538462 0.2451171875 0.09309895913461538
1523 0.66455078125 0.21875 0.66259765625 0.1796875 0.32177734375 0.41471354086538464 0.31884765625 0.501953125 0.39892578125 0.5475260408653846 0.41357421875 0.5436197908653846 0.41455078125 0.556640625 0.42919921875 0.548828125 0.42919921875 0.5670572908653846 0.45458984375 0.564453125 0.45263671875 0.5774739591346154 0.482421875 0.5774739591346154 0.482421875 0.5944010408653846 0.521484375 0.591796875 0.521484375 0.611328125 0.5751953125 0.6100260408653846 0.5771484375 0.6393229158653846 0.6435546875 0.63671875 0.64453125 0.5709635408653846 0.65771484375 0.5696614591346154 0.65673828125 0.67578125 0.66943359375 0.68359375 0.74560546875 0.67578125 0.74462890625 0.560546875 0.73876953125 0.5592447908653846 0.73486328125 0.18098958413461538 0.66455078125 0.21875
1526 0.9892578125 0.23697916586538462 0.9853515625 0.20703125 0.35693359375 0.43684895913461536 0.35693359375 0.501953125 0.74658203125 0.583984375 0.74951171875 0.583984375 0.76123046875 0.580078125 0.76123046875 0.599609375 0.8505859375 0.595703125 0.8505859375 0.62890625 0.9072265625 0.623046875 0.90625 0.5904947908653846 0.9228515625 0.5904947908653846 0.921875 0.6263020841346154 0.9736328125 0.6178385408653846 0.9755859375 0.5240885408653846 0.982421875 0.5240885408653846 0.9833984375 0.6536458341346154 0.9951171875 0.6536458341346154 0.9970703125 0.23177083413461538 0.9892578125 0.23697916586538462
501 0.82080078125 0.05533854086538462 0.82177734375 0.6061197908653846 0.84033203125 0.6061197908653846 0.83740234375 0.04752604086538462 0.82080078125 0.05533854086538462
104 0.94140625 0.22916666586538462 0.974609375 0.2265625 0.9765625 0.1484375 0.9404296875 0.14583333413461538 0.8544921875 0.18619791586538462 0.857421875 0.2565104158653846 0.94140625 0.22916666586538462
1027 0.58203125 0.13541666586538462 0.5888671875 0.13802083413461538 0.5986328125 0.13802083413461538 0.6044921875 0.13020833413461538 0.6044921875 0.119140625 0.59765625 0.115234375 0.595703125 0.10091145913461538 0.5947265625 0.11263020913461538 0.5830078125 0.111328125 0.580078125 0.12630208413461538 0.58203125 0.13541666586538462
1027 0.38623046875 0.123046875 0.39208984375 0.125 0.40087890625 0.12630208413461538 0.40673828125 0.119140625 0.40869140625 0.107421875 0.40869140625 0.099609375 0.40478515625 0.09700520913461538 0.39794921875 0.09440104086538462 0.39599609375 0.064453125 0.39501953125 0.09309895913461538 0.38623046875 0.099609375 0.38427734375 0.11263020913461538 0.38623046875 0.123046875