402 0.31 0 0.40599999999999997 0.11377245432692308 0.7314358990384615 0 0.31 0
1885 0.74 0 0.40599999999999997 0.11676646634615384 0.40800000000000003 0.18263473076923079 0.40599999999999997 0.5 0.998 0.5538922163461538 1 0.27544910096153846 1 0 0.74 0
1885 0.004 0 0.004 0.5598802403846154 0.40399999999999997 0.5 0.40399999999999997 0.11377245432692308 0.31046153846153846 0 0.004 0
1294 0.14 0.3892215576923077 0.14400000000000002 0.3952095817307692 0.14400000000000002 0.4071856298076923 0.14 0.42814371153846154 0.138 0.4580838317307692 0.14200000000000002 0.4730538918269231 0.14200000000000002 0.5 0.14400000000000002 0.5389221562500001 0.14 0.5568862283653846 0.148 0.5628742524038461 0.15799999999999997 0.5658682644230769 0.164 0.5568862283653846 0.164 0.5299401201923077 0.164 0.48802395192307696 0.168 0.47904191586538464 0.168 0.46107784375 0.16599999999999998 0.42215568750000004 0.15799999999999997 0.3952095817307692 0.156 0.3802395216346154 0.152 0.36826347355769234 0.14400000000000002 0.35928143749999997 0.14 0.36526946153846157 0.138 0.3772455096153846 0.14 0.3892215576923077
1294 0.11800000000000001 0.4461077836538462 0.132 0.44011975961538463 0.128 0.42215568750000004 0.12200000000000001 0.4041916177884615 0.11 0.39820359375 0.112 0.3892215576923077 0.112 0.3772455096153846 0.11 0.3712574855769231 0.1 0.3712574855769231 0.098 0.3772455096153846 0.098 0.3892215576923077 0.094 0.39820359375 0.08600000000000001 0.39820359375 0.08 0.4071856298076923 0.07200000000000001 0.41916167548076927 0.07 0.4311377235576923 0.07 0.4461077836538462 0.076 0.45508981971153845 0.078 0.46407185576923077 0.08 0.5389221562500001 0.08 0.5658682644230769 0.068 0.5718562884615385 0.084 0.5718562884615385 0.096 0.5718562884615385 0.116 0.5718562884615385 0.114 0.5479041923076923 0.114 0.5239520961538461 0.116 0.4970059879807692 0.12000000000000001 0.4850299399038462 0.11800000000000001 0.46107784375 0.11800000000000001 0.4461077836538462
1830 0.676 0.7634730528846153 0.674 0.7335329350961538 0.676 0.7215568870192308 0.678 0.2544910168269231 0.612 0.21556886298076924 0.614 0.20359281490384615 0.596 0.1976047908653846 0.5860000000000001 0.20059880288461537 0.58 0.2095808389423077 0.592 0.21556886298076924 0.592 0.22155688701923076 0.584 0.23053892307692306 0.372 0.2485029951923077 0.36200000000000004 0.2395209591346154 0.358 0.23652694711538463 0.366 0.2485029951923077 0.366 0.2604790408653846 0.358 0.7514970048076923 0.364 0.7514970048076923 0.36 0.7814371250000001 0.39 0.7844311370192307 0.394 0.7514970048076923 0.40800000000000003 0.7514970048076923 0.40599999999999997 0.7574850288461538 0.398 0.7694610769230769 0.398 0.7784431129807692 0.4 0.7934131730769232 0.41000000000000003 0.7994011971153847 0.42600000000000005 0.7874251490384616 0.424 0.7664670649038462 0.42600000000000005 0.7514970048076923 0.454 0.7604790408653846 0.454 0.7724550889423077 0.482 0.7754491009615384 0.482 0.7664670649038462 0.53 0.7844311370192307 0.53 0.7994011971153847 0.532 0.8143712572115385 0.538 0.8233532932692308 0.554 0.8173652692307692 0.552 0.7934131730769232 0.564 0.7874251490384616 0.564 0.8383233533653847 0.5940000000000001 0.8443113774038462 0.606 0.8353293413461539 0.604 0.8023952091346154 0.6679999999999999 0.7455089831730769 0.67 0.7634730528846153 0.676 0.7634730528846153
1830 0.32 0.6796407187500001 0.32399999999999995 0.6796407187500001 0.326 0.6497005985576922 0.33 0.31736526923076924 0.33 0.2964071850961539 0.304 0.2934131730769231 0.304 0.3023952091346154 0.186 0.2934131730769231 0.184 0.281437125 0.15799999999999997 0.2844311370192308 0.15799999999999997 0.2964071850961539 0.16199999999999998 0.2964071850961539 0.164 0.6556886225961538 0.16599999999999998 0.6946107788461539 0.178 0.6916167668269231 0.188 0.6886227548076923 0.19 0.6796407187500001 0.188 0.667664670673077 0.31 0.6586826346153847 0.31 0.6736526947115385 0.32 0.6796407187500001
1830 0.904 0.6287425144230769 0.998 0.6287425144230769 0.998 0.32934131730769234 0.888 0.32035928125 0.856 0.33532934134615383 0.8520000000000001 0.33233532932692306 0.856 0.3413173653846154 0.8520000000000001 0.589820358173077 0.854 0.60179640625 0.858 0.6197604783653846 0.858 0.6047904182692307 0.878 0.6227544903846154 0.88 0.6437125745192307 0.888 0.6526946105769231 0.896 0.6526946105769231 0.902 0.6467065865384616 0.904 0.6287425144230769
153 0.5760000000000001 0.5239520961538461 0.588 0.5119760480769231 0.592 0.4850299399038462 0.58 0.4580838317307692 0.566 0.44011975961538463 0.55 0.4341317355769231 0.51 0.42814371153846154 0.49 0.4161676658653847 0.46599999999999997 0.42215568750000004 0.454 0.42215568750000004 0.432 0.46407185576923077 0.436 0.48802395192307696 0.464 0.5419161682692308 0.484 0.5568862283653846 0.504 0.5389221562500001 0.536 0.5029940120192308 0.56 0.5269461081730769 0.5760000000000001 0.5239520961538461
153 0.522 0.5808383245192308 0.5479999999999999 0.5838323341346153 0.584 0.5808383245192308 0.59 0.550898204326923 0.574 0.5359281442307693 0.554 0.5299401201923077 0.538 0.5089820360576923 0.508 0.5359281442307693 0.48800000000000004 0.5479041923076923 0.482 0.5568862283653846 0.506 0.5718562884615385 0.522 0.5808383245192308
153 0.38799999999999996 0.4341317355769231 0.402 0.45508981971153845 0.41800000000000004 0.47904191586538464 0.43400000000000005 0.4850299399038462 0.436 0.4580838317307692 0.452 0.4251496995192308 0.462 0.4131736538461538 0.464 0.38323353365384616 0.462 0.3622754495192308 0.452 0.34431137740384615 0.424 0.34431137740384615 0.398 0.3532934134615384 0.39 0.37425149759615384 0.38 0.39820359375 0.38799999999999996 0.4341317355769231
153 0.552 0.6946107788461539 0.538 0.7275449110576923 0.538 0.7574850288461538 0.5579999999999999 0.7694610769230769 0.5780000000000001 0.7724550889423077 0.602 0.7604790408653846 0.6180000000000001 0.7514970048076923 0.624 0.7305389230769231 0.62 0.7095808389423077 0.604 0.6946107788461539 0.5860000000000001 0.6826347307692308 0.5700000000000001 0.6736526947115385 0.552 0.6946107788461539
153 0.47200000000000003 0.6257485024038462 0.486 0.6437125745192307 0.51 0.6616766466346153 0.534 0.7005988028846153 0.562 0.6886227548076923 0.582 0.6706586826923077 0.554 0.6407185625 0.532 0.6227544903846154 0.512 0.6047904182692307 0.49 0.589820358173077 0.474 0.6077844302884615 0.47200000000000003 0.6257485024038462
153 0.402 0.7335329350961538 0.424 0.7335329350961538 0.424 0.6976047908653846 0.40399999999999997 0.6826347307692308 0.394 0.6616766466346153 0.378 0.6467065865384616 0.372 0.667664670673077 0.372 0.7005988028846153 0.384 0.7215568870192308 0.402 0.7335329350961538
153 0.428 0.7275449110576923 0.43400000000000005 0.7455089831730769 0.446 0.7485029951923077 0.486 0.7544910168269231 0.48800000000000004 0.7305389230769231 0.476 0.7155688629807693 0.46599999999999997 0.6886227548076923 0.452 0.6796407187500001 0.43400000000000005 0.6736526947115385 0.436 0.6886227548076923 0.42600000000000005 0.7065868269230768 0.428 0.7275449110576923
153 0.6819999999999999 0.6886227548076923 0.7100000000000001 0.6826347307692308 0.7240000000000001 0.6826347307692308 0.7260000000000001 0.6616766466346153 0.714 0.6347305384615385 0.712 0.6107784423076923 0.712 0.5838323341346153 0.712 0.550898204326923 0.696 0.5568862283653846 0.6839999999999999 0.5598802403846154 0.6659999999999999 0.5868263461538462 0.658 0.6317365264423077 0.6639999999999999 0.6616766466346153 0.6659999999999999 0.6826347307692308 0.6819999999999999 0.6886227548076923
792 0.998 0.5538922163461538 0.40599999999999997 0.4970059879807692 0.006 0.5598802403846154 0.004 0.9940119759615385 0.998 0.9880239519230769 0.998 0.5538922163461538