402 0.2544057451923077 0 0.2844733990384615 0.14657980528846154 0.4147665576923077 0.15472312740384617 0.4158523341346154 0.2214983701923077 0.4831704663461539 0.2345276875 0.4842562427884615 0.037459283653846154 0.4929424543269231 0.0016286634615384616 0.37350705769230774 0 0.2544057451923077 0
321 0.9989142235576923 0.9967426706730769 0.9989142235576923 0.21498371394230767 0.7741585240384615 0.31921824038461544 0.7698154182692308 0.5065146586538462 0.7774158533653845 0.5146579807692307 0.7698154182692308 0.6498371346153846 0.7415852331730769 0.9902280120192307 0.9989142235576923 0.9967426706730769
321 1 0.10423452884615385 0.9989142235576923 0 0.6199782836538461 0.0016286634615384616 0.6221498365384615 0.11563518028846155 0.6145494038461539 0.12214983653846154 0.6156351802884615 0.5765472307692308 0.6319218245192307 0.5814332235576922 0.6308360480769231 0.6123778509615385 0.6036916394230769 0.6123778509615385 0.5982627572115384 0.9967426706730769 0.7426710096153847 0.9951140072115384 0.7763300769230769 0.5146579807692307 0.7687296418269232 0.5065146586538462 0.7730727475961537 0.31758957692307693 1 0.2089886778846154 1 0.10423452884615385
321 0.551574375 0.4560260576923077 0.5255157427884616 0.4739413677884615 0.5168295336538461 0.94462540625 0.5504885985576923 0.9967426706730769 0.5993485336538462 0.9951140072115384 0.60694896875 0.614006514423077 0.6319218245192307 0.614006514423077 0.6319218245192307 0.5781758966346154 0.6156351802884615 0.5765472307692308 0.6134636274038462 0.12214983653846154 0.6221498365384615 0.11563518028846155 0.6188925072115385 0.0016286634615384616 0.5483170456730769 0 0.5483170456730769 0.19543974038461537 0.5331161778846154 0.2214983701923077 0.5342019543269231 0.4462540721153846 0.551574375 0.4495114014423077 0.551574375 0.4560260576923077
321 0.4907709014423077 0.6026058629807692 0.47339848076923075 0.6026058629807692 0.4712269278846154 0.8697068413461538 0.5059717692307693 0.9299674278846154 0.5157437572115385 0.9299674278846154 0.5266015192307693 0.469055375 0.5537459278846154 0.4560260576923077 0.551574375 0.4462540721153846 0.5352877307692308 0.4462540721153846 0.530944625 0.21986970673076925 0.5472312692307693 0.19381107451923077 0.5461454951923077 0.0016286634615384616 0.4918566778846154 0 0.4831704663461539 0.03583061778846154 0.4809989134615385 0.2964169375 0.4799131370192308 0.3110749182692307 0.47557003365384615 0.31433224759615386 0.4744842572115384 0.5798045600961539 0.489685125 0.5830618894230769 0.4907709014423077 0.6026058629807692
321 0.4060803485576923 0.4967426706730769 0.40065146634615384 0.7573289903846153 0.4310532019230769 0.8045602596153846 0.4701411514423077 0.8094462548076924 0.4723127043269231 0.6042345288461538 0.4875135721153846 0.6026058629807692 0.489685125 0.5814332235576922 0.47557003365384615 0.5798045600961539 0.47339848076923075 0.31270358413461535 0.4799131370192308 0.3110749182692307 0.4799131370192308 0.2312703581730769 0.4158523341346154 0.2214983701923077 0.41368078125 0.3110749182692307 0.4039087956730769 0.3159609110576923 0.4060803485576923 0.4967426706730769
321 0.4125950048076923 0.3110749182692307 0.4158523341346154 0.15472312740384617 0.2823018461538461 0.14657980528846154 0.2747014110576923 0.2996742668269231 0.2747014110576923 0.31270358413461535 0.40065146634615384 0.31758957692307693 0.4125950048076923 0.3110749182692307
321 0.40065146634615384 0.7540716610576923 0.4039087956730769 0.31921824038461544 0.30184581971153845 0.32084690625 0.2844733990384615 0.7557003269230769 0.37567861057692303 0.7589576538461539 0.40065146634615384 0.7540716610576923
726 0.31053203124999995 0.8029315961538461 0.34853420192307694 0.8045602596153846 0.37350705769230774 0.8013029326923077 0.36916395192307694 0.6840390889423078 0.3702497283653846 0.6368078173076923 0.37567861057692303 0.552117264423077 0.3745928341346154 0.5342019543269231 0.35179153125 0.530944625 0.35504886057692303 0.30618892548076926 0.37133550480769234 0.30618892548076926 0.37350705769230774 0.2508143317307692 0.35396308413461536 0.24104234615384618 0.33007600480769234 0.23615635096153845 0.30944625480769233 0.24755700240384615 0.30836047836538466 0.28664495192307693 0.3137893605769231 0.2996742668269231 0.32573289903846153 0.30944625480769233 0.31921824038461544 0.5358306177884615 0.2985884903846154 0.5358306177884615 0.2996742668269231 0.6807817596153847 0.2931596081730769 0.6856677524038461 0.28990228125 0.7915309447115385 0.31053203124999995 0.8029315961538461
321 0.003257329326923077 0 0.003257329326923077 0.9967426706730769 0.20738327884615385 0.9951140072115384 0.28338762259615385 0.7394136802884616 0.2996742668269231 0.31433224759615386 0.27361563461538463 0.30944625480769233 0.28338762259615385 0.1384364831730769 0.25333939423076923 0 0.003257329326923077 0
792 0.40065146634615384 0.7508143317307692 0.2844733990384615 0.7459283389423077 0.20955483173076922 0.9967426706730769 0.2953311610576923 0.9967426706730769 0.551574375 0.9951140072115384 0.5168295336538461 0.94462540625 0.5168295336538461 0.9283387620192307 0.5059717692307693 0.9315960913461538 0.4723127043269231 0.8713355048076923 0.4712269278846154 0.8094462548076924 0.4310532019230769 0.8078175889423077 0.40065146634615384 0.7508143317307692