727 0.6077419350961539 0 0.6154838701923077 0.45189504326923075 0.6141935480769231 0.4577259471153846 0.6090322572115384 0.4373177836538461 0.5896774182692307 0.25072886298076924 0.5806451610576923 0.22448979567307692 0.538064516826923 0.22448979567307692 0.5367741947115385 0.23906705528846153 0.5806451610576923 0.24489795913461537 0.5832258052884616 0.3119533533653846 0.5948387091346153 0.4256559759615385 0.5806451610576923 0.42857142788461544 0.5806451610576923 0.3965014567307692 0.5716129038461538 0.3965014567307692 0.55612903125 0.3935860048076923 0.5432258052884615 0.3790087451923077 0.5393548389423077 0.3498542283653846 0.5393548389423077 0.3790087451923077 0.5393548389423077 0.3965014567307692 0.5135483870192308 0.40524781249999997 0.5148387091346154 0.5422740528846154 0.5290322572115385 0.5568513125 0.5367741947115385 0.5568513125 0.5393548389423077 0.5451895048076923 0.545806451923077 0.5510204086538462 0.5974193557692308 0.5510204086538462 0.6180645168269231 0.5510204086538462 0.6309677427884615 0.5364431490384616 0.6309677427884615 0.5043731778846154 0.6206451610576923 0 0.6077419350961539 0
1282 0.5535483870192308 0.27988338221153847 0.5483870961538462 0.29154518990384615 0.5509677427884616 0.3061224495192308 0.5432258052884615 0.32361516105769234 0.5419354831730769 0.3702623918269231 0.545806451923077 0.3848396490384615 0.5535483870192308 0.3906705528846154 0.5677419350961539 0.3935860048076923 0.5793548389423078 0.40524781249999997 0.5832258052884616 0.44897959134615384 0.5896774182692307 0.45189504326923075 0.5974193557692308 0.45189504326923075 0.5974193557692308 0.4373177836538461 0.5870967740384615 0.4314868798076923 0.5858064519230769 0.3965014567307692 0.5806451610576923 0.37317784375 0.5716129038461538 0.3702623918269231 0.5690322572115385 0.3615160360576923 0.5741935480769231 0.3527696802884615 0.5793548389423078 0.3411078725961539 0.5870967740384615 0.3411078725961539 0.5896774182692307 0.3323615168269231 0.5896774182692307 0.32653061298076924 0.5832258052884616 0.32361516105769234 0.5716129038461538 0.31778425721153847 0.5625806442307693 0.3090379014423077 0.5625806442307693 0.29446064182692305 0.5612903221153845 0.2827988341346154 0.5535483870192308 0.27988338221153847
1885 0.0025806442307692305 0 0.005161290865384615 0.2682215745192308 0.5780645168269231 0.27696793028846156 0.5780645168269231 0 0.0025806442307692305 0
1523 0.5806451610576923 0 0.5767741947115385 0.2827988341346154 0.6748387091346154 0.45189504326923075 0.6748387091346154 0.37317784375 0.6916129038461538 0.40524781249999997 0.6916129038461538 0.4985422740384615 0.6954838701923076 0.5043731778846154 0.6954838701923076 0.41107871634615384 0.7187096778846154 0.45189504326923075 0.7187096778846154 0.5568513125 0.7225806442307692 0.5626822163461539 0.7238709687499999 0.4606413990384616 0.7522580649038461 0.4956268221153846 0.7535483870192308 0.6355685120192308 0.7625806442307692 0.6355685120192308 0.7625806442307692 0.521865889423077 0.80387096875 0.5772594759615385 0.8025806442307692 0.7376093293269231 0.8064516129807693 0.743440233173077 0.8090322572115384 0.5889212836538461 0.8735483870192307 0.6822157427884614 0.8722580649038462 0.8688046658653845 0.88 0.8688046658653845 0.8877419350961537 0.7026239062499999 0.9806451610576924 0.8513119543269231 0.9845161298076923 0.9941690961538462 0.9948387091346155 0.997084548076923 0.9987096778846154 0.8892128269230769 0.9987096778846154 0 0.5806451610576923 0
1226 0.8916129038461539 0.9037900865384615 0.9032258052884615 0.92419825 0.9045161298076922 0.9679300288461538 0.9290322572115385 0.9737609326923077 0.9303225817307692 0.9475218653846155 0.9767741947115384 0.9387755096153847 0.9496774182692308 0.85422740625 0.8774193557692308 0.8746355697115384 0.87612903125 0.9096209903846154 0.8903225817307692 0.9154518942307692 0.8916129038461539 0.9037900865384615
1107 0.9522580649038462 0.9183673461538462 0.95612903125 0.85422740625 0.9329032259615384 0.7988338197115384 0.9006451610576923 0.813411079326923 0.8993548389423077 0.8804664711538461 0.9264516129807692 0.9212827980769231 0.9522580649038462 0.9183673461538462
538 0.9987096778846154 0.2857142860576923 0.905806451923077 0.2857142860576923 0.9019354831730768 0.47521865865384616 0.9548387091346153 0.5160349855769231 0.9987096778846154 0.521865889423077 0.9987096778846154 0.2857142860576923
538 0.8154838701923077 0.2565597668269231 0.8154838701923077 0.39941690865384616 0.8529032259615386 0.4227405240384616 0.9006451610576923 0.4227405240384616 0.9032258052884615 0.2857142860576923 0.9367741947115384 0.27988338221153847 0.9354838701923077 0.25364431490384615 0.8929032259615385 0.24489795913461537 0.8154838701923077 0.2565597668269231
1227 0.17032258173076925 0.7959183677884615 0.18709677403846153 0.7930029158653846 0.21290322596153846 0.7317784254807692 0.21290322596153846 0.5918367355769231 0.1819354831730769 0.6297376081730769 0.16774193509615387 0.6647230312500001 0.17032258173076925 0.7959183677884615
538 0.2141935480769231 0.7142857139423077 0.22580645192307694 0.7113702620192307 0.24258064423076925 0.6734693870192309 0.24000000000000002 0.5481049567307692 0.21161290384615386 0.5889212836538461 0.2141935480769231 0.7142857139423077
1227 0.24000000000000002 0.5510204086538462 0.24645161298076923 0.6588921274038462 0.27870967788461537 0.5918367355769231 0.2748387091346154 0.4927113701923077 0.24000000000000002 0.5510204086538462
538 0.12645161298076923 0.7288629735576924 0.11483870913461539 0.7492711370192308 0.12645161298076923 0.8833819230769231 0.1445161298076923 0.8775510192307692 0.17161290384615385 0.81632653125 0.16258064423076923 0.6705539350961539 0.12645161298076923 0.7288629735576924
1227 0.06451612980769231 0.8279883389423077 0.07354838701923078 0.9941690961538462 0.09032258173076922 0.997084548076923 0.12645161298076923 0.9154518942307692 0.12645161298076923 0.8862973749999999 0.11354838701923077 0.7521865889423077 0.06451612980769231 0.8279883389423077
260 0.2219354831730769 0.47230320673076925 0.0025806442307692305 0.7725947524038462 0.0025806442307692305 0.8221574350961538 0.06322580528846154 0.8279883389423077 0.27741935576923077 0.48104956249999997 0.2219354831730769 0.47230320673076925
1523 0.4012903221153846 0.47230320673076925 0.40387096875 0.48979591826923075 0.4245161298076923 0.48104956249999997 0.4632258052884615 0.2857142860576923 0.4606451610576923 0 0.3612903221153846 0.005830903846153846 0.3664516129807692 0.47230320673076925 0.4012903221153846 0.47230320673076925
792 0.38709677403846154 0.14577259375 0.04 0.16326530528846156 0.011612903846153847 0.20408163221153847 0.36258064423076924 0.19241982451923076 0.38709677403846154 0.14577259375
1643 0.0025806442307692305 0.5131195336538462 0.011612903846153847 0.5072886298076923 0.01290322596153846 0.4227405240384616 0.04774193509615385 0.2069970841346154 0.00387096875 0.2099125360576923 0.0025806442307692305 0.5131195336538462
1523 0.15354838701923076 0.18367346875 0.14967741826923076 0.005830903846153846 0.04387096875 0.005830903846153846 0.04258064423076923 0.11953352884615386 0.04129032211538462 0.19241982451923076 0.15354838701923076 0.18367346875
1523 0.1548387091346154 0.18658892067307692 0.25548387019230767 0.17784256490384615 0.25419354807692307 0.07288629807692307 0.25290322596153847 0.002915451923076923 0.15096774278846153 0.002915451923076923 0.1548387091346154 0.18658892067307692
1523 0.25806451682692305 0.18950437259615385 0.36 0.1749271129807692 0.3574193557692308 0.002915451923076923 0.25290322596153847 0.005830903846153846 0.25806451682692305 0.18950437259615385
1523 0.27870967788461537 0.47813411057692307 0.29290322596153845 0.48104956249999997 0.2980645168269231 0.4985422740384615 0.3612903221153846 0.3586005841346154 0.36 0.19241982451923076 0.23483870913461538 0.2069970841346154 0.24258064423076925 0.47230320673076925 0.27870967788461537 0.47813411057692307
1523 0.23741935576923076 0.47230320673076925 0.23096774278846155 0.2099125360576923 0.12903225721153846 0.21282798798076924 0.12903225721153846 0.3906705528846154 0.13032258173076922 0.47230320673076925 0.23741935576923076 0.47230320673076925
1523 0.1251612908653846 0.21865889182692305 0.02580645192307692 0.21574343990384615 0.023225805288461538 0.4839650144230769 0.12387096875 0.47813411057692307 0.1251612908653846 0.21865889182692305
538 0.0025806442307692305 0.5714285721153846 0.00387096875 0.7172011658653846 0.03612903125 0.667638483173077 0.029677418269230767 0.5510204086538462 0.0025806442307692305 0.5714285721153846
1227 0.06838709615384615 0.5160349855769231 0.029677418269230767 0.5481049567307692 0.04129032211538462 0.6705539350961539 0.07225806490384615 0.6355685120192308 0.06838709615384615 0.5160349855769231
538 0.17290322596153845 0.5364431490384616 0.1806451610576923 0.5131195336538462 0.10193548317307692 0.5160349855769231 0.09677419471153846 0.6239067067307692 0.17290322596153845 0.5364431490384616
1227 0.10322580528846154 0.5160349855769231 0.06838709615384615 0.5160349855769231 0.07870967788461539 0.6326530600961539 0.0954838701923077 0.6297376081730769 0.10322580528846154 0.5160349855769231
260 0.2193548389423077 0.46938775480769235 0.034838709134615384 0.48104956249999997 0.0025806442307692305 0.5131195336538462 0.0025806442307692305 0.5364431490384616 0.0025806442307692305 0.5714285721153846 0.06451612980769231 0.5102040817307693 0.1819354831730769 0.5189504375 0.2193548389423077 0.46938775480769235
539 0.12903225721153846 0.9941690961538462 0.3225806442307692 0.9912536442307692 0.40774193509615386 0.5772594759615385 0.4012903221153846 0.47521865865384616 0.3419354831730769 0.47230320673076925 0.12903225721153846 0.9941690961538462
538 0.07354838701923078 0.997084548076923 0.06451612980769231 0.8367346947115385 0.005161290865384615 0.8279883389423077 0.0025806442307692305 0.997084548076923 0.07354838701923078 0.997084548076923
792 0.005161290865384615 0.2740524783653846 0.00387096875 0.9883381923076923 0.32129032211538466 0.9941690961538462 0.37806451682692305 0.9941690961538462 0.9987096778846154 0.9883381923076923 0.9987096778846154 0.8950437307692307 0.6064516129807692 0.27696793028846156 0.5754838701923076 0.27988338221153847 0.005161290865384615 0.2740524783653846