727 0.3793548389423077 0 0.36903225721153843 0.5043731778846154 0.36903225721153843 0.5364431490384616 0.38193548317307696 0.5510204086538462 0.4025806442307692 0.5510204086538462 0.4541935480769231 0.5510204086538462 0.4606451610576923 0.5451895048076923 0.4632258052884615 0.5568513125 0.47096774278846154 0.5568513125 0.4851612908653846 0.5422740528846154 0.4864516129807692 0.40524781249999997 0.4606451610576923 0.3965014567307692 0.4606451610576923 0.3790087451923077 0.4606451610576923 0.3498542283653846 0.45677419471153846 0.3790087451923077 0.44387096875 0.3935860048076923 0.4283870961538462 0.3965014567307692 0.41935483894230774 0.3965014567307692 0.41935483894230774 0.42857142788461544 0.40516129086538466 0.4256559759615385 0.4167741947115384 0.3119533533653846 0.41935483894230774 0.24489795913461537 0.4632258052884615 0.23906705528846153 0.461935483173077 0.22448979567307692 0.41935483894230774 0.22448979567307692 0.41032258173076924 0.25072886298076924 0.3909677427884616 0.4373177836538461 0.38580645192307694 0.4577259471153846 0.3845161298076923 0.45189504326923075 0.3922580649038461 0 0.3793548389423077 0
1282 0.4387096778846154 0.2827988341346154 0.4374193557692308 0.29446064182692305 0.4374193557692308 0.3090379014423077 0.4283870961538462 0.31778425721153847 0.4167741947115384 0.32361516105769234 0.41032258173076924 0.32653061298076924 0.41032258173076924 0.3323615168269231 0.41290322596153844 0.3411078725961539 0.4206451610576923 0.3411078725961539 0.4258064519230769 0.3527696802884615 0.4309677427884615 0.3615160360576923 0.4283870961538462 0.3702623918269231 0.41935483894230774 0.37317784375 0.4141935480769231 0.3965014567307692 0.41290322596153844 0.4314868798076923 0.4025806442307692 0.4373177836538461 0.4025806442307692 0.45189504326923075 0.41032258173076924 0.45189504326923075 0.4167741947115384 0.44897959134615384 0.4206451610576923 0.40524781249999997 0.43225806490384616 0.3935860048076923 0.44645161298076924 0.3906705528846154 0.4541935480769231 0.3848396490384615 0.45806451682692306 0.3702623918269231 0.45677419471153846 0.32361516105769234 0.44903225721153844 0.3061224495192308 0.4516129038461539 0.29154518990384615 0.44645161298076924 0.27988338221153847 0.4387096778846154 0.2827988341346154
1885 0.42193548317307694 0 0.42193548317307694 0.27696793028846156 0.9948387091346155 0.2682215745192308 0.9974193557692307 0 0.42193548317307694 0
1523 0.0012903221153846153 0 0.0012903221153846153 0.8892128269230769 0.005161290865384615 0.997084548076923 0.015483870192307693 0.9941690961538462 0.019354838942307693 0.8513119543269231 0.11225806490384614 0.7026239062499999 0.12000000000000001 0.8688046658653845 0.12774193509615384 0.8688046658653845 0.12645161298076923 0.6822157427884614 0.19096774278846154 0.5889212836538461 0.19354838701923077 0.743440233173077 0.19741935576923078 0.7376093293269231 0.19612903124999997 0.5772594759615385 0.23741935576923076 0.521865889423077 0.23741935576923076 0.6355685120192308 0.24645161298076923 0.6355685120192308 0.24774193509615383 0.4956268221153846 0.27612903125 0.4606413990384616 0.27741935576923077 0.5626822163461539 0.28129032211538463 0.5568513125 0.28129032211538463 0.45189504326923075 0.30451612980769227 0.41107871634615384 0.30451612980769227 0.5043731778846154 0.30838709615384613 0.4985422740384615 0.30838709615384613 0.40524781249999997 0.32516129086538464 0.37317784375 0.32516129086538464 0.45189504326923075 0.42322580528846154 0.2827988341346154 0.41935483894230774 0 0.0012903221153846153 0
1226 0.10967741826923076 0.9154518942307692 0.12387096875 0.9096209903846154 0.12258064423076923 0.8746355697115384 0.050322581730769235 0.85422740625 0.023225805288461538 0.9387755096153847 0.06967741826923077 0.9475218653846155 0.07096774278846153 0.9737609326923077 0.0954838701923077 0.9679300288461538 0.09677419471153846 0.92419825 0.10838709615384616 0.9037900865384615 0.10967741826923076 0.9154518942307692
1107 0.07354838701923078 0.9212827980769231 0.1006451610576923 0.8804664711538461 0.09935483894230769 0.813411079326923 0.06709677403846154 0.7988338197115384 0.04387096875 0.85422740625 0.04774193509615385 0.9183673461538462 0.07354838701923078 0.9212827980769231
538 0.0012903221153846153 0.521865889423077 0.04516129086538461 0.5160349855769231 0.09806451682692309 0.47521865865384616 0.09419354807692308 0.2857142860576923 0.0012903221153846153 0.2857142860576923 0.0012903221153846153 0.521865889423077
538 0.10709677403846155 0.24489795913461537 0.06451612980769231 0.25364431490384615 0.06322580528846154 0.27988338221153847 0.09677419471153846 0.2857142860576923 0.09935483894230769 0.4227405240384616 0.14709677403846155 0.4227405240384616 0.1845161298076923 0.39941690865384616 0.1845161298076923 0.2565597668269231 0.10709677403846155 0.24489795913461537
1227 0.8322580649038461 0.6647230312500001 0.818064516826923 0.6297376081730769 0.7870967740384616 0.5918367355769231 0.7870967740384616 0.7317784254807692 0.8129032259615384 0.7930029158653846 0.8296774182692308 0.7959183677884615 0.8322580649038461 0.6647230312500001
538 0.7883870961538462 0.5889212836538461 0.76 0.5481049567307692 0.7574193557692308 0.6734693870192309 0.7741935480769231 0.7113702620192307 0.785806451923077 0.7142857139423077 0.7883870961538462 0.5889212836538461
1227 0.7251612908653846 0.4927113701923077 0.7212903221153847 0.5918367355769231 0.7535483870192308 0.6588921274038462 0.76 0.5510204086538462 0.7251612908653846 0.4927113701923077
538 0.8374193557692308 0.6705539350961539 0.8283870961538462 0.81632653125 0.8554838701923076 0.8775510192307692 0.8735483870192307 0.8833819230769231 0.8851612908653846 0.7492711370192308 0.8735483870192307 0.7288629735576924 0.8374193557692308 0.6705539350961539
1227 0.8864516129807692 0.7521865889423077 0.8735483870192307 0.8862973749999999 0.8735483870192307 0.9154518942307692 0.9096774182692309 0.997084548076923 0.9264516129807692 0.9941690961538462 0.9354838701923077 0.8279883389423077 0.8864516129807692 0.7521865889423077
260 0.7225806442307692 0.48104956249999997 0.9367741947115384 0.8279883389423077 0.9974193557692307 0.8221574350961538 0.9974193557692307 0.7725947524038462 0.7780645168269231 0.47230320673076925 0.7225806442307692 0.48104956249999997
1523 0.6335483870192308 0.47230320673076925 0.6387096778846153 0.005830903846153846 0.5393548389423077 0 0.5367741947115385 0.2857142860576923 0.5754838701923076 0.48104956249999997 0.59612903125 0.48979591826923075 0.5987096778846154 0.47230320673076925 0.6335483870192308 0.47230320673076925
792 0.6374193557692307 0.19241982451923076 0.9883870961538462 0.20408163221153847 0.9600000000000001 0.16326530528846156 0.6129032259615385 0.14577259375 0.6374193557692307 0.19241982451923076
1643 0.99612903125 0.2099125360576923 0.9522580649038462 0.2069970841346154 0.9870967740384615 0.4227405240384616 0.9883870961538462 0.5072886298076923 0.9974193557692307 0.5131195336538462 0.99612903125 0.2099125360576923
1523 0.9587096778846154 0.19241982451923076 0.9574193557692308 0.11953352884615386 0.95612903125 0.005830903846153846 0.8503225817307692 0.005830903846153846 0.8464516129807692 0.18367346875 0.9587096778846154 0.19241982451923076
1523 0.8490322572115385 0.002915451923076923 0.7470967740384615 0.002915451923076923 0.7458064519230769 0.07288629807692307 0.7445161298076923 0.17784256490384615 0.8451612908653847 0.18658892067307692 0.8490322572115385 0.002915451923076923
1523 0.7470967740384615 0.005830903846153846 0.6425806442307693 0.002915451923076923 0.64 0.1749271129807692 0.7419354831730769 0.18950437259615385 0.7470967740384615 0.005830903846153846
1523 0.7574193557692308 0.47230320673076925 0.7651612908653846 0.2069970841346154 0.64 0.19241982451923076 0.6387096778846153 0.3586005841346154 0.7019354831730769 0.4985422740384615 0.7070967740384616 0.48104956249999997 0.7212903221153847 0.47813411057692307 0.7574193557692308 0.47230320673076925
1523 0.8696774182692307 0.47230320673076925 0.8709677427884616 0.3906705528846154 0.8709677427884616 0.21282798798076924 0.7690322572115385 0.2099125360576923 0.7625806442307692 0.47230320673076925 0.8696774182692307 0.47230320673076925
1523 0.87612903125 0.47813411057692307 0.9767741947115384 0.4839650144230769 0.9741935480769232 0.21574343990384615 0.8748387091346154 0.21865889182692305 0.87612903125 0.47813411057692307
538 0.9703225817307692 0.5510204086538462 0.96387096875 0.667638483173077 0.99612903125 0.7172011658653846 0.9974193557692307 0.5714285721153846 0.9703225817307692 0.5510204086538462
1227 0.9277419350961539 0.6355685120192308 0.9587096778846154 0.6705539350961539 0.9703225817307692 0.5481049567307692 0.9316129038461539 0.5160349855769231 0.9277419350961539 0.6355685120192308
538 0.9032258052884615 0.6239067067307692 0.898064516826923 0.5160349855769231 0.8193548389423077 0.5131195336538462 0.8270967740384615 0.5364431490384616 0.9032258052884615 0.6239067067307692
1227 0.9045161298076922 0.6297376081730769 0.9212903221153846 0.6326530600961539 0.9316129038461539 0.5160349855769231 0.8967741947115384 0.5160349855769231 0.9045161298076922 0.6297376081730769
260 0.818064516826923 0.5189504375 0.9354838701923077 0.5102040817307693 0.9974193557692307 0.5714285721153846 0.9974193557692307 0.5364431490384616 0.9974193557692307 0.5131195336538462 0.9651612908653846 0.48104956249999997 0.7806451610576922 0.46938775480769235 0.818064516826923 0.5189504375
539 0.6580645168269231 0.47230320673076925 0.5987096778846154 0.47521865865384616 0.5922580649038461 0.5772594759615385 0.6774193557692307 0.9912536442307692 0.8709677427884616 0.9941690961538462 0.6580645168269231 0.47230320673076925
538 0.9974193557692307 0.997084548076923 0.9948387091346155 0.8279883389423077 0.9354838701923077 0.8367346947115385 0.9264516129807692 0.997084548076923 0.9974193557692307 0.997084548076923
792 0.4245161298076923 0.27988338221153847 0.3935483870192308 0.27696793028846156 0.0012903221153846153 0.8950437307692307 0.0012903221153846153 0.9883381923076923 0.621935483173077 0.9941690961538462 0.6787096778846154 0.9941690961538462 0.99612903125 0.9883381923076923 0.9948387091346155 0.2740524783653846 0.4245161298076923 0.27988338221153847