402 0.66015625 0 1 0.5625 1 0 0.66015625 0
1523 0.203125 0 0.25 0.046875 0.2578125 0.1875 0.3515625 0.13671875 0.5078125 0.2421875 0.515625 0.25 0.58984375 0.91796875 0.62890625 0.90625 0.6171875 0.828125 0.60546875 0.82421875 0.53515625 0.28125 0.5546875 0.27734375 0.65625 0.35546875 0.66796875 0.51171875 0.76171875 0.53125 0.7734375 0.59375 0.8125 0.60546875 0.8671875 0.8359375 0.87890625 0.83203125 0.8046875 0.52734375 0.83203125 0.52734375 0.85546875 0.55078125 0.86328125 0.6015625 0.90234375 0.59765625 0.91796875 0.625 0.92578125 0.62890625 0.98828125 0.6328125 0.99609375 0.62109375 0.99609375 0.61328125 0.52734375 0.17578125 0.4967730985576923 0 0.46946957451923077 0 0.49609375 0.14453125 0.33203125 0 0.203125 0
1226 0.0078125 0.91015625 0.0078125 0.99609375 0.2890625 0.99609375 0.2890625 0.90625 0.2734375 0.90625 0.2734375 0.88671875 0.28125 0.8828125 0.28125 0.87109375 0.0078125 0.91015625
1209 0.33203125 0 0.4921875 0.13671875 0.46875 0 0.33203125 0
1209 0.5541779879807692 0 0.62890625 0.0859375 0.9140625 0.421875 0.90625 0.3515625 0.65234375 0 0.5541779879807692 0
1209 0.4967730985576923 0 0.52734375 0.17578125 0.98828125 0.609375 1 0.615234375 1 0.5561079543269231 0.91796875 0.421875 0.5541499423076923 0 0.4967730985576923 0
1226 0.2890625 0.96484375 0.36328125 0.98046875 0.55859375 0.9296875 0.58984375 0.921875 0.57421875 0.859375 0.375 0.89453125 0.2734375 0.890625 0.2734375 0.90234375 0.2890625 0.90625 0.2890625 0.96484375
1226 0.6171875 0.828125 0.62890625 0.90234375 0.73046875 0.875 0.72265625 0.81640625 0.6171875 0.828125
1226 0.75390625 0.87109375 0.81640625 0.84765625 0.83984375 0.83984375 0.8671875 0.8359375 0.85546875 0.796875 0.80859375 0.796875 0.80859375 0.8046875 0.74609375 0.8125 0.71875 0.8125 0.7265625 0.87109375 0.75390625 0.87109375
1226 0.875 0.796875 0.87890625 0.828125 0.96484375 0.80859375 0.96484375 0.7890625 0.91796875 0.796875 0.875 0.796875
1209 1 0.62109375 0.9921875 0.62109375 0.9921875 0.6328125 0.91796875 0.62890625 0.95703125 0.78515625 0.96875 0.7890625 1 0.7890625 1 0.62109375
1209 0.83203125 0.52734375 0.8046875 0.52734375 0.87890625 0.7890625 0.95703125 0.7890625 0.91796875 0.62109375 0.90625 0.59765625 0.8671875 0.6015625 0.859375 0.55078125 0.83203125 0.52734375
1209 0.76171875 0.5390625 0.703125 0.50390625 0.671875 0.51171875 0.6796875 0.56640625 0.71484375 0.8125 0.74609375 0.80859375 0.8046875 0.8046875 0.80859375 0.80078125 0.85546875 0.796875 0.82421875 0.6171875 0.77734375 0.60546875 0.76171875 0.5390625
1209 0.55078125 0.27734375 0.53515625 0.28125 0.61328125 0.8203125 0.7109375 0.8125 0.66015625 0.35546875 0.55078125 0.27734375
792 1 0.7894531250000001 0.96484375 0.79296875 0.96484375 0.8046875 0.359375 0.98046875 0.29296875 0.96875 0.29296875 0.99609375 0.99609375 0.9921875 1 0.890625 1 0.7894531250000001