402 0.2003125 0 0.625 0.0375 0.7562500000000001 0 0.2003125 0
1885 0 0 0 0.9156702908653845 0.140625 0.8708333341346154 0.12187500000000001 0.575 0.203125 0.55 0.203125 0.525 0.29375 0.5166666658653847 0.34375 0.5583333341346154 0.35624999999999996 0.5708333341346153 0.365625 0.5583333341346154 0.36250000000000004 0.5 0.415625 0.4958333341346154 0.43125 0.5041666658653846 0.55625 0.4916666658653846 0.571875 0.5291666658653846 0.571875 0.5 0.578125 0.475 0.584375 0.4291666658653846 0.64375 0.42500000000000004 0.640625 0.2666666658653846 0.6343749999999999 0.20833333413461538 0.6468750000000001 0.1958333341346154 0.659375 0.175 0.690625 0.1791666658653846 0.70625 0.15 0.7375 0.15 0.765625 0.1916666658653846 0.784375 0.1875 0.8 0.16666666586538462 0.809375 0.1291666658653846 0.996875 0.10833333413461539 0.996875 0 0.7625 0 0.625 0.04166666586538462 0.05397727163461538 0 0 0
792 0.875 0.8999999999999999 0.871875 0.8708333341346154 0.659375 0.8 0.6156250000000001 0.8291666658653847 0.59375 0.8083333341346154 0.575 0.8125 0.578125 0.9958333341346154 0.996875 0.9958333341346154 0.996875 0.9583333341346154 0.934375 0.9333333341346154 0.9281250000000001 0.9125000000000001 0.875 0.8999999999999999
792 0 0.9958333341346154 0.16562500000000002 0.9958333341346154 0.140625 0.875 0 0.9198369591346154 0 0.9958333341346154
417 0.003125 0.8666666658653847 0.046875 0.8708333341346154 0.0875 0.8583333341346153 0.09687499999999999 0.9083333341346154 0.159375 0.9916666658653847 0.190625 0.9791666658653846 0.14375 0.7250000000000001 0.09062500000000001 0.6916666658653846 0.0875 0.6583333341346154 0.06875 0.6333333341346153 0.040624999999999994 0.625 0.021875 0.625 0.003125 0.6291666658653846 0.003125 0.8666666658653847
1314 0.490625 0.35 0.43125 0.35 0.43437499999999996 0.4708333341346154 0.49375 0.4666666658653846 0.490625 0.35
1314 0.809375 0.25 0.878125 0.2458333341346154 0.996875 0.2416666658653846 0.9937499999999999 0.10833333413461539 0.8125 0.1333333341346154 0.809375 0.25
1186 0.7875000000000001 0.1958333341346154 0.7625 0.1958333341346154 0.7375 0.1541666658653846 0.70625 0.1583333341346154 0.690625 0.1833333341346154 0.6625000000000001 0.1833333341346154 0.65625 0.1916666658653846 0.6375 0.21250000000000002 0.6468750000000001 0.2625 0.721875 0.2625 0.75 0.2541666658653846 0.784375 0.2541666658653846 0.8062499999999999 0.25 0.8062499999999999 0.175 0.7875000000000001 0.1958333341346154
1186 0.578125 0.5666666658653846 0.6499999999999999 0.5625 0.653125 0.5458333341346153 0.6499999999999999 0.4291666658653846 0.596875 0.4333333341346154 0.575 0.5041666658653846 0.578125 0.5666666658653846
1186 0.38125 0.5666666658653846 0.36875 0.5666666658653846 0.353125 0.575 0.290625 0.5208333341346154 0.20625 0.5291666658653846 0.203125 0.5583333341346154 0.128125 0.5791666658653847 0.134375 0.6458333341346154 0.37187499999999996 0.6125 0.365625 0.5958333341346154 0.38125 0.5958333341346154 0.38125 0.5666666658653846
1184 0.384375 0.5625 0.384375 0.6 0.390625 0.6 0.40625 0.5625 0.41874999999999996 0.5541666658653847 0.446875 0.5541666658653847 0.4125 0.4958333341346154 0.36875 0.5041666658653846 0.375 0.5583333341346154 0.384375 0.5625
1843 0.42500000000000004 0.5041666658653846 0.46562499999999996 0.5833333341346154 0.49375 0.5833333341346154 0.575 0.5708333341346153 0.571875 0.5291666658653846 0.55 0.4916666658653846 0.42500000000000004 0.5041666658653846
417 0.41874999999999996 0.5541666658653847 0.40625 0.5625 0.390625 0.6 0.38749999999999996 0.6458333341346154 0.484375 0.675 0.478125 0.6125 0.46875 0.5875 0.446875 0.5541666658653847 0.41874999999999996 0.5541666658653847
605 0.48124999999999996 0.6125 0.484375 0.6666666658653846 0.528125 0.6833333341346154 0.56875 0.6958333341346153 0.571875 0.7541666658653846 0.596875 0.7541666658653846 0.596875 0.8041666658653847 0.6156250000000001 0.8166666658653846 0.609375 0.5791666658653847 0.578125 0.5708333341346153 0.37812500000000004 0.6083333341346153 0.37187499999999996 0.6166666658653847 0.125 0.6458333341346154 0.14375 0.825 0.39375000000000004 0.9916666658653847 0.575 0.9916666658653847 0.56875 0.7041666658653847 0.375 0.6375 0.48124999999999996 0.6125
989 0.721875 0.6166666658653847 0.675 0.6458333341346154 0.684375 0.6499999999999999 0.78125 0.6666666658653846 0.815625 0.6499999999999999 0.809375 0.6416666658653847 0.721875 0.6166666658653847
1186 0.44999999999999996 0.6791666658653847 0.359375 0.6375 0.34375 0.6416666658653847 0.32499999999999996 0.625 0.17812499999999998 0.6499999999999999 0.2 0.6916666658653846 0.21250000000000002 0.6916666658653846 0.253125 0.7083333341346154 0.265625 0.7083333341346154 0.26875 0.7208333341346154 0.303125 0.7250000000000001 0.3125 0.7250000000000001 0.384375 0.75 0.45625000000000004 0.7250000000000001 0.459375 0.7083333341346154 0.415625 0.6875 0.44999999999999996 0.6791666658653847
1186 0.925 0.4458333341346154 0.9750000000000001 0.44999999999999996 0.971875 0.4083333341346154 0.921875 0.4041666658653846 0.925 0.4458333341346154
1184 0.996875 0.6291666658653846 0.996875 0.525 0.98125 0.5875 0.96875 0.5875 0.96875 0.6166666658653847 0.996875 0.6291666658653846
1184 0.84375 0.4208333341346154 0.83125 0.39583333413461536 0.8125 0.3916666658653846 0.796875 0.4208333341346154 0.8062499999999999 0.4375 0.828125 0.42500000000000004 0.84375 0.4208333341346154
1186 0.671875 0.4291666658653846 0.7375 0.4333333341346154 0.7375 0.4 0.671875 0.4 0.671875 0.4291666658653846
1184 0.7625 0.42500000000000004 0.7593749999999999 0.4 0.7406250000000001 0.4083333341346154 0.7406250000000001 0.4416666658653846 0.7625 0.42500000000000004
1184 0.909375 0.5541666658653847 0.90625 0.5083333341346153 0.8999999999999999 0.5083333341346153 0.890625 0.5083333341346153 0.890625 0.55 0.890625 0.5583333341346154 0.909375 0.5541666658653847
1185 0.96875 0.4833333341346154 0.9156249999999999 0.4833333341346154 0.9593750000000001 0.5875 0.9750000000000001 0.5791666658653847 0.96875 0.4833333341346154
1186 0.96875 0.625 0.9624999999999999 0.5875 0.909375 0.5541666658653847 0.846875 0.575 0.8843749999999999 0.6041666658653846 0.8843749999999999 0.6208333341346154 0.9375 0.6333333341346153 0.96875 0.625
1186 0.6968749999999999 0.5166666658653847 0.675 0.5291666658653846 0.675 0.55 0.653125 0.55 0.6468750000000001 0.5625 0.6187499999999999 0.5666666658653846 0.6187499999999999 0.5791666658653847 0.659375 0.5833333341346154 0.6656249999999999 0.5875 0.70625 0.5708333341346153 0.73125 0.5708333341346153 0.73125 0.5208333341346154 0.6968749999999999 0.5166666658653847
990 0.66875 0.6583333341346154 0.8031250000000001 0.6958333341346153 0.8531249999999999 0.6708333341346153 0.85625 0.6583333341346154 0.7093750000000001 0.6166666658653847 0.66875 0.6583333341346154
1146 0.809375 0.6499999999999999 0.796875 0.6708333341346153 0.83125 0.6708333341346153 0.84375 0.6666666658653846 0.828125 0.6541666658653846 0.809375 0.6499999999999999
605 0.996875 0.95 0.9937499999999999 0.2416666658653846 0.9750000000000001 0.2416666658653846 0.6375 0.25 0.6499999999999999 0.55 0.609375 0.5708333341346153 0.6187499999999999 0.8125 0.6312500000000001 0.8083333341346154 0.628125 0.7666666658653847 0.7 0.7875000000000001 0.784375 0.7416666658653847 0.85625 0.7541666658653846 0.85625 0.8458333341346154 0.9312499999999999 0.875 0.934375 0.9291666658653847 0.9937499999999999 0.95 0.996875 0.95
1139 0.815625 0.6041666658653846 0.828125 0.6 0.828125 0.5833333341346154 0.840625 0.575 0.84375 0.5541666658653847 0.8875 0.5208333341346154 0.8968750000000001 0.5 0.8968750000000001 0.42500000000000004 0.859375 0.4291666658653846 0.846875 0.4208333341346154 0.765625 0.41666666586538464 0.7625 0.4291666658653846 0.7406250000000001 0.4458333341346154 0.7406250000000001 0.5416666658653846 0.75 0.575 0.75 0.5916666658653846 0.765625 0.5916666658653846 0.765625 0.5791666658653847 0.8125 0.5791666658653847 0.815625 0.6041666658653846