402 0.24375000000000002 0 0.375 0.0375 0.7996875 0 0.24375000000000002 0
1885 0.003125 0 0.003125 0.10833333413461539 0.190625 0.1291666658653846 0.2 0.16666666586538462 0.215625 0.1875 0.234375 0.1916666658653846 0.2625 0.15 0.29375 0.15 0.30937499999999996 0.1791666658653846 0.34062499999999996 0.175 0.353125 0.1958333341346154 0.365625 0.20833333413461538 0.359375 0.2666666658653846 0.35624999999999996 0.42500000000000004 0.415625 0.4291666658653846 0.421875 0.475 0.428125 0.5 0.428125 0.5291666658653846 0.44375 0.4916666658653846 0.56875 0.5041666658653846 0.584375 0.4958333341346154 0.6375 0.5 0.6343749999999999 0.5583333341346154 0.64375 0.5708333341346153 0.65625 0.5583333341346154 0.70625 0.5166666658653847 0.796875 0.525 0.796875 0.55 0.878125 0.575 0.859375 0.8708333341346154 1 0.9156702908653845 1 0 0.9460227283653846 0 0.375 0.04166666586538462 0.2375 0 0.003125 0
792 0.071875 0.9125000000000001 0.065625 0.9333333341346154 0.003125 0.9583333341346154 0.003125 0.9958333341346154 0.421875 0.9958333341346154 0.42500000000000004 0.8125 0.40625 0.8083333341346154 0.384375 0.8291666658653847 0.34062499999999996 0.8 0.128125 0.8708333341346154 0.125 0.8999999999999999 0.071875 0.9125000000000001
792 1 0.9198369591346154 0.859375 0.875 0.8343750000000001 0.9958333341346154 1 0.9958333341346154 1 0.9198369591346154
417 0.996875 0.6291666658653846 0.9781249999999999 0.625 0.9593750000000001 0.625 0.9312499999999999 0.6333333341346153 0.9125000000000001 0.6583333341346154 0.909375 0.6916666658653846 0.85625 0.7250000000000001 0.809375 0.9791666658653846 0.840625 0.9916666658653847 0.903125 0.9083333341346154 0.9125000000000001 0.8583333341346153 0.953125 0.8708333341346154 0.996875 0.8666666658653847 0.996875 0.6291666658653846
1314 0.50625 0.4666666658653846 0.565625 0.4708333341346154 0.56875 0.35 0.509375 0.35 0.50625 0.4666666658653846
1314 0.1875 0.1333333341346154 0.00625 0.10833333413461539 0.003125 0.2416666658653846 0.12187500000000001 0.2458333341346154 0.190625 0.25 0.1875 0.1333333341346154
1186 0.19374999999999998 0.175 0.19374999999999998 0.25 0.215625 0.2541666658653846 0.25 0.2541666658653846 0.278125 0.2625 0.353125 0.2625 0.36250000000000004 0.21250000000000002 0.34375 0.1916666658653846 0.3375 0.1833333341346154 0.30937499999999996 0.1833333341346154 0.29375 0.1583333341346154 0.2625 0.1541666658653846 0.2375 0.1958333341346154 0.21250000000000002 0.1958333341346154 0.19374999999999998 0.175
1186 0.42500000000000004 0.5041666658653846 0.40312499999999996 0.4333333341346154 0.35 0.4291666658653846 0.34687500000000004 0.5458333341346153 0.35 0.5625 0.421875 0.5666666658653846 0.42500000000000004 0.5041666658653846
1186 0.6187499999999999 0.5958333341346154 0.6343749999999999 0.5958333341346154 0.628125 0.6125 0.8656250000000001 0.6458333341346154 0.871875 0.5791666658653847 0.796875 0.5583333341346154 0.79375 0.5291666658653846 0.7093750000000001 0.5208333341346154 0.6468750000000001 0.575 0.6312500000000001 0.5666666658653846 0.6187499999999999 0.5666666658653846 0.6187499999999999 0.5958333341346154
1184 0.625 0.5583333341346154 0.6312500000000001 0.5041666658653846 0.5875 0.4958333341346154 0.553125 0.5541666658653847 0.58125 0.5541666658653847 0.59375 0.5625 0.609375 0.6 0.6156250000000001 0.6 0.6156250000000001 0.5625 0.625 0.5583333341346154
1843 0.44999999999999996 0.4916666658653846 0.428125 0.5291666658653846 0.42500000000000004 0.5708333341346153 0.50625 0.5833333341346154 0.534375 0.5833333341346154 0.575 0.5041666658653846 0.44999999999999996 0.4916666658653846
417 0.553125 0.5541666658653847 0.53125 0.5875 0.521875 0.6125 0.515625 0.675 0.6125 0.6458333341346154 0.609375 0.6 0.59375 0.5625 0.58125 0.5541666658653847 0.553125 0.5541666658653847
605 0.625 0.6375 0.43125 0.7041666658653847 0.42500000000000004 0.9916666658653847 0.60625 0.9916666658653847 0.85625 0.825 0.875 0.6458333341346154 0.628125 0.6166666658653847 0.621875 0.6083333341346153 0.421875 0.5708333341346153 0.390625 0.5791666658653847 0.384375 0.8166666658653846 0.40312499999999996 0.8041666658653847 0.40312499999999996 0.7541666658653846 0.428125 0.7541666658653846 0.43125 0.6958333341346153 0.47187500000000004 0.6833333341346154 0.515625 0.6666666658653846 0.51875 0.6125 0.625 0.6375
989 0.190625 0.6416666658653847 0.184375 0.6499999999999999 0.21875 0.6666666658653846 0.31562500000000004 0.6499999999999999 0.32499999999999996 0.6458333341346154 0.278125 0.6166666658653847 0.190625 0.6416666658653847
1186 0.584375 0.6875 0.540625 0.7083333341346154 0.54375 0.7250000000000001 0.6156250000000001 0.75 0.6875 0.7250000000000001 0.6968749999999999 0.7250000000000001 0.73125 0.7208333341346154 0.734375 0.7083333341346154 0.746875 0.7083333341346154 0.7875000000000001 0.6916666658653846 0.8 0.6916666658653846 0.8218749999999999 0.6499999999999999 0.675 0.625 0.65625 0.6416666658653847 0.640625 0.6375 0.55 0.6791666658653847 0.584375 0.6875
1186 0.078125 0.4041666658653846 0.028124999999999997 0.4083333341346154 0.025 0.44999999999999996 0.075 0.4458333341346154 0.078125 0.4041666658653846
1184 0.03125 0.6166666658653847 0.03125 0.5875 0.01875 0.5875 0.003125 0.525 0.003125 0.6291666658653846 0.03125 0.6166666658653847
1184 0.171875 0.42500000000000004 0.19374999999999998 0.4375 0.203125 0.4208333341346154 0.1875 0.3916666658653846 0.16875 0.39583333413461536 0.15625 0.4208333341346154 0.171875 0.42500000000000004
1186 0.328125 0.4 0.2625 0.4 0.2625 0.4333333341346154 0.328125 0.4291666658653846 0.328125 0.4
1184 0.259375 0.4416666658653846 0.259375 0.4083333341346154 0.24062499999999998 0.4 0.2375 0.42500000000000004 0.259375 0.4416666658653846
1184 0.109375 0.5583333341346154 0.109375 0.55 0.109375 0.5083333341346153 0.1 0.5083333341346153 0.09375 0.5083333341346153 0.09062500000000001 0.5541666658653847 0.109375 0.5583333341346154
1185 0.025 0.5791666658653847 0.040624999999999994 0.5875 0.084375 0.4833333341346154 0.03125 0.4833333341346154 0.025 0.5791666658653847
1186 0.0625 0.6333333341346153 0.115625 0.6208333341346154 0.115625 0.6041666658653846 0.153125 0.575 0.09062500000000001 0.5541666658653847 0.0375 0.5875 0.03125 0.625 0.0625 0.6333333341346153
1186 0.26875 0.5208333341346154 0.26875 0.5708333341346153 0.29375 0.5708333341346153 0.334375 0.5875 0.34062499999999996 0.5833333341346154 0.38125 0.5791666658653847 0.38125 0.5666666658653846 0.353125 0.5625 0.34687500000000004 0.55 0.32499999999999996 0.55 0.32499999999999996 0.5291666658653846 0.303125 0.5166666658653847 0.26875 0.5208333341346154
990 0.290625 0.6166666658653847 0.14375 0.6583333341346154 0.146875 0.6708333341346153 0.19687500000000002 0.6958333341346153 0.33125000000000004 0.6583333341346154 0.290625 0.6166666658653847
1146 0.171875 0.6541666658653846 0.15625 0.6666666658653846 0.16875 0.6708333341346153 0.203125 0.6708333341346153 0.190625 0.6499999999999999 0.171875 0.6541666658653846
605 0.00625 0.95 0.065625 0.9291666658653847 0.06875 0.875 0.14375 0.8458333341346154 0.14375 0.7541666658653846 0.215625 0.7416666658653847 0.3 0.7875000000000001 0.37187499999999996 0.7666666658653847 0.36875 0.8083333341346154 0.38125 0.8125 0.390625 0.5708333341346153 0.35 0.55 0.36250000000000004 0.25 0.025 0.2416666658653846 0.00625 0.2416666658653846 0.003125 0.95 0.00625 0.95
1139 0.1875 0.5791666658653847 0.234375 0.5791666658653847 0.234375 0.5916666658653846 0.25 0.5916666658653846 0.25 0.575 0.259375 0.5416666658653846 0.259375 0.4458333341346154 0.2375 0.4291666658653846 0.234375 0.41666666586538464 0.153125 0.4208333341346154 0.140625 0.4291666658653846 0.103125 0.42500000000000004 0.103125 0.5 0.11249999999999999 0.5208333341346154 0.15625 0.5541666658653847 0.159375 0.575 0.171875 0.5833333341346154 0.171875 0.6 0.184375 0.6041666658653846 0.1875 0.5791666658653847