1027 0.15866084375 0.3015564206730769 0.17612809375000002 0.32879377403846155 0.18486171875 0.32879377403846155 0.21106259134615385 0.3112840456730769 0.22270742307692307 0.3112840456730769 0.22852983894230772 0.3229571995192308 0.2459970889423077 0.336575875 0.25764192067307695 0.3346303509615384 0.2707423581730769 0.3229571995192308 0.28238718990384615 0.3229571995192308 0.28966521153846153 0.33268482451923076 0.29985443990384614 0.3385214014423077 0.3114992716346154 0.33268482451923076 0.3216885 0.3229571995192308 0.3275109158653846 0.31906614903846153 0.3406113533653846 0.3385214014423077 0.3508005817307692 0.3424124519230769 0.36098981009615383 0.32879377403846155 0.36972343509615385 0.3307393004807692 0.37700145673076924 0.32879377403846155 0.3886462884615384 0.3385214014423077 0.39883551682692303 0.3385214014423077 0.41048034855769233 0.33268482451923076 0.42794759855769227 0.3385214014423077 0.44832605528846153 0.32684825 0.45851528365384614 0.32879377403846155 0.46870451201923075 0.336575875 0.48471615625 0.3346303509615384 0.4963609903846154 0.3424124519230769 0.5167394471153846 0.3424124519230769 0.5283842788461539 0.3385214014423077 0.5269286754807692 0.28988326923076924 0.4352256177884615 0.15175097355769232 0.4352256177884615 0.13618676923076922 0.3114992716346154 0.09922179086538462 0.27510917067307694 0.10116731490384615 0.2736535673076923 0.12451361778846154 0.16302765625 0.2568093389423077 0.15866084375 0.3015564206730769
1027 0.5269286754807692 0.3346303509615384 0.5443959254807692 0.34046692548076923 0.5560407572115385 0.33268482451923076 0.5676855889423077 0.3463035024038461 0.5866084423076923 0.336575875 0.6011644831730769 0.35019455288461543 0.6171761274038462 0.34046692548076923 0.6302765649038461 0.3521400769230769 0.6477438125 0.35408560336538464 0.6564774375 0.34046692548076923 0.669577875 0.3424124519230769 0.669577875 0.30544747115384613 0.6026200865384616 0.20428015625 0.6026200865384616 0.18482490384615383 0.5196506538461538 0.1673151754807692 0.4876273653846154 0.163424125 0.4861717620192308 0.18482490384615383 0.47016011538461544 0.20428015625 0.5269286754807692 0.28988326923076924 0.5269286754807692 0.3346303509615384
402 0.0014556033653846156 0 0.0014556033653846156 0.08560311298076922 0.02474526923076923 0.09143968990384616 0.09752547355769231 0.10700389182692308 0.21834061057692308 0.12840466826923078 0.46724890865384616 0.18871595432692306 0.6026200865384616 0.18093385096153847 0.6593886466346154 0.18093385096153847 0.7714701610576923 0.16926069951923078 0.9941775841346154 0.1400778221153846 0.9970887908653846 0 0.0014556033653846156 0
1885 0.9970887908653846 0.719844358173077 0.9970887908653846 0.2723735408653846 0.9970887908653846 0.13813229567307692 0.4657933052884615 0.18871595432692306 0.4599708870192308 0.6206225673076923 0.9970887908653846 0.719844358173077
1885 0 0.7369858485576923 0.4599708870192308 0.6206225673076923 0.4657933052884615 0.1867704278846154 0 0.08397881009615384 0 0.13132295673076924 0.0014556033653846156 0.17898832692307692 0 0.4581712067307692 0 0.7369858485576923
792 0.4599708870192308 0.6206225673076923 0.0014556033653846156 0.7373540865384616 0.0014556033653846156 0.9961089495192308 0.9956331875 0.9961089495192308 0.9956331875 0.719844358173077 0.4599708870192308 0.6206225673076923
238 0.7831149927884616 0.8346303509615385 0.7816593894230769 0.7373540865384616 0.82823871875 0.7042801562500001 0.82823871875 0.6167315168269231 0.5269286754807692 0.5680933846153846 0.50218340625 0.5680933846153846 0.0014556033653846156 0.6848249038461538 0.0043668125 0.8910505841346155 0.17176128124999998 0.9922178990384616 0.3959243076923077 0.9922178990384616 0.4264919951923077 0.9688715961538462 0.7481804951923077 0.7587548629807692 0.7540029110576923 0.8385214014423077 0.7831149927884616 0.8346303509615385
1314 0.04221251923076923 0.20428015625 0.03784570673076923 0.41050583653846157 0.13828238701923076 0.4085603100961538 0.13973799038461537 0.21789883173076924 0.04221251923076923 0.20428015625
1314 0.2911208149038461 0.3618677043269231 0.1863173221153846 0.3618677043269231 0.18486171875 0.515564201923077 0.29257641826923075 0.5038910504807692 0.2911208149038461 0.3618677043269231
1563 0.28093158653846156 0.7042801562500001 0.17903930048076924 0.7003891057692309 0.17030567788461537 0.7743190673076923 0.2736535673076923 0.7821011682692307 0.28093158653846156 0.7042801562500001
1714 0.5167394471153846 0.5680933846153846 0.5516739447115385 0.566147860576923 0.5487627355769231 0.5291828798076923 0.5385735072115385 0.5194552524038462 0.5138282379807693 0.5136186778846153 0.48180494951923075 0.5097276274038461 0.4556040745192308 0.5116731514423077 0.4264919951923077 0.5233463028846154 0.4250363894230769 0.5486381322115385 0.4425036394230769 0.5525291826923077 0.4876273653846154 0.5583657596153846 0.5167394471153846 0.5680933846153846
1027 0.46433769951923076 0.5194552524038462 0.48180494951923075 0.5175097283653846 0.4759825336538462 0.5038910504807692 0.47743813701923077 0.4494163413461539 0.5094614254807692 0.44357976682692307 0.49490538461538464 0.3813229567307692 0.45705968028846156 0.37937743269230767 0.43959243028846157 0.43968871634615386 0.47016011538461544 0.44747081730769234 0.47016011538461544 0.5058365769230769 0.46433769951923076 0.5194552524038462
1607 0.9868995624999999 0.5992217908653846 0.9752547307692307 0.5914396899038462 0.9665211057692308 0.5680933846153846 0.9082969423076922 0.566147860576923 0.8864628822115385 0.575875485576923 0.8078602620192308 0.5622568100961538 0.733624454326923 0.5486381322115385 0.6986899567307692 0.5389105048076923 0.6928675408653846 0.5233463028846154 0.6404657932692307 0.5233463028846154 0.6273653557692308 0.5136186778846153 0.6215429399038462 0.546692608173077 0.5749636105769231 0.5622568100961538 0.5749636105769231 0.575875485576923 0.8267831153846154 0.6167315168269231 0.82823871875 0.7042801562500001 0.7831149927884616 0.7392996105769231 0.7845705961538462 0.7684824903846154 0.9301310048076924 0.7957198437499999 0.9315866081730769 0.8171206225961539 0.9374090240384615 0.8249027235576923 0.9490538581730769 0.82684825 0.9548762740384615 0.8035019447115384 0.9912663749999999 0.770428014423077 0.9912663749999999 0.6478599230769231 0.9970887908653846 0.6089494158653846 0.9868995624999999 0.5992217908653846
1607 0.4017467259615385 0.5447470817307692 0.36826783173076927 0.5136186778846153 0.3493449783653846 0.5252918293269231 0.3362445408653846 0.5272373533653846 0.3216885 0.5330739302884615 0.30276564663461536 0.5505836586538462 0.27802037740384616 0.546692608173077 0.2649199423076923 0.5252918293269231 0.2430858798076923 0.556420233173077 0.22125181971153846 0.5505836586538462 0.19359534134615386 0.5350194543269231 0.18922852884615382 0.556420233173077 0.17903930048076924 0.5603112836538462 0.16011644951923076 0.5642023341346154 0.1353711778846154 0.5719844350961538 0.13245997115384614 0.5894941634615385 0.10771470192307693 0.5894941634615385 0.08151382932692308 0.6011673149038461 0.0786026201923077 0.6322957187499999 0.09024745192307693 0.6381322956730769 0.09024745192307693 0.6595330745192308 0.4963609903846154 0.5622568100961538 0.42358078605769234 0.5486381322115385 0.4017467259615385 0.5447470817307692
1314 0.3944687043269231 0.47665369711538463 0.44687045192307695 0.4727626466346154 0.4497816586538462 0.3346303509615384 0.39883551682692303 0.336575875 0.3944687043269231 0.47665369711538463