1027 0.8369723437500001 0.2568093389423077 0.7263464326923077 0.12451361778846154 0.7248908293269231 0.10116731490384615 0.6885007283653847 0.09922179086538462 0.5647743822115385 0.13618676923076922 0.5647743822115385 0.15175097355769232 0.4730713245192308 0.28988326923076924 0.47161572115384615 0.3385214014423077 0.4832605528846154 0.3424124519230769 0.5036390096153845 0.3424124519230769 0.51528384375 0.3346303509615384 0.5312954879807692 0.336575875 0.5414847163461538 0.32879377403846155 0.5516739447115385 0.32684825 0.5720524014423077 0.3385214014423077 0.5895196514423077 0.33268482451923076 0.6011644831730769 0.3385214014423077 0.6113537115384615 0.3385214014423077 0.6229985432692308 0.32879377403846155 0.6302765649038461 0.3307393004807692 0.6390101899038462 0.32879377403846155 0.6491994182692308 0.3424124519230769 0.6593886466346154 0.3385214014423077 0.6724890841346153 0.31906614903846153 0.6783115000000001 0.3229571995192308 0.6885007283653847 0.33268482451923076 0.7001455600961539 0.3385214014423077 0.7103347884615385 0.33268482451923076 0.7176128100961539 0.3229571995192308 0.729257641826923 0.3229571995192308 0.7423580793269231 0.3346303509615384 0.7540029110576923 0.336575875 0.7714701610576923 0.3229571995192308 0.7772925769230769 0.3112840456730769 0.7889374086538462 0.3112840456730769 0.8151382812500001 0.32879377403846155 0.82387190625 0.32879377403846155 0.84133915625 0.3015564206730769 0.8369723437500001 0.2568093389423077
1027 0.4730713245192308 0.28988326923076924 0.5298398846153846 0.20428015625 0.5138282379807693 0.18482490384615383 0.5123726346153846 0.163424125 0.48034934615384617 0.1673151754807692 0.39737991346153845 0.18482490384615383 0.39737991346153845 0.20428015625 0.330422125 0.30544747115384613 0.330422125 0.3424124519230769 0.34352256249999996 0.34046692548076923 0.35225618750000004 0.35408560336538464 0.36972343509615385 0.3521400769230769 0.3828238725961538 0.34046692548076923 0.39883551682692303 0.35019455288461543 0.4133915576923077 0.336575875 0.4323144110576923 0.3463035024038461 0.44395924278846155 0.33268482451923076 0.4556040745192308 0.34046692548076923 0.4730713245192308 0.3346303509615384 0.4730713245192308 0.28988326923076924
402 0.0029112091346153845 0 0.005822415865384615 0.1400778221153846 0.22852983894230772 0.16926069951923078 0.3406113533653846 0.18093385096153847 0.39737991346153845 0.18093385096153847 0.5327510913461538 0.18871595432692306 0.7816593894230769 0.12840466826923078 0.9024745264423076 0.10700389182692308 0.9752547307692307 0.09143968990384616 0.9985443966346155 0.08560311298076922 0.9985443966346155 0 0.0029112091346153845 0
1885 0.5400291129807692 0.6206225673076923 0.5342066947115385 0.18871595432692306 0.0029112091346153845 0.13813229567307692 0.0029112091346153845 0.2723735408653846 0.0029112091346153845 0.719844358173077 0.5400291129807692 0.6206225673076923
1885 1 0.08397881009615384 0.5342066947115385 0.1867704278846154 0.5400291129807692 0.6206225673076923 1 0.7369858485576923 1 0.4581712067307692 0.9985443966346155 0.17898832692307692 1 0.13132295673076924 1 0.08397881009615384
792 0.0043668125 0.719844358173077 0.0043668125 0.9961089495192308 0.9985443966346155 0.9961089495192308 0.9985443966346155 0.7373540865384616 0.5400291129807692 0.6206225673076923 0.0043668125 0.719844358173077
238 0.2459970889423077 0.8385214014423077 0.2518195048076923 0.7587548629807692 0.5735080048076923 0.9688715961538462 0.6040756923076923 0.9922178990384616 0.82823871875 0.9922178990384616 0.9956331875 0.8910505841346155 0.9985443966346155 0.6848249038461538 0.49781659375 0.5680933846153846 0.4730713245192308 0.5680933846153846 0.17176128124999998 0.6167315168269231 0.17176128124999998 0.7042801562500001 0.21834061057692308 0.7373540865384616 0.21688500721153847 0.8346303509615385 0.2459970889423077 0.8385214014423077
1314 0.8602620096153846 0.21789883173076924 0.8617176129807693 0.4085603100961538 0.9621542932692309 0.41050583653846157 0.9577874807692308 0.20428015625 0.8602620096153846 0.21789883173076924
1314 0.7074235817307692 0.5038910504807692 0.8151382812500001 0.515564201923077 0.8136826778846153 0.3618677043269231 0.7088791850961538 0.3618677043269231 0.7074235817307692 0.5038910504807692
1563 0.7263464326923077 0.7821011682692307 0.8296943221153845 0.7743190673076923 0.8209606995192308 0.7003891057692309 0.7190684134615384 0.7042801562500001 0.7263464326923077 0.7821011682692307
1714 0.5123726346153846 0.5583657596153846 0.5574963605769231 0.5525291826923077 0.5749636105769231 0.5486381322115385 0.5735080048076923 0.5233463028846154 0.5443959254807692 0.5116731514423077 0.5181950504807692 0.5097276274038461 0.4861717620192308 0.5136186778846153 0.46142649278846154 0.5194552524038462 0.4512372644230769 0.5291828798076923 0.44832605528846153 0.566147860576923 0.4832605528846154 0.5680933846153846 0.5123726346153846 0.5583657596153846
1027 0.5298398846153846 0.5058365769230769 0.5298398846153846 0.44747081730769234 0.5604075697115385 0.43968871634615386 0.5429403197115384 0.37937743269230767 0.5050946153846154 0.3813229567307692 0.4905385745192307 0.44357976682692307 0.5225618629807692 0.4494163413461539 0.5240174663461539 0.5038910504807692 0.5181950504807692 0.5175097283653846 0.5356623004807692 0.5194552524038462 0.5298398846153846 0.5058365769230769
1607 0.0029112091346153845 0.6089494158653846 0.008733625 0.6478599230769231 0.008733625 0.770428014423077 0.04512372596153846 0.8035019447115384 0.05094614182692307 0.82684825 0.06259097596153845 0.8249027235576923 0.06841339182692308 0.8171206225961539 0.06986899519230769 0.7957198437499999 0.21542940384615386 0.7684824903846154 0.21688500721153847 0.7392996105769231 0.17176128124999998 0.7042801562500001 0.1732168846153846 0.6167315168269231 0.4250363894230769 0.575875485576923 0.4250363894230769 0.5622568100961538 0.3784570600961539 0.546692608173077 0.3726346442307692 0.5136186778846153 0.3595342067307692 0.5233463028846154 0.3071324591346154 0.5233463028846154 0.3013100432692308 0.5389105048076923 0.2663755456730769 0.5486381322115385 0.19213973798076925 0.5622568100961538 0.11353711778846153 0.575875485576923 0.09170305769230769 0.566147860576923 0.03347889423076923 0.5680933846153846 0.02474526923076923 0.5914396899038462 0.0131004375 0.5992217908653846 0.0029112091346153845 0.6089494158653846
1607 0.5764192139423077 0.5486381322115385 0.5036390096153845 0.5622568100961538 0.9097525480769231 0.6595330745192308 0.9097525480769231 0.6381322956730769 0.9213973798076923 0.6322957187499999 0.9184861706730769 0.6011673149038461 0.892285298076923 0.5894941634615385 0.8675400288461539 0.5894941634615385 0.8646288221153846 0.5719844350961538 0.8398835504807691 0.5642023341346154 0.8209606995192308 0.5603112836538462 0.8107714711538462 0.556420233173077 0.8064046586538461 0.5350194543269231 0.7787481802884616 0.5505836586538462 0.7569141201923077 0.556420233173077 0.7350800576923077 0.5252918293269231 0.7219796225961539 0.546692608173077 0.6972343533653846 0.5505836586538462 0.6783115000000001 0.5330739302884615 0.6637554591346154 0.5272373533653846 0.6506550216346153 0.5252918293269231 0.6317321682692308 0.5136186778846153 0.5982532740384615 0.5447470817307692 0.5764192139423077 0.5486381322115385
1314 0.6011644831730769 0.336575875 0.5502183413461539 0.3346303509615384 0.553129548076923 0.4727626466346154 0.605531295673077 0.47665369711538463 0.6011644831730769 0.336575875