1944 0.0034364254807692307 0.3376288653846154 0.19587628846153848 0.32989690625 0.1855670096153846 0.007731959134615385 0.006872853365384615 0.010309278846153846 0.0034364254807692307 0.3376288653846154
1523 0.5216759182692308 0 0.24742268028846154 0.06443299038461539 0.2577319591346154 0.3969072163461539 0.9965635745192307 0.9329896899038462 1 0.6056701033653846 1 0 0.5216759182692308 0
291 0.4776632307692308 0.22164948557692307 0.5017182139423076 0.22422680528846153 0.5360824735576923 0.22422680528846153 0.5326460480769231 0.15721649519230768 0.5189003437499999 0.1417525769230769 0.5223367692307692 0.12371134134615384 0.4948453605769231 0.12371134134615384 0.4948453605769231 0.13917525721153845 0.48109965625 0.1623711346153846 0.4776632307692308 0.22164948557692307
291 0.6426116826923077 0.46391752644230766 0.6254295528846154 0.47938144230769236 0.6116838485576923 0.4948453605769231 0.6013745697115385 0.5644329903846154 0.618556701923077 0.5670103100961539 0.6529209615384615 0.5695876298076923 0.6838487980769231 0.5695876298076923 0.6838487980769231 0.5489690721153846 0.6769759447115384 0.47938144230769236 0.6666666658653846 0.4664948461538462 0.6666666658653846 0.44329896875 0.6426116826923077 0.44329896875 0.6426116826923077 0.46391752644230766
558 1 0.9356482788461539 0.2405498293269231 0.3840206177884615 0.010309278846153846 0.3943298966346154 0.0034364254807692307 0.5824742259615385 0.10309278365384615 0.57989690625 0.1134020625 0.6159793822115385 0.2989690721153846 0.994845360576923 0.9965635745192307 0.9922680408653846 1 0.9652061850961539 1 0.9356482788461539
314 1 0.4347079038461539 0.9828178701923077 0.4304123701923077 0.8831615120192308 0.4381443293269231 0.8694158076923078 0.5 0.9347079038461538 0.5180412379807693 0.9587628870192308 0.5180412379807693 0.9725085913461539 0.4690721658653846 0.9965635745192307 0.4690721658653846 1 0.45231958653846155 1 0.4347079038461539
983 0.6048109975961539 0.3788659783653846 0.6151202740384616 0.38917525721153845 0.63230240625 0.3994845360576923 0.6769759447115384 0.4123711346153846 0.6907216490384616 0.4097938149038462 0.6907216490384616 0.38917525721153845 0.6907216490384616 0.36855670192307693 0.7010309278846154 0.36082474278846155 0.6975945024038462 0.3505154639423077 0.6769759447115384 0.34793814423076924 0.6494845360576923 0.3402061850961538 0.63230240625 0.33247422596153847 0.618556701923077 0.32989690625 0.608247423076923 0.3247422692307692 0.5910652932692307 0.3247422692307692 0.5876288653846153 0.3427835048076923 0.5807560144230769 0.3711340216346154 0.5841924399038462 0.3788659783653846 0.6048109975961539 0.3788659783653846
973 0.7353951899038461 0.6340206177884615 0.7491408942307692 0.6417525769230769 0.7800687283653847 0.6417525769230769 0.7800687283653847 0.5927835048076923 0.7766323028846155 0.5824742259615385 0.7800687283653847 0.5721649495192308 0.7800687283653847 0.5618556706730768 0.7491408942307692 0.5618556706730768 0.7457044663461538 0.5824742259615385 0.7422680408653846 0.5876288653846153 0.7353951899038461 0.6340206177884615
1885 0.0034364254807692307 0 0.0034364254807692307 0.36082474278846155 0.0034364254807692307 0.4974226802884615 0.4329896899038461 0.47938144230769236 0.44673539423076924 0 0.0034364254807692307 0
792 0.2989690721153846 0.994845360576923 0.10309278365384615 0.5773195865384616 0.006872853365384615 0.57989690625 0.0034364254807692307 0.9974226802884616 0.2989690721153846 0.994845360576923
1078 0.2749140889423077 0.4329896899038461 0.24398625480769232 0.4381443293269231 0.23367697596153844 0.4974226802884615 0.2646048100961539 0.5206185576923077 0.37800687259615384 0.5128865985576924 0.3745704471153846 0.4278350504807692 0.3539518894230769 0.4097938149038462 0.2749140889423077 0.4149484543269231 0.2749140889423077 0.4329896899038461
1078 0.42268041346153845 0.5618556706730768 0.3848797259615384 0.5953608245192308 0.38144329807692307 0.6159793822115385 0.40893470673076926 0.6391752572115385 0.4982817860576923 0.6262886586538462 0.48453608173076923 0.5747422692307692 0.48109965625 0.5670103100961539 0.48109965625 0.5618556706730768 0.4673539519230769 0.5463917524038462 0.4398625432692308 0.5463917524038462 0.4295532644230769 0.5618556706730768 0.42268041346153845 0.5618556706730768
1078 0.7869415817307692 0.9175257740384615 0.8213058413461538 0.9536082475961538 0.8522336778846153 0.9742268052884615 0.9725085913461539 0.9561855673076922 0.9828178701923077 0.8350515456730769 0.9896907211538462 0.7731958774038462 0.8659793822115385 0.7113402067307693 0.8247422692307692 0.7036082475961538 0.8144329903846154 0.7345360817307692 0.8109965625 0.7371134014423077 0.8109965625 0.755154639423077 0.8006872860576923 0.80670103125 0.8213058413461538 0.8092783509615384 0.8213058413461538 0.8659793822115385 0.8316151201923077 0.8324742259615385 0.84879725 0.8427835048076923 0.8453608245192308 0.8711340216346154 0.7903780072115385 0.8840206177884615 0.7835051538461539 0.8917525769230769 0.7869415817307692 0.9175257740384615
1667 0.8006872860576923 0.3788659783653846 0.8041237115384615 0.39175257692307697 0.7938144326923078 0.45876288701923074 0.8556701033653845 0.4690721658653846 0.872852233173077 0.46391752644230766 0.8831615120192308 0.3711340216346154 0.8694158076923078 0.36082474278846155 0.8247422692307692 0.3634020625 0.8041237115384615 0.36855670192307693 0.8006872860576923 0.3788659783653846