1944 0.9931271466346154 0.010309278846153846 0.8144329903846154 0.007731959134615385 0.8041237115384615 0.32989690625 0.9965635745192307 0.3376288653846154 0.9931271466346154 0.010309278846153846
1523 0 0 0 0.6056701033653846 0.0034364254807692307 0.9329896899038462 0.7422680408653846 0.3969072163461539 0.7525773197115384 0.06443299038461539 0.47832408173076923 0 0 0
291 0.5189003437499999 0.1623711346153846 0.5051546394230769 0.13917525721153845 0.5051546394230769 0.12371134134615384 0.4776632307692308 0.12371134134615384 0.48109965625 0.1417525769230769 0.4673539519230769 0.15721649519230768 0.46391752644230766 0.22422680528846153 0.4982817860576923 0.22422680528846153 0.5223367692307692 0.22164948557692307 0.5189003437499999 0.1623711346153846
291 0.3573883173076923 0.44329896875 0.33333333413461536 0.44329896875 0.33333333413461536 0.4664948461538462 0.3230240552884615 0.47938144230769236 0.31615120192307694 0.5489690721153846 0.31615120192307694 0.5695876298076923 0.3470790384615385 0.5695876298076923 0.38144329807692307 0.5670103100961539 0.39862543028846154 0.5644329903846154 0.38831615144230774 0.4948453605769231 0.3745704471153846 0.47938144230769236 0.3573883173076923 0.46391752644230766 0.3573883173076923 0.44329896875
558 0 0.9652061850961539 0.0034364254807692307 0.9922680408653846 0.7010309278846154 0.994845360576923 0.8865979375 0.6159793822115385 0.8969072163461539 0.57989690625 0.9965635745192307 0.5824742259615385 0.9896907211538462 0.3943298966346154 0.7594501706730769 0.3840206177884615 0 0.9356482788461539 0 0.9652061850961539
314 0 0.45231958653846155 0.0034364254807692307 0.4690721658653846 0.027491408653846156 0.4690721658653846 0.04123711298076923 0.5180412379807693 0.06529209615384615 0.5180412379807693 0.1305841923076923 0.5 0.11683848798076922 0.4381443293269231 0.017182129807692306 0.4304123701923077 0 0.4347079038461539 0 0.45231958653846155
983 0.4158075600961538 0.3788659783653846 0.41924398557692305 0.3711340216346154 0.4123711346153846 0.3427835048076923 0.40893470673076926 0.3247422692307692 0.39175257692307697 0.3247422692307692 0.38144329807692307 0.32989690625 0.36769759375 0.33247422596153847 0.3505154639423077 0.3402061850961538 0.3230240552884615 0.34793814423076924 0.3024054975961538 0.3505154639423077 0.2989690721153846 0.36082474278846155 0.3092783509615385 0.36855670192307693 0.3092783509615385 0.38917525721153845 0.3092783509615385 0.4097938149038462 0.3230240552884615 0.4123711346153846 0.36769759375 0.3994845360576923 0.3848797259615384 0.38917525721153845 0.3951890024038462 0.3788659783653846 0.4158075600961538 0.3788659783653846
973 0.2577319591346154 0.5876288653846153 0.25429553365384616 0.5824742259615385 0.25085910576923076 0.5618556706730768 0.2199312716346154 0.5618556706730768 0.2199312716346154 0.5721649495192308 0.22336769711538462 0.5824742259615385 0.2199312716346154 0.5927835048076923 0.2199312716346154 0.6417525769230769 0.25085910576923076 0.6417525769230769 0.2646048100961539 0.6340206177884615 0.2577319591346154 0.5876288653846153
1885 0.5532646057692308 0 0.5670103100961539 0.47938144230769236 0.9965635745192307 0.4974226802884615 0.9965635745192307 0.36082474278846155 0.9965635745192307 0 0.5532646057692308 0
792 0.9965635745192307 0.9974226802884616 0.9931271466346154 0.57989690625 0.8969072163461539 0.5773195865384616 0.7010309278846154 0.994845360576923 0.9965635745192307 0.9974226802884616
1078 0.7250859110576923 0.4149484543269231 0.646048110576923 0.4097938149038462 0.6254295528846154 0.4278350504807692 0.6219931274038462 0.5128865985576924 0.7353951899038461 0.5206185576923077 0.7663230240384615 0.4974226802884615 0.7560137451923077 0.4381443293269231 0.7250859110576923 0.4329896899038461 0.7250859110576923 0.4149484543269231
1078 0.5704467355769232 0.5618556706730768 0.5601374567307692 0.5463917524038462 0.5326460480769231 0.5463917524038462 0.5189003437499999 0.5618556706730768 0.5189003437499999 0.5670103100961539 0.5154639182692308 0.5747422692307692 0.5017182139423076 0.6262886586538462 0.5910652932692307 0.6391752572115385 0.618556701923077 0.6159793822115385 0.6151202740384616 0.5953608245192308 0.5773195865384616 0.5618556706730768 0.5704467355769232 0.5618556706730768
1078 0.21649484615384618 0.8917525769230769 0.20962199278846153 0.8840206177884615 0.15463917548076925 0.8711340216346154 0.15120275 0.8427835048076923 0.1683848798076923 0.8324742259615385 0.17869415865384616 0.8659793822115385 0.17869415865384616 0.8092783509615384 0.1993127139423077 0.80670103125 0.18900343749999998 0.755154639423077 0.18900343749999998 0.7371134014423077 0.1855670096153846 0.7345360817307692 0.1752577307692308 0.7036082475961538 0.13402061778846155 0.7113402067307693 0.010309278846153846 0.7731958774038462 0.017182129807692306 0.8350515456730769 0.027491408653846156 0.9561855673076922 0.14776632211538462 0.9742268052884615 0.17869415865384616 0.9536082475961538 0.21305841826923075 0.9175257740384615 0.21649484615384618 0.8917525769230769
1667 0.19587628846153848 0.36855670192307693 0.1752577307692308 0.3634020625 0.1305841923076923 0.36082474278846155 0.11683848798076922 0.3711340216346154 0.12714776682692308 0.46391752644230766 0.1443298966346154 0.4690721658653846 0.2061855673076923 0.45876288701923074 0.19587628846153848 0.39175257692307697 0.1993127139423077 0.3788659783653846 0.19587628846153848 0.36855670192307693