402 0.007239817307692307 0 0.04307692307692308 0.15566037740384614 0.27384615384615385 0.2028301875 0.39384615384615385 0.1981132067307692 0.6984615384615385 0.09433962259615385 0.8596336995192307 0 0.007239817307692307 0
1027 0.39076923076923076 0.06132075480769231 0.39076923076923076 0.037735848557692304 0.4030769230769231 0.02830188701923077 0.39692307692307693 0.009433961538461539 0.38153846153846155 0.004716980769230769 0.3692307692307692 0.004716980769230769 0.36615384615384616 0.014150942307692307 0.3692307692307692 0.03301886778846154 0.38153846153846155 0.037735848557692304 0.37846153846153846 0.08018868028846154 0.3630769230769231 0.08018868028846154 0.36 0.11320754807692308 0.3538461538461538 0.12735849038461539 0.34153846153846157 0.12264150961538461 0.3261538461538462 0.17452830288461538 0.34461538461538466 0.1886792451923077 0.34153846153846157 0.20754717067307693 0.34461538461538466 0.23113207451923076 0.3538461538461538 0.25943396153846154 0.36615384615384616 0.25943396153846154 0.36 0.27358490625000004 0.37846153846153846 0.27358490625000004 0.38461538461538464 0.3018867932692308 0.39384615384615385 0.27358490625000004 0.4 0.25943396153846154 0.40923076923076923 0.2641509423076923 0.42461538461538456 0.27358490625000004 0.4461538461538461 0.2641509423076923 0.4461538461538461 0.25471698076923077 0.44 0.23584905769230768 0.44 0.21698113221153845 0.4584615384615385 0.20754717067307693 0.4492307692307692 0.16509433894230768 0.43076923076923074 0.16509433894230768 0.4215384615384616 0.17452830288461538 0.4184615384615385 0.1981132067307692 0.4215384615384616 0.21698113221153845 0.43076923076923074 0.21698113221153845 0.42769230769230765 0.23113207451923076 0.4123076923076923 0.20754717067307693 0.4123076923076923 0.17452830288461538 0.4153846153846154 0.1509433966346154 0.4123076923076923 0.13207547115384616 0.39692307692307693 0.11792452884615384 0.4 0.08018868028846154 0.39076923076923076 0.07547169711538461 0.39076923076923076 0.06132075480769231
1523 0.8564615384615385 0 0.7015384615384614 0.08962264182692309 0.39692307692307693 0.1981132067307692 0.2676923076923077 0.20754717067307693 0.06461538461538462 0.16037735817307694 0.08 0.5283018870192308 0.12923076923076923 0.5424528293269231 0.13846153846153847 0.7688679254807693 0.2676923076923077 0.7311320745192307 0.4523076923076923 0.75 0.6646153846153846 0.8679245288461538 0.8153846153846154 0.9905660384615385 1 0.9905660384615385 1 0 0.8564615384615385 0
501 0.72 0.8773584903846154 0.72 0.8443396225961538 0.7323076923076923 0.16981131971153846 0.7446153846153846 0.1509433966346154 0.7446153846153846 0.14150943509615385 0.7323076923076923 0.12735849038461539 0.6861538461538461 0.1509433966346154 0.7046153846153846 0.16981131971153846 0.676923076923077 0.8301886802884616 0.6676923076923077 0.8490566033653846 0.6676923076923077 0.8679245288461538 0.7046153846153846 0.8915094350961539 0.72 0.8773584903846154
501 0.48615384615384616 0.7216981129807691 0.48923076923076925 0.24528301923076923 0.4984615384615385 0.23584905769230768 0.4984615384615385 0.22641509375 0.48000000000000004 0.21226415144230767 0.4523076923076923 0.21698113221153845 0.4523076923076923 0.22641509375 0.46153846153846156 0.23584905769230768 0.46153846153846156 0.7264150937499999 0.4523076923076923 0.7405660384615385 0.4523076923076923 0.75 0.48000000000000004 0.7594339615384615 0.49230769230769234 0.7452830192307692 0.48615384615384616 0.7216981129807691
501 0.30153846153846153 0.7075471706730769 0.29538461538461536 0.25 0.30153846153846153 0.24056603846153848 0.29538461538461536 0.22169811298076925 0.2646153846153846 0.22641509375 0.2646153846153846 0.23113207451923076 0.27384615384615385 0.24056603846153848 0.28 0.7028301875 0.27076923076923076 0.7169811322115385 0.27076923076923076 0.7264150937499999 0.30153846153846153 0.7311320745192307 0.3046153846153846 0.7122641514423077 0.30153846153846153 0.7075471706730769
291 0.5476923076923077 0.5330188677884615 0.556923076923077 0.5283018870192308 0.556923076923077 0.49056603846153846 0.5538461538461539 0.47169811298076925 0.5507692307692308 0.4528301875 0.5476923076923077 0.4575471706730769 0.5476923076923077 0.47641509375 0.5446153846153846 0.4811320745192308 0.5415384615384615 0.5283018870192308 0.5476923076923077 0.5330188677884615
291 0.6092307692307692 0.49528301923076923 0.6092307692307692 0.4669811322115385 0.6123076923076923 0.4433962259615385 0.6123076923076923 0.41509433894230774 0.6061538461538462 0.4198113197115385 0.6 0.47641509375 0.5938461538461538 0.5330188677884615 0.6 0.5424528293269231 0.6092307692307692 0.5377358485576923 0.6092307692307692 0.49528301923076923
291 0.9415384615384615 0.5188679254807692 0.9353846153846154 0.5141509423076923 0.9353846153846154 0.49056603846153846 0.9261538461538461 0.49056603846153846 0.9261538461538461 0.5141509423076923 0.9138461538461539 0.5188679254807692 0.9046153846153846 0.6226415096153846 0.9138461538461539 0.6320754711538462 0.9384615384615385 0.6320754711538462 0.9384615384615385 0.5943396225961538 0.9384615384615385 0.5566037740384615 0.9415384615384615 0.5188679254807692
1648 0.04923076923076923 0.5188679254807692 0.006153846153846154 0.5707547163461538 0.02769230769230769 0.8679245288461538 0.12615384615384614 0.8584905649038461 0.13846153846153847 0.7688679254807693 0.12923076923076923 0.5424528293269231 0.04923076923076923 0.5188679254807692
291 0.06769230769230769 0.5047169807692308 0.06461538461538462 0.49528301923076923 0.05846153846153846 0.47641509375 0.05846153846153846 0.4575471706730769 0.05230769230769231 0.4575471706730769 0.05230769230769231 0.49528301923076923 0.04615384615384615 0.5047169807692308 0.04923076923076923 0.5330188677884615 0.06153846153846154 0.5377358485576923 0.07076923076923078 0.5283018870192308 0.06769230769230769 0.5047169807692308
792 0.006153846153846154 0.9528301875 0.006153846153846154 0.9952830192307692 0.6953846153846153 0.9952830192307692 0.8153846153846154 0.9905660384615385 0.7630769230769231 0.9481132067307693 0.6984615384615385 0.8915094350961539 0.6523076923076924 0.863207548076923 0.5876923076923076 0.8254716971153846 0.5138461538461538 0.7783018870192309 0.4646153846153846 0.7547169807692308 0.39384615384615385 0.7405660384615385 0.29846153846153844 0.7311320745192307 0.2646153846153846 0.7311320745192307 0.13846153846153847 0.7688679254807693 0.04307692307692308 0.816037735576923 0.02769230769230769 0.9292452836538462 0.006153846153846154 0.9528301875
1885 0.06461538461538462 0.16037735817307694 0.04307692307692308 0.15566037740384614 0.006153846153846154 0 0.003076923076923077 0.21226415144230767 0.006153846153846154 0.9528301875 0.02769230769230769 0.9198113197115384 0.04307692307692308 0.8207547163461538 0.10153846153846155 0.7877358485576923 0.06461538461538462 0.16037735817307694
1027 0.3230769230769231 0.1509433966346154 0.32 0.14150943509615385 0.3076923076923077 0.13679245192307693 0.29538461538461536 0.13679245192307693 0.29846153846153844 0.15566037740384614 0.3107692307692308 0.16037735817307694 0.3169230769230769 0.16037735817307694 0.3230769230769231 0.16037735817307694 0.3230769230769231 0.1509433966346154
679 0.996923076923077 0.933962264423077 0.8338461538461538 0.8301886802884616 0.8123076923076924 0.8584905649038461 0.8092307692307692 0.9245283028846154 0.8892307692307693 0.9905660384615385 0.996923076923077 0.9905660384615385 0.996923076923077 0.933962264423077