402 0.14036630048076923 0 0.30153846153846153 0.09433962259615385 0.6061538461538462 0.1981132067307692 0.7261538461538461 0.2028301875 0.9569230769230769 0.15566037740384614 0.9927601826923076 0 0.14036630048076923 0
1027 0.6092307692307692 0.07547169711538461 0.6 0.08018868028846154 0.6030769230769231 0.11792452884615384 0.5876923076923076 0.13207547115384616 0.5846153846153845 0.1509433966346154 0.5876923076923076 0.17452830288461538 0.5876923076923076 0.20754717067307693 0.5723076923076923 0.23113207451923076 0.5692307692307692 0.21698113221153845 0.5784615384615385 0.21698113221153845 0.5815384615384616 0.1981132067307692 0.5784615384615385 0.17452830288461538 0.5692307692307692 0.16509433894230768 0.5507692307692308 0.16509433894230768 0.5415384615384615 0.20754717067307693 0.56 0.21698113221153845 0.56 0.23584905769230768 0.5538461538461539 0.25471698076923077 0.5538461538461539 0.2641509423076923 0.5753846153846154 0.27358490625000004 0.5907692307692307 0.2641509423076923 0.6 0.25943396153846154 0.6061538461538462 0.27358490625000004 0.6153846153846154 0.3018867932692308 0.6215384615384616 0.27358490625000004 0.64 0.27358490625000004 0.6338461538461538 0.25943396153846154 0.6461538461538462 0.25943396153846154 0.6553846153846153 0.23113207451923076 0.6584615384615385 0.20754717067307693 0.6553846153846153 0.1886792451923077 0.6738461538461539 0.17452830288461538 0.6584615384615385 0.12264150961538461 0.6461538461538462 0.12735849038461539 0.64 0.11320754807692308 0.6369230769230769 0.08018868028846154 0.6215384615384616 0.08018868028846154 0.6184615384615384 0.037735848557692304 0.6307692307692307 0.03301886778846154 0.6338461538461538 0.014150942307692307 0.6307692307692307 0.004716980769230769 0.6184615384615384 0.004716980769230769 0.6030769230769231 0.009433961538461539 0.5969230769230769 0.02830188701923077 0.6092307692307692 0.037735848557692304 0.6092307692307692 0.06132075480769231 0.6092307692307692 0.07547169711538461
1523 0 0 0 0.9905660384615385 0.1846153846153846 0.9905660384615385 0.3353846153846154 0.8679245288461538 0.5476923076923077 0.75 0.7323076923076923 0.7311320745192307 0.8615384615384615 0.7688679254807693 0.8707692307692307 0.5424528293269231 0.92 0.5283018870192308 0.9353846153846154 0.16037735817307694 0.7323076923076923 0.20754717067307693 0.6030769230769231 0.1981132067307692 0.29846153846153844 0.08962264182692309 0.14353846153846156 0 0 0
501 0.29538461538461536 0.8915094350961539 0.3323076923076923 0.8679245288461538 0.3323076923076923 0.8490566033653846 0.3230769230769231 0.8301886802884616 0.29538461538461536 0.16981131971153846 0.31384615384615383 0.1509433966346154 0.2676923076923077 0.12735849038461539 0.2553846153846154 0.14150943509615385 0.2553846153846154 0.1509433966346154 0.2676923076923077 0.16981131971153846 0.28 0.8443396225961538 0.28 0.8773584903846154 0.29538461538461536 0.8915094350961539
501 0.5076923076923077 0.7452830192307692 0.52 0.7594339615384615 0.5476923076923077 0.75 0.5476923076923077 0.7405660384615385 0.5384615384615384 0.7264150937499999 0.5384615384615384 0.23584905769230768 0.5476923076923077 0.22641509375 0.5476923076923077 0.21698113221153845 0.52 0.21226415144230767 0.5015384615384615 0.22641509375 0.5015384615384615 0.23584905769230768 0.5107692307692308 0.24528301923076923 0.5138461538461538 0.7216981129807691 0.5076923076923077 0.7452830192307692
501 0.6953846153846153 0.7122641514423077 0.6984615384615385 0.7311320745192307 0.7292307692307692 0.7264150937499999 0.7292307692307692 0.7169811322115385 0.72 0.7028301875 0.7261538461538461 0.24056603846153848 0.7353846153846154 0.23113207451923076 0.7353846153846154 0.22641509375 0.7046153846153846 0.22169811298076925 0.6984615384615385 0.24056603846153848 0.7046153846153846 0.25 0.6984615384615385 0.7075471706730769 0.6953846153846153 0.7122641514423077
291 0.4584615384615385 0.5283018870192308 0.4553846153846154 0.4811320745192308 0.4523076923076923 0.47641509375 0.4523076923076923 0.4575471706730769 0.4492307692307692 0.4528301875 0.4461538461538461 0.47169811298076925 0.44307692307692303 0.49056603846153846 0.44307692307692303 0.5283018870192308 0.4523076923076923 0.5330188677884615 0.4584615384615385 0.5283018870192308
291 0.39076923076923076 0.5377358485576923 0.4 0.5424528293269231 0.4061538461538462 0.5330188677884615 0.4 0.47641509375 0.39384615384615385 0.4198113197115385 0.38769230769230767 0.41509433894230774 0.38769230769230767 0.4433962259615385 0.39076923076923076 0.4669811322115385 0.39076923076923076 0.49528301923076923 0.39076923076923076 0.5377358485576923
291 0.06153846153846154 0.5566037740384615 0.06153846153846154 0.5943396225961538 0.06153846153846154 0.6320754711538462 0.08615384615384616 0.6320754711538462 0.09538461538461539 0.6226415096153846 0.08615384615384616 0.5188679254807692 0.07384615384615384 0.5141509423076923 0.07384615384615384 0.49056603846153846 0.06461538461538462 0.49056603846153846 0.06461538461538462 0.5141509423076923 0.05846153846153846 0.5188679254807692 0.06153846153846154 0.5566037740384615
1648 0.8707692307692307 0.5424528293269231 0.8615384615384615 0.7688679254807693 0.8738461538461538 0.8584905649038461 0.9723076923076923 0.8679245288461538 0.9938461538461538 0.5707547163461538 0.9507692307692307 0.5188679254807692 0.8707692307692307 0.5424528293269231
291 0.9292307692307692 0.5283018870192308 0.9384615384615385 0.5377358485576923 0.9507692307692307 0.5330188677884615 0.9538461538461539 0.5047169807692308 0.9476923076923077 0.49528301923076923 0.9476923076923077 0.4575471706730769 0.9415384615384615 0.4575471706730769 0.9415384615384615 0.47641509375 0.9353846153846154 0.49528301923076923 0.9323076923076923 0.5047169807692308 0.9292307692307692 0.5283018870192308
792 0.9723076923076923 0.9292452836538462 0.9569230769230769 0.816037735576923 0.8615384615384615 0.7688679254807693 0.7353846153846154 0.7311320745192307 0.7015384615384614 0.7311320745192307 0.6061538461538462 0.7405660384615385 0.5353846153846153 0.7547169807692308 0.48615384615384616 0.7783018870192309 0.4123076923076923 0.8254716971153846 0.34769230769230763 0.863207548076923 0.30153846153846153 0.8915094350961539 0.23692307692307693 0.9481132067307693 0.1846153846153846 0.9905660384615385 0.3046153846153846 0.9952830192307692 0.9938461538461538 0.9952830192307692 0.9938461538461538 0.9528301875 0.9723076923076923 0.9292452836538462
1885 0.8984615384615384 0.7877358485576923 0.9569230769230769 0.8207547163461538 0.9723076923076923 0.9198113197115384 0.9938461538461538 0.9528301875 0.996923076923077 0.21226415144230767 0.9938461538461538 0 0.9569230769230769 0.15566037740384614 0.9353846153846154 0.16037735817307694 0.8984615384615384 0.7877358485576923
1027 0.676923076923077 0.16037735817307694 0.6830769230769231 0.16037735817307694 0.6892307692307693 0.16037735817307694 0.7015384615384614 0.15566037740384614 0.7046153846153846 0.13679245192307693 0.6923076923076923 0.13679245192307693 0.6799999999999999 0.14150943509615385 0.676923076923077 0.1509433966346154 0.676923076923077 0.16037735817307694
679 0.003076923076923077 0.9905660384615385 0.11076923076923076 0.9905660384615385 0.19076923076923077 0.9245283028846154 0.18769230769230769 0.8584905649038461 0.16615384615384615 0.8301886802884616 0.003076923076923077 0.933962264423077 0.003076923076923077 0.9905660384615385