1523 0 0 0 0.91227771875 0.9958158990384616 0.859375 0.9916469591346153 0 0 0
1830 0.9581589951923076 0.778125 0.6945606682692307 0.58125 0.3179916322115384 0.590625 0.17991631730769228 0.784375 0.15481171634615384 0.778125 0.14644351442307693 0.784375 0.13389121394230769 0.8 0.14644351442307693 0.828125 0.15899581490384615 0.83125 0.1924686201923077 0.9937499999999999 0.949790795673077 0.9906250000000001 0.991631798076923 0.778125 0.9581589951923076 0.778125
1289 0.3514644350961538 0.73125 0.33054393269230775 0.7593749999999999 0.31380753125000005 0.76875 0.29707112980769235 0.778125 0.3012552307692308 0.7906249999999999 0.3179916322115384 0.79375 0.33054393269230775 0.796875 0.34309623317307697 0.796875 0.36401673557692305 0.79375 0.37656903846153844 0.79375 0.38493723798076923 0.78125 0.3974895408653846 0.78125 0.38493723798076923 0.7625 0.40167363942307693 0.753125 0.44769874519230773 0.7281249999999999 0.4644351466346154 0.734375 0.4686192475961538 0.765625 0.45606694471153847 0.7906249999999999 0.4518828461538461 0.8218749999999999 0.4351464447115384 0.8531249999999999 0.3974895408653846 0.875 0.3891213389423077 0.903125 0.40585774038461536 0.9312499999999999 0.42259414182692306 0.953125 0.4518828461538461 0.9624999999999999 0.4979079495192308 0.9624999999999999 0.539748954326923 0.98125 0.5606694567307693 0.98125 0.5899581586538462 0.98125 0.6150627620192307 0.9624999999999999 0.6443514639423077 0.96875 0.6987447692307692 0.95 0.7573221754807692 0.9156249999999999 0.7866108798076923 0.8843749999999999 0.7698744759615385 0.8500000000000001 0.7238493725961538 0.8218749999999999 0.7112970721153846 0.7906249999999999 0.7238493725961538 0.7625 0.7238493725961538 0.7375 0.7071129711538462 0.6812499999999999 0.6778242668269231 0.6375 0.6359832644230768 0.6187499999999999 0.6485355649038461 0.609375 0.6694560673076922 0.59375 0.6736401682692308 0.565625 0.6736401682692308 0.525 0.6569037668269231 0.49375 0.6234309615384616 0.48124999999999996 0.5815899591346153 0.478125 0.5313807524038462 0.48124999999999996 0.4937238485576923 0.503125 0.4811715480769231 0.5375 0.4811715480769231 0.565625 0.4811715480769231 0.584375 0.4853556490384615 0.603125 0.4937238485576923 0.628125 0.4644351466346154 0.6468750000000001 0.41841004086538464 0.6812499999999999 0.3974895408653846 0.7 0.3723849375 0.7093750000000001 0.3514644350961538 0.73125
1594 0.6820083677884615 0.253125 0.6569037668269231 0.25 0.6527196658653847 0.265625 0.6443514639423077 0.271875 0.6276150625000001 0.2875 0.6234309615384616 0.3 0.6610878653846155 0.3 0.6903765697115385 0.296875 0.6945606682692307 0.28125 0.6861924687500001 0.26875 0.6820083677884615 0.253125
1594 0.8075313798076924 0.271875 0.8075313798076924 0.2625 0.7866108798076923 0.259375 0.7698744759615385 0.2625 0.7698744759615385 0.3 0.80334728125 0.303125 0.8158995817307692 0.290625 0.8075313798076924 0.284375 0.8075313798076924 0.271875
1594 0.6108786610576923 0.38749999999999996 0.598326360576923 0.38749999999999996 0.5815899591346153 0.396875 0.5815899591346153 0.40625 0.577405858173077 0.4125 0.5606694567307693 0.428125 0.5899581586538462 0.43125 0.6108786610576923 0.43437499999999996 0.6276150625000001 0.42500000000000004 0.6276150625000001 0.40937500000000004 0.6276150625000001 0.39375000000000004 0.6108786610576923 0.38749999999999996
1594 0.7615062764423077 0.396875 0.744769875 0.396875 0.7405857740384616 0.4125 0.7364016730769231 0.43437499999999996 0.7782426778846154 0.43125 0.7698744759615385 0.40937500000000004 0.7698744759615385 0.4 0.7615062764423077 0.396875
1594 0.8577405865384615 0.396875 0.832635983173077 0.396875 0.82426778125 0.41874999999999996 0.832635983173077 0.42500000000000004 0.8535564855769231 0.428125 0.8702928870192307 0.42500000000000004 0.8535564855769231 0.4125 0.8577405865384615 0.396875
1594 0.949790795673077 0.4125 0.949790795673077 0.396875 0.94142259375 0.39375000000000004 0.9246861923076923 0.396875 0.9163179927884616 0.41874999999999996 0.9372384927884615 0.428125 0.9581589951923076 0.43125 0.9623430961538462 0.42500000000000004 0.949790795673077 0.4125
1594 0.8158995817307692 0.5125 0.7991631802884616 0.509375 0.7949790793269231 0.528125 0.774058576923077 0.5375 0.7698744759615385 0.546875 0.7824267788461537 0.559375 0.8075313798076924 0.559375 0.8410041850961538 0.540625 0.8368200841346154 0.525 0.832635983173077 0.509375 0.8158995817307692 0.5125
1594 0.9205020913461539 0.521875 0.9037656899038461 0.515625 0.8912133894230769 0.53125 0.8828451875 0.540625 0.9037656899038461 0.55 0.9456066947115385 0.540625 0.94142259375 0.525 0.9372384927884615 0.51875 0.9205020913461539 0.521875
1594 0.9037656899038461 0.6375 0.8828451875 0.6468750000000001 0.8828451875 0.65625 0.8953974903846155 0.6656249999999999 0.9163179927884616 0.6656249999999999 0.94142259375 0.65625 0.949790795673077 0.6499999999999999 0.9330543942307692 0.6156250000000001 0.9246861923076923 0.625 0.9079497908653846 0.621875 0.9037656899038461 0.6375
1594 0.26778242788461537 0.384375 0.25104602403846155 0.396875 0.23849372355769233 0.38125 0.22175732211538463 0.375 0.1924686201923077 0.4 0.16736401682692306 0.4125 0.14644351442307693 0.41874999999999996 0.13807531490384617 0.428125 0.15899581490384615 0.43437499999999996 0.18828451923076922 0.43437499999999996 0.22175732211538463 0.43125 0.28033472836538464 0.421875 0.2845188293269231 0.40937500000000004 0.28033472836538464 0.396875 0.26778242788461537 0.384375
1594 0.23012552403846154 0.528125 0.20083681971153847 0.540625 0.17991631730769228 0.546875 0.17573221875 0.553125 0.1924686201923077 0.5625 0.22175732211538463 0.565625 0.24267782451923076 0.5625 0.26778242788461537 0.553125 0.3012552307692308 0.546875 0.2845188293269231 0.509375 0.2719665264423077 0.521875 0.24267782451923076 0.5125 0.23012552403846154 0.528125
1594 0.2719665264423077 0.296875 0.2887029278846154 0.29375 0.2719665264423077 0.25625 0.2468619254807692 0.2625 0.21757322115384614 0.25 0.19665271874999998 0.265625 0.17154811778846155 0.275 0.14644351442307693 0.2875 0.18828451923076922 0.3 0.22594142307692305 0.3 0.24267782451923076 0.29375 0.2719665264423077 0.296875
1594 0.16317991586538463 0.09687499999999999 0.13807531490384617 0.109375 0.10878661057692307 0.125 0.09205020913461538 0.128125 0.06276150721153846 0.125 0.054393305288461535 0.134375 0.06694560576923077 0.15 0.08786610817307693 0.15625 0.14644351442307693 0.15625 0.22175732211538463 0.153125 0.2092050216346154 0.103125 0.1924686201923077 0.115625 0.16317991586538463 0.103125 0.16317991586538463 0.09687499999999999
1594 0.8158995817307692 0.125 0.7991631802884616 0.128125 0.7782426778846154 0.125 0.7782426778846154 0.16562500000000002 0.82426778125 0.16249999999999998 0.82426778125 0.153125 0.8158995817307692 0.140625 0.8158995817307692 0.125
1602 0.3514644350961538 0.01875 0.3389121346153846 0.025 0.33054393269230775 0.034375 0.3347280336538461 0.065625 0.3347280336538461 0.0875 0.31380753125000005 0.09687499999999999 0.3347280336538461 0.12187500000000001 0.3514644350961538 0.13125 0.38075313701923075 0.125 0.38493723798076923 0.084375 0.38493723798076923 0.053125000000000006 0.38075313701923075 0.028124999999999997 0.3514644350961538 0.01875
1602 0.41422594230769233 0.028124999999999997 0.41004184134615385 0.040624999999999994 0.41004184134615385 0.06875 0.41004184134615385 0.075 0.3974895408653846 0.08124999999999999 0.42259414182692306 0.12187500000000001 0.46025104567307695 0.08124999999999999 0.46025104567307695 0.03125 0.44769874519230773 0.015625 0.41422594230769233 0.028124999999999997
1602 0.38075313701923075 0.16562500000000002 0.3556485360576923 0.16562500000000002 0.34728033413461534 0.18125000000000002 0.3514644350961538 0.20625 0.34728033413461534 0.22812500000000002 0.32635983173076927 0.234375 0.38075313701923075 0.26875 0.40167363942307693 0.24062499999999998 0.3974895408653846 0.215625 0.3891213389423077 0.17812499999999998 0.38075313701923075 0.16562500000000002
1602 0.44351464423076925 0.16875 0.42259414182692306 0.18125000000000002 0.42677824278846155 0.19374999999999998 0.43096234375000003 0.215625 0.41004184134615385 0.234375 0.44769874519230773 0.259375 0.47280334615384617 0.24375000000000002 0.47280334615384617 0.21875 0.47280334615384617 0.1875 0.44351464423076925 0.16875
1602 0.36820083653846153 0.334375 0.3598326370192308 0.34687500000000004 0.3556485360576923 0.375 0.3389121346153846 0.39375000000000004 0.3723849375 0.421875 0.41004184134615385 0.4 0.41004184134615385 0.35 0.3891213389423077 0.33125000000000004 0.36820083653846153 0.334375
1602 0.45606694471153847 0.32499999999999996 0.43933054326923077 0.33125000000000004 0.43933054326923077 0.35 0.43933054326923077 0.37187499999999996 0.42677824278846155 0.38125 0.44769874519230773 0.4 0.47698744711538466 0.384375 0.4811715480769231 0.365625 0.47698744711538466 0.34062499999999996 0.45606694471153847 0.32499999999999996
1602 0.38493723798076923 0.478125 0.36401673557692305 0.484375 0.36401673557692305 0.50625 0.36401673557692305 0.53125 0.34728033413461534 0.54375 0.36820083653846153 0.565625 0.3891213389423077 0.5625 0.41422594230769233 0.540625 0.41422594230769233 0.509375 0.41004184134615385 0.484375 0.38493723798076923 0.478125
1602 0.47280334615384617 0.48124999999999996 0.4686192475961538 0.47187500000000004 0.44769874519230773 0.46875 0.4351464447115384 0.47187500000000004 0.42259414182692306 0.484375 0.42677824278846155 0.49687499999999996 0.43096234375000003 0.5125 0.41841004086538464 0.528125 0.44351464423076925 0.553125 0.47280334615384617 0.55 0.47698744711538466 0.525 0.47280334615384617 0.48124999999999996
792 0 0.9937631322115384 0.991631798076923 0.996875 0.9958158990384616 0.859375 0.004184100961538461 0.9125000000000001 0 0.953125 0 0.9937631322115384
790 0.12133891105769232 0.6656249999999999 0.09623431009615385 0.671875 0.06694560576923077 0.671875 0.0418410048076923 0.6875 0.01255230048076923 0.6937500000000001 0.01255230048076923 0.7 0.06276150721153846 0.70625 0.10878661057692307 0.6875 0.14644351442307693 0.6812499999999999 0.13807531490384617 0.6656249999999999 0.12133891105769232 0.6656249999999999
1562 0.6945606682692307 0.06875 0.5355648533653846 0.06875 0.5355648533653846 0.16562500000000002 0.6945606682692307 0.16562500000000002 0.6945606682692307 0.06875
1562 0.8493723846153846 0.19687500000000002 0.8451882836538461 0.2875 0.9874476995192307 0.284375 0.9874476995192307 0.19687500000000002 0.8493723846153846 0.19687500000000002