402 0.22629333413461536 0 0.39599999999999996 0.19733333413461537 0.42 0.192 0.428 0.2186666658653846 0.6799999999999999 0.20533333413461538 0.6880000000000001 0.1813333341346154 0.7080000000000001 0.1813333341346154 0.8242898557692308 0 0.22629333413461536 0
402 0.9693529423076923 0 0.702 0.26933333413461535 0.6900000000000001 0.272 0.6799999999999999 0.27733333413461536 0.6859999999999999 0.3146666658653846 0.718 0.304 0.996 0.12266666586538462 0.996 0 0.9693529423076923 0
1885 0.8223188389423076 0 0.7080000000000001 0.1813333341346154 0.6880000000000001 0.1813333341346154 0.6799999999999999 0.20533333413461538 0.6799999999999999 0.24000000000000002 0.676 0.24000000000000002 0.676 0.2746666658653846 0.6900000000000001 0.2666666658653846 0.704 0.2666666658653846 0.966 0 0.8223188389423076 0
1885 0.002 0 0.006 0.013333334134615385 0.40599999999999997 0.28 0.42600000000000005 0.28533333413461537 0.42600000000000005 0.2186666658653846 0.42 0.192 0.394 0.19733333413461537 0.2262666658653846 0 0.002 0
402 0 0.06933333413461538 0.002 0.128 0.028 0.1253333341346154 0.038 0.128 0.038 0.14400000000000002 0.076 0.168 0.096 0.1626666658653846 0.114 0.168 0.116 0.184 0.14400000000000002 0.19733333413461537 0.192 0.192 0.268 0.232 0.266 0.2506666658653846 0.41800000000000004 0.3173333341346154 0.42600000000000005 0.28800000000000003 0 0.011962615384615386 0 0.06933333413461538
1885 0.6859999999999999 0.5413333341346154 0.998 0.864 0.998 0.256 0.996 0.1253333341346154 0.714 0.304 0.6819999999999999 0.312 0.6859999999999999 0.5413333341346154
1885 0.6819999999999999 0.312 0.6819999999999999 0.2826666658653846 0.676 0.2826666658653846 0.672 0.23733333413461538 0.678 0.23733333413461538 0.678 0.20533333413461538 0.428 0.2133333341346154 0.428 0.28800000000000003 0.41600000000000004 0.3306666658653846 0.424 0.5413333341346154 0.6819999999999999 0.536 0.6819999999999999 0.312
1885 0 0.47866666586538464 0.002 0.7226666658653845 0.422 0.5413333341346154 0.414 0.32533333413461535 0.41600000000000004 0.3173333341346154 0.266 0.2533333341346154 0.26999999999999996 0.232 0.19 0.19466666586538464 0.14400000000000002 0.2 0.112 0.1813333341346154 0.114 0.168 0.096 0.1626666658653846 0.07200000000000001 0.17066666586538462 0.038 0.14400000000000002 0.038 0.1253333341346154 0.028 0.1253333341346154 0 0.1253333341346154 0 0.47866666586538464
1285 0 0.9423589735576924 0.024 0.9866666658653845 0.032 0.9946666658653847 0.11 0.9946666658653847 0.112 0.9386666658653847 0.112 0.8826666658653846 0.10400000000000001 0.8586666658653846 0.10400000000000001 0.8213333341346154 0.088 0.7733333341346154 0.08 0.7386666658653845 0.07 0.72 0.08600000000000001 0.712 0.098 0.7093333341346154 0.10200000000000001 0.6853333341346153 0.10200000000000001 0.6533333341346155 0.088 0.6159999999999999 0.074 0.5706666658653846 0.064 0.5546666658653846 0.056 0.5413333341346154 0.042 0.528 0.012 0.5093333341346153 0.002 0.4986666658653846 0.01 0.4853333341346154 0.01 0.44266666586538467 0.002 0.40266666586538463 0 0.6706666658653847 0 0.9423589735576924
1286 0.08 0.5626666658653846 0.082 0.5786666658653846 0.098 0.5680000000000001 0.114 0.5706666658653846 0.126 0.5653333341346154 0.116 0.5973333341346154 0.13 0.5973333341346154 0.156 0.5946666658653846 0.16999999999999998 0.5866666658653846 0.196 0.5813333341346154 0.192 0.5653333341346154 0.19 0.5333333341346154 0.186 0.4906666658653846 0.18 0.48000000000000004 0.164 0.4693333341346154 0.15799999999999997 0.44266666586538467 0.15 0.41600000000000004 0.136 0.41066666586538464 0.126 0.41333333413461537 0.116 0.432 0.12200000000000001 0.47200000000000003 0.112 0.48000000000000004 0.112 0.504 0.108 0.5253333341346154 0.10200000000000001 0.552 0.088 0.552 0.08 0.5626666658653846
1286 0.23 0.4613333341346154 0.23399999999999999 0.44266666586538467 0.23 0.424 0.214 0.41333333413461537 0.206 0.41866666586538465 0.2 0.432 0.2 0.448 0.206 0.4533333341346154 0.212 0.4533333341346154 0.20800000000000002 0.47200000000000003 0.20400000000000001 0.4693333341346154 0.196 0.45866666586538457 0.176 0.44266666586538467 0.168 0.44266666586538467 0.17200000000000001 0.4533333341346154 0.192 0.4666666658653846 0.192 0.48800000000000004 0.19799999999999998 0.49600000000000005 0.19799999999999998 0.5093333341346153 0.2 0.5173333341346154 0.19399999999999998 0.528 0.206 0.5413333341346154 0.214 0.6319999999999999 0.22 0.6613333341346154 0.23600000000000002 0.672 0.238 0.6533333341346155 0.23399999999999999 0.5866666658653846 0.23600000000000002 0.5706666658653846 0.242 0.56 0.242 0.5466666658653846 0.24000000000000002 0.528 0.238 0.4906666658653846 0.24000000000000002 0.48000000000000004 0.23 0.4613333341346154
1505 0.33399999999999996 0.608 0.24400000000000002 0.7066666658653846 0.256 0.888 0.304 0.88 0.41600000000000004 0.6693333341346153 0.412 0.6213333341346154 0.33399999999999996 0.608
1289 0.35400000000000004 0.6666666658653846 0.37 0.6666666658653846 0.374 0.672 0.38 0.696 0.382 0.728 0.382 0.752 0.394 0.752 0.402 0.752 0.42 0.752 0.424 0.744 0.41000000000000003 0.7306666658653846 0.398 0.696 0.41800000000000004 0.7093333341346154 0.43400000000000005 0.7093333341346154 0.44 0.7066666658653846 0.44200000000000006 0.6906666658653846 0.428 0.6853333341346153 0.41800000000000004 0.6853333341346153 0.40800000000000003 0.6479999999999999 0.392 0.6186666658653847 0.384 0.6186666658653847 0.366 0.6106666658653845 0.348 0.5653333341346154 0.356 0.552 0.36 0.5333333341346154 0.35400000000000004 0.5146666658653847 0.338 0.5066666658653847 0.33199999999999996 0.5146666658653847 0.326 0.528 0.32 0.5466666658653846 0.30799999999999994 0.5706666658653846 0.304 0.5973333341346154 0.304 0.6293333341346153 0.304 0.6586666658653846 0.322 0.6746666658653846 0.338 0.672 0.35400000000000004 0.6666666658653846
1298 0.508 0.5413333341346154 0.51 0.5680000000000001 0.512 0.608 0.512 0.6453333341346154 0.52 0.6826666658653846 0.512 0.7013333341346153 0.506 0.7306666658653846 0.512 0.7386666658653845 0.506 0.7573333341346153 0.516 0.7759999999999999 0.522 0.76 0.518 0.7466666658653847 0.53 0.744 0.528 0.704 0.538 0.6853333341346153 0.536 0.6479999999999999 0.5399999999999999 0.608 0.546 0.6266666658653846 0.5399999999999999 0.6773333341346154 0.536 0.7333333341346153 0.532 0.7733333341346154 0.5399999999999999 0.784 0.55 0.7893333341346154 0.562 0.784 0.55 0.768 0.554 0.7546666658653846 0.5579999999999999 0.7066666658653846 0.56 0.6613333341346154 0.566 0.5866666658653846 0.564 0.5413333341346154 0.574 0.5786666658653846 0.572 0.6213333341346154 0.582 0.6266666658653846 0.588 0.6 0.584 0.584 0.5780000000000001 0.5573333341346154 0.574 0.4986666658653846 0.566 0.4746666658653846 0.552 0.4613333341346154 0.544 0.4533333341346154 0.55 0.448 0.55 0.4293333341346154 0.55 0.41066666586538464 0.538 0.4 0.526 0.3973333341346154 0.516 0.41066666586538464 0.51 0.43466666586538466 0.52 0.4533333341346154 0.514 0.4666666658653846 0.504 0.4746666658653846 0.5 0.4853333341346154 0.49 0.5066666658653847 0.47800000000000004 0.5333333341346154 0.498 0.5413333341346154 0.508 0.5413333341346154
1286 0.608 0.5760000000000001 0.608 0.6053333341346154 0.608 0.6426666658653846 0.606 0.6826666658653846 0.61 0.728 0.598 0.7333333341346153 0.61 0.7653333341346154 0.622 0.7733333341346154 0.638 0.7759999999999999 0.642 0.7573333341346153 0.652 0.7573333341346153 0.652 0.728 0.644 0.6773333341346154 0.658 0.608 0.658 0.5760000000000001 0.658 0.552 0.6479999999999999 0.5306666658653846 0.662 0.4906666658653846 0.662 0.4666666658653846 0.6479999999999999 0.43466666586538466 0.652 0.43466666586538466 0.662 0.424 0.662 0.40533333413461536 0.658 0.3866666658653846 0.6499999999999999 0.3733333341346154 0.638 0.3733333341346154 0.63 0.3866666658653846 0.63 0.40533333413461536 0.63 0.424 0.6180000000000001 0.43466666586538466 0.61 0.45866666586538457 0.61 0.4906666658653846 0.602 0.5146666658653847 0.61 0.536 0.608 0.5760000000000001
1294 0.734 0.40533333413461536 0.722 0.392 0.7100000000000001 0.3946666658653846 0.7 0.424 0.6880000000000001 0.43466666586538466 0.6679999999999999 0.448 0.66 0.47200000000000003 0.652 0.528 0.652 0.552 0.658 0.5653333341346154 0.658 0.624 0.658 0.6826666658653846 0.6499999999999999 0.7413333341346154 0.654 0.7733333341346154 0.654 0.8026666658653846 0.6679999999999999 0.8079999999999999 0.676 0.8026666658653846 0.6799999999999999 0.752 0.6859999999999999 0.728 0.6859999999999999 0.696 0.6900000000000001 0.6586666658653846 0.702 0.6880000000000001 0.6920000000000001 0.72 0.6799999999999999 0.7653333341346154 0.674 0.8266666658653846 0.6859999999999999 0.824 0.7080000000000001 0.8213333341346154 0.718 0.7946666658653846 0.718 0.7546666658653846 0.728 0.7093333341346154 0.73 0.6639999999999999 0.736 0.6159999999999999 0.748 0.6133333341346154 0.752 0.5680000000000001 0.76 0.5626666658653846 0.764 0.5253333341346154 0.75 0.48800000000000004 0.746 0.47200000000000003 0.73 0.45066666586538456 0.728 0.44266666586538467 0.734 0.42666666586538465 0.734 0.40533333413461536
1285 0.904 0.7013333341346153 0.92 0.7466666658653847 0.9299999999999999 0.7466666658653847 0.9299999999999999 0.8213333341346154 0.9179999999999999 0.864 0.9159999999999999 0.896 0.9139999999999999 0.9946666658653847 0.998 0.9920000000000001 0.994 0.33333333413461536 0.9760000000000001 0.36 0.966 0.3786666658653846 0.95 0.41333333413461537 0.9600000000000001 0.4293333341346154 0.978 0.44266666586538467 0.978 0.456 0.97 0.4906666658653846 0.9560000000000001 0.5013333341346153 0.9420000000000001 0.512 0.9139999999999999 0.5413333341346154 0.894 0.5680000000000001 0.896 0.6106666658653845 0.8999999999999999 0.6639999999999999 0.904 0.7013333341346153
1286 0.444 0.5626666658653846 0.452 0.5626666658653846 0.462 0.6026666658653845 0.456 0.656 0.45799999999999996 0.6853333341346153 0.47000000000000003 0.6906666658653846 0.46599999999999997 0.672 0.47000000000000003 0.6613333341346154 0.476 0.6213333341346154 0.48000000000000004 0.6213333341346154 0.476 0.6906666658653846 0.49 0.696 0.49600000000000005 0.6880000000000001 0.49 0.6746666658653846 0.492 0.6346666658653847 0.498 0.5946666658653846 0.494 0.5573333341346154 0.48000000000000004 0.528 0.504 0.47200000000000003 0.506 0.464 0.494 0.448 0.49 0.44 0.494 0.4213333341346154 0.494 0.40266666586538463 0.486 0.3946666658653846 0.47800000000000004 0.392 0.47000000000000003 0.3973333341346154 0.46599999999999997 0.4213333341346154 0.46599999999999997 0.448 0.454 0.456 0.446 0.4853333341346154 0.444 0.5226666658653847 0.44200000000000006 0.5466666658653846 0.444 0.5626666658653846
222 0.754 0.9413333341346154 0.754 0.9760000000000001 0.764 0.9813333341346154 0.7739999999999999 0.9786666658653846 0.7739999999999999 0.9946666658653847 0.912 0.9893333341346153 0.9159999999999999 0.864 0.926 0.824 0.928 0.7706666658653846 0.926 0.7493333341346153 0.908 0.728 0.904 0.704 0.904 0.6773333341346154 0.892 0.6186666658653847 0.88 0.6159999999999999 0.8659999999999999 0.6266666658653846 0.858 0.6213333341346154 0.846 0.608 0.8320000000000001 0.6159999999999999 0.826 0.6106666658653845 0.8140000000000001 0.608 0.796 0.608 0.788 0.6133333341346154 0.768 0.6133333341346154 0.768 0.5973333341346154 0.754 0.5973333341346154 0.75 0.6426666658653846 0.756 0.7706666658653846 0.754 0.8320000000000001 0.752 0.8826666658653846 0.754 0.9413333341346154
1648 0.094 0.712 0.078 0.72 0.108 0.8133333341346154 0.106 0.8586666658653846 0.112 0.8906666658653847 0.112 0.9920000000000001 0.216 0.9946666658653847 0.252 0.928 0.24400000000000002 0.6853333341346153 0.10200000000000001 0.6933333341346154 0.094 0.712
792 0 0.9946666658653847 0.382 0.9946666658653847 0.998 0.9946666658653847 0.996 0.8613333341346153 0.6839999999999999 0.536 0.41800000000000004 0.536 0.002 0.7226666658653845 0 0.8586666658653846 0 0.9946666658653847
1286 0.31 0.5626666658653846 0.318 0.5413333341346154 0.33 0.5146666658653847 0.336 0.4986666658653846 0.336 0.4746666658653846 0.33999999999999997 0.456 0.33 0.4453333341346154 0.328 0.43466666586538466 0.328 0.424 0.322 0.41066666586538464 0.312 0.41066666586538464 0.304 0.41866666586538465 0.304 0.43466666586538466 0.3 0.45066666586538456 0.286 0.4613333341346154 0.276 0.4613333341346154 0.286 0.4666666658653846 0.298 0.4666666658653846 0.302 0.47200000000000003 0.304 0.4986666658653846 0.304 0.5226666658653847 0.30799999999999994 0.5413333341346154 0.31 0.5626666658653846
1286 0.8180000000000001 0.4373333341346154 0.8059999999999999 0.4293333341346154 0.8099999999999999 0.41066666586538464 0.804 0.4 0.7899999999999999 0.3973333341346154 0.784 0.40533333413461536 0.782 0.424 0.788 0.43466666586538466 0.7899999999999999 0.4373333341346154 0.788 0.4533333341346154 0.788 0.47200000000000003 0.8180000000000001 0.4773333341346154 0.826 0.4693333341346154 0.8180000000000001 0.4373333341346154
1286 0.766 0.41600000000000004 0.764 0.4 0.754 0.392 0.7420000000000001 0.40533333413461536 0.736 0.41333333413461537 0.732 0.4293333341346154 0.73 0.44266666586538467 0.74 0.4666666658653846 0.748 0.48000000000000004 0.762 0.4906666658653846 0.772 0.48000000000000004 0.762 0.456 0.762 0.44266666586538467 0.766 0.43466666586538466 0.766 0.41600000000000004
1286 0.35400000000000004 0.40533333413461536 0.34199999999999997 0.40533333413461536 0.336 0.4213333341346154 0.34600000000000003 0.4373333341346154 0.35 0.44266666586538467 0.33999999999999997 0.4453333341346154 0.33999999999999997 0.4853333341346154 0.34199999999999997 0.49600000000000005 0.35 0.4853333341346154 0.368 0.4986666658653846 0.378 0.4906666658653846 0.372 0.4746666658653846 0.378 0.4666666658653846 0.386 0.456 0.374 0.44266666586538467 0.36200000000000004 0.43466666586538466 0.364 0.4213333341346154 0.35400000000000004 0.40533333413461536
931 0.15399999999999997 0.34666666586538464 0.148 0.328 0.136 0.3306666658653846 0.128 0.336 0.13 0.35466666586538464 0.12200000000000001 0.36 0.12200000000000001 0.3706666658653846 0.12400000000000001 0.3813333341346154 0.134 0.3786666658653846 0.15399999999999997 0.376 0.168 0.368 0.17200000000000001 0.35466666586538464 0.164 0.34666666586538464 0.15399999999999997 0.34666666586538464
931 0.066 0.336 0.060000000000000005 0.3226666658653846 0.054 0.3226666658653846 0.054 0.3093333341346154 0.04 0.304 0.032 0.3013333341346154 0.02 0.304 0.02 0.32533333413461535 0.002 0.3306666658653846 0.01 0.34133333413461536 0.026000000000000002 0.34666666586538464 0.048 0.34133333413461536 0.056 0.34666666586538464 0.066 0.34666666586538464 0.066 0.336