1523 0.008353040865384615 0 0.004184100961538461 0.859375 1 0.91227771875 1 0 0.008353040865384615 0
1830 0.008368201923076923 0.778125 0.05020920432692307 0.9906250000000001 0.8075313798076924 0.9937499999999999 0.8410041850961538 0.83125 0.8535564855769231 0.828125 0.8661087860576924 0.8 0.8535564855769231 0.784375 0.8451882836538461 0.778125 0.8200836826923077 0.784375 0.6820083677884615 0.590625 0.30543933173076926 0.58125 0.0418410048076923 0.778125 0.008368201923076923 0.778125
1289 0.6276150625000001 0.7093750000000001 0.6025104591346154 0.7 0.5815899591346153 0.6812499999999999 0.5355648533653846 0.6468750000000001 0.5062761514423078 0.628125 0.5146443509615385 0.603125 0.5188284519230769 0.584375 0.5188284519230769 0.565625 0.5188284519230769 0.5375 0.5062761514423078 0.503125 0.4686192475961538 0.48124999999999996 0.41841004086538464 0.478125 0.37656903846153844 0.48124999999999996 0.34309623317307697 0.49375 0.32635983173076927 0.525 0.32635983173076927 0.565625 0.33054393269230775 0.59375 0.3514644350961538 0.609375 0.36401673557692305 0.6187499999999999 0.3221757331730769 0.6375 0.29288702884615386 0.6812499999999999 0.27615062740384616 0.7375 0.27615062740384616 0.7625 0.2887029278846154 0.7906249999999999 0.27615062740384616 0.8218749999999999 0.23012552403846154 0.8500000000000001 0.21338912019230769 0.8843749999999999 0.24267782451923076 0.9156249999999999 0.3012552307692308 0.95 0.3556485360576923 0.96875 0.38493723798076923 0.9624999999999999 0.41004184134615385 0.98125 0.43933054326923077 0.98125 0.46025104567307695 0.98125 0.5020920504807692 0.9624999999999999 0.5481171538461539 0.9624999999999999 0.577405858173077 0.953125 0.5941422596153847 0.9312499999999999 0.6108786610576923 0.903125 0.6025104591346154 0.875 0.5648535552884616 0.8531249999999999 0.5481171538461539 0.8218749999999999 0.5439330552884616 0.7906249999999999 0.5313807524038462 0.765625 0.5355648533653846 0.734375 0.5523012548076923 0.7281249999999999 0.598326360576923 0.753125 0.6150627620192307 0.7625 0.6025104591346154 0.78125 0.6150627620192307 0.78125 0.6234309615384616 0.79375 0.6359832644230768 0.79375 0.6569037668269231 0.796875 0.6694560673076922 0.796875 0.6820083677884615 0.79375 0.6987447692307692 0.7906249999999999 0.7029288701923077 0.778125 0.6861924687500001 0.76875 0.6694560673076922 0.7593749999999999 0.6485355649038461 0.73125 0.6276150625000001 0.7093750000000001
1594 0.31380753125000005 0.26875 0.30543933173076926 0.28125 0.30962343028846157 0.296875 0.3389121346153846 0.3 0.37656903846153844 0.3 0.3723849375 0.2875 0.3556485360576923 0.271875 0.34728033413461534 0.265625 0.34309623317307697 0.25 0.3179916322115384 0.253125 0.31380753125000005 0.26875
1594 0.1924686201923077 0.284375 0.18410041826923076 0.290625 0.19665271874999998 0.303125 0.23012552403846154 0.3 0.23012552403846154 0.2625 0.21338912019230769 0.259375 0.1924686201923077 0.2625 0.1924686201923077 0.271875 0.1924686201923077 0.284375
1594 0.3723849375 0.39375000000000004 0.3723849375 0.40937500000000004 0.3723849375 0.42500000000000004 0.3891213389423077 0.43437499999999996 0.41004184134615385 0.43125 0.43933054326923077 0.428125 0.42259414182692306 0.4125 0.41841004086538464 0.40625 0.41841004086538464 0.396875 0.40167363942307693 0.38749999999999996 0.3891213389423077 0.38749999999999996 0.3723849375 0.39375000000000004
1594 0.23012552403846154 0.4 0.23012552403846154 0.40937500000000004 0.22175732211538463 0.43125 0.26359832692307694 0.43437499999999996 0.25941422596153846 0.4125 0.255230125 0.396875 0.23849372355769233 0.396875 0.23012552403846154 0.4
1594 0.14644351442307693 0.4125 0.12970711298076923 0.42500000000000004 0.14644351442307693 0.428125 0.16736401682692306 0.42500000000000004 0.17573221875 0.41874999999999996 0.16736401682692306 0.396875 0.14225941346153845 0.396875 0.14644351442307693 0.4125
1594 0.03765690384615385 0.42500000000000004 0.0418410048076923 0.43125 0.06276150721153846 0.428125 0.08368200721153846 0.41874999999999996 0.0753138076923077 0.396875 0.05857740625 0.39375000000000004 0.05020920432692307 0.396875 0.05020920432692307 0.4125 0.03765690384615385 0.42500000000000004
1594 0.16736401682692306 0.509375 0.16317991586538463 0.525 0.15899581490384615 0.540625 0.1924686201923077 0.559375 0.21757322115384614 0.559375 0.23012552403846154 0.546875 0.22594142307692305 0.5375 0.20502092067307692 0.528125 0.20083681971153847 0.509375 0.18410041826923076 0.5125 0.16736401682692306 0.509375
1594 0.06276150721153846 0.51875 0.05857740625 0.525 0.054393305288461535 0.540625 0.09623431009615385 0.55 0.1171548125 0.540625 0.10878661057692307 0.53125 0.09623431009615385 0.515625 0.07949790865384615 0.521875 0.06276150721153846 0.51875
1594 0.09205020913461538 0.621875 0.0753138076923077 0.625 0.06694560576923077 0.6156250000000001 0.05020920432692307 0.6499999999999999 0.05857740625 0.65625 0.08368200721153846 0.6656249999999999 0.10460250961538461 0.6656249999999999 0.1171548125 0.65625 0.1171548125 0.6468750000000001 0.09623431009615385 0.6375 0.09205020913461538 0.621875
1594 0.7196652716346155 0.396875 0.7154811706730769 0.40937500000000004 0.7196652716346155 0.421875 0.7782426778846154 0.43125 0.8117154807692307 0.43437499999999996 0.8410041850961538 0.43437499999999996 0.8619246850961539 0.428125 0.8535564855769231 0.41874999999999996 0.832635983173077 0.4125 0.8075313798076924 0.4 0.7782426778846154 0.375 0.7615062764423077 0.38125 0.7489539759615386 0.396875 0.7322175721153846 0.384375 0.7196652716346155 0.396875
1594 0.7573221754807692 0.5125 0.7280334735576923 0.521875 0.7154811706730769 0.509375 0.6987447692307692 0.546875 0.7322175721153846 0.553125 0.7573221754807692 0.5625 0.7782426778846154 0.565625 0.8075313798076924 0.5625 0.82426778125 0.553125 0.8200836826923077 0.546875 0.7991631802884616 0.540625 0.7698744759615385 0.528125 0.7573221754807692 0.5125
1594 0.7573221754807692 0.29375 0.774058576923077 0.3 0.8117154807692307 0.3 0.8535564855769231 0.2875 0.8284518822115385 0.275 0.80334728125 0.265625 0.7824267788461537 0.25 0.7531380745192308 0.2625 0.7280334735576923 0.25625 0.7112970721153846 0.29375 0.7280334735576923 0.296875 0.7573221754807692 0.29375
1594 0.8368200841346154 0.103125 0.8075313798076924 0.115625 0.7907949783653846 0.103125 0.7782426778846154 0.153125 0.8535564855769231 0.15625 0.9121338918269231 0.15625 0.9330543942307692 0.15 0.9456066947115385 0.134375 0.9372384927884615 0.125 0.9079497908653846 0.128125 0.8912133894230769 0.125 0.8619246850961539 0.109375 0.8368200841346154 0.09687499999999999 0.8368200841346154 0.103125
1594 0.18410041826923076 0.140625 0.17573221875 0.153125 0.17573221875 0.16249999999999998 0.22175732211538463 0.16562500000000002 0.22175732211538463 0.125 0.20083681971153847 0.128125 0.18410041826923076 0.125 0.18410041826923076 0.140625
1602 0.6192468629807693 0.028124999999999997 0.6150627620192307 0.053125000000000006 0.6150627620192307 0.084375 0.6192468629807693 0.125 0.6485355649038461 0.13125 0.6652719663461538 0.12187500000000001 0.6861924687500001 0.09687499999999999 0.6652719663461538 0.0875 0.6652719663461538 0.065625 0.6694560673076922 0.034375 0.6610878653846155 0.025 0.6485355649038461 0.01875 0.6192468629807693 0.028124999999999997
1602 0.5523012548076923 0.015625 0.539748954326923 0.03125 0.539748954326923 0.08124999999999999 0.577405858173077 0.12187500000000001 0.6025104591346154 0.08124999999999999 0.5899581586538462 0.075 0.5899581586538462 0.06875 0.5899581586538462 0.040624999999999994 0.5857740576923077 0.028124999999999997 0.5523012548076923 0.015625
1602 0.6108786610576923 0.17812499999999998 0.6025104591346154 0.215625 0.598326360576923 0.24062499999999998 0.6192468629807693 0.26875 0.6736401682692308 0.234375 0.6527196658653847 0.22812500000000002 0.6485355649038461 0.20625 0.6527196658653847 0.18125000000000002 0.6443514639423077 0.16562500000000002 0.6192468629807693 0.16562500000000002 0.6108786610576923 0.17812499999999998
1602 0.5271966538461539 0.1875 0.5271966538461539 0.21875 0.5271966538461539 0.24375000000000002 0.5523012548076923 0.259375 0.5899581586538462 0.234375 0.56903765625 0.215625 0.5732217572115385 0.19374999999999998 0.577405858173077 0.18125000000000002 0.5564853557692307 0.16875 0.5271966538461539 0.1875
1602 0.6108786610576923 0.33125000000000004 0.5899581586538462 0.35 0.5899581586538462 0.4 0.6276150625000001 0.421875 0.6610878653846155 0.39375000000000004 0.6443514639423077 0.375 0.6401673629807692 0.34687500000000004 0.6317991634615385 0.334375 0.6108786610576923 0.33125000000000004
1602 0.5230125528846153 0.34062499999999996 0.5188284519230769 0.365625 0.5230125528846153 0.384375 0.5523012548076923 0.4 0.5732217572115385 0.38125 0.5606694567307693 0.37187499999999996 0.5606694567307693 0.35 0.5606694567307693 0.33125000000000004 0.5439330552884616 0.32499999999999996 0.5230125528846153 0.34062499999999996
1602 0.5899581586538462 0.484375 0.5857740576923077 0.509375 0.5857740576923077 0.540625 0.6108786610576923 0.5625 0.6317991634615385 0.565625 0.6527196658653847 0.54375 0.6359832644230768 0.53125 0.6359832644230768 0.50625 0.6359832644230768 0.484375 0.6150627620192307 0.478125 0.5899581586538462 0.484375
1602 0.5230125528846153 0.525 0.5271966538461539 0.55 0.5564853557692307 0.553125 0.5815899591346153 0.528125 0.56903765625 0.5125 0.5732217572115385 0.49687499999999996 0.577405858173077 0.484375 0.5648535552884616 0.47187500000000004 0.5523012548076923 0.46875 0.5313807524038462 0.47187500000000004 0.5271966538461539 0.48124999999999996 0.5230125528846153 0.525
792 1 0.953125 0.9958158990384616 0.9125000000000001 0.004184100961538461 0.859375 0.008368201923076923 0.996875 1 0.9937631322115384 1 0.953125
790 0.8619246850961539 0.6656249999999999 0.8535564855769231 0.6812499999999999 0.8912133894230769 0.6875 0.9372384927884615 0.70625 0.9874476995192307 0.7 0.9874476995192307 0.6937500000000001 0.9581589951923076 0.6875 0.9330543942307692 0.671875 0.9037656899038461 0.671875 0.8786610889423077 0.6656249999999999 0.8619246850961539 0.6656249999999999
1562 0.30543933173076926 0.16562500000000002 0.4644351466346154 0.16562500000000002 0.4644351466346154 0.06875 0.30543933173076926 0.06875 0.30543933173076926 0.16562500000000002
1562 0.01255230048076923 0.19687500000000002 0.01255230048076923 0.284375 0.15481171634615384 0.2875 0.1506276153846154 0.19687500000000002 0.01255230048076923 0.19687500000000002