1523 0.2855897451923077 0 0.47000000000000003 0.3483483485576923 0.46599999999999997 0.6726726730769231 0.608 0.6816816826923078 0.61 0.31831831730769233 0.7486915889423076 0 0.736 0 0.2855897451923077 0
1523 0.748703704326923 0 0.61 0.3213213221153846 0.608 0.7237237235576923 0.662 0.9939939951923077 1 0.9939939951923077 1 0 0.748703704326923 0
1523 0.005993975961538462 0 0.004 0.9939939951923077 0.358 0.9969969975961538 0.464 0.6996996995192308 0.46599999999999997 0.6756756754807692 0.47200000000000003 0.3483483485576923 0.2875897451923077 0 0.005993975961538462 0
321 0.004 0.9909909903846154 0.192 0.9939939951923077 0.19399999999999998 0.891891891826923 0.188 0.8858858870192308 0.196 0.6696696706730769 0.182 0.6666666658653846 0.192 0.5585585576923077 0.20199999999999999 0.4474474471153846 0.004 0.40840840865384614 0.004 0.9909909903846154
1531 0.136 0.4204204206730769 0.14400000000000002 0.42642642548076926 0.15799999999999997 0.42642642548076926 0.156 0.39339339423076924 0.156 0.3633633629807692 0.156 0.3423423413461538 0.146 0.3423423413461538 0.14200000000000002 0.32432432451923077 0.12200000000000001 0.3153153149038461 0.10200000000000001 0.3153153149038461 0.094 0.31831831730769233 0.088 0.33333333413461536 0.08 0.34534534615384616 0.068 0.3483483485576923 0.054 0.3483483485576923 0.044 0.3633633629807692 0.044 0.37837837740384617 0.034 0.38438438461538466 0.036000000000000004 0.40840840865384614 0.07 0.4114114110576923 0.1 0.4174174182692308 0.128 0.4204204206730769 0.136 0.4204204206730769
321 0.7579999999999999 0.6816816826923078 0.748 0.6816816826923078 0.734 0.7807807812499999 0.6920000000000001 0.7867867860576924 0.6900000000000001 0.9009009014423076 0.7080000000000001 0.9879879879807691 0.922 0.9909909903846154 0.9299999999999999 0.9489489495192308 0.924 0.9099099110576923 0.948 0.9099099110576923 0.954 0.8348348341346153 0.9600000000000001 0.8288288293269231 0.962 0.7747747740384615 0.9600000000000001 0.7747747740384615 0.964 0.6426426418269231 0.8140000000000001 0.6246246249999999 0.76 0.5735735745192307 0.7579999999999999 0.6816816826923078
314 0.998 0.5105105096153847 0.8140000000000001 0.4714714711538462 0.768 0.4654654663461538 0.764 0.5735735745192307 0.8160000000000001 0.6216216225961539 0.998 0.6426426418269231 0.998 0.5105105096153847
1531 0.856 0.35735735817307696 0.844 0.35735735817307696 0.838 0.38138138221153844 0.824 0.44144144230769233 0.8200000000000001 0.4714714711538462 0.8200000000000001 0.4804804807692308 0.838 0.4804804807692308 0.842 0.4714714711538462 0.844 0.48348348317307693 0.8520000000000001 0.48948949038461537 0.8680000000000001 0.48948949038461537 0.894 0.48948949038461537 0.9299999999999999 0.4924924927884616 0.9580000000000001 0.48948949038461537 0.9600000000000001 0.47447447355769234 0.9560000000000001 0.4474474471153846 0.952 0.42942943028846153 0.9380000000000001 0.4234234230769231 0.928 0.4174174182692308 0.924 0.39939939903846156 0.91 0.38438438461538466 0.8979999999999999 0.36036036057692306 0.892 0.3393393389423077 0.876 0.3423423413461538 0.862 0.3483483485576923 0.856 0.35735735817307696
1294 0.574 0.53153153125 0.5780000000000001 0.5255255264423077 0.582 0.5015015024038462 0.5780000000000001 0.4654654663461538 0.574 0.4384384375 0.5700000000000001 0.42642642548076926 0.56 0.4204204206730769 0.554 0.40540540625 0.552 0.3963963966346154 0.552 0.38438438461538466 0.552 0.375375375 0.552 0.3663663653846154 0.5399999999999999 0.35735735817307696 0.534 0.36036036057692306 0.532 0.3693693701923077 0.528 0.37837837740384617 0.528 0.40240240144230766 0.52 0.4114114110576923 0.512 0.4174174182692308 0.502 0.4474474471153846 0.498 0.5045045048076923 0.502 0.5345345336538462 0.502 0.5495495504807693 0.514 0.5615615625 0.516 0.5615615625 0.518 0.6726726730769231 0.518 0.6876876875 0.512 0.6966966971153846 0.518 0.7057057067307693 0.53 0.7027027019230769 0.538 0.6876876875 0.534 0.6546546538461538 0.534 0.6246246249999999 0.536 0.5585585576923077 0.544 0.5705705697115385 0.544 0.6936936947115384 0.5479999999999999 0.7027027019230769 0.554 0.7087087091346155 0.56 0.7027027019230769 0.56 0.6906906899038462 0.5559999999999999 0.6816816826923078 0.562 0.6396396394230769 0.564 0.5825825817307693 0.562 0.5555555552884616 0.5680000000000001 0.5375375384615384 0.574 0.53153153125
321 0.5559999999999999 0.10810810817307694 0.552 0.1831831826923077 0.614 0.1831831826923077 0.612 0.10810810817307694 0.5559999999999999 0.10810810817307694
321 0.464 0.10810810817307694 0.46 0.1831831826923077 0.522 0.1831831826923077 0.522 0.10810810817307694 0.464 0.10810810817307694
321 0.402 0.20120120192307694 0.438 0.2732732740384615 0.608 0.2762762764423077 0.61 0.20120120192307694 0.402 0.20120120192307694
321 0.31599999999999995 0.40840840865384614 0.218 0.3633633629807692 0.218 0.5705705697115385 0.37 0.5375375384615384 0.392 0.4864864855769231 0.31599999999999995 0.40840840865384614
321 0.218 0.5975975985576923 0.216 0.8288288293269231 0.366 0.6846846850961538 0.386 0.6396396394230769 0.318 0.5645645649038461 0.218 0.5975975985576923
321 0.372 0.8198198197115385 0.366 0.8108108100961539 0.386 0.7807807812499999 0.336 0.7237237235576923 0.216 0.8348348341346153 0.216 0.9609609615384616 0.24800000000000003 0.9969969975961538 0.268 0.9969969975961538 0.304 0.9489489495192308 0.296 0.9369369375 0.338 0.8678678677884615 0.356 0.8468468461538462 0.36 0.8528528533653846 0.372 0.8198198197115385
321 0.7100000000000001 0.42642642548076926 0.6479999999999999 0.49849849759615383 0.652 0.5345345336538462 0.756 0.5735735745192307 0.764 0.5735735745192307 0.768 0.46246246153846154 0.784 0.46246246153846154 0.782 0.40540540625 0.7100000000000001 0.42642642548076926
321 0.40800000000000003 0.35435435336538457 0.382 0.3303303293269231 0.38 0.39339339423076924 0.42600000000000005 0.4234234230769231 0.43400000000000005 0.38738738701923076 0.40800000000000003 0.35435435336538457
792 0.46599999999999997 0.6966966971153846 0.36 0.9969969975961538 0.598 0.9969969975961538 0.662 0.9939939951923077 0.606 0.7237237235576923 0.606 0.6786786778846154 0.46799999999999997 0.6696696706730769 0.46599999999999997 0.6966966971153846
321 0.702 0.3003003004807692 0.6499999999999999 0.36036036057692306 0.672 0.40540540625 0.788 0.31231231249999997 0.788 0.1831831826923077 0.702 0.2882882884615384 0.702 0.3003003004807692
321 0.402 0.01201201201923077 0.402 0.09309309375 0.6940000000000001 0.09309309375 0.6940000000000001 0.003003002403846154 0.522 0.015015014423076924 0.402 0.01201201201923077