1523 0.2513084110576923 0 0.39 0.31831831730769233 0.392 0.6816816826923078 0.534 0.6726726730769231 0.53 0.3483483485576923 0.7144102548076923 0 0.264 0 0.2513084110576923 0
1523 0 0 0 0.9939939951923077 0.338 0.9939939951923077 0.392 0.7237237235576923 0.39 0.3213213221153846 0.25129629567307693 0 0 0
1523 0.7124102548076923 0 0.528 0.3483483485576923 0.534 0.6756756754807692 0.536 0.6996996995192308 0.642 0.9969969975961538 0.996 0.9939939951923077 0.9940060240384615 0 0.7124102548076923 0
321 0.996 0.40840840865384614 0.798 0.4474474471153846 0.8079999999999999 0.5585585576923077 0.8180000000000001 0.6666666658653846 0.804 0.6696696706730769 0.8119999999999999 0.8858858870192308 0.8059999999999999 0.891891891826923 0.8079999999999999 0.9939939951923077 0.996 0.9909909903846154 0.996 0.40840840865384614
1531 0.872 0.4204204206730769 0.8999999999999999 0.4174174182692308 0.9299999999999999 0.4114114110576923 0.964 0.40840840865384614 0.966 0.38438438461538466 0.9560000000000001 0.37837837740384617 0.9560000000000001 0.3633633629807692 0.946 0.3483483485576923 0.9319999999999999 0.3483483485576923 0.92 0.34534534615384616 0.912 0.33333333413461536 0.906 0.31831831730769233 0.8979999999999999 0.3153153149038461 0.878 0.3153153149038461 0.858 0.32432432451923077 0.854 0.3423423413461538 0.844 0.3423423413461538 0.844 0.3633633629807692 0.844 0.39339339423076924 0.842 0.42642642548076926 0.856 0.42642642548076926 0.864 0.4204204206730769 0.872 0.4204204206730769
321 0.24000000000000002 0.5735735745192307 0.186 0.6246246249999999 0.036000000000000004 0.6426426418269231 0.04 0.7747747740384615 0.038 0.7747747740384615 0.04 0.8288288293269231 0.046 0.8348348341346153 0.052000000000000005 0.9099099110576923 0.076 0.9099099110576923 0.07 0.9489489495192308 0.078 0.9909909903846154 0.292 0.9879879879807691 0.31 0.9009009014423076 0.30799999999999994 0.7867867860576924 0.266 0.7807807812499999 0.252 0.6816816826923078 0.242 0.6816816826923078 0.24000000000000002 0.5735735745192307
314 0.002 0.6426426418269231 0.184 0.6216216225961539 0.23600000000000002 0.5735735745192307 0.232 0.4654654663461538 0.186 0.4714714711538462 0.002 0.5105105096153847 0.002 0.6426426418269231
1531 0.138 0.3483483485576923 0.12400000000000001 0.3423423413461538 0.108 0.3393393389423077 0.10200000000000001 0.36036036057692306 0.09 0.38438438461538466 0.076 0.39939939903846156 0.07200000000000001 0.4174174182692308 0.062000000000000006 0.4234234230769231 0.048 0.42942943028846153 0.044 0.4474474471153846 0.04 0.47447447355769234 0.042 0.48948949038461537 0.07 0.4924924927884616 0.106 0.48948949038461537 0.132 0.48948949038461537 0.148 0.48948949038461537 0.156 0.48348348317307693 0.15799999999999997 0.4714714711538462 0.16199999999999998 0.4804804807692308 0.18 0.4804804807692308 0.18 0.4714714711538462 0.176 0.44144144230769233 0.16199999999999998 0.38138138221153844 0.156 0.35735735817307696 0.14400000000000002 0.35735735817307696 0.138 0.3483483485576923
1294 0.432 0.5375375384615384 0.438 0.5555555552884616 0.436 0.5825825817307693 0.438 0.6396396394230769 0.444 0.6816816826923078 0.44 0.6906906899038462 0.44 0.7027027019230769 0.446 0.7087087091346155 0.452 0.7027027019230769 0.456 0.6936936947115384 0.456 0.5705705697115385 0.464 0.5585585576923077 0.46599999999999997 0.6246246249999999 0.46599999999999997 0.6546546538461538 0.462 0.6876876875 0.47000000000000003 0.7027027019230769 0.482 0.7057057067307693 0.48800000000000004 0.6966966971153846 0.482 0.6876876875 0.482 0.6726726730769231 0.484 0.5615615625 0.486 0.5615615625 0.498 0.5495495504807693 0.498 0.5345345336538462 0.502 0.5045045048076923 0.498 0.4474474471153846 0.48800000000000004 0.4174174182692308 0.48000000000000004 0.4114114110576923 0.47200000000000003 0.40240240144230766 0.47200000000000003 0.37837837740384617 0.46799999999999997 0.3693693701923077 0.46599999999999997 0.36036036057692306 0.46 0.35735735817307696 0.448 0.3663663653846154 0.448 0.375375375 0.448 0.38438438461538466 0.448 0.3963963966346154 0.446 0.40540540625 0.44 0.4204204206730769 0.43 0.42642642548076926 0.42600000000000005 0.4384384375 0.422 0.4654654663461538 0.41800000000000004 0.5015015024038462 0.422 0.5255255264423077 0.42600000000000005 0.53153153125 0.432 0.5375375384615384
321 0.38799999999999996 0.10810810817307694 0.386 0.1831831826923077 0.448 0.1831831826923077 0.444 0.10810810817307694 0.38799999999999996 0.10810810817307694
321 0.47800000000000004 0.10810810817307694 0.47800000000000004 0.1831831826923077 0.5399999999999999 0.1831831826923077 0.536 0.10810810817307694 0.47800000000000004 0.10810810817307694
321 0.39 0.20120120192307694 0.392 0.2762762764423077 0.562 0.2732732740384615 0.598 0.20120120192307694 0.39 0.20120120192307694
321 0.608 0.4864864855769231 0.63 0.5375375384615384 0.782 0.5705705697115385 0.782 0.3633633629807692 0.6839999999999999 0.40840840865384614 0.608 0.4864864855769231
321 0.6819999999999999 0.5645645649038461 0.614 0.6396396394230769 0.6340000000000001 0.6846846850961538 0.784 0.8288288293269231 0.782 0.5975975985576923 0.6819999999999999 0.5645645649038461
321 0.64 0.8528528533653846 0.644 0.8468468461538462 0.662 0.8678678677884615 0.704 0.9369369375 0.696 0.9489489495192308 0.732 0.9969969975961538 0.752 0.9969969975961538 0.784 0.9609609615384616 0.784 0.8348348341346153 0.6639999999999999 0.7237237235576923 0.614 0.7807807812499999 0.6340000000000001 0.8108108100961539 0.628 0.8198198197115385 0.64 0.8528528533653846
321 0.218 0.40540540625 0.216 0.46246246153846154 0.232 0.46246246153846154 0.23600000000000002 0.5735735745192307 0.24400000000000002 0.5735735745192307 0.348 0.5345345336538462 0.352 0.49849849759615383 0.29 0.42642642548076926 0.218 0.40540540625
321 0.566 0.38738738701923076 0.574 0.4234234230769231 0.62 0.39339339423076924 0.6180000000000001 0.3303303293269231 0.592 0.35435435336538457 0.566 0.38738738701923076
792 0.532 0.6696696706730769 0.394 0.6786786778846154 0.394 0.7237237235576923 0.338 0.9939939951923077 0.402 0.9969969975961538 0.64 0.9969969975961538 0.534 0.6966966971153846 0.532 0.6696696706730769
321 0.298 0.2882882884615384 0.212 0.1831831826923077 0.212 0.31231231249999997 0.328 0.40540540625 0.35 0.36036036057692306 0.298 0.3003003004807692 0.298 0.2882882884615384
321 0.47800000000000004 0.015015014423076924 0.306 0.003003002403846154 0.306 0.09309309375 0.598 0.09309309375 0.598 0.01201201201923077 0.47800000000000004 0.015015014423076924