1531 0.45866666586538457 0.506 0.448 0.49 0.45066666586538456 0.452 0.44 0.428 0.41866666586538465 0.41800000000000004 0.3946666658653846 0.424 0.384 0.436 0.3893333341346154 0.494 0.3893333341346154 0.526 0.3866666658653846 0.5579999999999999 0.41866666586538465 0.606 0.4453333341346154 0.638 0.47200000000000003 0.6499999999999999 0.4933333341346154 0.6 0.49600000000000005 0.5579999999999999 0.48800000000000004 0.53 0.45866666586538457 0.506
1531 0.584 0.62 0.6293333341346153 0.646 0.6773333341346154 0.6659999999999999 0.6986666658653846 0.656 0.6880000000000001 0.62 0.6506666658653846 0.55 0.6186666658653847 0.484 0.5973333341346154 0.46799999999999997 0.5786666658653846 0.462 0.5573333341346154 0.482 0.5493333341346154 0.502 0.56 0.538 0.5706666658653846 0.5559999999999999 0.5706666658653846 0.598 0.584 0.62
1531 0.3306666658653846 0.51 0.336 0.46599999999999997 0.3306666658653846 0.424 0.3146666658653846 0.412 0.28800000000000003 0.412 0.2666666658653846 0.42600000000000005 0.2666666658653846 0.452 0.2666666658653846 0.512 0.2506666658653846 0.5680000000000001 0.3146666658653846 0.6679999999999999 0.34133333413461536 0.6659999999999999 0.368 0.5760000000000001 0.36266666586538465 0.552 0.3306666658653846 0.51
1531 0.2133333341346154 0.536 0.192 0.506 0.2026666658653846 0.464 0.2026666658653846 0.43400000000000005 0.19733333413461537 0.41600000000000004 0.17866666586538463 0.402 0.1493333341346154 0.4 0.136 0.424 0.11733333413461539 0.46 0.1333333341346154 0.474 0.1333333341346154 0.494 0.1253333341346154 0.528 0.11733333413461539 0.574 0.13866666586538462 0.606 0.16 0.672 0.184 0.676 0.224 0.596 0.22666666586538461 0.564 0.2133333341346154 0.536
1531 0.7759999999999999 0.516 0.7573333341346153 0.498 0.768 0.47000000000000003 0.7759999999999999 0.444 0.76 0.41800000000000004 0.744 0.40599999999999997 0.704 0.43 0.704 0.46799999999999997 0.7093333341346154 0.484 0.7093333341346154 0.51 0.6986666658653846 0.552 0.7786666658653847 0.642 0.7946666658653846 0.644 0.7973333341346154 0.5940000000000001 0.7973333341346154 0.538 0.7759999999999999 0.516
1531 0.9413333341346154 0.522 0.9173333341346154 0.508 0.9173333341346154 0.482 0.9226666658653847 0.436 0.912 0.40800000000000003 0.8933333341346154 0.40599999999999997 0.872 0.412 0.864 0.432 0.864 0.44999999999999996 0.856 0.452 0.8533333341346154 0.45799999999999996 0.864 0.45799999999999996 0.8666666658653847 0.47200000000000003 0.8533333341346154 0.522 0.8506666658653846 0.544 0.9359999999999999 0.64 0.9600000000000001 0.644 0.9573333341346154 0.624 0.952 0.538 0.9413333341346154 0.522
1531 0.9226666658653847 0.762 0.9173333341346154 0.716 0.9066666658653847 0.696 0.88 0.7 0.872 0.7100000000000001 0.864 0.716 0.8693333341346154 0.72 0.8666666658653847 0.746 0.8613333341346153 0.8099999999999999 0.928 0.89 0.9493333341346154 0.892 0.9466666658653846 0.864 0.9466666658653846 0.802 0.9226666658653847 0.762
1531 0.8160000000000001 0.7919999999999999 0.8 0.76 0.8133333341346154 0.738 0.8160000000000001 0.7100000000000001 0.8106666658653846 0.6839999999999999 0.7919999999999999 0.676 0.76 0.6940000000000001 0.7493333341346153 0.7080000000000001 0.7546666658653846 0.732 0.752 0.752 0.7466666658653847 0.784 0.736 0.8099999999999999 0.7973333341346154 0.8979999999999999 0.8133333341346154 0.8999999999999999 0.8213333341346154 0.8520000000000001 0.8266666658653846 0.8180000000000001 0.8160000000000001 0.7919999999999999
1531 0.6826666658653846 0.7939999999999999 0.6826666658653846 0.752 0.6746666658653846 0.7240000000000001 0.6426666658653846 0.716 0.6319999999999999 0.722 0.6293333341346153 0.7420000000000001 0.6319999999999999 0.764 0.6373333341346155 0.7919999999999999 0.6319999999999999 0.8140000000000001 0.6266666658653846 0.84 0.6319999999999999 0.856 0.6613333341346154 0.88 0.704 0.924 0.72 0.924 0.712 0.84 0.6986666658653846 0.8119999999999999 0.6826666658653846 0.7939999999999999
1531 0.5893333341346154 0.8059999999999999 0.5786666658653846 0.788 0.584 0.76 0.5946666658653846 0.754 0.6053333341346154 0.746 0.6053333341346154 0.732 0.6026666658653845 0.72 0.5866666658653846 0.7080000000000001 0.5653333341346154 0.7 0.5466666658653846 0.7080000000000001 0.5306666658653846 0.7260000000000001 0.528 0.756 0.5306666658653846 0.772 0.52 0.8099999999999999 0.5146666658653847 0.8320000000000001 0.5226666658653847 0.854 0.544 0.89 0.5760000000000001 0.9359999999999999 0.5893333341346154 0.9359999999999999 0.608 0.844 0.5973333341346154 0.822 0.5893333341346154 0.8059999999999999
1531 0.456 0.8119999999999999 0.44266666586538467 0.7919999999999999 0.448 0.77 0.448 0.732 0.4453333341346154 0.714 0.424 0.7080000000000001 0.40266666586538463 0.712 0.3946666658653846 0.7260000000000001 0.392 0.76 0.384 0.802 0.3733333341346154 0.83 0.3893333341346154 0.8659999999999999 0.41333333413461537 0.8979999999999999 0.44 0.9440000000000001 0.4533333341346154 0.9420000000000001 0.47200000000000003 0.8680000000000001 0.47200000000000003 0.8320000000000001 0.456 0.8119999999999999
1531 0.20800000000000002 0.84 0.20800000000000002 0.8680000000000001 0.2213333341346154 0.904 0.24000000000000002 0.95 0.2586666658653846 0.978 0.26933333413461535 0.9760000000000001 0.296 0.9139999999999999 0.3066666658653846 0.8659999999999999 0.2933333341346154 0.84 0.26933333413461535 0.822 0.28 0.78 0.27733333413461536 0.732 0.2666666658653846 0.722 0.256 0.72 0.23466666586538462 0.7260000000000001 0.22666666586538461 0.7420000000000001 0.22666666586538461 0.7759999999999999 0.2186666658653846 0.8140000000000001 0.20800000000000002 0.84
1531 0.08 0.744 0.06933333413461538 0.762 0.06666666586538461 0.796 0.06666666586538461 0.822 0.05866666586538461 0.8360000000000001 0.048 0.8680000000000001 0.048 0.902 0.061333334134615385 0.9380000000000001 0.08266666586538461 0.99 0.096 0.994 0.13866666586538462 0.904 0.14666666586538463 0.878 0.128 0.848 0.11733333413461539 0.83 0.1253333341346154 0.788 0.1253333341346154 0.766 0.12000000000000001 0.748 0.10400000000000001 0.74 0.08 0.744
1479 0.984 0.186 0.9706666658653845 0.188 0.9546666658653845 0.186 0.9440000000000001 0.178 0.9440000000000001 0.16 0.9226666658653847 0.14400000000000002 0.904 0.138 0.8853333341346155 0.14 0.8853333341346155 0.15799999999999997 0.896 0.176 0.896 0.188 0.88 0.218 0.896 0.24000000000000002 0.9253333341346154 0.26 0.9920000000000001 0.282 0.9973333341346154 0.19 0.9893333341346153 0.188 0.984 0.186
1479 0.872 0.238 0.8666666658653847 0.23 0.8666666658653847 0.206 0.8586666658653846 0.20400000000000001 0.84 0.20400000000000001 0.824 0.20400000000000001 0.8053333341346154 0.188 0.8053333341346154 0.156 0.7919999999999999 0.14200000000000002 0.768 0.138 0.744 0.14400000000000002 0.7466666658653847 0.156 0.7573333341346153 0.174 0.7546666658653846 0.2 0.7546666658653846 0.226 0.7706666658653846 0.256 0.8186666658653846 0.282 0.88 0.28800000000000003 0.88 0.268 0.872 0.254 0.872 0.238
1479 0.752 0.23600000000000002 0.752 0.216 0.7493333341346153 0.196 0.7333333341346153 0.176 0.7066666658653846 0.14400000000000002 0.6746666658653846 0.148 0.6533333341346155 0.148 0.6453333341346154 0.132 0.6186666658653847 0.126 0.5946666658653846 0.128 0.5946666658653846 0.138 0.608 0.16 0.6159999999999999 0.186 0.6186666658653847 0.20400000000000001 0.624 0.23600000000000002 0.6373333341346155 0.25 0.6933333341346154 0.268 0.768 0.286 0.7706666658653846 0.26999999999999996 0.7653333341346154 0.256 0.752 0.23600000000000002
1479 0.5893333341346154 0.23 0.584 0.20400000000000001 0.6026666658653845 0.19799999999999998 0.5786666658653846 0.178 0.5866666658653846 0.15399999999999997 0.5706666658653846 0.148 0.5493333341346154 0.134 0.5306666658653846 0.12200000000000001 0.5066666658653847 0.12000000000000001 0.4826666658653846 0.13 0.4773333341346154 0.146 0.48000000000000004 0.164 0.4826666658653846 0.178 0.4746666658653846 0.206 0.4613333341346154 0.226 0.4613333341346154 0.238 0.48000000000000004 0.252 0.528 0.268 0.5733333341346154 0.276 0.5893333341346154 0.24800000000000003 0.584 0.23600000000000002 0.5893333341346154 0.23
1479 0.3706666658653846 0.19799999999999998 0.35466666586538464 0.178 0.35466666586538464 0.15399999999999997 0.34933333413461537 0.136 0.33866666586538463 0.11800000000000001 0.3226666658653846 0.114 0.296 0.114 0.28533333413461537 0.126 0.28533333413461537 0.134 0.28533333413461537 0.15399999999999997 0.28 0.16999999999999998 0.27733333413461536 0.19 0.2666666658653846 0.22 0.2826666658653846 0.228 0.3066666658653846 0.238 0.34400000000000003 0.24400000000000002 0.3813333341346154 0.25 0.4 0.238 0.40266666586538463 0.22 0.3706666658653846 0.19799999999999998
1479 0.2106666658653846 0.216 0.2026666658653846 0.192 0.2026666658653846 0.15399999999999997 0.19466666586538464 0.12200000000000001 0.17066666586538462 0.108 0.13866666586538462 0.106 0.112 0.112 0.10933333413461538 0.132 0.112 0.152 0.11733333413461539 0.178 0.112 0.206 0.096 0.238 0.10933333413461538 0.24800000000000003 0.1333333341346154 0.264 0.17066666586538462 0.27399999999999997 0.20533333413461538 0.28 0.22666666586538461 0.242 0.22933333413461537 0.222 0.2106666658653846 0.216
1885 0 0 0 0.9797522115384615 0.9013333341346154 0.896 0.9920000000000001 0.996 0.9973226442307692 0 0 0
792 0.002666665865384615 0.98 0.002666665865384615 0.996 0.9920000000000001 0.996 0.896 0.894 0.002666665865384615 0.98